-----------------------------------
 s i m p l e   D F T - D 3  v1.2.1
-----------------------------------

Zero (Chai-Head-Gordon) damping: pbe-D3(0)
--------------------
  s6         1.0000
  s8         0.7220
  s9         0.0000
 rs6         1.2170
 rs8         1.0000
 alp        14.0000
--------------------

Atomic radii (in Angstrom):
-------------------------------------------
   Z          R(cov)     R(vdw)      r4/r2
-------------------------------------------
  12 Mg       1.6667     1.7420     2.8909
  83 Bi       1.8133     2.0587     3.5886
-------------------------------------------

Atomic reference systems (in atomic units):
----------------------------------------------------------------------------
   Z        #      CN    C6(AA)   #      CN    C6(AA)   #      CN    C6(AA)
----------------------------------------------------------------------------
  12 Mg     1  0.0000  683.3758   2  0.9628  451.2708   3  1.9496  175.5616
  83 Bi     1  0.0000  617.5296   2  0.9820  594.0457   3  1.9655  566.0497
            4  2.9500  533.8810
----------------------------------------------------------------------------

Dispersion properties (in atomic units):
--------------------------------------------------------
     #    Z                CN       C6(AA)       C8(AA)
--------------------------------------------------------
     1   12 Mg         8.0620     175.5616   15718.3434
     2   12 Mg         8.0619     175.5616   15718.3434
     3   12 Mg         8.2167     175.5616   15718.3434
     4   12 Mg         8.2167     175.5616   15718.3434
     5   12 Mg         8.2025     175.5616   15718.3434
     6   12 Mg         8.0620     175.5616   15718.3434
     7   12 Mg         8.0620     175.5616   15718.3434
     8   12 Mg         8.1636     175.5616   15718.3434
     9   12 Mg         8.2025     175.5616   15718.3434
    10   12 Mg         8.2025     175.5616   15718.3434
    11   12 Mg         8.2378     175.5616   15718.3434
    12   12 Mg         8.2379     175.5616   15718.3434
    13   12 Mg         8.2378     175.5616   15718.3434
    14   12 Mg         8.2379     175.5616   15718.3434
    15   12 Mg         8.2167     175.5616   15718.3434
    16   12 Mg         8.1701     175.5616   15718.3434
    17   12 Mg         8.1701     175.5616   15718.3434
    18   12 Mg         8.0619     175.5616   15718.3434
    19   12 Mg         8.0619     175.5616   15718.3434
    20   12 Mg         8.1701     175.5616   15718.3434
    21   12 Mg         8.1636     175.5616   15718.3434
    22   12 Mg         8.1636     175.5616   15718.3434
    23   12 Mg         8.2379     175.5616   15718.3434
    24   12 Mg         8.2379     175.5616   15718.3434
    25   12 Mg         8.1531     175.5616   15718.3434
    26   12 Mg         8.1531     175.5616   15718.3434
    27   12 Mg         8.1531     175.5616   15718.3434
    28   12 Mg         8.1531     175.5616   15718.3434
    29   12 Mg         8.1531     175.5616   15718.3434
    30   12 Mg         8.1531     175.5616   15718.3434
    31   12 Mg         8.1744     175.5616   15718.3434
    32   12 Mg         8.1466     175.5616   15718.3434
    33   12 Mg         8.1467     175.5616   15718.3434
    34   12 Mg         8.1467     175.5616   15718.3434
    35   12 Mg         8.1620     175.5616   15718.3434
    36   12 Mg         8.1620     175.5616   15718.3434
    37   12 Mg         8.1620     175.5616   15718.3434
    38   12 Mg         8.1620     175.5616   15718.3434
    39   12 Mg         8.1620     175.5616   15718.3434
    40   12 Mg         8.1620     175.5616   15718.3434
    41   12 Mg         8.1608     175.5616   15718.3434
    42   12 Mg         8.1607     175.5616   15718.3434
    43   12 Mg         8.1608     175.5616   15718.3434
    44   12 Mg         8.1223     175.5616   15718.3434
    45   12 Mg         8.1223     175.5616   15718.3434
    46   12 Mg         8.1223     175.5616   15718.3434
    47   12 Mg         8.0635     175.5616   15718.3434
    48   12 Mg         8.0635     175.5616   15718.3434
    49   12 Mg         8.0634     175.5616   15718.3434
    50   12 Mg         8.1153     175.5616   15718.3434
    51   12 Mg         8.1153     175.5616   15718.3434
    52   12 Mg         8.1153     175.5616   15718.3434
    53   12 Mg         8.1404     175.5616   15718.3434
    54   12 Mg         8.1404     175.5616   15718.3434
    55   12 Mg         8.1404     175.5616   15718.3434
    56   12 Mg         8.1358     175.5616   15718.3434
    57   12 Mg         8.1358     175.5616   15718.3434
    58   12 Mg         8.1357     175.5616   15718.3434
    59   12 Mg         8.1166     175.5616   15718.3434
    60   12 Mg         8.1166     175.5616   15718.3434
    61   12 Mg         8.1166     175.5616   15718.3434
    62   12 Mg         8.1166     175.5616   15718.3434
    63   12 Mg         8.1166     175.5616   15718.3434
    64   12 Mg         8.1166     175.5616   15718.3434
    65   12 Mg         8.1263     175.5616   15718.3434
    66   12 Mg         8.1263     175.5616   15718.3434
    67   12 Mg         8.1263     175.5616   15718.3434
    68   12 Mg         8.2204     175.5616   15718.3434
    69   12 Mg         8.1838     175.5616   15718.3434
    70   12 Mg         8.1838     175.5616   15718.3434
    71   12 Mg         8.1838     175.5616   15718.3434
    72   12 Mg         8.1838     175.5616   15718.3434
    73   12 Mg         8.1838     175.5616   15718.3434
    74   12 Mg         8.1838     175.5616   15718.3434
    75   12 Mg         8.1104     175.5616   15718.3434
    76   12 Mg         8.1104     175.5616   15718.3434
    77   12 Mg         8.1927     175.5616   15718.3434
    78   12 Mg         8.1807     175.5616   15718.3434
    79   12 Mg         8.1808     175.5616   15718.3434
    80   12 Mg         8.1128     175.5616   15718.3434
    81   12 Mg         8.1475     175.5616   15718.3434
    82   12 Mg         8.1475     175.5616   15718.3434
    83   12 Mg         8.1104     175.5616   15718.3434
    84   12 Mg         8.1104     175.5616   15718.3434
    85   12 Mg         8.1104     175.5616   15718.3434
    86   12 Mg         8.1104     175.5616   15718.3434
    87   12 Mg         8.1199     175.5616   15718.3434
    88   12 Mg         8.1199     175.5616   15718.3434
    89   12 Mg         8.1074     175.5616   15718.3434
    90   12 Mg         8.1807     175.5616   15718.3434
    91   12 Mg         8.1075     175.5616   15718.3434
    92   12 Mg         8.1074     175.5616   15718.3434
    93   12 Mg         8.1475     175.5616   15718.3434
    94   12 Mg         8.1475     175.5616   15718.3434
    95   12 Mg         8.1199     175.5616   15718.3434
    96   12 Mg         8.1475     175.5616   15718.3434
    97   12 Mg         8.1475     175.5616   15718.3434
    98   12 Mg         8.1927     175.5616   15718.3434
    99   12 Mg         8.1927     175.5616   15718.3434
   100   12 Mg         8.1838     175.5616   15718.3434
   101   12 Mg         8.1838     175.5616   15718.3434
   102   12 Mg         8.1838     175.5616   15718.3434
   103   12 Mg         8.1838     175.5616   15718.3434
   104   12 Mg         8.1838     175.5616   15718.3434
   105   12 Mg         8.1838     175.5616   15718.3434
   106   12 Mg         8.2204     175.5616   15718.3434
   107   12 Mg         8.1263     175.5616   15718.3434
   108   12 Mg         8.1263     175.5616   15718.3434
   109   12 Mg         8.1263     175.5616   15718.3434
   110   12 Mg         8.1166     175.5616   15718.3434
   111   12 Mg         8.1166     175.5616   15718.3434
   112   12 Mg         8.1166     175.5616   15718.3434
   113   12 Mg         8.1166     175.5616   15718.3434
   114   12 Mg         8.1166     175.5616   15718.3434
   115   12 Mg         8.1166     175.5616   15718.3434
   116   12 Mg         8.1358     175.5616   15718.3434
   117   12 Mg         8.1358     175.5616   15718.3434
   118   12 Mg         8.1357     175.5616   15718.3434
   119   12 Mg         8.1404     175.5616   15718.3434
   120   12 Mg         8.1404     175.5616   15718.3434
   121   12 Mg         8.1404     175.5616   15718.3434
   122   12 Mg         8.1153     175.5616   15718.3434
   123   12 Mg         8.1153     175.5616   15718.3434
   124   12 Mg         8.1153     175.5616   15718.3434
   125   12 Mg         8.0635     175.5616   15718.3434
   126   12 Mg         8.0635     175.5616   15718.3434
   127   12 Mg         8.0634     175.5616   15718.3434
   128   12 Mg         8.1223     175.5616   15718.3434
   129   12 Mg         8.1223     175.5616   15718.3434
   130   12 Mg         8.1223     175.5616   15718.3434
   131   12 Mg         8.1608     175.5616   15718.3434
   132   12 Mg         8.1607     175.5616   15718.3434
   133   12 Mg         8.1608     175.5616   15718.3434
   134   12 Mg         8.1620     175.5616   15718.3434
   135   12 Mg         8.1620     175.5616   15718.3434
   136   12 Mg         8.1620     175.5616   15718.3434
   137   12 Mg         8.1620     175.5616   15718.3434
   138   12 Mg         8.1620     175.5616   15718.3434
   139   12 Mg         8.1620     175.5616   15718.3434
   140   12 Mg         8.1466     175.5616   15718.3434
   141   12 Mg         8.1467     175.5616   15718.3434
   142   12 Mg         8.1467     175.5616   15718.3434
   143   12 Mg         8.1744     175.5616   15718.3434
   144   12 Mg         8.1531     175.5616   15718.3434
   145   12 Mg         8.1531     175.5616   15718.3434
   146   12 Mg         8.1531     175.5616   15718.3434
   147   12 Mg         8.1531     175.5616   15718.3434
   148   12 Mg         8.1531     175.5616   15718.3434
   149   12 Mg         8.1531     175.5616   15718.3434
   150   83 Bi         9.2088     533.8810   73657.9810
--------------------------------------------------------

Atom-resolved dispersion energies:
--------------------------------------------------
     #    Z           [Hartree]      [kcal/mol]
--------------------------------------------------
     1   12 Mg  -0.74275225E-02     -4.66084071
     2   12 Mg  -0.74275300E-02     -4.66084547
     3   12 Mg  -0.73864816E-02     -4.63508720
     4   12 Mg  -0.73864886E-02     -4.63509155
     5   12 Mg  -0.73500069E-02     -4.61219899
     6   12 Mg  -0.74275246E-02     -4.66084206
     7   12 Mg  -0.74275181E-02     -4.66083799
     8   12 Mg  -0.73979950E-02     -4.64231194
     9   12 Mg  -0.73500027E-02     -4.61219634
    10   12 Mg  -0.73500073E-02     -4.61219919
    11   12 Mg  -0.73395955E-02     -4.60566571
    12   12 Mg  -0.73395827E-02     -4.60565767
    13   12 Mg  -0.73395851E-02     -4.60565921
    14   12 Mg  -0.73395792E-02     -4.60565547
    15   12 Mg  -0.73864694E-02     -4.63507953
    16   12 Mg  -0.73503108E-02     -4.61238964
    17   12 Mg  -0.73503061E-02     -4.61238670
    18   12 Mg  -0.74275283E-02     -4.66084440
    19   12 Mg  -0.74275219E-02     -4.66084035
    20   12 Mg  -0.73503125E-02     -4.61239073
    21   12 Mg  -0.73979825E-02     -4.64230412
    22   12 Mg  -0.73979883E-02     -4.64230778
    23   12 Mg  -0.73395802E-02     -4.60565611
    24   12 Mg  -0.73395876E-02     -4.60566075
    25   12 Mg  -0.73644042E-02     -4.62123340
    26   12 Mg  -0.73643976E-02     -4.62122927
    27   12 Mg  -0.73644021E-02     -4.62123211
    28   12 Mg  -0.73644042E-02     -4.62123342
    29   12 Mg  -0.73643950E-02     -4.62122763
    30   12 Mg  -0.73643986E-02     -4.62122990
    31   12 Mg  -0.73446468E-02     -4.60883546
    32   12 Mg  -0.73495043E-02     -4.61188360
    33   12 Mg  -0.73494886E-02     -4.61187371
    34   12 Mg  -0.73494980E-02     -4.61187965
    35   12 Mg  -0.73915604E-02     -4.63827421
    36   12 Mg  -0.73915585E-02     -4.63827296
    37   12 Mg  -0.73915626E-02     -4.63827555
    38   12 Mg  -0.73915662E-02     -4.63827783
    39   12 Mg  -0.73915618E-02     -4.63827504
    40   12 Mg  -0.73915626E-02     -4.63827558
    41   12 Mg  -0.73469024E-02     -4.61025089
    42   12 Mg  -0.73469133E-02     -4.61025768
    43   12 Mg  -0.73469110E-02     -4.61025627
    44   12 Mg  -0.75219228E-02     -4.72007780
    45   12 Mg  -0.75219219E-02     -4.72007725
    46   12 Mg  -0.75219274E-02     -4.72008074
    47   12 Mg  -0.74208007E-02     -4.65662276
    48   12 Mg  -0.74208049E-02     -4.65662535
    49   12 Mg  -0.74208079E-02     -4.65662729
    50   12 Mg  -0.73577042E-02     -4.61702911
    51   12 Mg  -0.73576862E-02     -4.61701782
    52   12 Mg  -0.73577010E-02     -4.61702707
    53   12 Mg  -0.73469710E-02     -4.61029391
    54   12 Mg  -0.73469681E-02     -4.61029206
    55   12 Mg  -0.73469716E-02     -4.61029425
    56   12 Mg  -0.73363425E-02     -4.60362444
    57   12 Mg  -0.73363332E-02     -4.60361857
    58   12 Mg  -0.73363459E-02     -4.60362658
    59   12 Mg  -0.73498806E-02     -4.61211971
    60   12 Mg  -0.73498868E-02     -4.61212358
    61   12 Mg  -0.73498888E-02     -4.61212484
    62   12 Mg  -0.73498839E-02     -4.61212180
    63   12 Mg  -0.73498840E-02     -4.61212184
    64   12 Mg  -0.73498882E-02     -4.61212449
    65   12 Mg  -0.73360866E-02     -4.60346382
    66   12 Mg  -0.73360805E-02     -4.60346004
    67   12 Mg  -0.73360895E-02     -4.60346564
    68   12 Mg  -0.74062437E-02     -4.64748806
    69   12 Mg  -0.73612578E-02     -4.61925900
    70   12 Mg  -0.73612581E-02     -4.61925920
    71   12 Mg  -0.73612586E-02     -4.61925949
    72   12 Mg  -0.73612602E-02     -4.61926049
    73   12 Mg  -0.73612638E-02     -4.61926278
    74   12 Mg  -0.73612558E-02     -4.61925773
    75   12 Mg  -0.73453463E-02     -4.60927437
    76   12 Mg  -0.73453368E-02     -4.60926845
    77   12 Mg  -0.73543395E-02     -4.61491770
    78   12 Mg  -0.73375827E-02     -4.60440264
    79   12 Mg  -0.73375827E-02     -4.60440268
    80   12 Mg  -0.73379466E-02     -4.60463098
    81   12 Mg  -0.73379115E-02     -4.60460901
    82   12 Mg  -0.73379171E-02     -4.60461247
    83   12 Mg  -0.73453354E-02     -4.60926755
    84   12 Mg  -0.73453371E-02     -4.60926859
    85   12 Mg  -0.73453299E-02     -4.60926410
    86   12 Mg  -0.73453321E-02     -4.60926546
    87   12 Mg  -0.73322612E-02     -4.60106337
    88   12 Mg  -0.73322717E-02     -4.60106993
    89   12 Mg  -0.73394196E-02     -4.60555535
    90   12 Mg  -0.73375888E-02     -4.60440647
    91   12 Mg  -0.73394164E-02     -4.60555333
    92   12 Mg  -0.73394255E-02     -4.60555902
    93   12 Mg  -0.73379204E-02     -4.60461457
    94   12 Mg  -0.73379115E-02     -4.60460901
    95   12 Mg  -0.73322706E-02     -4.60106929
    96   12 Mg  -0.73379242E-02     -4.60461696
    97   12 Mg  -0.73379175E-02     -4.60461278
    98   12 Mg  -0.73543517E-02     -4.61492538
    99   12 Mg  -0.73543358E-02     -4.61491536
   100   12 Mg  -0.73612578E-02     -4.61925900
   101   12 Mg  -0.73612581E-02     -4.61925920
   102   12 Mg  -0.73612586E-02     -4.61925949
   103   12 Mg  -0.73612602E-02     -4.61926049
   104   12 Mg  -0.73612638E-02     -4.61926278
   105   12 Mg  -0.73612558E-02     -4.61925773
   106   12 Mg  -0.74062437E-02     -4.64748806
   107   12 Mg  -0.73360866E-02     -4.60346382
   108   12 Mg  -0.73360805E-02     -4.60346004
   109   12 Mg  -0.73360895E-02     -4.60346564
   110   12 Mg  -0.73498806E-02     -4.61211971
   111   12 Mg  -0.73498868E-02     -4.61212358
   112   12 Mg  -0.73498888E-02     -4.61212484
   113   12 Mg  -0.73498839E-02     -4.61212180
   114   12 Mg  -0.73498840E-02     -4.61212184
   115   12 Mg  -0.73498882E-02     -4.61212449
   116   12 Mg  -0.73363425E-02     -4.60362444
   117   12 Mg  -0.73363332E-02     -4.60361857
   118   12 Mg  -0.73363459E-02     -4.60362658
   119   12 Mg  -0.73469710E-02     -4.61029391
   120   12 Mg  -0.73469681E-02     -4.61029206
   121   12 Mg  -0.73469716E-02     -4.61029425
   122   12 Mg  -0.73577042E-02     -4.61702911
   123   12 Mg  -0.73576862E-02     -4.61701782
   124   12 Mg  -0.73577010E-02     -4.61702707
   125   12 Mg  -0.74208007E-02     -4.65662276
   126   12 Mg  -0.74208049E-02     -4.65662535
   127   12 Mg  -0.74208079E-02     -4.65662729
   128   12 Mg  -0.75219228E-02     -4.72007780
   129   12 Mg  -0.75219219E-02     -4.72007725
   130   12 Mg  -0.75219274E-02     -4.72008074
   131   12 Mg  -0.73469024E-02     -4.61025089
   132   12 Mg  -0.73469133E-02     -4.61025768
   133   12 Mg  -0.73469110E-02     -4.61025627
   134   12 Mg  -0.73915604E-02     -4.63827421
   135   12 Mg  -0.73915585E-02     -4.63827296
   136   12 Mg  -0.73915626E-02     -4.63827555
   137   12 Mg  -0.73915662E-02     -4.63827783
   138   12 Mg  -0.73915618E-02     -4.63827504
   139   12 Mg  -0.73915626E-02     -4.63827558
   140   12 Mg  -0.73495043E-02     -4.61188360
   141   12 Mg  -0.73494886E-02     -4.61187371
   142   12 Mg  -0.73494980E-02     -4.61187965
   143   12 Mg  -0.73446468E-02     -4.60883546
   144   12 Mg  -0.73644042E-02     -4.62123340
   145   12 Mg  -0.73643976E-02     -4.62122927
   146   12 Mg  -0.73644021E-02     -4.62123211
   147   12 Mg  -0.73644042E-02     -4.62123342
   148   12 Mg  -0.73643950E-02     -4.62122763
   149   12 Mg  -0.73643986E-02     -4.62122990
   150   83 Bi  -0.13242755E-01     -8.30995399
--------------------------------------------------

Dispersion energy:      -1.1110325032299E+00 Eh

[Info] Dispersion energy written to .EDISP
