-----------------------------------
 s i m p l e   D F T - D 3  v1.2.1
-----------------------------------

Zero (Chai-Head-Gordon) damping: pbe-D3(0)
--------------------
  s6         1.0000
  s8         0.7220
  s9         0.0000
 rs6         1.2170
 rs8         1.0000
 alp        14.0000
--------------------

Atomic radii (in Angstrom):
-------------------------------------------
   Z          R(cov)     R(vdw)      r4/r2
-------------------------------------------
  12 Mg       1.6667     1.7420     2.8909
  83 Bi       1.8133     2.0587     3.5886
-------------------------------------------

Atomic reference systems (in atomic units):
----------------------------------------------------------------------------
   Z        #      CN    C6(AA)   #      CN    C6(AA)   #      CN    C6(AA)
----------------------------------------------------------------------------
  12 Mg     1  0.0000  683.3758   2  0.9628  451.2708   3  1.9496  175.5616
  83 Bi     1  0.0000  617.5296   2  0.9820  594.0457   3  1.9655  566.0497
            4  2.9500  533.8810
----------------------------------------------------------------------------

Dispersion properties (in atomic units):
--------------------------------------------------------
     #    Z                CN       C6(AA)       C8(AA)
--------------------------------------------------------
     1   12 Mg         0.0125     676.6199   60578.9878
     2   12 Mg         0.0125     676.6199   60578.9882
     3   12 Mg         0.0127     676.6096   60578.0645
     4   12 Mg         0.0127     676.6096   60578.0647
     5   12 Mg         0.0127     676.6119   60578.2711
     6   12 Mg         0.0125     676.6199   60578.9879
     7   12 Mg         0.0125     676.6199   60578.9878
     8   12 Mg         0.0126     676.6162   60578.6563
     9   12 Mg         0.0127     676.6119   60578.2711
    10   12 Mg         0.0127     676.6119   60578.2711
    11   12 Mg         0.0128     676.6070   60577.8313
    12   12 Mg         0.0128     676.6070   60577.8307
    13   12 Mg         0.0128     676.6070   60577.8310
    14   12 Mg         0.0128     676.6070   60577.8307
    15   12 Mg         0.0127     676.6096   60578.0643
    16   12 Mg         0.0126     676.6157   60578.6091
    17   12 Mg         0.0126     676.6157   60578.6092
    18   12 Mg         0.0125     676.6199   60578.9881
    19   12 Mg         0.0125     676.6199   60578.9881
    20   12 Mg         0.0126     676.6157   60578.6090
    21   12 Mg         0.0126     676.6162   60578.6561
    22   12 Mg         0.0126     676.6162   60578.6559
    23   12 Mg         0.0128     676.6070   60577.8306
    24   12 Mg         0.0128     676.6070   60577.8308
    25   12 Mg         0.0125     676.6177   60578.7901
    26   12 Mg         0.0125     676.6177   60578.7899
    27   12 Mg         0.0125     676.6177   60578.7901
    28   12 Mg         0.0125     676.6177   60578.7902
    29   12 Mg         0.0125     676.6177   60578.7900
    30   12 Mg         0.0125     676.6177   60578.7901
    31   12 Mg         0.0126     676.6152   60578.5682
    32   12 Mg         0.0125     676.6184   60578.8563
    33   12 Mg         0.0125     676.6184   60578.8558
    34   12 Mg         0.0125     676.6184   60578.8560
    35   12 Mg         0.0126     676.6162   60578.6587
    36   12 Mg         0.0126     676.6162   60578.6585
    37   12 Mg         0.0126     676.6162   60578.6587
    38   12 Mg         0.0126     676.6162   60578.6588
    39   12 Mg         0.0126     676.6162   60578.6585
    40   12 Mg         0.0126     676.6162   60578.6586
    41   12 Mg         0.0126     676.6167   60578.7018
    42   12 Mg         0.0126     676.6167   60578.7022
    43   12 Mg         0.0126     676.6167   60578.7018
    44   12 Mg         0.0125     676.6214   60579.1209
    45   12 Mg         0.0125     676.6214   60579.1208
    46   12 Mg         0.0125     676.6214   60579.1212
    47   12 Mg         0.0125     676.6208   60579.0633
    48   12 Mg         0.0125     676.6208   60579.0635
    49   12 Mg         0.0125     676.6208   60579.0637
    50   12 Mg         0.0125     676.6221   60579.1830
    51   12 Mg         0.0125     676.6221   60579.1825
    52   12 Mg         0.0125     676.6221   60579.1830
    53   12 Mg         0.0125     676.6192   60578.9202
    54   12 Mg         0.0125     676.6192   60578.9202
    55   12 Mg         0.0125     676.6192   60578.9205
    56   12 Mg         0.0125     676.6198   60578.9739
    57   12 Mg         0.0125     676.6197   60578.9737
    58   12 Mg         0.0125     676.6198   60578.9740
    59   12 Mg         0.0125     676.6219   60579.1669
    60   12 Mg         0.0125     676.6219   60579.1671
    61   12 Mg         0.0125     676.6219   60579.1672
    62   12 Mg         0.0125     676.6219   60579.1671
    63   12 Mg         0.0125     676.6219   60579.1671
    64   12 Mg         0.0125     676.6219   60579.1674
    65   12 Mg         0.0125     676.6208   60579.0720
    66   12 Mg         0.0125     676.6208   60579.0718
    67   12 Mg         0.0125     676.6208   60579.0719
    68   12 Mg         0.0127     676.6092   60578.0276
    69   12 Mg         0.0126     676.6134   60578.4076
    70   12 Mg         0.0126     676.6134   60578.4077
    71   12 Mg         0.0126     676.6134   60578.4076
    72   12 Mg         0.0126     676.6134   60578.4077
    73   12 Mg         0.0126     676.6134   60578.4080
    74   12 Mg         0.0126     676.6134   60578.4078
    75   12 Mg         0.0125     676.6227   60579.2369
    76   12 Mg         0.0125     676.6227   60579.2367
    77   12 Mg         0.0126     676.6128   60578.3551
    78   12 Mg         0.0126     676.6142   60578.4789
    79   12 Mg         0.0126     676.6142   60578.4788
    80   12 Mg         0.0125     676.6224   60579.2126
    81   12 Mg         0.0125     676.6183   60578.8431
    82   12 Mg         0.0125     676.6183   60578.8431
    83   12 Mg         0.0125     676.6227   60579.2366
    84   12 Mg         0.0125     676.6227   60579.2368
    85   12 Mg         0.0125     676.6227   60579.2366
    86   12 Mg         0.0125     676.6227   60579.2369
    87   12 Mg         0.0125     676.6216   60579.1437
    88   12 Mg         0.0125     676.6216   60579.1437
    89   12 Mg         0.0124     676.6231   60579.2701
    90   12 Mg         0.0126     676.6142   60578.4793
    91   12 Mg         0.0124     676.6231   60579.2700
    92   12 Mg         0.0124     676.6231   60579.2703
    93   12 Mg         0.0125     676.6183   60578.8432
    94   12 Mg         0.0125     676.6183   60578.8433
    95   12 Mg         0.0125     676.6216   60579.1437
    96   12 Mg         0.0125     676.6183   60578.8432
    97   12 Mg         0.0125     676.6183   60578.8432
    98   12 Mg         0.0126     676.6128   60578.3555
    99   12 Mg         0.0126     676.6128   60578.3551
   100   12 Mg         0.0126     676.6134   60578.4076
   101   12 Mg         0.0126     676.6134   60578.4077
   102   12 Mg         0.0126     676.6134   60578.4076
   103   12 Mg         0.0126     676.6134   60578.4077
   104   12 Mg         0.0126     676.6134   60578.4080
   105   12 Mg         0.0126     676.6134   60578.4078
   106   12 Mg         0.0127     676.6092   60578.0276
   107   12 Mg         0.0125     676.6208   60579.0720
   108   12 Mg         0.0125     676.6208   60579.0718
   109   12 Mg         0.0125     676.6208   60579.0719
   110   12 Mg         0.0125     676.6219   60579.1669
   111   12 Mg         0.0125     676.6219   60579.1671
   112   12 Mg         0.0125     676.6219   60579.1672
   113   12 Mg         0.0125     676.6219   60579.1671
   114   12 Mg         0.0125     676.6219   60579.1671
   115   12 Mg         0.0125     676.6219   60579.1674
   116   12 Mg         0.0125     676.6198   60578.9739
   117   12 Mg         0.0125     676.6197   60578.9737
   118   12 Mg         0.0125     676.6198   60578.9740
   119   12 Mg         0.0125     676.6192   60578.9202
   120   12 Mg         0.0125     676.6192   60578.9202
   121   12 Mg         0.0125     676.6192   60578.9205
   122   12 Mg         0.0125     676.6221   60579.1830
   123   12 Mg         0.0125     676.6221   60579.1825
   124   12 Mg         0.0125     676.6221   60579.1830
   125   12 Mg         0.0125     676.6208   60579.0633
   126   12 Mg         0.0125     676.6208   60579.0635
   127   12 Mg         0.0125     676.6208   60579.0637
   128   12 Mg         0.0125     676.6214   60579.1209
   129   12 Mg         0.0125     676.6214   60579.1208
   130   12 Mg         0.0125     676.6214   60579.1212
   131   12 Mg         0.0126     676.6167   60578.7018
   132   12 Mg         0.0126     676.6167   60578.7022
   133   12 Mg         0.0126     676.6167   60578.7018
   134   12 Mg         0.0126     676.6162   60578.6587
   135   12 Mg         0.0126     676.6162   60578.6585
   136   12 Mg         0.0126     676.6162   60578.6587
   137   12 Mg         0.0126     676.6162   60578.6588
   138   12 Mg         0.0126     676.6162   60578.6585
   139   12 Mg         0.0126     676.6162   60578.6586
   140   12 Mg         0.0125     676.6184   60578.8563
   141   12 Mg         0.0125     676.6184   60578.8558
   142   12 Mg         0.0125     676.6184   60578.8560
   143   12 Mg         0.0126     676.6152   60578.5682
   144   12 Mg         0.0125     676.6177   60578.7901
   145   12 Mg         0.0125     676.6177   60578.7899
   146   12 Mg         0.0125     676.6177   60578.7901
   147   12 Mg         0.0125     676.6177   60578.7902
   148   12 Mg         0.0125     676.6177   60578.7900
   149   12 Mg         0.0125     676.6177   60578.7901
   150   83 Bi         0.0155     616.9713   85121.7095
--------------------------------------------------------

Atom-resolved dispersion energies:
--------------------------------------------------
     #    Z           [Hartree]      [kcal/mol]
--------------------------------------------------
     1   12 Mg  -0.34545990E-02     -2.16779359
     2   12 Mg  -0.34545836E-02     -2.16778393
     3   12 Mg  -0.35811661E-02     -2.24721568
     4   12 Mg  -0.35811588E-02     -2.24721106
     5   12 Mg  -0.35759918E-02     -2.24396873
     6   12 Mg  -0.34545965E-02     -2.16779200
     7   12 Mg  -0.34545982E-02     -2.16779312
     8   12 Mg  -0.35566478E-02     -2.23183021
     9   12 Mg  -0.35759915E-02     -2.24396855
    10   12 Mg  -0.35759917E-02     -2.24396864
    11   12 Mg  -0.35915073E-02     -2.25370486
    12   12 Mg  -0.35915312E-02     -2.25371986
    13   12 Mg  -0.35915189E-02     -2.25371212
    14   12 Mg  -0.35915351E-02     -2.25372228
    15   12 Mg  -0.35811735E-02     -2.24722027
    16   12 Mg  -0.35615887E-02     -2.23493063
    17   12 Mg  -0.35615833E-02     -2.23492726
    18   12 Mg  -0.34545877E-02     -2.16778649
    19   12 Mg  -0.34545867E-02     -2.16778587
    20   12 Mg  -0.35615930E-02     -2.23493335
    21   12 Mg  -0.35566585E-02     -2.23183691
    22   12 Mg  -0.35566638E-02     -2.23184023
    23   12 Mg  -0.35915391E-02     -2.25372478
    24   12 Mg  -0.35915274E-02     -2.25371748
    25   12 Mg  -0.35547326E-02     -2.23062838
    26   12 Mg  -0.35547402E-02     -2.23063314
    27   12 Mg  -0.35547321E-02     -2.23062806
    28   12 Mg  -0.35547283E-02     -2.23062571
    29   12 Mg  -0.35547358E-02     -2.23063040
    30   12 Mg  -0.35547322E-02     -2.23062810
    31   12 Mg  -0.35636333E-02     -2.23621368
    32   12 Mg  -0.35510472E-02     -2.22831577
    33   12 Mg  -0.35510664E-02     -2.22832783
    34   12 Mg  -0.35510590E-02     -2.22832317
    35   12 Mg  -0.35558434E-02     -2.23132542
    36   12 Mg  -0.35558523E-02     -2.23133099
    37   12 Mg  -0.35558439E-02     -2.23132577
    38   12 Mg  -0.35558403E-02     -2.23132345
    39   12 Mg  -0.35558525E-02     -2.23133111
    40   12 Mg  -0.35558481E-02     -2.23132834
    41   12 Mg  -0.35572331E-02     -2.23219749
    42   12 Mg  -0.35572174E-02     -2.23218763
    43   12 Mg  -0.35572341E-02     -2.23219808
    44   12 Mg  -0.35322136E-02     -2.21649748
    45   12 Mg  -0.35322172E-02     -2.21649977
    46   12 Mg  -0.35322014E-02     -2.21648986
    47   12 Mg  -0.34507897E-02     -2.16540323
    48   12 Mg  -0.34507822E-02     -2.16539854
    49   12 Mg  -0.34507735E-02     -2.16539307
    50   12 Mg  -0.35378385E-02     -2.22002716
    51   12 Mg  -0.35378573E-02     -2.22003898
    52   12 Mg  -0.35378383E-02     -2.22002705
    53   12 Mg  -0.35479789E-02     -2.22639036
    54   12 Mg  -0.35479791E-02     -2.22639049
    55   12 Mg  -0.35479666E-02     -2.22638266
    56   12 Mg  -0.35456173E-02     -2.22490846
    57   12 Mg  -0.35456249E-02     -2.22491319
    58   12 Mg  -0.35456096E-02     -2.22490359
    59   12 Mg  -0.35379341E-02     -2.22008720
    60   12 Mg  -0.35379262E-02     -2.22008220
    61   12 Mg  -0.35379224E-02     -2.22007983
    62   12 Mg  -0.35379264E-02     -2.22008235
    63   12 Mg  -0.35379263E-02     -2.22008227
    64   12 Mg  -0.35379142E-02     -2.22007465
    65   12 Mg  -0.35415281E-02     -2.22234243
    66   12 Mg  -0.35415357E-02     -2.22234720
    67   12 Mg  -0.35415327E-02     -2.22234534
    68   12 Mg  -0.35810815E-02     -2.24716259
    69   12 Mg  -0.35676160E-02     -2.23871282
    70   12 Mg  -0.35676109E-02     -2.23870966
    71   12 Mg  -0.35676163E-02     -2.23871302
    72   12 Mg  -0.35676119E-02     -2.23871026
    73   12 Mg  -0.35675995E-02     -2.23870247
    74   12 Mg  -0.35676068E-02     -2.23870706
    75   12 Mg  -0.35352322E-02     -2.21839172
    76   12 Mg  -0.35352393E-02     -2.21839616
    77   12 Mg  -0.35724379E-02     -2.24173864
    78   12 Mg  -0.35663460E-02     -2.23791589
    79   12 Mg  -0.35663497E-02     -2.23791822
    80   12 Mg  -0.35358019E-02     -2.21874921
    81   12 Mg  -0.35511453E-02     -2.22837734
    82   12 Mg  -0.35511427E-02     -2.22837567
    83   12 Mg  -0.35352434E-02     -2.21839870
    84   12 Mg  -0.35352352E-02     -2.21839359
    85   12 Mg  -0.35352428E-02     -2.21839838
    86   12 Mg  -0.35352301E-02     -2.21839041
    87   12 Mg  -0.35381249E-02     -2.22020688
    88   12 Mg  -0.35381262E-02     -2.22020770
    89   12 Mg  -0.35333593E-02     -2.21721641
    90   12 Mg  -0.35663296E-02     -2.23790559
    91   12 Mg  -0.35333673E-02     -2.21722146
    92   12 Mg  -0.35333514E-02     -2.21721147
    93   12 Mg  -0.35511388E-02     -2.22837322
    94   12 Mg  -0.35511331E-02     -2.22836965
    95   12 Mg  -0.35381261E-02     -2.22020763
    96   12 Mg  -0.35511395E-02     -2.22837365
    97   12 Mg  -0.35511381E-02     -2.22837279
    98   12 Mg  -0.35724227E-02     -2.24172910
    99   12 Mg  -0.35724385E-02     -2.24173899
   100   12 Mg  -0.35676160E-02     -2.23871282
   101   12 Mg  -0.35676109E-02     -2.23870966
   102   12 Mg  -0.35676163E-02     -2.23871302
   103   12 Mg  -0.35676119E-02     -2.23871026
   104   12 Mg  -0.35675995E-02     -2.23870247
   105   12 Mg  -0.35676068E-02     -2.23870706
   106   12 Mg  -0.35810815E-02     -2.24716259
   107   12 Mg  -0.35415281E-02     -2.22234243
   108   12 Mg  -0.35415357E-02     -2.22234720
   109   12 Mg  -0.35415327E-02     -2.22234534
   110   12 Mg  -0.35379341E-02     -2.22008720
   111   12 Mg  -0.35379262E-02     -2.22008220
   112   12 Mg  -0.35379224E-02     -2.22007983
   113   12 Mg  -0.35379264E-02     -2.22008235
   114   12 Mg  -0.35379263E-02     -2.22008227
   115   12 Mg  -0.35379142E-02     -2.22007465
   116   12 Mg  -0.35456173E-02     -2.22490846
   117   12 Mg  -0.35456249E-02     -2.22491319
   118   12 Mg  -0.35456096E-02     -2.22490359
   119   12 Mg  -0.35479789E-02     -2.22639036
   120   12 Mg  -0.35479791E-02     -2.22639049
   121   12 Mg  -0.35479666E-02     -2.22638266
   122   12 Mg  -0.35378385E-02     -2.22002716
   123   12 Mg  -0.35378573E-02     -2.22003898
   124   12 Mg  -0.35378383E-02     -2.22002705
   125   12 Mg  -0.34507897E-02     -2.16540323
   126   12 Mg  -0.34507822E-02     -2.16539854
   127   12 Mg  -0.34507735E-02     -2.16539307
   128   12 Mg  -0.35322136E-02     -2.21649748
   129   12 Mg  -0.35322172E-02     -2.21649977
   130   12 Mg  -0.35322014E-02     -2.21648986
   131   12 Mg  -0.35572331E-02     -2.23219749
   132   12 Mg  -0.35572174E-02     -2.23218763
   133   12 Mg  -0.35572341E-02     -2.23219808
   134   12 Mg  -0.35558434E-02     -2.23132542
   135   12 Mg  -0.35558523E-02     -2.23133099
   136   12 Mg  -0.35558439E-02     -2.23132577
   137   12 Mg  -0.35558403E-02     -2.23132345
   138   12 Mg  -0.35558525E-02     -2.23133111
   139   12 Mg  -0.35558481E-02     -2.23132834
   140   12 Mg  -0.35510472E-02     -2.22831577
   141   12 Mg  -0.35510664E-02     -2.22832783
   142   12 Mg  -0.35510590E-02     -2.22832317
   143   12 Mg  -0.35636333E-02     -2.23621368
   144   12 Mg  -0.35547326E-02     -2.23062838
   145   12 Mg  -0.35547402E-02     -2.23063314
   146   12 Mg  -0.35547321E-02     -2.23062806
   147   12 Mg  -0.35547283E-02     -2.23062571
   148   12 Mg  -0.35547358E-02     -2.23063040
   149   12 Mg  -0.35547322E-02     -2.23062810
   150   83 Bi  -0.30439920E-02     -1.91013380
--------------------------------------------------

Dispersion energy:      -5.3130005123076E-01 Eh

[Info] Dispersion energy written to .EDISP
