-----------------------------------
 s i m p l e   D F T - D 3  v1.2.1
-----------------------------------

Zero (Chai-Head-Gordon) damping: pbe-D3(0)
--------------------
  s6         1.0000
  s8         0.7220
  s9         0.0000
 rs6         1.2170
 rs8         1.0000
 alp        14.0000
--------------------

Atomic radii (in Angstrom):
-------------------------------------------
   Z          R(cov)     R(vdw)      r4/r2
-------------------------------------------
  12 Mg       1.6667     1.7420     2.8909
  83 Bi       1.8133     2.0587     3.5886
-------------------------------------------

Atomic reference systems (in atomic units):
----------------------------------------------------------------------------
   Z        #      CN    C6(AA)   #      CN    C6(AA)   #      CN    C6(AA)
----------------------------------------------------------------------------
  12 Mg     1  0.0000  683.3758   2  0.9628  451.2708   3  1.9496  175.5616
  83 Bi     1  0.0000  617.5296   2  0.9820  594.0457   3  1.9655  566.0497
            4  2.9500  533.8810
----------------------------------------------------------------------------

Dispersion properties (in atomic units):
--------------------------------------------------------
     #    Z                CN       C6(AA)       C8(AA)
--------------------------------------------------------
     1   12 Mg         0.0488     674.5204   60391.0174
     2   12 Mg         0.0488     674.5204   60391.0196
     3   12 Mg         0.0497     674.4660   60386.1456
     4   12 Mg         0.0497     674.4660   60386.1468
     5   12 Mg         0.0494     674.4809   60387.4827
     6   12 Mg         0.0488     674.5204   60391.0177
     7   12 Mg         0.0488     674.5204   60391.0175
     8   12 Mg         0.0491     674.5066   60389.7818
     9   12 Mg         0.0494     674.4809   60387.4827
    10   12 Mg         0.0494     674.4809   60387.4827
    11   12 Mg         0.0499     674.4496   60384.6747
    12   12 Mg         0.0499     674.4495   60384.6712
    13   12 Mg         0.0499     674.4496   60384.6730
    14   12 Mg         0.0499     674.4495   60384.6706
    15   12 Mg         0.0497     674.4660   60386.1445
    16   12 Mg         0.0491     674.5039   60389.5355
    17   12 Mg         0.0491     674.5039   60389.5362
    18   12 Mg         0.0488     674.5204   60391.0189
    19   12 Mg         0.0488     674.5204   60391.0190
    20   12 Mg         0.0491     674.5039   60389.5350
    21   12 Mg         0.0491     674.5066   60389.7802
    22   12 Mg         0.0491     674.5066   60389.7795
    23   12 Mg         0.0499     674.4495   60384.6701
    24   12 Mg         0.0499     674.4495   60384.6718
    25   12 Mg         0.0489     674.5165   60390.6667
    26   12 Mg         0.0489     674.5165   60390.6655
    27   12 Mg         0.0489     674.5165   60390.6667
    28   12 Mg         0.0489     674.5165   60390.6673
    29   12 Mg         0.0489     674.5165   60390.6661
    30   12 Mg         0.0489     674.5165   60390.6667
    31   12 Mg         0.0491     674.5009   60389.2659
    32   12 Mg         0.0488     674.5205   60391.0249
    33   12 Mg         0.0488     674.5205   60391.0220
    34   12 Mg         0.0488     674.5205   60391.0232
    35   12 Mg         0.0491     674.5064   60389.7656
    36   12 Mg         0.0491     674.5064   60389.7644
    37   12 Mg         0.0491     674.5064   60389.7657
    38   12 Mg         0.0491     674.5064   60389.7662
    39   12 Mg         0.0491     674.5064   60389.7645
    40   12 Mg         0.0491     674.5064   60389.7652
    41   12 Mg         0.0490     674.5099   60390.0788
    42   12 Mg         0.0490     674.5100   60390.0811
    43   12 Mg         0.0490     674.5099   60390.0788
    44   12 Mg         0.0486     674.5392   60392.6941
    45   12 Mg         0.0486     674.5391   60392.6936
    46   12 Mg         0.0486     674.5392   60392.6959
    47   12 Mg         0.0487     674.5264   60391.5554
    48   12 Mg         0.0487     674.5264   60391.5565
    49   12 Mg         0.0487     674.5265   60391.5575
    50   12 Mg         0.0485     674.5425   60392.9916
    51   12 Mg         0.0485     674.5424   60392.9887
    52   12 Mg         0.0485     674.5425   60392.9915
    53   12 Mg         0.0488     674.5242   60391.3577
    54   12 Mg         0.0488     674.5242   60391.3576
    55   12 Mg         0.0488     674.5242   60391.3594
    56   12 Mg         0.0487     674.5276   60391.6626
    57   12 Mg         0.0487     674.5276   60391.6615
    58   12 Mg         0.0487     674.5276   60391.6637
    59   12 Mg         0.0485     674.5413   60392.8882
    60   12 Mg         0.0485     674.5413   60392.8893
    61   12 Mg         0.0485     674.5413   60392.8899
    62   12 Mg         0.0485     674.5413   60392.8893
    63   12 Mg         0.0485     674.5413   60392.8893
    64   12 Mg         0.0485     674.5414   60392.8910
    65   12 Mg         0.0486     674.5343   60392.2575
    66   12 Mg         0.0486     674.5343   60392.2564
    67   12 Mg         0.0486     674.5343   60392.2569
    68   12 Mg         0.0497     674.4633   60385.9073
    69   12 Mg         0.0493     674.4893   60388.2311
    70   12 Mg         0.0493     674.4893   60388.2319
    71   12 Mg         0.0493     674.4893   60388.2310
    72   12 Mg         0.0493     674.4893   60388.2318
    73   12 Mg         0.0493     674.4893   60388.2336
    74   12 Mg         0.0493     674.4893   60388.2324
    75   12 Mg         0.0485     674.5457   60393.2835
    76   12 Mg         0.0485     674.5457   60393.2824
    77   12 Mg         0.0494     674.4867   60387.9994
    78   12 Mg         0.0492     674.4942   60388.6705
    79   12 Mg         0.0492     674.4942   60388.6700
    80   12 Mg         0.0485     674.5417   60392.9235
    81   12 Mg         0.0489     674.5191   60390.8966
    82   12 Mg         0.0489     674.5191   60390.8971
    83   12 Mg         0.0485     674.5457   60393.2818
    84   12 Mg         0.0485     674.5457   60393.2829
    85   12 Mg         0.0485     674.5457   60393.2818
    86   12 Mg         0.0485     674.5457   60393.2836
    87   12 Mg         0.0486     674.5385   60392.6391
    88   12 Mg         0.0486     674.5385   60392.6391
    89   12 Mg         0.0484     674.5473   60393.4264
    90   12 Mg         0.0492     674.4942   60388.6729
    91   12 Mg         0.0484     674.5473   60393.4252
    92   12 Mg         0.0484     674.5473   60393.4275
    93   12 Mg         0.0489     674.5191   60390.8977
    94   12 Mg         0.0489     674.5191   60390.8983
    95   12 Mg         0.0486     674.5385   60392.6391
    96   12 Mg         0.0489     674.5191   60390.8976
    97   12 Mg         0.0489     674.5191   60390.8977
    98   12 Mg         0.0494     674.4867   60388.0016
    99   12 Mg         0.0494     674.4867   60387.9992
   100   12 Mg         0.0493     674.4893   60388.2311
   101   12 Mg         0.0493     674.4893   60388.2319
   102   12 Mg         0.0493     674.4893   60388.2310
   103   12 Mg         0.0493     674.4893   60388.2318
   104   12 Mg         0.0493     674.4893   60388.2336
   105   12 Mg         0.0493     674.4893   60388.2324
   106   12 Mg         0.0497     674.4633   60385.9073
   107   12 Mg         0.0486     674.5343   60392.2575
   108   12 Mg         0.0486     674.5343   60392.2564
   109   12 Mg         0.0486     674.5343   60392.2569
   110   12 Mg         0.0485     674.5413   60392.8882
   111   12 Mg         0.0485     674.5413   60392.8893
   112   12 Mg         0.0485     674.5413   60392.8899
   113   12 Mg         0.0485     674.5413   60392.8893
   114   12 Mg         0.0485     674.5413   60392.8893
   115   12 Mg         0.0485     674.5414   60392.8910
   116   12 Mg         0.0487     674.5276   60391.6626
   117   12 Mg         0.0487     674.5276   60391.6615
   118   12 Mg         0.0487     674.5276   60391.6637
   119   12 Mg         0.0488     674.5242   60391.3577
   120   12 Mg         0.0488     674.5242   60391.3576
   121   12 Mg         0.0488     674.5242   60391.3594
   122   12 Mg         0.0485     674.5425   60392.9916
   123   12 Mg         0.0485     674.5424   60392.9887
   124   12 Mg         0.0485     674.5425   60392.9915
   125   12 Mg         0.0487     674.5264   60391.5554
   126   12 Mg         0.0487     674.5264   60391.5565
   127   12 Mg         0.0487     674.5265   60391.5575
   128   12 Mg         0.0486     674.5392   60392.6941
   129   12 Mg         0.0486     674.5391   60392.6936
   130   12 Mg         0.0486     674.5392   60392.6959
   131   12 Mg         0.0490     674.5099   60390.0788
   132   12 Mg         0.0490     674.5100   60390.0811
   133   12 Mg         0.0490     674.5099   60390.0788
   134   12 Mg         0.0491     674.5064   60389.7656
   135   12 Mg         0.0491     674.5064   60389.7644
   136   12 Mg         0.0491     674.5064   60389.7657
   137   12 Mg         0.0491     674.5064   60389.7662
   138   12 Mg         0.0491     674.5064   60389.7645
   139   12 Mg         0.0491     674.5064   60389.7652
   140   12 Mg         0.0488     674.5205   60391.0249
   141   12 Mg         0.0488     674.5205   60391.0220
   142   12 Mg         0.0488     674.5205   60391.0232
   143   12 Mg         0.0491     674.5009   60389.2659
   144   12 Mg         0.0489     674.5165   60390.6667
   145   12 Mg         0.0489     674.5165   60390.6655
   146   12 Mg         0.0489     674.5165   60390.6667
   147   12 Mg         0.0489     674.5165   60390.6673
   148   12 Mg         0.0489     674.5165   60390.6661
   149   12 Mg         0.0489     674.5165   60390.6667
   150   83 Bi         0.0625     616.7304   85088.4690
--------------------------------------------------------

Atom-resolved dispersion energies:
--------------------------------------------------
     #    Z           [Hartree]      [kcal/mol]
--------------------------------------------------
     1   12 Mg  -0.79135623E-02     -4.96583533
     2   12 Mg  -0.79135354E-02     -4.96581844
     3   12 Mg  -0.81540218E-02     -5.11672594
     4   12 Mg  -0.81540098E-02     -5.11671837
     5   12 Mg  -0.81484101E-02     -5.11320452
     6   12 Mg  -0.79135573E-02     -4.96583218
     7   12 Mg  -0.79135607E-02     -4.96583432
     8   12 Mg  -0.81121924E-02     -5.09047759
     9   12 Mg  -0.81484093E-02     -5.11320402
    10   12 Mg  -0.81484098E-02     -5.11320438
    11   12 Mg  -0.81715567E-02     -5.12772923
    12   12 Mg  -0.81715976E-02     -5.12775491
    13   12 Mg  -0.81715763E-02     -5.12774155
    14   12 Mg  -0.81716042E-02     -5.12775904
    15   12 Mg  -0.81540338E-02     -5.11673347
    16   12 Mg  -0.81233879E-02     -5.09750290
    17   12 Mg  -0.81233780E-02     -5.09749664
    18   12 Mg  -0.79135421E-02     -4.96582264
    19   12 Mg  -0.79135396E-02     -4.96582108
    20   12 Mg  -0.81233962E-02     -5.09750809
    21   12 Mg  -0.81122107E-02     -5.09048904
    22   12 Mg  -0.81122199E-02     -5.09049482
    23   12 Mg  -0.81716114E-02     -5.12776355
    24   12 Mg  -0.81715915E-02     -5.12775106
    25   12 Mg  -0.81129031E-02     -5.09092358
    26   12 Mg  -0.81129157E-02     -5.09093145
    27   12 Mg  -0.81129020E-02     -5.09092285
    28   12 Mg  -0.81128958E-02     -5.09091898
    29   12 Mg  -0.81129079E-02     -5.09092659
    30   12 Mg  -0.81129021E-02     -5.09092290
    31   12 Mg  -0.81271868E-02     -5.09988671
    32   12 Mg  -0.81049922E-02     -5.08595936
    33   12 Mg  -0.81050245E-02     -5.08597967
    34   12 Mg  -0.81050125E-02     -5.08597214
    35   12 Mg  -0.81098438E-02     -5.08900381
    36   12 Mg  -0.81098600E-02     -5.08901398
    37   12 Mg  -0.81098459E-02     -5.08900511
    38   12 Mg  -0.81098397E-02     -5.08900121
    39   12 Mg  -0.81098607E-02     -5.08901442
    40   12 Mg  -0.81098536E-02     -5.08900995
    41   12 Mg  -0.81152104E-02     -5.09237144
    42   12 Mg  -0.81151839E-02     -5.09235479
    43   12 Mg  -0.81152131E-02     -5.09237308
    44   12 Mg  -0.80685585E-02     -5.06309690
    45   12 Mg  -0.80685650E-02     -5.06310100
    46   12 Mg  -0.80685377E-02     -5.06308385
    47   12 Mg  -0.79099908E-02     -4.96359417
    48   12 Mg  -0.79099784E-02     -4.96358636
    49   12 Mg  -0.79099634E-02     -4.96357697
    50   12 Mg  -0.80831509E-02     -5.07225374
    51   12 Mg  -0.80831823E-02     -5.07227347
    52   12 Mg  -0.80831502E-02     -5.07225336
    53   12 Mg  -0.80991510E-02     -5.08229400
    54   12 Mg  -0.80991514E-02     -5.08229425
    55   12 Mg  -0.80991297E-02     -5.08228063
    56   12 Mg  -0.80946666E-02     -5.07947999
    57   12 Mg  -0.80946792E-02     -5.07948789
    58   12 Mg  -0.80946530E-02     -5.07947147
    59   12 Mg  -0.80823033E-02     -5.07172186
    60   12 Mg  -0.80822897E-02     -5.07171335
    61   12 Mg  -0.80822835E-02     -5.07170946
    62   12 Mg  -0.80822901E-02     -5.07171362
    63   12 Mg  -0.80822900E-02     -5.07171356
    64   12 Mg  -0.80822687E-02     -5.07170016
    65   12 Mg  -0.80877395E-02     -5.07513318
    66   12 Mg  -0.80877522E-02     -5.07514110
    67   12 Mg  -0.80877480E-02     -5.07513849
    68   12 Mg  -0.81524770E-02     -5.11575654
    69   12 Mg  -0.81311383E-02     -5.10236632
    70   12 Mg  -0.81311300E-02     -5.10236113
    71   12 Mg  -0.81311387E-02     -5.10236654
    72   12 Mg  -0.81311322E-02     -5.10236247
    73   12 Mg  -0.81311103E-02     -5.10234876
    74   12 Mg  -0.81311220E-02     -5.10235610
    75   12 Mg  -0.80778168E-02     -5.06890656
    76   12 Mg  -0.80778281E-02     -5.06891369
    77   12 Mg  -0.81424941E-02     -5.10949220
    78   12 Mg  -0.81303254E-02     -5.10185621
    79   12 Mg  -0.81303323E-02     -5.10186053
    80   12 Mg  -0.80780843E-02     -5.06907441
    81   12 Mg  -0.81042483E-02     -5.08549256
    82   12 Mg  -0.81042447E-02     -5.08549035
    83   12 Mg  -0.80778352E-02     -5.06891809
    84   12 Mg  -0.80778211E-02     -5.06890925
    85   12 Mg  -0.80778339E-02     -5.06891732
    86   12 Mg  -0.80778114E-02     -5.06890321
    87   12 Mg  -0.80812142E-02     -5.07103845
    88   12 Mg  -0.80812175E-02     -5.07104053
    89   12 Mg  -0.80738502E-02     -5.06641746
    90   12 Mg  -0.81302974E-02     -5.10183865
    91   12 Mg  -0.80738640E-02     -5.06642615
    92   12 Mg  -0.80738368E-02     -5.06640909
    93   12 Mg  -0.81042381E-02     -5.08548616
    94   12 Mg  -0.81042267E-02     -5.08547906
    95   12 Mg  -0.80812172E-02     -5.07104036
    96   12 Mg  -0.81042391E-02     -5.08548684
    97   12 Mg  -0.81042363E-02     -5.08548505
    98   12 Mg  -0.81424686E-02     -5.10947619
    99   12 Mg  -0.81424950E-02     -5.10949275
   100   12 Mg  -0.81311383E-02     -5.10236632
   101   12 Mg  -0.81311300E-02     -5.10236113
   102   12 Mg  -0.81311387E-02     -5.10236654
   103   12 Mg  -0.81311322E-02     -5.10236247
   104   12 Mg  -0.81311103E-02     -5.10234876
   105   12 Mg  -0.81311220E-02     -5.10235610
   106   12 Mg  -0.81524770E-02     -5.11575654
   107   12 Mg  -0.80877395E-02     -5.07513318
   108   12 Mg  -0.80877522E-02     -5.07514110
   109   12 Mg  -0.80877480E-02     -5.07513849
   110   12 Mg  -0.80823033E-02     -5.07172186
   111   12 Mg  -0.80822897E-02     -5.07171335
   112   12 Mg  -0.80822835E-02     -5.07170946
   113   12 Mg  -0.80822901E-02     -5.07171362
   114   12 Mg  -0.80822900E-02     -5.07171356
   115   12 Mg  -0.80822687E-02     -5.07170016
   116   12 Mg  -0.80946666E-02     -5.07947999
   117   12 Mg  -0.80946792E-02     -5.07948789
   118   12 Mg  -0.80946530E-02     -5.07947147
   119   12 Mg  -0.80991510E-02     -5.08229400
   120   12 Mg  -0.80991514E-02     -5.08229425
   121   12 Mg  -0.80991297E-02     -5.08228063
   122   12 Mg  -0.80831509E-02     -5.07225374
   123   12 Mg  -0.80831823E-02     -5.07227347
   124   12 Mg  -0.80831502E-02     -5.07225336
   125   12 Mg  -0.79099908E-02     -4.96359417
   126   12 Mg  -0.79099784E-02     -4.96358636
   127   12 Mg  -0.79099634E-02     -4.96357697
   128   12 Mg  -0.80685585E-02     -5.06309690
   129   12 Mg  -0.80685650E-02     -5.06310100
   130   12 Mg  -0.80685377E-02     -5.06308385
   131   12 Mg  -0.81152104E-02     -5.09237144
   132   12 Mg  -0.81151839E-02     -5.09235479
   133   12 Mg  -0.81152131E-02     -5.09237308
   134   12 Mg  -0.81098438E-02     -5.08900381
   135   12 Mg  -0.81098600E-02     -5.08901398
   136   12 Mg  -0.81098459E-02     -5.08900511
   137   12 Mg  -0.81098397E-02     -5.08900121
   138   12 Mg  -0.81098607E-02     -5.08901442
   139   12 Mg  -0.81098536E-02     -5.08900995
   140   12 Mg  -0.81049922E-02     -5.08595936
   141   12 Mg  -0.81050245E-02     -5.08597967
   142   12 Mg  -0.81050125E-02     -5.08597214
   143   12 Mg  -0.81271868E-02     -5.09988671
   144   12 Mg  -0.81129031E-02     -5.09092358
   145   12 Mg  -0.81129157E-02     -5.09093145
   146   12 Mg  -0.81129020E-02     -5.09092285
   147   12 Mg  -0.81128958E-02     -5.09091898
   148   12 Mg  -0.81129079E-02     -5.09092659
   149   12 Mg  -0.81129021E-02     -5.09092290
   150   83 Bi  -0.71046963E-02     -4.45826427
--------------------------------------------------

Dispersion energy:      -1.2128578378492E+00 Eh

[Info] Dispersion energy written to .EDISP
