-----------------------------------
 s i m p l e   D F T - D 3  v1.2.1
-----------------------------------

Zero (Chai-Head-Gordon) damping: pbe-D3(0)
--------------------
  s6         1.0000
  s8         0.7220
  s9         0.0000
 rs6         1.2170
 rs8         1.0000
 alp        14.0000
--------------------

Atomic radii (in Angstrom):
-------------------------------------------
   Z          R(cov)     R(vdw)      r4/r2
-------------------------------------------
  12 Mg       1.6667     1.7420     2.8909
  83 Bi       1.8133     2.0587     3.5886
-------------------------------------------

Atomic reference systems (in atomic units):
----------------------------------------------------------------------------
   Z        #      CN    C6(AA)   #      CN    C6(AA)   #      CN    C6(AA)
----------------------------------------------------------------------------
  12 Mg     1  0.0000  683.3758   2  0.9628  451.2708   3  1.9496  175.5616
  83 Bi     1  0.0000  617.5296   2  0.9820  594.0457   3  1.9655  566.0497
            4  2.9500  533.8810
----------------------------------------------------------------------------

Dispersion properties (in atomic units):
--------------------------------------------------------
     #    Z                CN       C6(AA)       C8(AA)
--------------------------------------------------------
     1   12 Mg         0.0017     677.1450   60626.0014
     2   12 Mg         0.0017     677.1450   60626.0014
     3   12 Mg         0.0017     677.1439   60625.9006
     4   12 Mg         0.0017     677.1439   60625.9006
     5   12 Mg         0.0017     677.1441   60625.9181
     6   12 Mg         0.0017     677.1450   60626.0014
     7   12 Mg         0.0017     677.1450   60626.0014
     8   12 Mg         0.0017     677.1445   60625.9536
     9   12 Mg         0.0017     677.1441   60625.9181
    10   12 Mg         0.0017     677.1441   60625.9181
    11   12 Mg         0.0017     677.1437   60625.8803
    12   12 Mg         0.0017     677.1437   60625.8802
    13   12 Mg         0.0017     677.1437   60625.8802
    14   12 Mg         0.0017     677.1437   60625.8802
    15   12 Mg         0.0017     677.1439   60625.9006
    16   12 Mg         0.0017     677.1444   60625.9496
    17   12 Mg         0.0017     677.1444   60625.9496
    18   12 Mg         0.0017     677.1450   60626.0014
    19   12 Mg         0.0017     677.1450   60626.0014
    20   12 Mg         0.0017     677.1444   60625.9495
    21   12 Mg         0.0017     677.1445   60625.9536
    22   12 Mg         0.0017     677.1445   60625.9536
    23   12 Mg         0.0017     677.1437   60625.8802
    24   12 Mg         0.0017     677.1437   60625.8802
    25   12 Mg         0.0017     677.1446   60625.9654
    26   12 Mg         0.0017     677.1446   60625.9654
    27   12 Mg         0.0017     677.1446   60625.9654
    28   12 Mg         0.0017     677.1446   60625.9654
    29   12 Mg         0.0017     677.1446   60625.9654
    30   12 Mg         0.0017     677.1446   60625.9654
    31   12 Mg         0.0017     677.1444   60625.9465
    32   12 Mg         0.0017     677.1447   60625.9728
    33   12 Mg         0.0017     677.1447   60625.9727
    34   12 Mg         0.0017     677.1447   60625.9727
    35   12 Mg         0.0017     677.1445   60625.9549
    36   12 Mg         0.0017     677.1445   60625.9549
    37   12 Mg         0.0017     677.1445   60625.9549
    38   12 Mg         0.0017     677.1445   60625.9549
    39   12 Mg         0.0017     677.1445   60625.9549
    40   12 Mg         0.0017     677.1445   60625.9549
    41   12 Mg         0.0017     677.1445   60625.9587
    42   12 Mg         0.0017     677.1445   60625.9588
    43   12 Mg         0.0017     677.1445   60625.9587
    44   12 Mg         0.0017     677.1449   60625.9941
    45   12 Mg         0.0017     677.1449   60625.9941
    46   12 Mg         0.0017     677.1449   60625.9941
    47   12 Mg         0.0017     677.1451   60626.0074
    48   12 Mg         0.0017     677.1451   60626.0074
    49   12 Mg         0.0017     677.1451   60626.0074
    50   12 Mg         0.0017     677.1450   60626.0020
    51   12 Mg         0.0017     677.1450   60626.0020
    52   12 Mg         0.0017     677.1450   60626.0020
    53   12 Mg         0.0017     677.1448   60625.9791
    54   12 Mg         0.0017     677.1448   60625.9791
    55   12 Mg         0.0017     677.1448   60625.9791
    56   12 Mg         0.0017     677.1448   60625.9847
    57   12 Mg         0.0017     677.1448   60625.9847
    58   12 Mg         0.0017     677.1448   60625.9847
    59   12 Mg         0.0017     677.1450   60626.0013
    60   12 Mg         0.0017     677.1450   60626.0013
    61   12 Mg         0.0017     677.1450   60626.0013
    62   12 Mg         0.0017     677.1450   60626.0013
    63   12 Mg         0.0017     677.1450   60626.0013
    64   12 Mg         0.0017     677.1450   60626.0013
    65   12 Mg         0.0017     677.1449   60625.9938
    66   12 Mg         0.0017     677.1449   60625.9938
    67   12 Mg         0.0017     677.1449   60625.9938
    68   12 Mg         0.0017     677.1439   60625.8976
    69   12 Mg         0.0017     677.1442   60625.9319
    70   12 Mg         0.0017     677.1442   60625.9319
    71   12 Mg         0.0017     677.1442   60625.9319
    72   12 Mg         0.0017     677.1442   60625.9319
    73   12 Mg         0.0017     677.1442   60625.9319
    74   12 Mg         0.0017     677.1442   60625.9319
    75   12 Mg         0.0017     677.1451   60626.0077
    76   12 Mg         0.0017     677.1451   60626.0077
    77   12 Mg         0.0017     677.1442   60625.9257
    78   12 Mg         0.0017     677.1443   60625.9386
    79   12 Mg         0.0017     677.1443   60625.9386
    80   12 Mg         0.0017     677.1451   60626.0065
    81   12 Mg         0.0017     677.1447   60625.9722
    82   12 Mg         0.0017     677.1447   60625.9722
    83   12 Mg         0.0017     677.1451   60626.0077
    84   12 Mg         0.0017     677.1451   60626.0077
    85   12 Mg         0.0017     677.1451   60626.0077
    86   12 Mg         0.0017     677.1451   60626.0078
    87   12 Mg         0.0017     677.1450   60626.0008
    88   12 Mg         0.0017     677.1450   60626.0008
    89   12 Mg         0.0017     677.1451   60626.0114
    90   12 Mg         0.0017     677.1443   60625.9387
    91   12 Mg         0.0017     677.1451   60626.0114
    92   12 Mg         0.0017     677.1451   60626.0114
    93   12 Mg         0.0017     677.1447   60625.9722
    94   12 Mg         0.0017     677.1447   60625.9722
    95   12 Mg         0.0017     677.1450   60626.0008
    96   12 Mg         0.0017     677.1447   60625.9722
    97   12 Mg         0.0017     677.1447   60625.9722
    98   12 Mg         0.0017     677.1442   60625.9258
    99   12 Mg         0.0017     677.1442   60625.9257
   100   12 Mg         0.0017     677.1442   60625.9319
   101   12 Mg         0.0017     677.1442   60625.9319
   102   12 Mg         0.0017     677.1442   60625.9319
   103   12 Mg         0.0017     677.1442   60625.9319
   104   12 Mg         0.0017     677.1442   60625.9319
   105   12 Mg         0.0017     677.1442   60625.9319
   106   12 Mg         0.0017     677.1439   60625.8976
   107   12 Mg         0.0017     677.1449   60625.9938
   108   12 Mg         0.0017     677.1449   60625.9938
   109   12 Mg         0.0017     677.1449   60625.9938
   110   12 Mg         0.0017     677.1450   60626.0013
   111   12 Mg         0.0017     677.1450   60626.0013
   112   12 Mg         0.0017     677.1450   60626.0013
   113   12 Mg         0.0017     677.1450   60626.0013
   114   12 Mg         0.0017     677.1450   60626.0013
   115   12 Mg         0.0017     677.1450   60626.0013
   116   12 Mg         0.0017     677.1448   60625.9847
   117   12 Mg         0.0017     677.1448   60625.9847
   118   12 Mg         0.0017     677.1448   60625.9847
   119   12 Mg         0.0017     677.1448   60625.9791
   120   12 Mg         0.0017     677.1448   60625.9791
   121   12 Mg         0.0017     677.1448   60625.9791
   122   12 Mg         0.0017     677.1450   60626.0020
   123   12 Mg         0.0017     677.1450   60626.0020
   124   12 Mg         0.0017     677.1450   60626.0020
   125   12 Mg         0.0017     677.1451   60626.0074
   126   12 Mg         0.0017     677.1451   60626.0074
   127   12 Mg         0.0017     677.1451   60626.0074
   128   12 Mg         0.0017     677.1449   60625.9941
   129   12 Mg         0.0017     677.1449   60625.9941
   130   12 Mg         0.0017     677.1449   60625.9941
   131   12 Mg         0.0017     677.1445   60625.9587
   132   12 Mg         0.0017     677.1445   60625.9588
   133   12 Mg         0.0017     677.1445   60625.9587
   134   12 Mg         0.0017     677.1445   60625.9549
   135   12 Mg         0.0017     677.1445   60625.9549
   136   12 Mg         0.0017     677.1445   60625.9549
   137   12 Mg         0.0017     677.1445   60625.9549
   138   12 Mg         0.0017     677.1445   60625.9549
   139   12 Mg         0.0017     677.1445   60625.9549
   140   12 Mg         0.0017     677.1447   60625.9728
   141   12 Mg         0.0017     677.1447   60625.9727
   142   12 Mg         0.0017     677.1447   60625.9727
   143   12 Mg         0.0017     677.1444   60625.9465
   144   12 Mg         0.0017     677.1446   60625.9654
   145   12 Mg         0.0017     677.1446   60625.9654
   146   12 Mg         0.0017     677.1446   60625.9654
   147   12 Mg         0.0017     677.1446   60625.9654
   148   12 Mg         0.0017     677.1446   60625.9654
   149   12 Mg         0.0017     677.1446   60625.9654
   150   83 Bi         0.0020     617.0264   85129.3009
--------------------------------------------------------

Atom-resolved dispersion energies:
--------------------------------------------------
     #    Z           [Hartree]      [kcal/mol]
--------------------------------------------------
     1   12 Mg  -0.64991569E-03     -0.40782825
     2   12 Mg  -0.64991270E-03     -0.40782638
     3   12 Mg  -0.67478455E-03     -0.42343370
     4   12 Mg  -0.67478311E-03     -0.42343279
     5   12 Mg  -0.67375520E-03     -0.42278777
     6   12 Mg  -0.64991522E-03     -0.40782796
     7   12 Mg  -0.64991554E-03     -0.40782816
     8   12 Mg  -0.66998628E-03     -0.42042274
     9   12 Mg  -0.67375515E-03     -0.42278774
    10   12 Mg  -0.67375518E-03     -0.42278776
    11   12 Mg  -0.67683251E-03     -0.42471881
    12   12 Mg  -0.67683717E-03     -0.42472174
    13   12 Mg  -0.67683476E-03     -0.42472023
    14   12 Mg  -0.67683792E-03     -0.42472221
    15   12 Mg  -0.67478597E-03     -0.42343459
    16   12 Mg  -0.67094534E-03     -0.42102455
    17   12 Mg  -0.67094429E-03     -0.42102390
    18   12 Mg  -0.64991350E-03     -0.40782688
    19   12 Mg  -0.64991332E-03     -0.40782676
    20   12 Mg  -0.67094617E-03     -0.42102508
    21   12 Mg  -0.66998835E-03     -0.42042404
    22   12 Mg  -0.66998940E-03     -0.42042469
    23   12 Mg  -0.67683869E-03     -0.42472269
    24   12 Mg  -0.67683642E-03     -0.42472127
    25   12 Mg  -0.66958635E-03     -0.42017178
    26   12 Mg  -0.66958783E-03     -0.42017271
    27   12 Mg  -0.66958625E-03     -0.42017172
    28   12 Mg  -0.66958552E-03     -0.42017126
    29   12 Mg  -0.66958698E-03     -0.42017217
    30   12 Mg  -0.66958626E-03     -0.42017172
    31   12 Mg  -0.67134349E-03     -0.42127440
    32   12 Mg  -0.66887590E-03     -0.41972597
    33   12 Mg  -0.66887965E-03     -0.41972832
    34   12 Mg  -0.66887820E-03     -0.41972740
    35   12 Mg  -0.66984640E-03     -0.42033496
    36   12 Mg  -0.66984812E-03     -0.42033604
    37   12 Mg  -0.66984649E-03     -0.42033502
    38   12 Mg  -0.66984577E-03     -0.42033457
    39   12 Mg  -0.66984815E-03     -0.42033606
    40   12 Mg  -0.66984727E-03     -0.42033551
    41   12 Mg  -0.67010561E-03     -0.42049762
    42   12 Mg  -0.67010254E-03     -0.42049569
    43   12 Mg  -0.67010579E-03     -0.42049773
    44   12 Mg  -0.66515972E-03     -0.41739402
    45   12 Mg  -0.66516042E-03     -0.41739446
    46   12 Mg  -0.66515735E-03     -0.41739254
    47   12 Mg  -0.64909078E-03     -0.40731061
    48   12 Mg  -0.64908932E-03     -0.40730969
    49   12 Mg  -0.64908760E-03     -0.40730862
    50   12 Mg  -0.66630565E-03     -0.41811311
    51   12 Mg  -0.66630932E-03     -0.41811541
    52   12 Mg  -0.66630562E-03     -0.41811309
    53   12 Mg  -0.66829784E-03     -0.41936322
    54   12 Mg  -0.66829787E-03     -0.41936325
    55   12 Mg  -0.66829544E-03     -0.41936172
    56   12 Mg  -0.66784350E-03     -0.41907812
    57   12 Mg  -0.66784496E-03     -0.41907904
    58   12 Mg  -0.66784199E-03     -0.41907718
    59   12 Mg  -0.66633795E-03     -0.41813337
    60   12 Mg  -0.66633640E-03     -0.41813240
    61   12 Mg  -0.66633565E-03     -0.41813194
    62   12 Mg  -0.66633644E-03     -0.41813243
    63   12 Mg  -0.66633641E-03     -0.41813241
    64   12 Mg  -0.66633406E-03     -0.41813093
    65   12 Mg  -0.66704359E-03     -0.41857617
    66   12 Mg  -0.66704507E-03     -0.41857710
    67   12 Mg  -0.66704449E-03     -0.41857674
    68   12 Mg  -0.67476959E-03     -0.42342431
    69   12 Mg  -0.67215783E-03     -0.42178541
    70   12 Mg  -0.67215683E-03     -0.42178478
    71   12 Mg  -0.67215790E-03     -0.42178545
    72   12 Mg  -0.67215702E-03     -0.42178490
    73   12 Mg  -0.67215460E-03     -0.42178338
    74   12 Mg  -0.67215604E-03     -0.42178428
    75   12 Mg  -0.66580925E-03     -0.41780161
    76   12 Mg  -0.66581064E-03     -0.41780248
    77   12 Mg  -0.67306358E-03     -0.42235377
    78   12 Mg  -0.67189594E-03     -0.42162107
    79   12 Mg  -0.67189665E-03     -0.42162151
    80   12 Mg  -0.66592665E-03     -0.41787528
    81   12 Mg  -0.66892351E-03     -0.41975584
    82   12 Mg  -0.66892298E-03     -0.41975551
    83   12 Mg  -0.66581142E-03     -0.41780298
    84   12 Mg  -0.66580984E-03     -0.41780198
    85   12 Mg  -0.66581133E-03     -0.41780291
    86   12 Mg  -0.66580886E-03     -0.41780137
    87   12 Mg  -0.66638363E-03     -0.41816204
    88   12 Mg  -0.66638388E-03     -0.41816220
    89   12 Mg  -0.66544774E-03     -0.41757476
    90   12 Mg  -0.67189273E-03     -0.42161905
    91   12 Mg  -0.66544931E-03     -0.41757575
    92   12 Mg  -0.66544620E-03     -0.41757380
    93   12 Mg  -0.66892222E-03     -0.41975503
    94   12 Mg  -0.66892113E-03     -0.41975434
    95   12 Mg  -0.66638386E-03     -0.41816219
    96   12 Mg  -0.66892237E-03     -0.41975512
    97   12 Mg  -0.66892210E-03     -0.41975495
    98   12 Mg  -0.67306061E-03     -0.42235191
    99   12 Mg  -0.67306369E-03     -0.42235384
   100   12 Mg  -0.67215783E-03     -0.42178541
   101   12 Mg  -0.67215683E-03     -0.42178478
   102   12 Mg  -0.67215790E-03     -0.42178545
   103   12 Mg  -0.67215702E-03     -0.42178490
   104   12 Mg  -0.67215460E-03     -0.42178338
   105   12 Mg  -0.67215604E-03     -0.42178428
   106   12 Mg  -0.67476959E-03     -0.42342431
   107   12 Mg  -0.66704359E-03     -0.41857617
   108   12 Mg  -0.66704507E-03     -0.41857710
   109   12 Mg  -0.66704449E-03     -0.41857674
   110   12 Mg  -0.66633795E-03     -0.41813337
   111   12 Mg  -0.66633640E-03     -0.41813240
   112   12 Mg  -0.66633565E-03     -0.41813194
   113   12 Mg  -0.66633644E-03     -0.41813243
   114   12 Mg  -0.66633641E-03     -0.41813241
   115   12 Mg  -0.66633406E-03     -0.41813093
   116   12 Mg  -0.66784350E-03     -0.41907812
   117   12 Mg  -0.66784496E-03     -0.41907904
   118   12 Mg  -0.66784199E-03     -0.41907718
   119   12 Mg  -0.66829784E-03     -0.41936322
   120   12 Mg  -0.66829787E-03     -0.41936325
   121   12 Mg  -0.66829544E-03     -0.41936172
   122   12 Mg  -0.66630565E-03     -0.41811311
   123   12 Mg  -0.66630932E-03     -0.41811541
   124   12 Mg  -0.66630562E-03     -0.41811309
   125   12 Mg  -0.64909078E-03     -0.40731061
   126   12 Mg  -0.64908932E-03     -0.40730969
   127   12 Mg  -0.64908760E-03     -0.40730862
   128   12 Mg  -0.66515972E-03     -0.41739402
   129   12 Mg  -0.66516042E-03     -0.41739446
   130   12 Mg  -0.66515735E-03     -0.41739254
   131   12 Mg  -0.67010561E-03     -0.42049762
   132   12 Mg  -0.67010254E-03     -0.42049569
   133   12 Mg  -0.67010579E-03     -0.42049773
   134   12 Mg  -0.66984640E-03     -0.42033496
   135   12 Mg  -0.66984812E-03     -0.42033604
   136   12 Mg  -0.66984649E-03     -0.42033502
   137   12 Mg  -0.66984577E-03     -0.42033457
   138   12 Mg  -0.66984815E-03     -0.42033606
   139   12 Mg  -0.66984727E-03     -0.42033551
   140   12 Mg  -0.66887590E-03     -0.41972597
   141   12 Mg  -0.66887965E-03     -0.41972832
   142   12 Mg  -0.66887820E-03     -0.41972740
   143   12 Mg  -0.67134349E-03     -0.42127440
   144   12 Mg  -0.66958635E-03     -0.42017178
   145   12 Mg  -0.66958783E-03     -0.42017271
   146   12 Mg  -0.66958625E-03     -0.42017172
   147   12 Mg  -0.66958552E-03     -0.42017126
   148   12 Mg  -0.66958698E-03     -0.42017217
   149   12 Mg  -0.66958626E-03     -0.42017172
   150   83 Bi  -0.56238308E-03     -0.35290071
--------------------------------------------------

Dispersion energy:      -1.0005967521611E-01 Eh

[Info] Dispersion energy written to .EDISP
