-----------------------------------
 s i m p l e   D F T - D 3  v1.2.1
-----------------------------------

Zero (Chai-Head-Gordon) damping: pbe-D3(0)
--------------------
  s6         1.0000
  s8         0.7220
  s9         0.0000
 rs6         1.2170
 rs8         1.0000
 alp        14.0000
--------------------

Atomic radii (in Angstrom):
-------------------------------------------
   Z          R(cov)     R(vdw)      r4/r2
-------------------------------------------
  12 Mg       1.6667     1.7420     2.8909
  83 Bi       1.8133     2.0587     3.5886
-------------------------------------------

Atomic reference systems (in atomic units):
----------------------------------------------------------------------------
   Z        #      CN    C6(AA)   #      CN    C6(AA)   #      CN    C6(AA)
----------------------------------------------------------------------------
  12 Mg     1  0.0000  683.3758   2  0.9628  451.2708   3  1.9496  175.5616
  83 Bi     1  0.0000  617.5296   2  0.9820  594.0457   3  1.9655  566.0497
            4  2.9500  533.8810
----------------------------------------------------------------------------

Dispersion properties (in atomic units):
--------------------------------------------------------
     #    Z                CN       C6(AA)       C8(AA)
--------------------------------------------------------
     1   12 Mg         0.0026     677.1015   60622.1101
     2   12 Mg         0.0026     677.1015   60622.1101
     3   12 Mg         0.0027     677.0997   60621.9458
     4   12 Mg         0.0027     677.0997   60621.9458
     5   12 Mg         0.0027     677.1001   60621.9765
     6   12 Mg         0.0026     677.1015   60622.1101
     7   12 Mg         0.0026     677.1015   60622.1101
     8   12 Mg         0.0026     677.1007   60622.0364
     9   12 Mg         0.0027     677.1001   60621.9765
    10   12 Mg         0.0027     677.1001   60621.9765
    11   12 Mg         0.0027     677.0993   60621.9108
    12   12 Mg         0.0027     677.0993   60621.9108
    13   12 Mg         0.0027     677.0993   60621.9108
    14   12 Mg         0.0027     677.0993   60621.9107
    15   12 Mg         0.0027     677.0997   60621.9458
    16   12 Mg         0.0026     677.1007   60622.0297
    17   12 Mg         0.0026     677.1007   60622.0297
    18   12 Mg         0.0026     677.1015   60622.1101
    19   12 Mg         0.0026     677.1015   60622.1101
    20   12 Mg         0.0026     677.1007   60622.0297
    21   12 Mg         0.0026     677.1007   60622.0364
    22   12 Mg         0.0026     677.1007   60622.0364
    23   12 Mg         0.0027     677.0993   60621.9107
    24   12 Mg         0.0027     677.0993   60621.9108
    25   12 Mg         0.0026     677.1010   60622.0570
    26   12 Mg         0.0026     677.1010   60622.0569
    27   12 Mg         0.0026     677.1010   60622.0570
    28   12 Mg         0.0026     677.1010   60622.0570
    29   12 Mg         0.0026     677.1010   60622.0569
    30   12 Mg         0.0026     677.1010   60622.0570
    31   12 Mg         0.0026     677.1006   60622.0241
    32   12 Mg         0.0026     677.1011   60622.0688
    33   12 Mg         0.0026     677.1011   60622.0687
    34   12 Mg         0.0026     677.1011   60622.0688
    35   12 Mg         0.0026     677.1007   60622.0381
    36   12 Mg         0.0026     677.1007   60622.0381
    37   12 Mg         0.0026     677.1007   60622.0381
    38   12 Mg         0.0026     677.1007   60622.0381
    39   12 Mg         0.0026     677.1007   60622.0381
    40   12 Mg         0.0026     677.1007   60622.0381
    41   12 Mg         0.0026     677.1008   60622.0450
    42   12 Mg         0.0026     677.1008   60622.0450
    43   12 Mg         0.0026     677.1008   60622.0450
    44   12 Mg         0.0026     677.1015   60622.1059
    45   12 Mg         0.0026     677.1015   60622.1059
    46   12 Mg         0.0026     677.1015   60622.1060
    47   12 Mg         0.0026     677.1017   60622.1206
    48   12 Mg         0.0026     677.1017   60622.1207
    49   12 Mg         0.0026     677.1017   60622.1207
    50   12 Mg         0.0026     677.1016   60622.1188
    51   12 Mg         0.0026     677.1016   60622.1187
    52   12 Mg         0.0026     677.1016   60622.1188
    53   12 Mg         0.0026     677.1012   60622.0793
    54   12 Mg         0.0026     677.1012   60622.0793
    55   12 Mg         0.0026     677.1012   60622.0793
    56   12 Mg         0.0026     677.1013   60622.0884
    57   12 Mg         0.0026     677.1013   60622.0884
    58   12 Mg         0.0026     677.1013   60622.0884
    59   12 Mg         0.0026     677.1016   60622.1172
    60   12 Mg         0.0026     677.1016   60622.1172
    61   12 Mg         0.0026     677.1016   60622.1173
    62   12 Mg         0.0026     677.1016   60622.1172
    63   12 Mg         0.0026     677.1016   60622.1172
    64   12 Mg         0.0026     677.1016   60622.1173
    65   12 Mg         0.0026     677.1015   60622.1039
    66   12 Mg         0.0026     677.1015   60622.1038
    67   12 Mg         0.0026     677.1015   60622.1038
    68   12 Mg         0.0027     677.0997   60621.9404
    69   12 Mg         0.0027     677.1003   60621.9991
    70   12 Mg         0.0027     677.1003   60621.9991
    71   12 Mg         0.0027     677.1003   60621.9991
    72   12 Mg         0.0027     677.1003   60621.9991
    73   12 Mg         0.0027     677.1003   60621.9991
    74   12 Mg         0.0027     677.1003   60621.9991
    75   12 Mg         0.0026     677.1017   60622.1281
    76   12 Mg         0.0026     677.1017   60622.1280
    77   12 Mg         0.0027     677.1002   60621.9895
    78   12 Mg         0.0027     677.1004   60622.0104
    79   12 Mg         0.0027     677.1004   60622.0104
    80   12 Mg         0.0026     677.1017   60622.1255
    81   12 Mg         0.0026     677.1011   60622.0673
    82   12 Mg         0.0026     677.1011   60622.0673
    83   12 Mg         0.0026     677.1017   60622.1280
    84   12 Mg         0.0026     677.1017   60622.1280
    85   12 Mg         0.0026     677.1017   60622.1280
    86   12 Mg         0.0026     677.1017   60622.1281
    87   12 Mg         0.0026     677.1016   60622.1155
    88   12 Mg         0.0026     677.1016   60622.1155
    89   12 Mg         0.0026     677.1018   60622.1339
    90   12 Mg         0.0027     677.1004   60622.0105
    91   12 Mg         0.0026     677.1018   60622.1339
    92   12 Mg         0.0026     677.1018   60622.1340
    93   12 Mg         0.0026     677.1011   60622.0674
    94   12 Mg         0.0026     677.1011   60622.0674
    95   12 Mg         0.0026     677.1016   60622.1155
    96   12 Mg         0.0026     677.1011   60622.0674
    97   12 Mg         0.0026     677.1011   60622.0674
    98   12 Mg         0.0027     677.1002   60621.9895
    99   12 Mg         0.0027     677.1002   60621.9895
   100   12 Mg         0.0027     677.1003   60621.9991
   101   12 Mg         0.0027     677.1003   60621.9991
   102   12 Mg         0.0027     677.1003   60621.9991
   103   12 Mg         0.0027     677.1003   60621.9991
   104   12 Mg         0.0027     677.1003   60621.9991
   105   12 Mg         0.0027     677.1003   60621.9991
   106   12 Mg         0.0027     677.0997   60621.9404
   107   12 Mg         0.0026     677.1015   60622.1039
   108   12 Mg         0.0026     677.1015   60622.1038
   109   12 Mg         0.0026     677.1015   60622.1038
   110   12 Mg         0.0026     677.1016   60622.1172
   111   12 Mg         0.0026     677.1016   60622.1172
   112   12 Mg         0.0026     677.1016   60622.1173
   113   12 Mg         0.0026     677.1016   60622.1172
   114   12 Mg         0.0026     677.1016   60622.1172
   115   12 Mg         0.0026     677.1016   60622.1173
   116   12 Mg         0.0026     677.1013   60622.0884
   117   12 Mg         0.0026     677.1013   60622.0884
   118   12 Mg         0.0026     677.1013   60622.0884
   119   12 Mg         0.0026     677.1012   60622.0793
   120   12 Mg         0.0026     677.1012   60622.0793
   121   12 Mg         0.0026     677.1012   60622.0793
   122   12 Mg         0.0026     677.1016   60622.1188
   123   12 Mg         0.0026     677.1016   60622.1187
   124   12 Mg         0.0026     677.1016   60622.1188
   125   12 Mg         0.0026     677.1017   60622.1206
   126   12 Mg         0.0026     677.1017   60622.1207
   127   12 Mg         0.0026     677.1017   60622.1207
   128   12 Mg         0.0026     677.1015   60622.1059
   129   12 Mg         0.0026     677.1015   60622.1059
   130   12 Mg         0.0026     677.1015   60622.1060
   131   12 Mg         0.0026     677.1008   60622.0450
   132   12 Mg         0.0026     677.1008   60622.0450
   133   12 Mg         0.0026     677.1008   60622.0450
   134   12 Mg         0.0026     677.1007   60622.0381
   135   12 Mg         0.0026     677.1007   60622.0381
   136   12 Mg         0.0026     677.1007   60622.0381
   137   12 Mg         0.0026     677.1007   60622.0381
   138   12 Mg         0.0026     677.1007   60622.0381
   139   12 Mg         0.0026     677.1007   60622.0381
   140   12 Mg         0.0026     677.1011   60622.0688
   141   12 Mg         0.0026     677.1011   60622.0687
   142   12 Mg         0.0026     677.1011   60622.0688
   143   12 Mg         0.0026     677.1006   60622.0241
   144   12 Mg         0.0026     677.1010   60622.0570
   145   12 Mg         0.0026     677.1010   60622.0569
   146   12 Mg         0.0026     677.1010   60622.0570
   147   12 Mg         0.0026     677.1010   60622.0570
   148   12 Mg         0.0026     677.1010   60622.0569
   149   12 Mg         0.0026     677.1010   60622.0570
   150   83 Bi         0.0032     617.0220   85128.6931
--------------------------------------------------------

Atom-resolved dispersion energies:
--------------------------------------------------
     #    Z           [Hartree]      [kcal/mol]
--------------------------------------------------
     1   12 Mg  -0.98523831E-03     -0.61824638
     2   12 Mg  -0.98523376E-03     -0.61824352
     3   12 Mg  -0.10227588E-02     -0.64179086
     4   12 Mg  -0.10227566E-02     -0.64178949
     5   12 Mg  -0.10211684E-02     -0.64079282
     6   12 Mg  -0.98523760E-03     -0.61824593
     7   12 Mg  -0.98523810E-03     -0.61824624
     8   12 Mg  -0.10154487E-02     -0.63720369
     9   12 Mg  -0.10211683E-02     -0.64079277
    10   12 Mg  -0.10211683E-02     -0.64079280
    11   12 Mg  -0.10258712E-02     -0.64374392
    12   12 Mg  -0.10258783E-02     -0.64374838
    13   12 Mg  -0.10258747E-02     -0.64374608
    14   12 Mg  -0.10258795E-02     -0.64374910
    15   12 Mg  -0.10227610E-02     -0.64179223
    16   12 Mg  -0.10168892E-02     -0.63810760
    17   12 Mg  -0.10168876E-02     -0.63810661
    18   12 Mg  -0.98523499E-03     -0.61824429
    19   12 Mg  -0.98523471E-03     -0.61824411
    20   12 Mg  -0.10168905E-02     -0.63810840
    21   12 Mg  -0.10154519E-02     -0.63720567
    22   12 Mg  -0.10154535E-02     -0.63720667
    23   12 Mg  -0.10258807E-02     -0.64374983
    24   12 Mg  -0.10258772E-02     -0.64374766
    25   12 Mg  -0.10148273E-02     -0.63681376
    26   12 Mg  -0.10148296E-02     -0.63681518
    27   12 Mg  -0.10148272E-02     -0.63681366
    28   12 Mg  -0.10148261E-02     -0.63681297
    29   12 Mg  -0.10148283E-02     -0.63681436
    30   12 Mg  -0.10148272E-02     -0.63681368
    31   12 Mg  -0.10174960E-02     -0.63848841
    32   12 Mg  -0.10137602E-02     -0.63614412
    33   12 Mg  -0.10137659E-02     -0.63614771
    34   12 Mg  -0.10137637E-02     -0.63614632
    35   12 Mg  -0.10152428E-02     -0.63707445
    36   12 Mg  -0.10152454E-02     -0.63707610
    37   12 Mg  -0.10152429E-02     -0.63707453
    38   12 Mg  -0.10152418E-02     -0.63707385
    39   12 Mg  -0.10152454E-02     -0.63707612
    40   12 Mg  -0.10152441E-02     -0.63707529
    41   12 Mg  -0.10156120E-02     -0.63730612
    42   12 Mg  -0.10156073E-02     -0.63730319
    43   12 Mg  -0.10156122E-02     -0.63730629
    44   12 Mg  -0.10081264E-02     -0.63260887
    45   12 Mg  -0.10081275E-02     -0.63260954
    46   12 Mg  -0.10081228E-02     -0.63260660
    47   12 Mg  -0.98394521E-03     -0.61743494
    48   12 Mg  -0.98394298E-03     -0.61743354
    49   12 Mg  -0.98394037E-03     -0.61743190
    50   12 Mg  -0.10098188E-02     -0.63367089
    51   12 Mg  -0.10098244E-02     -0.63367440
    52   12 Mg  -0.10098188E-02     -0.63367086
    53   12 Mg  -0.10128584E-02     -0.63557825
    54   12 Mg  -0.10128585E-02     -0.63557828
    55   12 Mg  -0.10128548E-02     -0.63557596
    56   12 Mg  -0.10121651E-02     -0.63514319
    57   12 Mg  -0.10121673E-02     -0.63514459
    58   12 Mg  -0.10121628E-02     -0.63514175
    59   12 Mg  -0.10098697E-02     -0.63370280
    60   12 Mg  -0.10098673E-02     -0.63370132
    61   12 Mg  -0.10098662E-02     -0.63370061
    62   12 Mg  -0.10098674E-02     -0.63370136
    63   12 Mg  -0.10098674E-02     -0.63370134
    64   12 Mg  -0.10098638E-02     -0.63369908
    65   12 Mg  -0.10109472E-02     -0.63437895
    66   12 Mg  -0.10109495E-02     -0.63438037
    67   12 Mg  -0.10109486E-02     -0.63437981
    68   12 Mg  -0.10227483E-02     -0.64178422
    69   12 Mg  -0.10187562E-02     -0.63927919
    70   12 Mg  -0.10187547E-02     -0.63927823
    71   12 Mg  -0.10187563E-02     -0.63927926
    72   12 Mg  -0.10187550E-02     -0.63927841
    73   12 Mg  -0.10187513E-02     -0.63927610
    74   12 Mg  -0.10187535E-02     -0.63927748
    75   12 Mg  -0.10090633E-02     -0.63319679
    76   12 Mg  -0.10090654E-02     -0.63319811
    77   12 Mg  -0.10201165E-02     -0.64013278
    78   12 Mg  -0.10183423E-02     -0.63901943
    79   12 Mg  -0.10183434E-02     -0.63902010
    80   12 Mg  -0.10092440E-02     -0.63331014
    81   12 Mg  -0.10138110E-02     -0.63617599
    82   12 Mg  -0.10138102E-02     -0.63617548
    83   12 Mg  -0.10090666E-02     -0.63319886
    84   12 Mg  -0.10090642E-02     -0.63319735
    85   12 Mg  -0.10090665E-02     -0.63319877
    86   12 Mg  -0.10090627E-02     -0.63319641
    87   12 Mg  -0.10099443E-02     -0.63374963
    88   12 Mg  -0.10099447E-02     -0.63374986
    89   12 Mg  -0.10085151E-02     -0.63285276
    90   12 Mg  -0.10183374E-02     -0.63901636
    91   12 Mg  -0.10085175E-02     -0.63285426
    92   12 Mg  -0.10085127E-02     -0.63285129
    93   12 Mg  -0.10138090E-02     -0.63617475
    94   12 Mg  -0.10138073E-02     -0.63617371
    95   12 Mg  -0.10099447E-02     -0.63374984
    96   12 Mg  -0.10138092E-02     -0.63617489
    97   12 Mg  -0.10138088E-02     -0.63617463
    98   12 Mg  -0.10201120E-02     -0.64012994
    99   12 Mg  -0.10201167E-02     -0.64013289
   100   12 Mg  -0.10187562E-02     -0.63927919
   101   12 Mg  -0.10187547E-02     -0.63927823
   102   12 Mg  -0.10187563E-02     -0.63927926
   103   12 Mg  -0.10187550E-02     -0.63927841
   104   12 Mg  -0.10187513E-02     -0.63927610
   105   12 Mg  -0.10187535E-02     -0.63927748
   106   12 Mg  -0.10227483E-02     -0.64178422
   107   12 Mg  -0.10109472E-02     -0.63437895
   108   12 Mg  -0.10109495E-02     -0.63438037
   109   12 Mg  -0.10109486E-02     -0.63437981
   110   12 Mg  -0.10098697E-02     -0.63370280
   111   12 Mg  -0.10098673E-02     -0.63370132
   112   12 Mg  -0.10098662E-02     -0.63370061
   113   12 Mg  -0.10098674E-02     -0.63370136
   114   12 Mg  -0.10098674E-02     -0.63370134
   115   12 Mg  -0.10098638E-02     -0.63369908
   116   12 Mg  -0.10121651E-02     -0.63514319
   117   12 Mg  -0.10121673E-02     -0.63514459
   118   12 Mg  -0.10121628E-02     -0.63514175
   119   12 Mg  -0.10128584E-02     -0.63557825
   120   12 Mg  -0.10128585E-02     -0.63557828
   121   12 Mg  -0.10128548E-02     -0.63557596
   122   12 Mg  -0.10098188E-02     -0.63367089
   123   12 Mg  -0.10098244E-02     -0.63367440
   124   12 Mg  -0.10098188E-02     -0.63367086
   125   12 Mg  -0.98394521E-03     -0.61743494
   126   12 Mg  -0.98394298E-03     -0.61743354
   127   12 Mg  -0.98394037E-03     -0.61743190
   128   12 Mg  -0.10081264E-02     -0.63260887
   129   12 Mg  -0.10081275E-02     -0.63260954
   130   12 Mg  -0.10081228E-02     -0.63260660
   131   12 Mg  -0.10156120E-02     -0.63730612
   132   12 Mg  -0.10156073E-02     -0.63730319
   133   12 Mg  -0.10156122E-02     -0.63730629
   134   12 Mg  -0.10152428E-02     -0.63707445
   135   12 Mg  -0.10152454E-02     -0.63707610
   136   12 Mg  -0.10152429E-02     -0.63707453
   137   12 Mg  -0.10152418E-02     -0.63707385
   138   12 Mg  -0.10152454E-02     -0.63707612
   139   12 Mg  -0.10152441E-02     -0.63707529
   140   12 Mg  -0.10137602E-02     -0.63614412
   141   12 Mg  -0.10137659E-02     -0.63614771
   142   12 Mg  -0.10137637E-02     -0.63614632
   143   12 Mg  -0.10174960E-02     -0.63848841
   144   12 Mg  -0.10148273E-02     -0.63681376
   145   12 Mg  -0.10148296E-02     -0.63681518
   146   12 Mg  -0.10148272E-02     -0.63681366
   147   12 Mg  -0.10148261E-02     -0.63681297
   148   12 Mg  -0.10148283E-02     -0.63681436
   149   12 Mg  -0.10148272E-02     -0.63681368
   150   83 Bi  -0.85583317E-03     -0.53704342
--------------------------------------------------

Dispersion energy:      -1.5165675400728E-01 Eh

[Info] Dispersion energy written to .EDISP
