-----------------------------------
 s i m p l e   D F T - D 3  v1.2.1
-----------------------------------

Zero (Chai-Head-Gordon) damping: pbe-D3(0)
--------------------
  s6         1.0000
  s8         0.7220
  s9         0.0000
 rs6         1.2170
 rs8         1.0000
 alp        14.0000
--------------------

Atomic radii (in Angstrom):
-------------------------------------------
   Z          R(cov)     R(vdw)      r4/r2
-------------------------------------------
  60 Nd       2.0933     2.2635     4.7102
  30 Zn       1.4533     1.6155     2.6978
-------------------------------------------

Atomic reference systems (in atomic units):
----------------------------------------------------------------------------
   Z        #      CN    C6(AA)   #      CN    C6(AA)   #      CN    C6(AA)
----------------------------------------------------------------------------
  60 Nd     1  0.0000 3924.4211   2  2.9455  620.5206
  30 Zn     1  0.0000  340.5213   2  1.9419  153.4528
----------------------------------------------------------------------------

Dispersion properties (in atomic units):
--------------------------------------------------------
     #    Z                CN       C6(AA)       C8(AA)
--------------------------------------------------------
     1   60 Nd        22.0524     620.5206  147485.0668
     2   60 Nd        22.0504     620.5206  147485.0668
     3   60 Nd        22.0525     620.5206  147485.0668
     4   60 Nd        22.0503     620.5206  147485.0668
     5   60 Nd        22.8104     620.5206  147485.0668
     6   60 Nd        22.8105     620.5206  147485.0668
     7   30 Zn        12.5412     153.4528   11965.3374
     8   30 Zn        12.5436     153.4528   11965.3374
     9   30 Zn        12.5418     153.4528   11965.3374
    10   30 Zn        12.5403     153.4528   11965.3374
    11   30 Zn        12.5396     153.4528   11965.3374
    12   30 Zn        12.5420     153.4528   11965.3374
    13   30 Zn        12.5442     153.4528   11965.3374
    14   30 Zn        12.5427     153.4528   11965.3374
    15   30 Zn        12.5412     153.4528   11965.3374
    16   30 Zn        12.5436     153.4528   11965.3374
    17   30 Zn        12.5417     153.4528   11965.3374
    18   30 Zn        12.5402     153.4528   11965.3374
    19   30 Zn        12.5397     153.4528   11965.3374
    20   30 Zn        12.5421     153.4528   11965.3374
    21   30 Zn        12.5442     153.4528   11965.3374
    22   30 Zn        12.5426     153.4528   11965.3374
    23   30 Zn        12.5326     153.4528   11965.3374
    24   30 Zn        12.5327     153.4528   11965.3374
    25   30 Zn        12.5321     153.4528   11965.3374
    26   30 Zn        12.5320     153.4528   11965.3374
    27   30 Zn        12.5325     153.4528   11965.3374
    28   30 Zn        12.5327     153.4528   11965.3374
    29   30 Zn        12.5321     153.4528   11965.3374
    30   30 Zn        12.5320     153.4528   11965.3374
    31   30 Zn        12.8655     153.4528   11965.3374
    32   30 Zn        12.8647     153.4528   11965.3374
    33   30 Zn        12.8615     153.4528   11965.3374
    34   30 Zn        12.8623     153.4528   11965.3374
    35   30 Zn        12.8659     153.4528   11965.3374
    36   30 Zn        12.8644     153.4528   11965.3374
    37   30 Zn        12.8613     153.4528   11965.3374
    38   30 Zn        12.8625     153.4528   11965.3374
    39   30 Zn        12.8685     153.4528   11965.3374
    40   30 Zn        12.8665     153.4528   11965.3374
    41   30 Zn        12.8725     153.4528   11965.3374
    42   30 Zn        12.8744     153.4528   11965.3374
    43   30 Zn        12.8686     153.4528   11965.3374
    44   30 Zn        12.8664     153.4528   11965.3374
    45   30 Zn        12.8724     153.4528   11965.3374
    46   30 Zn        12.8745     153.4528   11965.3374
    47   30 Zn        12.8148     153.4528   11965.3374
    48   30 Zn        12.8155     153.4528   11965.3374
    49   30 Zn        12.8111     153.4528   11965.3374
    50   30 Zn        12.8104     153.4528   11965.3374
--------------------------------------------------------

Atom-resolved dispersion energies:
--------------------------------------------------
     #    Z           [Hartree]      [kcal/mol]
--------------------------------------------------
     1   60 Nd  -0.31021733E-01    -19.46643106
     2   60 Nd  -0.31020830E-01    -19.46586473
     3   60 Nd  -0.31021465E-01    -19.46626312
     4   60 Nd  -0.31021039E-01    -19.46599602
     5   60 Nd  -0.30930041E-01    -19.40889382
     6   60 Nd  -0.30930135E-01    -19.40895254
     7   30 Zn  -0.22670248E-01    -14.22579547
     8   30 Zn  -0.22665341E-01    -14.22271648
     9   30 Zn  -0.22672358E-01    -14.22711950
    10   30 Zn  -0.22667260E-01    -14.22392046
    11   30 Zn  -0.22665147E-01    -14.22259443
    12   30 Zn  -0.22663044E-01    -14.22127511
    13   30 Zn  -0.22667486E-01    -14.22406223
    14   30 Zn  -0.22665138E-01    -14.22258871
    15   30 Zn  -0.22670365E-01    -14.22586852
    16   30 Zn  -0.22665502E-01    -14.22281731
    17   30 Zn  -0.22672344E-01    -14.22711091
    18   30 Zn  -0.22667170E-01    -14.22386365
    19   30 Zn  -0.22665232E-01    -14.22264806
    20   30 Zn  -0.22663144E-01    -14.22133773
    21   30 Zn  -0.22667369E-01    -14.22398887
    22   30 Zn  -0.22665055E-01    -14.22253688
    23   30 Zn  -0.22292984E-01    -13.98905864
    24   30 Zn  -0.22293526E-01    -13.98939862
    25   30 Zn  -0.22302859E-01    -13.99525537
    26   30 Zn  -0.22302122E-01    -13.99479293
    27   30 Zn  -0.22292790E-01    -13.98893670
    28   30 Zn  -0.22293712E-01    -13.98951524
    29   30 Zn  -0.22303048E-01    -13.99537374
    30   30 Zn  -0.22301926E-01    -13.99466994
    31   30 Zn  -0.22479133E-01    -14.10586900
    32   30 Zn  -0.22479254E-01    -14.10594493
    33   30 Zn  -0.22473359E-01    -14.10224567
    34   30 Zn  -0.22473193E-01    -14.10214142
    35   30 Zn  -0.22479182E-01    -14.10589985
    36   30 Zn  -0.22479185E-01    -14.10590172
    37   30 Zn  -0.22473170E-01    -14.10212690
    38   30 Zn  -0.22473328E-01    -14.10222615
    39   30 Zn  -0.22503788E-01    -14.12133990
    40   30 Zn  -0.22501650E-01    -14.11999881
    41   30 Zn  -0.22498878E-01    -14.11825940
    42   30 Zn  -0.22501033E-01    -14.11961145
    43   30 Zn  -0.22503845E-01    -14.12137564
    44   30 Zn  -0.22501619E-01    -14.11997941
    45   30 Zn  -0.22498774E-01    -14.11819384
    46   30 Zn  -0.22501173E-01    -14.11969922
    47   30 Zn  -0.22494768E-01    -14.11568025
    48   30 Zn  -0.22496821E-01    -14.11696823
    49   30 Zn  -0.22506365E-01    -14.12295726
    50   30 Zn  -0.22503912E-01    -14.12141792
--------------------------------------------------

Dispersion energy:      -1.1768228437570E+00 Eh

[Info] Dispersion energy written to .EDISP
