-----------------------------------
 s i m p l e   D F T - D 3  v1.2.1
-----------------------------------

Zero (Chai-Head-Gordon) damping: pbe-D3(0)
--------------------
  s6         1.0000
  s8         0.7220
  s9         0.0000
 rs6         1.2170
 rs8         1.0000
 alp        14.0000
--------------------

Atomic radii (in Angstrom):
-------------------------------------------
   Z          R(cov)     R(vdw)      r4/r2
-------------------------------------------
  60 Nd       2.0933     2.2635     4.7102
  30 Zn       1.4533     1.6155     2.6978
-------------------------------------------

Atomic reference systems (in atomic units):
----------------------------------------------------------------------------
   Z        #      CN    C6(AA)   #      CN    C6(AA)   #      CN    C6(AA)
----------------------------------------------------------------------------
  60 Nd     1  0.0000 3924.4211   2  2.9455  620.5206
  30 Zn     1  0.0000  340.5213   2  1.9419  153.4528
----------------------------------------------------------------------------

Dispersion properties (in atomic units):
--------------------------------------------------------
     #    Z                CN       C6(AA)       C8(AA)
--------------------------------------------------------
     1   60 Nd         0.0056    3924.4211  932754.7030
     2   60 Nd         0.0056    3924.4211  932754.7030
     3   60 Nd         0.0056    3924.4211  932754.7030
     4   60 Nd         0.0056    3924.4211  932754.7030
     5   60 Nd         0.0059    3924.4211  932754.7030
     6   60 Nd         0.0059    3924.4211  932754.7030
     7   30 Zn         0.0035     340.5212   26551.8219
     8   30 Zn         0.0035     340.5212   26551.8219
     9   30 Zn         0.0035     340.5212   26551.8219
    10   30 Zn         0.0035     340.5212   26551.8219
    11   30 Zn         0.0035     340.5212   26551.8219
    12   30 Zn         0.0035     340.5212   26551.8219
    13   30 Zn         0.0035     340.5212   26551.8219
    14   30 Zn         0.0035     340.5212   26551.8219
    15   30 Zn         0.0035     340.5212   26551.8219
    16   30 Zn         0.0035     340.5212   26551.8219
    17   30 Zn         0.0035     340.5212   26551.8219
    18   30 Zn         0.0035     340.5212   26551.8219
    19   30 Zn         0.0035     340.5212   26551.8219
    20   30 Zn         0.0035     340.5212   26551.8219
    21   30 Zn         0.0035     340.5212   26551.8219
    22   30 Zn         0.0035     340.5212   26551.8219
    23   30 Zn         0.0035     340.5212   26551.8219
    24   30 Zn         0.0035     340.5212   26551.8219
    25   30 Zn         0.0035     340.5212   26551.8219
    26   30 Zn         0.0035     340.5212   26551.8219
    27   30 Zn         0.0035     340.5212   26551.8219
    28   30 Zn         0.0035     340.5212   26551.8219
    29   30 Zn         0.0035     340.5212   26551.8219
    30   30 Zn         0.0035     340.5212   26551.8219
    31   30 Zn         0.0035     340.5212   26551.8219
    32   30 Zn         0.0035     340.5212   26551.8219
    33   30 Zn         0.0035     340.5212   26551.8219
    34   30 Zn         0.0035     340.5212   26551.8219
    35   30 Zn         0.0035     340.5212   26551.8219
    36   30 Zn         0.0035     340.5212   26551.8219
    37   30 Zn         0.0035     340.5212   26551.8219
    38   30 Zn         0.0035     340.5212   26551.8219
    39   30 Zn         0.0036     340.5212   26551.8219
    40   30 Zn         0.0036     340.5212   26551.8219
    41   30 Zn         0.0036     340.5212   26551.8219
    42   30 Zn         0.0036     340.5212   26551.8219
    43   30 Zn         0.0036     340.5212   26551.8219
    44   30 Zn         0.0036     340.5212   26551.8219
    45   30 Zn         0.0036     340.5212   26551.8219
    46   30 Zn         0.0036     340.5212   26551.8219
    47   30 Zn         0.0041     340.5212   26551.8218
    48   30 Zn         0.0041     340.5212   26551.8218
    49   30 Zn         0.0041     340.5212   26551.8218
    50   30 Zn         0.0041     340.5212   26551.8218
--------------------------------------------------------

Atom-resolved dispersion energies:
--------------------------------------------------
     #    Z           [Hartree]      [kcal/mol]
--------------------------------------------------
     1   60 Nd  -0.25885742E-02     -1.62435485
     2   60 Nd  -0.25865345E-02     -1.62307488
     3   60 Nd  -0.25887018E-02     -1.62443487
     4   60 Nd  -0.25864759E-02     -1.62303813
     5   60 Nd  -0.27199944E-02     -1.70682226
     6   60 Nd  -0.27200737E-02     -1.70687201
     7   30 Zn  -0.14954786E-02     -0.93842696
     8   30 Zn  -0.14992287E-02     -0.94078018
     9   30 Zn  -0.14964580E-02     -0.93904158
    10   30 Zn  -0.14951164E-02     -0.93819968
    11   30 Zn  -0.14940632E-02     -0.93753879
    12   30 Zn  -0.14968367E-02     -0.93927923
    13   30 Zn  -0.15002635E-02     -0.94142958
    14   30 Zn  -0.14979240E-02     -0.93996153
    15   30 Zn  -0.14955359E-02     -0.93846297
    16   30 Zn  -0.14993055E-02     -0.94082838
    17   30 Zn  -0.14963978E-02     -0.93900380
    18   30 Zn  -0.14951048E-02     -0.93819245
    19   30 Zn  -0.14941233E-02     -0.93757651
    20   30 Zn  -0.14968980E-02     -0.93931768
    21   30 Zn  -0.15001714E-02     -0.94137178
    22   30 Zn  -0.14978485E-02     -0.93991413
    23   30 Zn  -0.14718112E-02     -0.92357545
    24   30 Zn  -0.14720714E-02     -0.92373874
    25   30 Zn  -0.14710832E-02     -0.92311864
    26   30 Zn  -0.14709734E-02     -0.92304976
    27   30 Zn  -0.14717612E-02     -0.92354411
    28   30 Zn  -0.14721589E-02     -0.92379364
    29   30 Zn  -0.14711790E-02     -0.92317876
    30   30 Zn  -0.14709242E-02     -0.92301886
    31   30 Zn  -0.14959682E-02     -0.93873419
    32   30 Zn  -0.14958319E-02     -0.93864867
    33   30 Zn  -0.14927300E-02     -0.93670221
    34   30 Zn  -0.14928860E-02     -0.93680014
    35   30 Zn  -0.14960066E-02     -0.93875829
    36   30 Zn  -0.14958206E-02     -0.93864161
    37   30 Zn  -0.14927050E-02     -0.93668656
    38   30 Zn  -0.14929677E-02     -0.93685139
    39   30 Zn  -0.15445939E-02     -0.96924733
    40   30 Zn  -0.15438970E-02     -0.96880998
    41   30 Zn  -0.15459185E-02     -0.97007853
    42   30 Zn  -0.15465517E-02     -0.97047584
    43   30 Zn  -0.15446348E-02     -0.96927297
    44   30 Zn  -0.15438701E-02     -0.96879312
    45   30 Zn  -0.15459095E-02     -0.97007286
    46   30 Zn  -0.15466057E-02     -0.97050970
    47   30 Zn  -0.16972637E-02     -1.06504904
    48   30 Zn  -0.16982482E-02     -1.06566681
    49   30 Zn  -0.16950687E-02     -1.06367166
    50   30 Zn  -0.16941293E-02     -1.06308221
--------------------------------------------------

Dispersion energy:      -8.2614678230658E-02 Eh

[Info] Dispersion energy written to .EDISP
