-----------------------------------
 s i m p l e   D F T - D 3  v1.2.1
-----------------------------------

Zero (Chai-Head-Gordon) damping: pbe-D3(0)
--------------------
  s6         1.0000
  s8         0.7220
  s9         0.0000
 rs6         1.2170
 rs8         1.0000
 alp        14.0000
--------------------

Atomic radii (in Angstrom):
-------------------------------------------
   Z          R(cov)     R(vdw)      r4/r2
-------------------------------------------
  12 Mg       1.6667     1.7420     2.8909
   8 O        0.8400     1.2408     1.3725
-------------------------------------------

Atomic reference systems (in atomic units):
----------------------------------------------------------------------------
   Z        #      CN    C6(AA)   #      CN    C6(AA)   #      CN    C6(AA)
----------------------------------------------------------------------------
  12 Mg     1  0.0000  683.3758   2  0.9628  451.2708   3  1.9496  175.5616
   8 O      1  0.0000   15.5059   2  0.9925   12.8161   3  1.9887   10.3708
----------------------------------------------------------------------------

Dispersion properties (in atomic units):
--------------------------------------------------------
     #    Z                CN       C6(AA)       C8(AA)
--------------------------------------------------------
     1   12 Mg         0.0407     675.0379   60437.3478
     2   12 Mg         0.0278     675.8046   60505.9926
     3   12 Mg         0.0381     675.1961   60451.5120
     4   12 Mg         0.0438     674.8432   60419.9206
     5   12 Mg         0.0326     675.5265   60481.0888
     6   12 Mg         0.0395     675.1144   60444.2014
     7   12 Mg         0.0377     675.2214   60453.7750
     8   12 Mg         0.0368     675.2792   60458.9530
     9   12 Mg         0.0289     675.7408   60500.2825
    10   12 Mg         0.0437     674.8526   60420.7532
    11   12 Mg         0.0401     675.0766   60440.8127
    12   12 Mg         0.0372     675.2533   60456.6362
    13   12 Mg         0.0337     675.4601   60475.1458
    14   12 Mg         0.0463     674.6869   60405.9231
    15   12 Mg         0.0408     675.0329   60436.8988
    16   12 Mg         0.0355     675.3584   60466.0433
    17   12 Mg         0.0376     675.2268   60454.2636
    18   12 Mg         0.0381     675.2013   60451.9807
    19   12 Mg         0.0320     675.5620   60484.2717
    20   12 Mg         0.0381     675.1960   60451.5066
    21   12 Mg         0.0525     674.2765   60369.1807
    22   12 Mg         0.0352     675.3740   60467.4422
    23   12 Mg         0.0375     675.2355   60455.0408
    24   12 Mg         0.0393     675.1281   60445.4269
    25   12 Mg         0.0368     675.2781   60458.8561
    26   12 Mg         0.0312     675.6076   60488.3584
    27   12 Mg         0.0432     674.8842   60423.5895
    28   12 Mg         0.0372     675.2556   60456.8400
    29   12 Mg         0.0376     675.2315   60454.6831
    30   12 Mg         0.0324     675.5370   60482.0333
    31   12 Mg         0.0419     674.9623   60430.5757
    32   12 Mg         0.0436     674.8581   60421.2505
    33   12 Mg         0.0398     675.0931   60442.2922
    34   12 Mg         0.0358     675.3359   60464.0291
    35   12 Mg         0.0350     675.3881   60468.6990
    36   12 Mg         0.0365     675.2969   60460.5396
    37   12 Mg         0.0371     675.2609   60457.3097
    38   12 Mg         0.0357     675.3434   60464.6976
    39   12 Mg         0.0389     675.1516   60447.5242
    40   12 Mg         0.0385     675.1772   60449.8157
    41    8 O          0.0247      15.4399     311.5859
    42    8 O          0.0193      15.4426     311.6408
    43    8 O          0.0151      15.4446     311.6811
    44    8 O          0.0261      15.4392     311.5712
    45    8 O          0.0165      15.4440     311.6675
    46    8 O          0.0192      15.4427     311.6413
    47    8 O          0.0208      15.4419     311.6254
    48    8 O          0.0273      15.4386     311.5587
    49    8 O          0.0265      15.4390     311.5674
    50    8 O          0.0175      15.4435     311.6586
    51    8 O          0.0261      15.4392     311.5718
    52    8 O          0.0239      15.4403     311.5945
    53    8 O          0.0228      15.4409     311.6052
    54    8 O          0.0213      15.4416     311.6207
    55    8 O          0.0216      15.4415     311.6179
    56    8 O          0.0247      15.4399     311.5856
    57    8 O          0.0213      15.4416     311.6207
    58    8 O          0.0210      15.4418     311.6235
    59    8 O          0.0306      15.4368     311.5237
    60    8 O          0.0172      15.4436     311.6611
    61    8 O          0.0174      15.4435     311.6592
    62    8 O          0.0218      15.4414     311.6159
    63    8 O          0.0255      15.4395     311.5773
    64    8 O          0.0217      15.4414     311.6166
    65    8 O          0.0209      15.4418     311.6242
    66    8 O          0.0309      15.4367     311.5208
    67    8 O          0.0215      15.4416     311.6190
    68    8 O          0.0245      15.4400     311.5875
    69    8 O          0.0210      15.4418     311.6239
    70    8 O          0.0180      15.4433     311.6533
    71    8 O          0.0207      15.4419     311.6266
    72    8 O          0.0259      15.4393     311.5739
    73    8 O          0.0170      15.4437     311.6632
    74    8 O          0.0226      15.4410     311.6075
    75    8 O          0.0216      15.4415     311.6176
    76    8 O          0.0189      15.4428     311.6442
    77    8 O          0.0237      15.4404     311.5960
    78    8 O          0.0164      15.4440     311.6691
    79    8 O          0.0209      15.4418     311.6249
    80    8 O          0.0234      15.4406     311.5993
--------------------------------------------------------

Atom-resolved dispersion energies:
--------------------------------------------------
     #    Z           [Hartree]      [kcal/mol]
--------------------------------------------------
     1   12 Mg  -0.49672745E-02     -3.11701179
     2   12 Mg  -0.41241838E-02     -2.58796442
     3   12 Mg  -0.46447803E-02     -2.91464364
     4   12 Mg  -0.57590328E-02     -3.61384762
     5   12 Mg  -0.41483436E-02     -2.60312491
     6   12 Mg  -0.43881075E-02     -2.75357902
     7   12 Mg  -0.49672593E-02     -3.11700230
     8   12 Mg  -0.38938797E-02     -2.44344642
     9   12 Mg  -0.38055377E-02     -2.38801098
    10   12 Mg  -0.50410729E-02     -3.16332101
    11   12 Mg  -0.44106722E-02     -2.76773862
    12   12 Mg  -0.40446871E-02     -2.53807946
    13   12 Mg  -0.45128522E-02     -2.83185748
    14   12 Mg  -0.44139718E-02     -2.76980912
    15   12 Mg  -0.51150711E-02     -3.20975556
    16   12 Mg  -0.41749454E-02     -2.61981781
    17   12 Mg  -0.41760836E-02     -2.62053205
    18   12 Mg  -0.42950375E-02     -2.69517675
    19   12 Mg  -0.46359801E-02     -2.90912141
    20   12 Mg  -0.47693698E-02     -2.99282472
    21   12 Mg  -0.54725486E-02     -3.43407611
    22   12 Mg  -0.43337933E-02     -2.71949633
    23   12 Mg  -0.40187776E-02     -2.52182099
    24   12 Mg  -0.44461373E-02     -2.78999329
    25   12 Mg  -0.44951287E-02     -2.82073586
    26   12 Mg  -0.44657139E-02     -2.80227776
    27   12 Mg  -0.43701534E-02     -2.74231266
    28   12 Mg  -0.49680595E-02     -3.11750439
    29   12 Mg  -0.49287428E-02     -3.09283279
    30   12 Mg  -0.46613949E-02     -2.92506949
    31   12 Mg  -0.45344600E-02     -2.84541662
    32   12 Mg  -0.49519271E-02     -3.10738115
    33   12 Mg  -0.41596704E-02     -2.61023261
    34   12 Mg  -0.44371782E-02     -2.78437139
    35   12 Mg  -0.43346140E-02     -2.72001133
    36   12 Mg  -0.45200598E-02     -2.83638037
    37   12 Mg  -0.38867108E-02     -2.43894784
    38   12 Mg  -0.47591489E-02     -2.98641104
    39   12 Mg  -0.47459104E-02     -2.97810371
    40   12 Mg  -0.45546930E-02     -2.85811300
    41    8 O   -0.10816694E-02     -0.67875781
    42    8 O   -0.10724075E-02     -0.67294585
    43    8 O   -0.91366337E-03     -0.57333242
    44    8 O   -0.10055987E-02     -0.63102273
    45    8 O   -0.99394419E-03     -0.62370940
    46    8 O   -0.98684510E-03     -0.61925465
    47    8 O   -0.10043407E-02     -0.63023330
    48    8 O   -0.10484442E-02     -0.65790866
    49    8 O   -0.84474611E-03     -0.53008619
    50    8 O   -0.99277440E-03     -0.62297534
    51    8 O   -0.99122325E-03     -0.62200198
    52    8 O   -0.11038281E-02     -0.69266262
    53    8 O   -0.10536129E-02     -0.66115209
    54    8 O   -0.99655655E-03     -0.62534867
    55    8 O   -0.10939965E-02     -0.68649319
    56    8 O   -0.10554776E-02     -0.66232217
    57    8 O   -0.10255822E-02     -0.64356257
    58    8 O   -0.99890326E-03     -0.62682126
    59    8 O   -0.10298793E-02     -0.64625901
    60    8 O   -0.10462797E-02     -0.65655044
    61    8 O   -0.94214314E-03     -0.59120375
    62    8 O   -0.11113869E-02     -0.69740580
    63    8 O   -0.94896177E-03     -0.59548250
    64    8 O   -0.10019006E-02     -0.62870212
    65    8 O   -0.10328308E-02     -0.64811109
    66    8 O   -0.10259092E-02     -0.64376774
    67    8 O   -0.10781197E-02     -0.67653030
    68    8 O   -0.11015915E-02     -0.69125912
    69    8 O   -0.96219695E-03     -0.60378770
    70    8 O   -0.10286304E-02     -0.64547529
    71    8 O   -0.98330290E-03     -0.61703188
    72    8 O   -0.92867344E-03     -0.58275138
    73    8 O   -0.92282557E-03     -0.57908179
    74    8 O   -0.11600559E-02     -0.72794606
    75    8 O   -0.10126287E-02     -0.63543413
    76    8 O   -0.95026073E-03     -0.59629761
    77    8 O   -0.10467409E-02     -0.65683985
    78    8 O   -0.99076185E-03     -0.62171244
    79    8 O   -0.98542046E-03     -0.61836067
    80    8 O   -0.98652611E-03     -0.61905448
--------------------------------------------------

Dispersion energy:      -2.2187360613710E-01 Eh

[Info] Dispersion energy written to .EDISP
