-----------------------------------
 s i m p l e   D F T - D 3  v1.2.1
-----------------------------------

Zero (Chai-Head-Gordon) damping: pbe-D3(0)
--------------------
  s6         1.0000
  s8         0.7220
  s9         0.0000
 rs6         1.2170
 rs8         1.0000
 alp        14.0000
--------------------

Atomic radii (in Angstrom):
-------------------------------------------
   Z          R(cov)     R(vdw)      r4/r2
-------------------------------------------
  12 Mg       1.6667     1.7420     2.8909
   8 O        0.8400     1.2408     1.3725
-------------------------------------------

Atomic reference systems (in atomic units):
----------------------------------------------------------------------------
   Z        #      CN    C6(AA)   #      CN    C6(AA)   #      CN    C6(AA)
----------------------------------------------------------------------------
  12 Mg     1  0.0000  683.3758   2  0.9628  451.2708   3  1.9496  175.5616
   8 O      1  0.0000   15.5059   2  0.9925   12.8161   3  1.9887   10.3708
----------------------------------------------------------------------------

Dispersion properties (in atomic units):
--------------------------------------------------------
     #    Z                CN       C6(AA)       C8(AA)
--------------------------------------------------------
     1   12 Mg         2.3200     175.7769   15737.6167
     2   12 Mg         1.4194     314.1879   28129.8015
     3   12 Mg         2.1607     176.3177   15786.0403
     4   12 Mg         2.5331     175.6016   15721.9287
     5   12 Mg         1.7594     192.6148   17245.1450
     6   12 Mg         2.2169     176.0471   15761.8123
     7   12 Mg         2.1089     176.6981   15820.0959
     8   12 Mg         1.9409     179.8025   16098.0427
     9   12 Mg         1.5409     251.4304   22511.0153
    10   12 Mg         2.4620     175.6318   15724.6311
    11   12 Mg         2.2449     175.9508   15753.1922
    12   12 Mg         1.9796     178.6978   15999.1291
    13   12 Mg         1.8887     181.9238   16287.9608
    14   12 Mg         2.5304     175.6025   15722.0077
    15   12 Mg         2.3299     175.7607   15736.1672
    16   12 Mg         1.9715     178.9007   16017.2945
    17   12 Mg         2.1133     176.6592   15816.6174
    18   12 Mg         2.0610     177.2180   15866.6475
    19   12 Mg         1.7344     196.0873   17556.0455
    20   12 Mg         2.1531     176.3644   15790.2205
    21   12 Mg         2.9989     175.5626   15718.4341
    22   12 Mg         1.8493     184.1823   16490.1741
    23   12 Mg         2.0915     176.8654   15835.0740
    24   12 Mg         2.2225     176.0262   15759.9435
    25   12 Mg         2.0777     177.0146   15848.4345
    26   12 Mg         1.6964     202.6352   18142.2868
    27   12 Mg         2.4180     175.6610   15727.2424
    28   12 Mg         2.0639     177.1808   15863.3171
    29   12 Mg         2.1244     176.5676   15808.4095
    30   12 Mg         1.7795     190.2198   17030.7145
    31   12 Mg         2.3238     175.7706   15737.0522
    32   12 Mg         2.5092     175.6100   15722.6747
    33   12 Mg         2.2260     176.0136   15758.8143
    34   12 Mg         1.9622     179.1520   16039.7954
    35   12 Mg         1.9397     179.8419   16101.5634
    36   12 Mg         2.0313     177.6527   15905.5658
    37   12 Mg         2.0273     177.7188   15911.4798
    38   12 Mg         1.9739     178.8394   16011.8062
    39   12 Mg         2.2135     176.0602   15762.9814
    40   12 Mg         2.1600     176.3218   15786.4041
    41    8 O          1.4421      11.7834     237.7956
    42    8 O          1.1499      12.6674     255.6358
    43    8 O          0.8529      12.9406     261.1492
    44    8 O          1.5676      11.1879     225.7777
    45    8 O          0.9651      12.8364     259.0450
    46    8 O          1.1404      12.6796     255.8816
    47    8 O          1.2370      12.5177     252.6141
    48    8 O          1.6179      10.9854     221.6912
    49    8 O          1.4921      11.5404     232.8922
    50    8 O          1.0388      12.7797     257.9018
    51    8 O          1.5043      11.4811     231.6939
    52    8 O          1.4456      11.7668     237.4608
    53    8 O          1.3746      12.0859     243.9005
    54    8 O          1.2934      12.3734     249.7014
    55    8 O          1.2980      12.3599     249.4288
    56    8 O          1.4712      11.6426     234.9533
    57    8 O          1.2631      12.4563     251.3739
    58    8 O          1.2587      12.4673     251.5965
    59    8 O          1.7698      10.5930     213.7725
    60    8 O          1.0101      12.8022     258.3548
    61    8 O          1.0421      12.7771     257.8490
    62    8 O          1.3038      12.3419     249.0669
    63    8 O          1.4737      11.6303     234.7066
    64    8 O          1.2787      12.4152     250.5452
    65    8 O          1.2174      12.5584     253.4345
    66    8 O          1.7753      10.5843     213.5973
    67    8 O          1.2872      12.3914     250.0647
    68    8 O          1.4371      11.8070     238.2713
    69    8 O          1.2497      12.4890     252.0346
    70    8 O          1.0702      12.7533     257.3693
    71    8 O          1.2480      12.4928     252.1119
    72    8 O          1.4754      11.6221     234.5398
    73    8 O          1.0113      12.8012     258.3354
    74    8 O          1.3453      12.2008     246.2189
    75    8 O          1.3041      12.3411     249.0499
    76    8 O          1.1338      12.6877     256.0449
    77    8 O          1.4233      11.8720     239.5831
    78    8 O          0.9608      12.8396     259.1111
    79    8 O          1.2196      12.5539     253.3440
    80    8 O          1.4137      11.9162     240.4746
--------------------------------------------------------

Atom-resolved dispersion energies:
--------------------------------------------------
     #    Z           [Hartree]      [kcal/mol]
--------------------------------------------------
     1   12 Mg  -0.52626299E-02     -3.30235013
     2   12 Mg  -0.70340340E-02     -4.41392295
     3   12 Mg  -0.49611542E-02     -3.11317126
     4   12 Mg  -0.52506379E-02     -3.29482505
     5   12 Mg  -0.53827418E-02     -3.37772147
     6   12 Mg  -0.50798998E-02     -3.18768527
     7   12 Mg  -0.53421487E-02     -3.35224895
     8   12 Mg  -0.54450387E-02     -3.41681339
     9   12 Mg  -0.61617473E-02     -3.86655483
    10   12 Mg  -0.56541712E-02     -3.54804599
    11   12 Mg  -0.53064142E-02     -3.32982517
    12   12 Mg  -0.52861355E-02     -3.31710010
    13   12 Mg  -0.53106495E-02     -3.33248287
    14   12 Mg  -0.50154736E-02     -3.14725718
    15   12 Mg  -0.50193916E-02     -3.14971578
    16   12 Mg  -0.53034406E-02     -3.32795924
    17   12 Mg  -0.50650606E-02     -3.17837350
    18   12 Mg  -0.56061359E-02     -3.51790337
    19   12 Mg  -0.53760319E-02     -3.37351096
    20   12 Mg  -0.53211483E-02     -3.33907100
    21   12 Mg  -0.50070257E-02     -3.14195607
    22   12 Mg  -0.55769755E-02     -3.49960495
    23   12 Mg  -0.50755655E-02     -3.18496543
    24   12 Mg  -0.50139582E-02     -3.14630626
    25   12 Mg  -0.51107038E-02     -3.20701504
    26   12 Mg  -0.57201514E-02     -3.58944919
    27   12 Mg  -0.51779173E-02     -3.24919216
    28   12 Mg  -0.55322654E-02     -3.47154897
    29   12 Mg  -0.50249976E-02     -3.15323363
    30   12 Mg  -0.54702410E-02     -3.43262802
    31   12 Mg  -0.54035014E-02     -3.39074831
    32   12 Mg  -0.53015215E-02     -3.32675494
    33   12 Mg  -0.47048217E-02     -2.95232019
    34   12 Mg  -0.55352587E-02     -3.47342726
    35   12 Mg  -0.51532558E-02     -3.23371683
    36   12 Mg  -0.54527720E-02     -3.42166610
    37   12 Mg  -0.51308669E-02     -3.21966759
    38   12 Mg  -0.54700447E-02     -3.43250484
    39   12 Mg  -0.50442125E-02     -3.16529111
    40   12 Mg  -0.52741777E-02     -3.30959648
    41    8 O   -0.11551951E-02     -0.72489588
    42    8 O   -0.11613712E-02     -0.72877142
    43    8 O   -0.11834312E-02     -0.74261427
    44    8 O   -0.10431936E-02     -0.65461385
    45    8 O   -0.13271327E-02     -0.83278833
    46    8 O   -0.11965657E-02     -0.75085629
    47    8 O   -0.12567105E-02     -0.78859774
    48    8 O   -0.11379328E-02     -0.71406361
    49    8 O   -0.10929129E-02     -0.68581318
    50    8 O   -0.12483643E-02     -0.78336044
    51    8 O   -0.10366259E-02     -0.65049256
    52    8 O   -0.10391663E-02     -0.65208672
    53    8 O   -0.11001632E-02     -0.69036286
    54    8 O   -0.12010329E-02     -0.75365951
    55    8 O   -0.11119193E-02     -0.69773992
    56    8 O   -0.10139076E-02     -0.63623663
    57    8 O   -0.12469841E-02     -0.78249435
    58    8 O   -0.12136213E-02     -0.76155887
    59    8 O   -0.10579233E-02     -0.66385691
    60    8 O   -0.11955534E-02     -0.75022110
    61    8 O   -0.11550011E-02     -0.72477414
    62    8 O   -0.11927672E-02     -0.74847272
    63    8 O   -0.10165477E-02     -0.63789332
    64    8 O   -0.11632873E-02     -0.72997379
    65    8 O   -0.11869254E-02     -0.74480696
    66    8 O   -0.10679948E-02     -0.67017688
    67    8 O   -0.11184910E-02     -0.70186368
    68    8 O   -0.11969847E-02     -0.75111921
    69    8 O   -0.10960189E-02     -0.68776222
    70    8 O   -0.10837546E-02     -0.68006627
    71    8 O   -0.11009688E-02     -0.69086833
    72    8 O   -0.10788567E-02     -0.67699279
    73    8 O   -0.11092255E-02     -0.69604950
    74    8 O   -0.12657285E-02     -0.79425661
    75    8 O   -0.11635114E-02     -0.73011442
    76    8 O   -0.11531383E-02     -0.72360520
    77    8 O   -0.11534599E-02     -0.72380699
    78    8 O   -0.10758542E-02     -0.67510871
    79    8 O   -0.12029493E-02     -0.75486211
    80    8 O   -0.10799985E-02     -0.67770928
--------------------------------------------------

Dispersion energy:      -2.5904549030988E-01 Eh

[Info] Dispersion energy written to .EDISP
