-----------------------------------
 s i m p l e   D F T - D 3  v1.2.1
-----------------------------------

Zero (Chai-Head-Gordon) damping: pbe-D3(0)
--------------------
  s6         1.0000
  s8         0.7220
  s9         0.0000
 rs6         1.2170
 rs8         1.0000
 alp        14.0000
--------------------

Atomic radii (in Angstrom):
-------------------------------------------
   Z          R(cov)     R(vdw)      r4/r2
-------------------------------------------
  30 Zn       1.4533     1.6155     2.6978
  53 I        1.7600     1.8690     2.9281
-------------------------------------------

Atomic reference systems (in atomic units):
----------------------------------------------------------------------------
   Z        #      CN    C6(AA)   #      CN    C6(AA)   #      CN    C6(AA)
----------------------------------------------------------------------------
  30 Zn     1  0.0000  340.5213   2  1.9419  153.4528
  53 I      1  0.0000  351.9667   2  0.9968  358.4995
----------------------------------------------------------------------------

Dispersion properties (in atomic units):
--------------------------------------------------------
     #    Z                CN       C6(AA)       C8(AA)
--------------------------------------------------------
     1   30 Zn         0.0015     340.5212   26551.8221
     2   30 Zn         0.0015     340.5212   26551.8221
     3   30 Zn         0.0015     340.5212   26551.8221
     4   30 Zn         0.0015     340.5212   26551.8221
     5   30 Zn         0.0015     340.5212   26551.8221
     6   30 Zn         0.0015     340.5212   26551.8221
     7   30 Zn         0.0015     340.5212   26551.8221
     8   30 Zn         0.0015     340.5212   26551.8221
     9   30 Zn         0.0015     340.5212   26551.8221
    10   30 Zn         0.0015     340.5212   26551.8221
    11   30 Zn         0.0015     340.5212   26551.8221
    12   30 Zn         0.0015     340.5212   26551.8221
    13   30 Zn         0.0015     340.5212   26551.8221
    14   30 Zn         0.0015     340.5212   26551.8221
    15   30 Zn         0.0015     340.5212   26551.8221
    16   30 Zn         0.0015     340.5212   26551.8221
    17   53 I          0.0010     352.0876   32339.0680
    18   53 I          0.0010     352.0876   32339.0680
    19   53 I          0.0010     352.0875   32339.0676
    20   53 I          0.0010     352.0875   32339.0675
    21   53 I          0.0010     352.0876   32339.0679
    22   53 I          0.0010     352.0875   32339.0675
    23   53 I          0.0010     352.0876   32339.0680
    24   53 I          0.0010     352.0875   32339.0675
    25   53 I          0.0010     352.0876   32339.0679
    26   53 I          0.0010     352.0876   32339.0680
    27   53 I          0.0010     352.0876   32339.0677
    28   53 I          0.0010     352.0875   32339.0675
    29   53 I          0.0010     352.0876   32339.0679
    30   53 I          0.0010     352.0875   32339.0676
    31   53 I          0.0010     352.0876   32339.0679
    32   53 I          0.0010     352.0875   32339.0676
    33   53 I          0.0010     352.0875   32339.0653
    34   53 I          0.0010     352.0875   32339.0654
    35   53 I          0.0010     352.0875   32339.0655
    36   53 I          0.0010     352.0875   32339.0655
    37   53 I          0.0010     352.0875   32339.0654
    38   53 I          0.0010     352.0875   32339.0655
    39   53 I          0.0010     352.0875   32339.0653
    40   53 I          0.0010     352.0875   32339.0654
    41   53 I          0.0010     352.0875   32339.0666
    42   53 I          0.0010     352.0875   32339.0666
    43   53 I          0.0010     352.0875   32339.0666
    44   53 I          0.0010     352.0875   32339.0666
    45   53 I          0.0010     352.0875   32339.0666
    46   53 I          0.0010     352.0875   32339.0665
    47   53 I          0.0010     352.0875   32339.0666
    48   53 I          0.0010     352.0875   32339.0667
--------------------------------------------------------

Atom-resolved dispersion energies:
--------------------------------------------------
     #    Z           [Hartree]      [kcal/mol]
--------------------------------------------------
     1   30 Zn  -0.32073002E-03     -0.20126113
     2   30 Zn  -0.32026459E-03     -0.20096907
     3   30 Zn  -0.32064371E-03     -0.20120697
     4   30 Zn  -0.32048426E-03     -0.20110691
     5   30 Zn  -0.32109029E-03     -0.20148720
     6   30 Zn  -0.32107787E-03     -0.20147940
     7   30 Zn  -0.32051118E-03     -0.20112380
     8   30 Zn  -0.31992006E-03     -0.20075287
     9   30 Zn  -0.32039885E-03     -0.20105332
    10   30 Zn  -0.32012034E-03     -0.20087854
    11   30 Zn  -0.32062654E-03     -0.20119619
    12   30 Zn  -0.32100017E-03     -0.20143065
    13   30 Zn  -0.32099850E-03     -0.20142960
    14   30 Zn  -0.32106617E-03     -0.20147206
    15   30 Zn  -0.32053687E-03     -0.20113993
    16   30 Zn  -0.32038334E-03     -0.20104358
    17   53 I   -0.19350668E-03     -0.12142728
    18   53 I   -0.19353388E-03     -0.12144434
    19   53 I   -0.19319171E-03     -0.12122963
    20   53 I   -0.19295836E-03     -0.12108320
    21   53 I   -0.19340757E-03     -0.12136508
    22   53 I   -0.19310226E-03     -0.12117350
    23   53 I   -0.19348544E-03     -0.12141394
    24   53 I   -0.19312324E-03     -0.12118666
    25   53 I   -0.19336785E-03     -0.12134016
    26   53 I   -0.19353724E-03     -0.12144645
    27   53 I   -0.19300975E-03     -0.12111544
    28   53 I   -0.19308014E-03     -0.12115962
    29   53 I   -0.19335324E-03     -0.12133099
    30   53 I   -0.19317747E-03     -0.12122069
    31   53 I   -0.19336943E-03     -0.12134115
    32   53 I   -0.19327889E-03     -0.12128433
    33   53 I   -0.18851340E-03     -0.11829394
    34   53 I   -0.18870172E-03     -0.11841212
    35   53 I   -0.18890194E-03     -0.11853776
    36   53 I   -0.18874184E-03     -0.11843729
    37   53 I   -0.18852874E-03     -0.11830357
    38   53 I   -0.18874888E-03     -0.11844171
    39   53 I   -0.18843453E-03     -0.11824445
    40   53 I   -0.18866634E-03     -0.11838992
    41   53 I   -0.19195320E-03     -0.12045245
    42   53 I   -0.19185168E-03     -0.12038874
    43   53 I   -0.19196360E-03     -0.12045897
    44   53 I   -0.19191368E-03     -0.12042765
    45   53 I   -0.19200966E-03     -0.12048788
    46   53 I   -0.19178410E-03     -0.12034634
    47   53 I   -0.19194174E-03     -0.12044526
    48   53 I   -0.19208784E-03     -0.12053694
--------------------------------------------------

Dispersion energy:      -1.1267078798710E-02 Eh

[Info] Dispersion energy written to .EDISP
