-----------------------------------
 s i m p l e   D F T - D 3  v1.2.1
-----------------------------------

Zero (Chai-Head-Gordon) damping: pbe-D3(0)
--------------------
  s6         1.0000
  s8         0.7220
  s9         0.0000
 rs6         1.2170
 rs8         1.0000
 alp        14.0000
--------------------

Atomic radii (in Angstrom):
-------------------------------------------
   Z          R(cov)     R(vdw)      r4/r2
-------------------------------------------
  19 K        2.3467     2.1206     4.2216
  81 Tl       1.7333     2.1564     4.1264
-------------------------------------------

Atomic reference systems (in atomic units):
----------------------------------------------------------------------------
   Z        #      CN    C6(AA)   #      CN    C6(AA)   #      CN    C6(AA)
----------------------------------------------------------------------------
  19 K      1  0.0000 4983.5009   2  0.9767  338.0207
  81 Tl     1  0.0000  792.2378   2  0.9267  778.6188   3  1.9302  487.7418
            4  2.9420  389.6069
----------------------------------------------------------------------------

Dispersion properties (in atomic units):
--------------------------------------------------------
     #    Z                CN       C6(AA)       C8(AA)
--------------------------------------------------------
     1   19 K          0.0070    4809.0723  918184.7239
     2   19 K          0.0070    4809.0723  918184.7239
     3   19 K          0.0070    4809.0723  918184.7240
     4   19 K          0.0070    4809.0723  918184.7240
     5   19 K          0.0077    4808.1706  918012.5685
     6   19 K          0.0077    4808.1706  918012.5685
     7   19 K          0.0077    4808.1706  918012.5685
     8   19 K          0.0077    4808.1706  918012.5685
     9   19 K          0.0062    4810.1177  918384.3275
    10   19 K          0.0062    4810.1177  918384.3275
    11   19 K          0.0062    4810.1177  918384.3276
    12   19 K          0.0062    4810.1177  918384.3276
    13   19 K          0.0074    4808.5708  918088.9749
    14   19 K          0.0074    4808.5708  918088.9749
    15   19 K          0.0074    4808.5708  918088.9749
    16   19 K          0.0074    4808.5708  918088.9749
    17   19 K          0.0074    4808.5708  918088.9749
    18   19 K          0.0074    4808.5708  918088.9749
    19   19 K          0.0074    4808.5708  918088.9749
    20   19 K          0.0074    4808.5708  918088.9749
    21   19 K          0.0079    4807.8870  917958.4256
    22   19 K          0.0079    4807.8870  917958.4256
    23   19 K          0.0079    4807.8870  917958.4256
    24   19 K          0.0079    4807.8870  917958.4256
    25   81 Tl         0.0049     791.7672  144432.1165
    26   81 Tl         0.0049     791.7672  144432.1165
    27   81 Tl         0.0049     791.7672  144432.1165
    28   81 Tl         0.0049     791.7672  144432.1165
    29   81 Tl         0.0049     791.7672  144432.1165
    30   81 Tl         0.0049     791.7672  144432.1165
    31   81 Tl         0.0049     791.7672  144432.1165
    32   81 Tl         0.0049     791.7672  144432.1165
    33   81 Tl         0.0047     791.7681  144432.2777
    34   81 Tl         0.0047     791.7681  144432.2777
    35   81 Tl         0.0046     791.7684  144432.3397
    36   81 Tl         0.0046     791.7684  144432.3397
    37   81 Tl         0.0046     791.7684  144432.3397
    38   81 Tl         0.0046     791.7684  144432.3397
    39   81 Tl         0.0037     791.7715  144432.8941
    40   81 Tl         0.0037     791.7715  144432.8941
    41   81 Tl         0.0044     791.7689  144432.4204
    42   81 Tl         0.0044     791.7689  144432.4204
    43   81 Tl         0.0044     791.7689  144432.4204
    44   81 Tl         0.0044     791.7689  144432.4204
    45   81 Tl         0.0044     791.7689  144432.4204
    46   81 Tl         0.0044     791.7689  144432.4204
    47   81 Tl         0.0044     791.7689  144432.4204
    48   81 Tl         0.0044     791.7689  144432.4204
    49   81 Tl         0.0046     791.7683  144432.3069
    50   81 Tl         0.0046     791.7683  144432.3069
    51   81 Tl         0.0046     791.7683  144432.3069
    52   81 Tl         0.0046     791.7683  144432.3069
    53   81 Tl         0.0046     791.7683  144432.3069
    54   81 Tl         0.0046     791.7683  144432.3069
    55   81 Tl         0.0046     791.7683  144432.3069
    56   81 Tl         0.0046     791.7683  144432.3069
    57   81 Tl         0.0043     791.7693  144432.4938
    58   81 Tl         0.0043     791.7693  144432.4938
    59   81 Tl         0.0043     791.7693  144432.4938
    60   81 Tl         0.0043     791.7693  144432.4938
    61   81 Tl         0.0043     791.7693  144432.4938
    62   81 Tl         0.0043     791.7693  144432.4938
    63   81 Tl         0.0043     791.7693  144432.4938
    64   81 Tl         0.0043     791.7693  144432.4938
    65   81 Tl         0.0048     791.7678  144432.2218
    66   81 Tl         0.0048     791.7678  144432.2218
    67   81 Tl         0.0048     791.7678  144432.2218
    68   81 Tl         0.0048     791.7678  144432.2218
    69   81 Tl         0.0042     791.7697  144432.5638
    70   81 Tl         0.0042     791.7697  144432.5638
    71   81 Tl         0.0042     791.7697  144432.5638
    72   81 Tl         0.0042     791.7697  144432.5638
    73   81 Tl         0.0042     791.7697  144432.5638
    74   81 Tl         0.0042     791.7697  144432.5638
    75   81 Tl         0.0042     791.7697  144432.5638
    76   81 Tl         0.0042     791.7697  144432.5638
    77   81 Tl         0.0043     791.7692  144432.4852
    78   81 Tl         0.0043     791.7692  144432.4852
    79   81 Tl         0.0043     791.7692  144432.4852
    80   81 Tl         0.0043     791.7692  144432.4852
    81   81 Tl         0.0043     791.7692  144432.4852
    82   81 Tl         0.0043     791.7692  144432.4852
    83   81 Tl         0.0043     791.7692  144432.4852
    84   81 Tl         0.0043     791.7692  144432.4852
    85   81 Tl         0.0034     791.7723  144433.0429
    86   81 Tl         0.0034     791.7723  144433.0429
    87   81 Tl         0.0034     791.7723  144433.0429
    88   81 Tl         0.0034     791.7723  144433.0429
    89   81 Tl         0.0040     791.7703  144432.6880
    90   81 Tl         0.0040     791.7703  144432.6880
    91   81 Tl         0.0040     791.7703  144432.6880
    92   81 Tl         0.0040     791.7703  144432.6880
--------------------------------------------------------

Atom-resolved dispersion energies:
--------------------------------------------------
     #    Z           [Hartree]      [kcal/mol]
--------------------------------------------------
     1   19 K   -0.20659721E-02     -1.29641708
     2   19 K   -0.20659721E-02     -1.29641708
     3   19 K   -0.20659721E-02     -1.29641707
     4   19 K   -0.20659721E-02     -1.29641707
     5   19 K   -0.22346272E-02     -1.40224974
     6   19 K   -0.22346272E-02     -1.40224974
     7   19 K   -0.22346272E-02     -1.40224975
     8   19 K   -0.22346272E-02     -1.40224975
     9   19 K   -0.19339681E-02     -1.21358330
    10   19 K   -0.19339681E-02     -1.21358330
    11   19 K   -0.19339681E-02     -1.21358329
    12   19 K   -0.19339681E-02     -1.21358329
    13   19 K   -0.21745728E-02     -1.36456504
    14   19 K   -0.21745728E-02     -1.36456504
    15   19 K   -0.21745728E-02     -1.36456504
    16   19 K   -0.21745728E-02     -1.36456504
    17   19 K   -0.21745728E-02     -1.36456504
    18   19 K   -0.21745728E-02     -1.36456504
    19   19 K   -0.21745728E-02     -1.36456504
    20   19 K   -0.21745728E-02     -1.36456504
    21   19 K   -0.22654051E-02     -1.42156319
    22   19 K   -0.22654051E-02     -1.42156319
    23   19 K   -0.22654051E-02     -1.42156319
    24   19 K   -0.22654051E-02     -1.42156319
    25   81 Tl  -0.16792936E-02     -1.05377263
    26   81 Tl  -0.16792936E-02     -1.05377263
    27   81 Tl  -0.16792936E-02     -1.05377263
    28   81 Tl  -0.16792936E-02     -1.05377263
    29   81 Tl  -0.16792936E-02     -1.05377263
    30   81 Tl  -0.16792936E-02     -1.05377263
    31   81 Tl  -0.16792936E-02     -1.05377263
    32   81 Tl  -0.16792936E-02     -1.05377263
    33   81 Tl  -0.16144375E-02     -1.01307480
    34   81 Tl  -0.16144375E-02     -1.01307480
    35   81 Tl  -0.15984121E-02     -1.00301877
    36   81 Tl  -0.15984121E-02     -1.00301877
    37   81 Tl  -0.15984121E-02     -1.00301877
    38   81 Tl  -0.15984121E-02     -1.00301877
    39   81 Tl  -0.13438186E-02     -0.84325889
    40   81 Tl  -0.13438186E-02     -0.84325889
    41   81 Tl  -0.14673368E-02     -0.92076773
    42   81 Tl  -0.14673368E-02     -0.92076773
    43   81 Tl  -0.14673368E-02     -0.92076771
    44   81 Tl  -0.14673368E-02     -0.92076771
    45   81 Tl  -0.14673368E-02     -0.92076773
    46   81 Tl  -0.14673368E-02     -0.92076773
    47   81 Tl  -0.14673368E-02     -0.92076771
    48   81 Tl  -0.14673368E-02     -0.92076771
    49   81 Tl  -0.16263967E-02     -1.02057932
    50   81 Tl  -0.16263967E-02     -1.02057932
    51   81 Tl  -0.16263967E-02     -1.02057931
    52   81 Tl  -0.16263967E-02     -1.02057931
    53   81 Tl  -0.16263967E-02     -1.02057932
    54   81 Tl  -0.16263967E-02     -1.02057932
    55   81 Tl  -0.16263967E-02     -1.02057931
    56   81 Tl  -0.16263967E-02     -1.02057931
    57   81 Tl  -0.15529529E-02     -0.97449267
    58   81 Tl  -0.15529529E-02     -0.97449267
    59   81 Tl  -0.15529529E-02     -0.97449267
    60   81 Tl  -0.15529529E-02     -0.97449267
    61   81 Tl  -0.15529529E-02     -0.97449267
    62   81 Tl  -0.15529529E-02     -0.97449267
    63   81 Tl  -0.15529529E-02     -0.97449267
    64   81 Tl  -0.15529529E-02     -0.97449267
    65   81 Tl  -0.17117004E-02     -1.07410822
    66   81 Tl  -0.17117004E-02     -1.07410822
    67   81 Tl  -0.17117004E-02     -1.07410822
    68   81 Tl  -0.17117004E-02     -1.07410822
    69   81 Tl  -0.14108454E-02     -0.88531885
    70   81 Tl  -0.14108454E-02     -0.88531885
    71   81 Tl  -0.14108454E-02     -0.88531886
    72   81 Tl  -0.14108454E-02     -0.88531886
    73   81 Tl  -0.14108454E-02     -0.88531885
    74   81 Tl  -0.14108454E-02     -0.88531885
    75   81 Tl  -0.14108454E-02     -0.88531886
    76   81 Tl  -0.14108454E-02     -0.88531886
    77   81 Tl  -0.15078048E-02     -0.94616182
    78   81 Tl  -0.15078048E-02     -0.94616182
    79   81 Tl  -0.15078048E-02     -0.94616180
    80   81 Tl  -0.15078048E-02     -0.94616180
    81   81 Tl  -0.15078048E-02     -0.94616182
    82   81 Tl  -0.15078048E-02     -0.94616182
    83   81 Tl  -0.15078048E-02     -0.94616180
    84   81 Tl  -0.15078048E-02     -0.94616180
    85   81 Tl  -0.12574679E-02     -0.78907305
    86   81 Tl  -0.12574679E-02     -0.78907305
    87   81 Tl  -0.12574679E-02     -0.78907305
    88   81 Tl  -0.12574679E-02     -0.78907305
    89   81 Tl  -0.13429840E-02     -0.84273519
    90   81 Tl  -0.13429840E-02     -0.84273519
    91   81 Tl  -0.13429840E-02     -0.84273518
    92   81 Tl  -0.13429840E-02     -0.84273518
--------------------------------------------------

Dispersion energy:      -1.5491228389832E-01 Eh

[Info] Dispersion energy written to .EDISP
