-----------------------------------
 s i m p l e   D F T - D 3  v1.2.1
-----------------------------------

Zero (Chai-Head-Gordon) damping: pbe-D3(0)
--------------------
  s6         1.0000
  s8         0.7220
  s9         0.0000
 rs6         1.2170
 rs8         1.0000
 alp        14.0000
--------------------

Atomic radii (in Angstrom):
-------------------------------------------
   Z          R(cov)     R(vdw)      r4/r2
-------------------------------------------
  19 K        2.3467     2.1206     4.2216
  81 Tl       1.7333     2.1564     4.1264
-------------------------------------------

Atomic reference systems (in atomic units):
----------------------------------------------------------------------------
   Z        #      CN    C6(AA)   #      CN    C6(AA)   #      CN    C6(AA)
----------------------------------------------------------------------------
  19 K      1  0.0000 4983.5009   2  0.9767  338.0207
  81 Tl     1  0.0000  792.2378   2  0.9267  778.6188   3  1.9302  487.7418
            4  2.9420  389.6069
----------------------------------------------------------------------------

Dispersion properties (in atomic units):
--------------------------------------------------------
     #    Z                CN       C6(AA)       C8(AA)
--------------------------------------------------------
     1   19 K          3.1899     338.0207   64537.4879
     2   19 K          3.1899     338.0207   64537.4879
     3   19 K          3.1899     338.0207   64537.4879
     4   19 K          3.1899     338.0207   64537.4879
     5   19 K          3.6336     338.0207   64537.4877
     6   19 K          3.6336     338.0207   64537.4877
     7   19 K          3.6336     338.0207   64537.4877
     8   19 K          3.6336     338.0207   64537.4877
     9   19 K          2.5467     338.0209   64537.5183
    10   19 K          2.5467     338.0209   64537.5183
    11   19 K          2.5467     338.0209   64537.5183
    12   19 K          2.5467     338.0209   64537.5183
    13   19 K          3.4691     338.0207   64537.4877
    14   19 K          3.4691     338.0207   64537.4877
    15   19 K          3.4691     338.0207   64537.4877
    16   19 K          3.4691     338.0207   64537.4877
    17   19 K          3.4691     338.0207   64537.4877
    18   19 K          3.4691     338.0207   64537.4877
    19   19 K          3.4691     338.0207   64537.4877
    20   19 K          3.4691     338.0207   64537.4877
    21   19 K          3.7648     338.0207   64537.4877
    22   19 K          3.7648     338.0207   64537.4877
    23   19 K          3.7648     338.0207   64537.4877
    24   19 K          3.7648     338.0207   64537.4877
    25   81 Tl         2.1528     478.7274   87328.2088
    26   81 Tl         2.1528     478.7274   87328.2088
    27   81 Tl         2.1528     478.7274   87328.2088
    28   81 Tl         2.1528     478.7274   87328.2088
    29   81 Tl         2.1528     478.7274   87328.2088
    30   81 Tl         2.1528     478.7274   87328.2088
    31   81 Tl         2.1528     478.7274   87328.2088
    32   81 Tl         2.1528     478.7274   87328.2088
    33   81 Tl         1.9742     488.2301   89061.6671
    34   81 Tl         1.9742     488.2301   89061.6665
    35   81 Tl         1.8889     492.3454   89812.3708
    36   81 Tl         1.8889     492.3454   89812.3708
    37   81 Tl         1.8889     492.3454   89812.3708
    38   81 Tl         1.8889     492.3454   89812.3708
    39   81 Tl         1.3262     679.5923  123969.4664
    40   81 Tl         1.3262     679.5923  123969.4664
    41   81 Tl         1.8683     493.5742   90036.5210
    42   81 Tl         1.8683     493.5742   90036.5210
    43   81 Tl         1.8683     493.5742   90036.5215
    44   81 Tl         1.8683     493.5742   90036.5215
    45   81 Tl         1.8683     493.5742   90036.5210
    46   81 Tl         1.8683     493.5742   90036.5210
    47   81 Tl         1.8683     493.5742   90036.5215
    48   81 Tl         1.8683     493.5742   90036.5215
    49   81 Tl         1.9451     489.5212   89297.1887
    50   81 Tl         1.9451     489.5212   89297.1887
    51   81 Tl         1.9451     489.5212   89297.1889
    52   81 Tl         1.9451     489.5212   89297.1889
    53   81 Tl         1.9451     489.5212   89297.1887
    54   81 Tl         1.9451     489.5212   89297.1887
    55   81 Tl         1.9451     489.5212   89297.1889
    56   81 Tl         1.9451     489.5212   89297.1889
    57   81 Tl         1.7538     504.0959   91955.8681
    58   81 Tl         1.7538     504.0959   91955.8681
    59   81 Tl         1.7538     504.0959   91955.8678
    60   81 Tl         1.7538     504.0959   91955.8678
    61   81 Tl         1.7538     504.0959   91955.8681
    62   81 Tl         1.7538     504.0959   91955.8681
    63   81 Tl         1.7538     504.0959   91955.8678
    64   81 Tl         1.7538     504.0959   91955.8678
    65   81 Tl         2.0303     485.7830   88615.2655
    66   81 Tl         2.0303     485.7830   88615.2655
    67   81 Tl         2.0303     485.7830   88615.2658
    68   81 Tl         2.0303     485.7830   88615.2658
    69   81 Tl         1.7305     507.4042   92559.3486
    70   81 Tl         1.7305     507.4042   92559.3486
    71   81 Tl         1.7305     507.4042   92559.3472
    72   81 Tl         1.7305     507.4042   92559.3472
    73   81 Tl         1.7305     507.4042   92559.3486
    74   81 Tl         1.7305     507.4042   92559.3486
    75   81 Tl         1.7305     507.4042   92559.3472
    76   81 Tl         1.7305     507.4042   92559.3472
    77   81 Tl         1.7691     502.1929   91608.7253
    78   81 Tl         1.7691     502.1929   91608.7253
    79   81 Tl         1.7691     502.1929   91608.7279
    80   81 Tl         1.7691     502.1929   91608.7279
    81   81 Tl         1.7691     502.1929   91608.7253
    82   81 Tl         1.7691     502.1929   91608.7253
    83   81 Tl         1.7691     502.1929   91608.7279
    84   81 Tl         1.7691     502.1929   91608.7279
    85   81 Tl         1.1926     735.2698  134126.0111
    86   81 Tl         1.1926     735.2698  134126.0111
    87   81 Tl         1.1926     735.2698  134126.0100
    88   81 Tl         1.1926     735.2698  134126.0100
    89   81 Tl         1.6141     533.8351   97380.8117
    90   81 Tl         1.6141     533.8351   97380.8117
    91   81 Tl         1.6141     533.8351   97380.8108
    92   81 Tl         1.6141     533.8351   97380.8108
--------------------------------------------------------

Atom-resolved dispersion energies:
--------------------------------------------------
     #    Z           [Hartree]      [kcal/mol]
--------------------------------------------------
     1   19 K   -0.99301872E-02     -6.23128653
     2   19 K   -0.99301872E-02     -6.23128653
     3   19 K   -0.99301872E-02     -6.23128657
     4   19 K   -0.99301872E-02     -6.23128657
     5   19 K   -0.94798059E-02     -5.94866803
     6   19 K   -0.94798059E-02     -5.94866803
     7   19 K   -0.94798059E-02     -5.94866801
     8   19 K   -0.94798059E-02     -5.94866801
     9   19 K   -0.11009165E-01     -6.90835510
    10   19 K   -0.11009165E-01     -6.90835510
    11   19 K   -0.11009165E-01     -6.90835514
    12   19 K   -0.11009165E-01     -6.90835514
    13   19 K   -0.98073205E-02     -6.15418650
    14   19 K   -0.98073205E-02     -6.15418650
    15   19 K   -0.98073205E-02     -6.15418651
    16   19 K   -0.98073205E-02     -6.15418651
    17   19 K   -0.98073205E-02     -6.15418650
    18   19 K   -0.98073205E-02     -6.15418650
    19   19 K   -0.98073205E-02     -6.15418651
    20   19 K   -0.98073205E-02     -6.15418651
    21   19 K   -0.98134901E-02     -6.15805803
    22   19 K   -0.98134901E-02     -6.15805803
    23   19 K   -0.98134901E-02     -6.15805803
    24   19 K   -0.98134901E-02     -6.15805803
    25   81 Tl  -0.63944640E-02     -4.01258676
    26   81 Tl  -0.63944640E-02     -4.01258676
    27   81 Tl  -0.63944640E-02     -4.01258672
    28   81 Tl  -0.63944640E-02     -4.01258672
    29   81 Tl  -0.63944640E-02     -4.01258676
    30   81 Tl  -0.63944640E-02     -4.01258676
    31   81 Tl  -0.63944640E-02     -4.01258672
    32   81 Tl  -0.63944640E-02     -4.01258672
    33   81 Tl  -0.63945263E-02     -4.01262586
    34   81 Tl  -0.63945265E-02     -4.01262594
    35   81 Tl  -0.65599859E-02     -4.11645331
    36   81 Tl  -0.65599859E-02     -4.11645331
    37   81 Tl  -0.65599859E-02     -4.11645331
    38   81 Tl  -0.65599859E-02     -4.11645331
    39   81 Tl  -0.83911251E-02     -5.26551053
    40   81 Tl  -0.83911251E-02     -5.26551053
    41   81 Tl  -0.74382341E-02     -4.66756239
    42   81 Tl  -0.74382341E-02     -4.66756239
    43   81 Tl  -0.74382344E-02     -4.66756253
    44   81 Tl  -0.74382344E-02     -4.66756253
    45   81 Tl  -0.74382341E-02     -4.66756239
    46   81 Tl  -0.74382341E-02     -4.66756239
    47   81 Tl  -0.74382344E-02     -4.66756253
    48   81 Tl  -0.74382344E-02     -4.66756253
    49   81 Tl  -0.63071625E-02     -3.95780421
    50   81 Tl  -0.63071625E-02     -3.95780421
    51   81 Tl  -0.63071626E-02     -3.95780427
    52   81 Tl  -0.63071626E-02     -3.95780427
    53   81 Tl  -0.63071625E-02     -3.95780421
    54   81 Tl  -0.63071625E-02     -3.95780421
    55   81 Tl  -0.63071626E-02     -3.95780427
    56   81 Tl  -0.63071626E-02     -3.95780427
    57   81 Tl  -0.65674800E-02     -4.12115589
    58   81 Tl  -0.65674800E-02     -4.12115589
    59   81 Tl  -0.65674798E-02     -4.12115582
    60   81 Tl  -0.65674798E-02     -4.12115582
    61   81 Tl  -0.65674800E-02     -4.12115589
    62   81 Tl  -0.65674800E-02     -4.12115589
    63   81 Tl  -0.65674798E-02     -4.12115582
    64   81 Tl  -0.65674798E-02     -4.12115582
    65   81 Tl  -0.55918378E-02     -3.50893119
    66   81 Tl  -0.55918378E-02     -3.50893119
    67   81 Tl  -0.55918377E-02     -3.50893116
    68   81 Tl  -0.55918377E-02     -3.50893116
    69   81 Tl  -0.76683493E-02     -4.81196187
    70   81 Tl  -0.76683493E-02     -4.81196187
    71   81 Tl  -0.76683491E-02     -4.81196174
    72   81 Tl  -0.76683491E-02     -4.81196174
    73   81 Tl  -0.76683493E-02     -4.81196187
    74   81 Tl  -0.76683493E-02     -4.81196187
    75   81 Tl  -0.76683491E-02     -4.81196174
    76   81 Tl  -0.76683491E-02     -4.81196174
    77   81 Tl  -0.66606873E-02     -4.17964438
    78   81 Tl  -0.66606873E-02     -4.17964438
    79   81 Tl  -0.66606874E-02     -4.17964447
    80   81 Tl  -0.66606874E-02     -4.17964447
    81   81 Tl  -0.66606873E-02     -4.17964438
    82   81 Tl  -0.66606873E-02     -4.17964438
    83   81 Tl  -0.66606874E-02     -4.17964447
    84   81 Tl  -0.66606874E-02     -4.17964447
    85   81 Tl  -0.87717553E-02     -5.50435953
    86   81 Tl  -0.87717553E-02     -5.50435953
    87   81 Tl  -0.87717552E-02     -5.50435950
    88   81 Tl  -0.87717552E-02     -5.50435950
    89   81 Tl  -0.74668924E-02     -4.68554574
    90   81 Tl  -0.74668924E-02     -4.68554574
    91   81 Tl  -0.74668926E-02     -4.68554582
    92   81 Tl  -0.74668926E-02     -4.68554582
--------------------------------------------------

Dispersion energy:      -7.1081336226211E-01 Eh

[Info] Dispersion energy written to .EDISP
