-----------------------------------
 s i m p l e   D F T - D 3  v1.2.1
-----------------------------------

Zero (Chai-Head-Gordon) damping: pbe-D3(0)
--------------------
  s6         1.0000
  s8         0.7220
  s9         0.0000
 rs6         1.2170
 rs8         1.0000
 alp        14.0000
--------------------

Atomic radii (in Angstrom):
-------------------------------------------
   Z          R(cov)     R(vdw)      r4/r2
-------------------------------------------
  12 Mg       1.6667     1.7420     2.8909
  52 Te       1.6400     1.9450     3.0782
-------------------------------------------

Atomic reference systems (in atomic units):
----------------------------------------------------------------------------
   Z        #      CN    C6(AA)   #      CN    C6(AA)   #      CN    C6(AA)
----------------------------------------------------------------------------
  12 Mg     1  0.0000  683.3758   2  0.9628  451.2708   3  1.9496  175.5616
  52 Te     1  0.0000  425.5355   2  0.9811  425.1015   3  1.9639  418.5789
----------------------------------------------------------------------------

Dispersion properties (in atomic units):
--------------------------------------------------------
     #    Z                CN       C6(AA)       C8(AA)
--------------------------------------------------------
     1   12 Mg        13.8929     175.5616   15718.3434
     2   12 Mg        13.8931     175.5616   15718.3434
     3   12 Mg        13.9598     175.5616   15718.3434
     4   12 Mg        13.9598     175.5616   15718.3434
     5   12 Mg        13.9565     175.5616   15718.3434
     6   12 Mg        13.8931     175.5616   15718.3434
     7   12 Mg        13.8929     175.5616   15718.3434
     8   12 Mg        13.9255     175.5616   15718.3434
     9   12 Mg        13.9565     175.5616   15718.3434
    10   12 Mg        13.9567     175.5616   15718.3434
    11   12 Mg        13.9449     175.5616   15718.3434
    12   12 Mg        13.9451     175.5616   15718.3434
    13   12 Mg        13.9451     175.5616   15718.3434
    14   12 Mg        13.9451     175.5616   15718.3434
    15   12 Mg        13.9598     175.5616   15718.3434
    16   12 Mg        13.9434     175.5616   15718.3434
    17   12 Mg        13.9434     175.5616   15718.3434
    18   12 Mg        13.8931     175.5616   15718.3434
    19   12 Mg        13.8931     175.5616   15718.3434
    20   12 Mg        13.9434     175.5616   15718.3434
    21   12 Mg        13.9255     175.5616   15718.3434
    22   12 Mg        13.9256     175.5616   15718.3434
    23   12 Mg        13.9449     175.5616   15718.3434
    24   12 Mg        13.9451     175.5616   15718.3434
    25   12 Mg        13.9560     175.5616   15718.3434
    26   12 Mg        13.9784     175.5616   15718.3434
    27   12 Mg        13.9784     175.5616   15718.3434
    28   12 Mg        13.9784     175.5616   15718.3434
    29   12 Mg        13.9783     175.5616   15718.3434
    30   12 Mg        13.9784     175.5616   15718.3434
    31   12 Mg        13.9784     175.5616   15718.3434
    32   12 Mg        13.9515     175.5616   15718.3434
    33   12 Mg        13.9515     175.5616   15718.3434
    34   12 Mg        13.9515     175.5616   15718.3434
    35   12 Mg        13.9186     175.5616   15718.3434
    36   12 Mg        13.9186     175.5616   15718.3434
    37   12 Mg        13.9186     175.5616   15718.3434
    38   12 Mg        13.9186     175.5616   15718.3434
    39   12 Mg        13.9186     175.5616   15718.3434
    40   12 Mg        13.9186     175.5616   15718.3434
    41   12 Mg        13.9366     175.5616   15718.3434
    42   12 Mg        13.9366     175.5616   15718.3434
    43   12 Mg        13.9366     175.5616   15718.3434
    44   12 Mg        13.8965     175.5616   15718.3434
    45   12 Mg        13.8964     175.5616   15718.3434
    46   12 Mg        13.8965     175.5616   15718.3434
    47   12 Mg        13.8853     175.5616   15718.3434
    48   12 Mg        13.8853     175.5616   15718.3434
    49   12 Mg        13.8853     175.5616   15718.3434
    50   12 Mg        13.9345     175.5616   15718.3434
    51   12 Mg        13.9578     175.5616   15718.3434
    52   12 Mg        13.9578     175.5616   15718.3434
    53   12 Mg        13.9578     175.5616   15718.3434
    54   12 Mg        13.9343     175.5616   15718.3434
    55   12 Mg        13.9344     175.5616   15718.3434
    56   12 Mg        13.9344     175.5616   15718.3434
    57   12 Mg        13.9267     175.5616   15718.3434
    58   12 Mg        13.9267     175.5616   15718.3434
    59   12 Mg        13.9267     175.5616   15718.3434
    60   12 Mg        13.9240     175.5616   15718.3434
    61   12 Mg        13.9240     175.5616   15718.3434
    62   12 Mg        13.9239     175.5616   15718.3434
    63   12 Mg        13.9380     175.5616   15718.3434
    64   12 Mg        13.9379     175.5616   15718.3434
    65   12 Mg        13.9380     175.5616   15718.3434
    66   12 Mg        13.9379     175.5616   15718.3434
    67   12 Mg        13.9380     175.5616   15718.3434
    68   12 Mg        13.9380     175.5616   15718.3434
    69   12 Mg        13.9483     175.5616   15718.3434
    70   12 Mg        13.9483     175.5616   15718.3434
    71   12 Mg        13.9483     175.5616   15718.3434
    72   12 Mg        13.9483     175.5616   15718.3434
    73   12 Mg        13.9483     175.5616   15718.3434
    74   12 Mg        13.9483     175.5616   15718.3434
    75   12 Mg        13.9654     175.5616   15718.3434
    76   12 Mg        13.9459     175.5616   15718.3434
    77   12 Mg        13.9459     175.5616   15718.3434
    78   12 Mg        13.9339     175.5616   15718.3434
    79   12 Mg        13.9339     175.5616   15718.3434
    80   12 Mg        13.9187     175.5616   15718.3434
    81   12 Mg        13.9459     175.5616   15718.3434
    82   12 Mg        13.9459     175.5616   15718.3434
    83   12 Mg        13.9358     175.5616   15718.3434
    84   12 Mg        13.9358     175.5616   15718.3434
    85   12 Mg        13.9459     175.5616   15718.3434
    86   12 Mg        13.9459     175.5616   15718.3434
    87   12 Mg        13.9070     175.5616   15718.3434
    88   12 Mg        13.9070     175.5616   15718.3434
    89   12 Mg        13.9345     175.5616   15718.3434
    90   12 Mg        13.9339     175.5616   15718.3434
    91   12 Mg        13.9345     175.5616   15718.3434
    92   12 Mg        13.9345     175.5616   15718.3434
    93   12 Mg        13.9358     175.5616   15718.3434
    94   12 Mg        13.9358     175.5616   15718.3434
    95   12 Mg        13.9070     175.5616   15718.3434
    96   12 Mg        13.9358     175.5616   15718.3434
    97   12 Mg        13.9358     175.5616   15718.3434
    98   12 Mg        13.9654     175.5616   15718.3434
    99   12 Mg        13.9654     175.5616   15718.3434
   100   12 Mg        13.9483     175.5616   15718.3434
   101   12 Mg        13.9483     175.5616   15718.3434
   102   12 Mg        13.9483     175.5616   15718.3434
   103   12 Mg        13.9483     175.5616   15718.3434
   104   12 Mg        13.9483     175.5616   15718.3434
   105   12 Mg        13.9483     175.5616   15718.3434
   106   12 Mg        13.9380     175.5616   15718.3434
   107   12 Mg        13.9379     175.5616   15718.3434
   108   12 Mg        13.9380     175.5616   15718.3434
   109   12 Mg        13.9379     175.5616   15718.3434
   110   12 Mg        13.9380     175.5616   15718.3434
   111   12 Mg        13.9380     175.5616   15718.3434
   112   12 Mg        13.9240     175.5616   15718.3434
   113   12 Mg        13.9240     175.5616   15718.3434
   114   12 Mg        13.9240     175.5616   15718.3434
   115   12 Mg        13.9267     175.5616   15718.3434
   116   12 Mg        13.9267     175.5616   15718.3434
   117   12 Mg        13.9267     175.5616   15718.3434
   118   12 Mg        13.9344     175.5616   15718.3434
   119   12 Mg        13.9344     175.5616   15718.3434
   120   12 Mg        13.9344     175.5616   15718.3434
   121   12 Mg        13.9578     175.5616   15718.3434
   122   12 Mg        13.9578     175.5616   15718.3434
   123   12 Mg        13.9578     175.5616   15718.3434
   124   12 Mg        13.9345     175.5616   15718.3434
   125   12 Mg        13.8853     175.5616   15718.3434
   126   12 Mg        13.8853     175.5616   15718.3434
   127   12 Mg        13.8853     175.5616   15718.3434
   128   12 Mg        13.8965     175.5616   15718.3434
   129   12 Mg        13.8964     175.5616   15718.3434
   130   12 Mg        13.8965     175.5616   15718.3434
   131   12 Mg        13.9366     175.5616   15718.3434
   132   12 Mg        13.9366     175.5616   15718.3434
   133   12 Mg        13.9366     175.5616   15718.3434
   134   12 Mg        13.9186     175.5616   15718.3434
   135   12 Mg        13.9186     175.5616   15718.3434
   136   12 Mg        13.9186     175.5616   15718.3434
   137   12 Mg        13.9186     175.5616   15718.3434
   138   12 Mg        13.9186     175.5616   15718.3434
   139   12 Mg        13.9186     175.5616   15718.3434
   140   12 Mg        13.9515     175.5616   15718.3434
   141   12 Mg        13.9515     175.5616   15718.3434
   142   12 Mg        13.9515     175.5616   15718.3434
   143   12 Mg        13.9783     175.5616   15718.3434
   144   12 Mg        13.9784     175.5616   15718.3434
   145   12 Mg        13.9784     175.5616   15718.3434
   146   12 Mg        13.9783     175.5616   15718.3434
   147   12 Mg        13.9784     175.5616   15718.3434
   148   12 Mg        13.9784     175.5616   15718.3434
   149   12 Mg        13.9560     175.5616   15718.3434
   150   52 Te        13.6848     418.5789   42489.0258
--------------------------------------------------------

Atom-resolved dispersion energies:
--------------------------------------------------
     #    Z           [Hartree]      [kcal/mol]
--------------------------------------------------
     1   12 Mg  -0.16329112E-01    -10.24667274
     2   12 Mg  -0.16329073E-01    -10.24664774
     3   12 Mg  -0.16453936E-01    -10.32500049
     4   12 Mg  -0.16453833E-01    -10.32493599
     5   12 Mg  -0.16400241E-01    -10.29130692
     6   12 Mg  -0.16329091E-01    -10.24665903
     7   12 Mg  -0.16329096E-01    -10.24666231
     8   12 Mg  -0.16483437E-01    -10.34351303
     9   12 Mg  -0.16400249E-01    -10.29131187
    10   12 Mg  -0.16400271E-01    -10.29132560
    11   12 Mg  -0.16417959E-01    -10.30242479
    12   12 Mg  -0.16417951E-01    -10.30241951
    13   12 Mg  -0.16417949E-01    -10.30241852
    14   12 Mg  -0.16417888E-01    -10.30238052
    15   12 Mg  -0.16453928E-01    -10.32499566
    16   12 Mg  -0.16388419E-01    -10.28388803
    17   12 Mg  -0.16388310E-01    -10.28381996
    18   12 Mg  -0.16329087E-01    -10.24665652
    19   12 Mg  -0.16329064E-01    -10.24664261
    20   12 Mg  -0.16388340E-01    -10.28383866
    21   12 Mg  -0.16483420E-01    -10.34350216
    22   12 Mg  -0.16483416E-01    -10.34349944
    23   12 Mg  -0.16417961E-01    -10.30242607
    24   12 Mg  -0.16417896E-01    -10.30238555
    25   12 Mg  -0.16370105E-01    -10.27239569
    26   12 Mg  -0.16379253E-01    -10.27813628
    27   12 Mg  -0.16379307E-01    -10.27817005
    28   12 Mg  -0.16379337E-01    -10.27818936
    29   12 Mg  -0.16379256E-01    -10.27813840
    30   12 Mg  -0.16379340E-01    -10.27819111
    31   12 Mg  -0.16379311E-01    -10.27817302
    32   12 Mg  -0.16370735E-01    -10.27279101
    33   12 Mg  -0.16370736E-01    -10.27279200
    34   12 Mg  -0.16370707E-01    -10.27277348
    35   12 Mg  -0.16481068E-01    -10.34202604
    36   12 Mg  -0.16481016E-01    -10.34199384
    37   12 Mg  -0.16481038E-01    -10.34200762
    38   12 Mg  -0.16481056E-01    -10.34201891
    39   12 Mg  -0.16481016E-01    -10.34199353
    40   12 Mg  -0.16481050E-01    -10.34201523
    41   12 Mg  -0.16391833E-01    -10.28603062
    42   12 Mg  -0.16391803E-01    -10.28601194
    43   12 Mg  -0.16391806E-01    -10.28601337
    44   12 Mg  -0.16431076E-01    -10.31065585
    45   12 Mg  -0.16431041E-01    -10.31063370
    46   12 Mg  -0.16431077E-01    -10.31065662
    47   12 Mg  -0.16325232E-01    -10.24423768
    48   12 Mg  -0.16325267E-01    -10.24425941
    49   12 Mg  -0.16325219E-01    -10.24422973
    50   12 Mg  -0.16487816E-01    -10.34626079
    51   12 Mg  -0.16356400E-01    -10.26379580
    52   12 Mg  -0.16356393E-01    -10.26379153
    53   12 Mg  -0.16356389E-01    -10.26378927
    54   12 Mg  -0.16380940E-01    -10.27919497
    55   12 Mg  -0.16380999E-01    -10.27923179
    56   12 Mg  -0.16380988E-01    -10.27922536
    57   12 Mg  -0.16361267E-01    -10.26684996
    58   12 Mg  -0.16361280E-01    -10.26685802
    59   12 Mg  -0.16361266E-01    -10.26684966
    60   12 Mg  -0.16354452E-01    -10.26257358
    61   12 Mg  -0.16354513E-01    -10.26261170
    62   12 Mg  -0.16354470E-01    -10.26258512
    63   12 Mg  -0.16364881E-01    -10.26911782
    64   12 Mg  -0.16364901E-01    -10.26913019
    65   12 Mg  -0.16364907E-01    -10.26913395
    66   12 Mg  -0.16364899E-01    -10.26912899
    67   12 Mg  -0.16364905E-01    -10.26913293
    68   12 Mg  -0.16364868E-01    -10.26910970
    69   12 Mg  -0.16418238E-01    -10.30259988
    70   12 Mg  -0.16418229E-01    -10.30259409
    71   12 Mg  -0.16418231E-01    -10.30259539
    72   12 Mg  -0.16418235E-01    -10.30259829
    73   12 Mg  -0.16418234E-01    -10.30259753
    74   12 Mg  -0.16418230E-01    -10.30259505
    75   12 Mg  -0.16389510E-01    -10.28457301
    76   12 Mg  -0.16337636E-01    -10.25202112
    77   12 Mg  -0.16337659E-01    -10.25203562
    78   12 Mg  -0.16378684E-01    -10.27777917
    79   12 Mg  -0.16378631E-01    -10.27774615
    80   12 Mg  -0.16348828E-01    -10.25904415
    81   12 Mg  -0.16337626E-01    -10.25201496
    82   12 Mg  -0.16337670E-01    -10.25204299
    83   12 Mg  -0.16357912E-01    -10.26474494
    84   12 Mg  -0.16357941E-01    -10.26476267
    85   12 Mg  -0.16337653E-01    -10.25203187
    86   12 Mg  -0.16337671E-01    -10.25204330
    87   12 Mg  -0.16361585E-01    -10.26704955
    88   12 Mg  -0.16361553E-01    -10.26702937
    89   12 Mg  -0.16338809E-01    -10.25275766
    90   12 Mg  -0.16378677E-01    -10.27777481
    91   12 Mg  -0.16338820E-01    -10.25276461
    92   12 Mg  -0.16338797E-01    -10.25275003
    93   12 Mg  -0.16357934E-01    -10.26475855
    94   12 Mg  -0.16357929E-01    -10.26475567
    95   12 Mg  -0.16361544E-01    -10.26702398
    96   12 Mg  -0.16357905E-01    -10.26474067
    97   12 Mg  -0.16357930E-01    -10.26475594
    98   12 Mg  -0.16389504E-01    -10.28456894
    99   12 Mg  -0.16389527E-01    -10.28458316
   100   12 Mg  -0.16418236E-01    -10.30259870
   101   12 Mg  -0.16418227E-01    -10.30259291
   102   12 Mg  -0.16418229E-01    -10.30259421
   103   12 Mg  -0.16418234E-01    -10.30259710
   104   12 Mg  -0.16418232E-01    -10.30259634
   105   12 Mg  -0.16418228E-01    -10.30259387
   106   12 Mg  -0.16364882E-01    -10.26911878
   107   12 Mg  -0.16364902E-01    -10.26913114
   108   12 Mg  -0.16364908E-01    -10.26913490
   109   12 Mg  -0.16364900E-01    -10.26912994
   110   12 Mg  -0.16364907E-01    -10.26913389
   111   12 Mg  -0.16364870E-01    -10.26911066
   112   12 Mg  -0.16354441E-01    -10.26256655
   113   12 Mg  -0.16354502E-01    -10.26260467
   114   12 Mg  -0.16354459E-01    -10.26257809
   115   12 Mg  -0.16361274E-01    -10.26685458
   116   12 Mg  -0.16361287E-01    -10.26686264
   117   12 Mg  -0.16361274E-01    -10.26685428
   118   12 Mg  -0.16380933E-01    -10.27919069
   119   12 Mg  -0.16380992E-01    -10.27922751
   120   12 Mg  -0.16380981E-01    -10.27922108
   121   12 Mg  -0.16356392E-01    -10.26379083
   122   12 Mg  -0.16356385E-01    -10.26378656
   123   12 Mg  -0.16356381E-01    -10.26378430
   124   12 Mg  -0.16487821E-01    -10.34626413
   125   12 Mg  -0.16325234E-01    -10.24423896
   126   12 Mg  -0.16325269E-01    -10.24426069
   127   12 Mg  -0.16325221E-01    -10.24423102
   128   12 Mg  -0.16431075E-01    -10.31065548
   129   12 Mg  -0.16431040E-01    -10.31063333
   130   12 Mg  -0.16431077E-01    -10.31065625
   131   12 Mg  -0.16391832E-01    -10.28602966
   132   12 Mg  -0.16391802E-01    -10.28601099
   133   12 Mg  -0.16391804E-01    -10.28601242
   134   12 Mg  -0.16481069E-01    -10.34202714
   135   12 Mg  -0.16481018E-01    -10.34199494
   136   12 Mg  -0.16481040E-01    -10.34200872
   137   12 Mg  -0.16481058E-01    -10.34202001
   138   12 Mg  -0.16481018E-01    -10.34199463
   139   12 Mg  -0.16481052E-01    -10.34201633
   140   12 Mg  -0.16370742E-01    -10.27279556
   141   12 Mg  -0.16370743E-01    -10.27279654
   142   12 Mg  -0.16370714E-01    -10.27277803
   143   12 Mg  -0.16379247E-01    -10.27813282
   144   12 Mg  -0.16379301E-01    -10.27816659
   145   12 Mg  -0.16379332E-01    -10.27818590
   146   12 Mg  -0.16379251E-01    -10.27813494
   147   12 Mg  -0.16379335E-01    -10.27818765
   148   12 Mg  -0.16379306E-01    -10.27816956
   149   12 Mg  -0.16370096E-01    -10.27239005
   150   52 Te  -0.24872953E-01    -15.60801351
--------------------------------------------------

Dispersion energy:      -2.4667299801280E+00 Eh

[Info] Dispersion energy written to .EDISP
