-----------------------------------
 s i m p l e   D F T - D 3  v1.2.1
-----------------------------------

Zero (Chai-Head-Gordon) damping: pbe-D3(0)
--------------------
  s6         1.0000
  s8         0.7220
  s9         0.0000
 rs6         1.2170
 rs8         1.0000
 alp        14.0000
--------------------

Atomic radii (in Angstrom):
-------------------------------------------
   Z          R(cov)     R(vdw)      r4/r2
-------------------------------------------
  12 Mg       1.6667     1.7420     2.8909
  52 Te       1.6400     1.9450     3.0782
-------------------------------------------

Atomic reference systems (in atomic units):
----------------------------------------------------------------------------
   Z        #      CN    C6(AA)   #      CN    C6(AA)   #      CN    C6(AA)
----------------------------------------------------------------------------
  12 Mg     1  0.0000  683.3758   2  0.9628  451.2708   3  1.9496  175.5616
  52 Te     1  0.0000  425.5355   2  0.9811  425.1015   3  1.9639  418.5789
----------------------------------------------------------------------------

Dispersion properties (in atomic units):
--------------------------------------------------------
     #    Z                CN       C6(AA)       C8(AA)
--------------------------------------------------------
     1   12 Mg         0.0979     670.6722   60046.4807
     2   12 Mg         0.0979     670.6721   60046.4718
     3   12 Mg         0.1035     670.1460   59999.3655
     4   12 Mg         0.1035     670.1465   59999.4109
     5   12 Mg         0.1032     670.1704   60001.5553
     6   12 Mg         0.0979     670.6721   60046.4738
     7   12 Mg         0.0979     670.6723   60046.4868
     8   12 Mg         0.1019     670.2987   60013.0414
     9   12 Mg         0.1032     670.1705   60001.5631
    10   12 Mg         0.1032     670.1708   60001.5910
    11   12 Mg         0.1036     670.1362   59998.4932
    12   12 Mg         0.1036     670.1357   59998.4470
    13   12 Mg         0.1036     670.1356   59998.4397
    14   12 Mg         0.1036     670.1362   59998.4905
    15   12 Mg         0.1035     670.1460   59999.3695
    16   12 Mg         0.1025     670.2438   60008.1238
    17   12 Mg         0.1025     670.2438   60008.1202
    18   12 Mg         0.0979     670.6722   60046.4783
    19   12 Mg         0.0979     670.6723   60046.4856
    20   12 Mg         0.1025     670.2438   60008.1240
    21   12 Mg         0.1019     670.2987   60013.0431
    22   12 Mg         0.1019     670.2987   60013.0424
    23   12 Mg         0.1036     670.1363   59998.4945
    24   12 Mg         0.1036     670.1362   59998.4921
    25   12 Mg         0.1025     670.2451   60008.2407
    26   12 Mg         0.1014     670.3424   60016.9544
    27   12 Mg         0.1014     670.3422   60016.9298
    28   12 Mg         0.1015     670.3420   60016.9136
    29   12 Mg         0.1014     670.3424   60016.9507
    30   12 Mg         0.1015     670.3419   60016.9081
    31   12 Mg         0.1014     670.3422   60016.9318
    32   12 Mg         0.1014     670.3508   60017.7052
    33   12 Mg         0.1014     670.3508   60017.7014
    34   12 Mg         0.1014     670.3508   60017.6996
    35   12 Mg         0.1019     670.3011   60013.2545
    36   12 Mg         0.1019     670.3016   60013.2967
    37   12 Mg         0.1019     670.3013   60013.2730
    38   12 Mg         0.1019     670.3011   60013.2550
    39   12 Mg         0.1019     670.3016   60013.2945
    40   12 Mg         0.1019     670.3013   60013.2741
    41   12 Mg         0.1015     670.3346   60016.2551
    42   12 Mg         0.1015     670.3352   60016.3071
    43   12 Mg         0.1015     670.3352   60016.3108
    44   12 Mg         0.1014     670.3431   60017.0143
    45   12 Mg         0.1014     670.3439   60017.0842
    46   12 Mg         0.1014     670.3432   60017.0217
    47   12 Mg         0.0982     670.6488   60044.3836
    48   12 Mg         0.0982     670.6488   60044.3833
    49   12 Mg         0.0982     670.6489   60044.3899
    50   12 Mg         0.1036     670.1384   59998.6882
    51   12 Mg         0.1008     670.4050   60022.5579
    52   12 Mg         0.1008     670.4050   60022.5524
    53   12 Mg         0.1008     670.4050   60022.5595
    54   12 Mg         0.1012     670.3616   60018.6721
    55   12 Mg         0.1012     670.3614   60018.6486
    56   12 Mg         0.1012     670.3614   60018.6524
    57   12 Mg         0.1010     670.3855   60020.8093
    58   12 Mg         0.1010     670.3857   60020.8282
    59   12 Mg         0.1010     670.3855   60020.8133
    60   12 Mg         0.1009     670.3937   60021.5422
    61   12 Mg         0.1009     670.3937   60021.5458
    62   12 Mg         0.1009     670.3936   60021.5350
    63   12 Mg         0.1006     670.4194   60023.8479
    64   12 Mg         0.1006     670.4195   60023.8503
    65   12 Mg         0.1006     670.4193   60023.8327
    66   12 Mg         0.1006     670.4195   60023.8523
    67   12 Mg         0.1006     670.4193   60023.8345
    68   12 Mg         0.1006     670.4194   60023.8480
    69   12 Mg         0.1025     670.2410   60007.8687
    70   12 Mg         0.1025     670.2409   60007.8645
    71   12 Mg         0.1025     670.2409   60007.8665
    72   12 Mg         0.1025     670.2411   60007.8789
    73   12 Mg         0.1025     670.2410   60007.8764
    74   12 Mg         0.1025     670.2410   60007.8687
    75   12 Mg         0.1021     670.2809   60011.4413
    76   12 Mg         0.1004     670.4388   60025.5851
    77   12 Mg         0.1004     670.4389   60025.5871
    78   12 Mg         0.1023     670.2605   60009.6225
    79   12 Mg         0.1023     670.2606   60009.6287
    80   12 Mg         0.1007     670.4147   60023.4256
    81   12 Mg         0.1004     670.4388   60025.5853
    82   12 Mg         0.1004     670.4389   60025.5871
    83   12 Mg         0.1016     670.3272   60015.5936
    84   12 Mg         0.1016     670.3272   60015.5861
    85   12 Mg         0.1004     670.4388   60025.5852
    86   12 Mg         0.1004     670.4388   60025.5852
    87   12 Mg         0.1009     670.3935   60021.5282
    88   12 Mg         0.1009     670.3934   60021.5172
    89   12 Mg         0.1004     670.4433   60025.9878
    90   12 Mg         0.1023     670.2606   60009.6302
    91   12 Mg         0.1004     670.4434   60025.9916
    92   12 Mg         0.1004     670.4432   60025.9803
    93   12 Mg         0.1016     670.3272   60015.5914
    94   12 Mg         0.1016     670.3272   60015.5897
    95   12 Mg         0.1009     670.3934   60021.5189
    96   12 Mg         0.1016     670.3271   60015.5804
    97   12 Mg         0.1016     670.3271   60015.5820
    98   12 Mg         0.1021     670.2808   60011.4375
    99   12 Mg         0.1021     670.2809   60011.4413
   100   12 Mg         0.1025     670.2409   60007.8658
   101   12 Mg         0.1025     670.2409   60007.8617
   102   12 Mg         0.1025     670.2409   60007.8636
   103   12 Mg         0.1025     670.2410   60007.8760
   104   12 Mg         0.1025     670.2410   60007.8736
   105   12 Mg         0.1025     670.2409   60007.8658
   106   12 Mg         0.1006     670.4194   60023.8480
   107   12 Mg         0.1006     670.4195   60023.8503
   108   12 Mg         0.1006     670.4193   60023.8327
   109   12 Mg         0.1006     670.4195   60023.8523
   110   12 Mg         0.1006     670.4193   60023.8345
   111   12 Mg         0.1006     670.4194   60023.8480
   112   12 Mg         0.1009     670.3937   60021.5423
   113   12 Mg         0.1009     670.3937   60021.5460
   114   12 Mg         0.1009     670.3936   60021.5351
   115   12 Mg         0.1010     670.3856   60020.8154
   116   12 Mg         0.1010     670.3858   60020.8342
   117   12 Mg         0.1010     670.3856   60020.8193
   118   12 Mg         0.1012     670.3617   60018.6780
   119   12 Mg         0.1012     670.3614   60018.6546
   120   12 Mg         0.1012     670.3615   60018.6584
   121   12 Mg         0.1008     670.4050   60022.5519
   122   12 Mg         0.1008     670.4049   60022.5463
   123   12 Mg         0.1008     670.4050   60022.5535
   124   12 Mg         0.1036     670.1384   59998.6881
   125   12 Mg         0.0982     670.6488   60044.3835
   126   12 Mg         0.0982     670.6488   60044.3832
   127   12 Mg         0.0982     670.6489   60044.3898
   128   12 Mg         0.1014     670.3431   60017.0143
   129   12 Mg         0.1014     670.3439   60017.0842
   130   12 Mg         0.1014     670.3432   60017.0217
   131   12 Mg         0.1015     670.3347   60016.2582
   132   12 Mg         0.1015     670.3352   60016.3102
   133   12 Mg         0.1015     670.3353   60016.3139
   134   12 Mg         0.1019     670.3011   60013.2550
   135   12 Mg         0.1019     670.3016   60013.2973
   136   12 Mg         0.1019     670.3013   60013.2736
   137   12 Mg         0.1019     670.3011   60013.2556
   138   12 Mg         0.1019     670.3016   60013.2951
   139   12 Mg         0.1019     670.3013   60013.2746
   140   12 Mg         0.1014     670.3509   60017.7113
   141   12 Mg         0.1014     670.3508   60017.7075
   142   12 Mg         0.1014     670.3508   60017.7057
   143   12 Mg         0.1014     670.3424   60016.9542
   144   12 Mg         0.1014     670.3422   60016.9296
   145   12 Mg         0.1015     670.3420   60016.9134
   146   12 Mg         0.1014     670.3424   60016.9505
   147   12 Mg         0.1015     670.3419   60016.9079
   148   12 Mg         0.1014     670.3422   60016.9316
   149   12 Mg         0.1025     670.2451   60008.2407
   150   52 Te         0.0788     425.5188   43193.4766
--------------------------------------------------------

Atom-resolved dispersion energies:
--------------------------------------------------
     #    Z           [Hartree]      [kcal/mol]
--------------------------------------------------
     1   12 Mg  -0.10803969E-01     -6.77959266
     2   12 Mg  -0.10804046E-01     -6.77964108
     3   12 Mg  -0.11202987E-01     -7.02998045
     4   12 Mg  -0.11202794E-01     -7.02985964
     5   12 Mg  -0.11209348E-01     -7.03397180
     6   12 Mg  -0.10804043E-01     -6.77963954
     7   12 Mg  -0.10803954E-01     -6.77958357
     8   12 Mg  -0.11146576E-01     -6.99458212
     9   12 Mg  -0.11209319E-01     -7.03395356
    10   12 Mg  -0.11209255E-01     -7.03391395
    11   12 Mg  -0.11209369E-01     -7.03398500
    12   12 Mg  -0.11209586E-01     -7.03412149
    13   12 Mg  -0.11209612E-01     -7.03413773
    14   12 Mg  -0.11209409E-01     -7.03401036
    15   12 Mg  -0.11202971E-01     -7.02997028
    16   12 Mg  -0.11179060E-01     -7.01496597
    17   12 Mg  -0.11179065E-01     -7.01496894
    18   12 Mg  -0.10804021E-01     -6.77962584
    19   12 Mg  -0.10803998E-01     -6.77961101
    20   12 Mg  -0.11179046E-01     -7.01495705
    21   12 Mg  -0.11146571E-01     -6.99457867
    22   12 Mg  -0.11146574E-01     -6.99458051
    23   12 Mg  -0.11209362E-01     -7.03398070
    24   12 Mg  -0.11209403E-01     -7.03400628
    25   12 Mg  -0.11181750E-01     -7.01665417
    26   12 Mg  -0.11151161E-01     -6.99745897
    27   12 Mg  -0.11151263E-01     -6.99752301
    28   12 Mg  -0.11151341E-01     -6.99757207
    29   12 Mg  -0.11151172E-01     -6.99746590
    30   12 Mg  -0.11151357E-01     -6.99758224
    31   12 Mg  -0.11151251E-01     -6.99751580
    32   12 Mg  -0.11142722E-01     -6.99216360
    33   12 Mg  -0.11142735E-01     -6.99217202
    34   12 Mg  -0.11142741E-01     -6.99217533
    35   12 Mg  -0.11143019E-01     -6.99234990
    36   12 Mg  -0.11142845E-01     -6.99224050
    37   12 Mg  -0.11142945E-01     -6.99230358
    38   12 Mg  -0.11143020E-01     -6.99235038
    39   12 Mg  -0.11142852E-01     -6.99224504
    40   12 Mg  -0.11142940E-01     -6.99230017
    41   12 Mg  -0.11146186E-01     -6.99433751
    42   12 Mg  -0.11145968E-01     -6.99420063
    43   12 Mg  -0.11145955E-01     -6.99419243
    44   12 Mg  -0.11106441E-01     -6.96939674
    45   12 Mg  -0.11106155E-01     -6.96921717
    46   12 Mg  -0.11106409E-01     -6.96937676
    47   12 Mg  -0.10820205E-01     -6.78978099
    48   12 Mg  -0.10820210E-01     -6.78978439
    49   12 Mg  -0.10820179E-01     -6.78976484
    50   12 Mg  -0.11195219E-01     -7.02510593
    51   12 Mg  -0.11123090E-01     -6.97984408
    52   12 Mg  -0.11123116E-01     -6.97986041
    53   12 Mg  -0.11123088E-01     -6.97984282
    54   12 Mg  -0.11134603E-01     -6.98706873
    55   12 Mg  -0.11134707E-01     -6.98713392
    56   12 Mg  -0.11134690E-01     -6.98712334
    57   12 Mg  -0.11124442E-01     -6.98069252
    58   12 Mg  -0.11124388E-01     -6.98065885
    59   12 Mg  -0.11124427E-01     -6.98068326
    60   12 Mg  -0.11120441E-01     -6.97818238
    61   12 Mg  -0.11120428E-01     -6.97817364
    62   12 Mg  -0.11120466E-01     -6.97819753
    63   12 Mg  -0.11115017E-01     -6.97477826
    64   12 Mg  -0.11114993E-01     -6.97476319
    65   12 Mg  -0.11115081E-01     -6.97481868
    66   12 Mg  -0.11114982E-01     -6.97475671
    67   12 Mg  -0.11115073E-01     -6.97481390
    68   12 Mg  -0.11115015E-01     -6.97477710
    69   12 Mg  -0.11174371E-01     -7.01202354
    70   12 Mg  -0.11174408E-01     -7.01204680
    71   12 Mg  -0.11174402E-01     -7.01204309
    72   12 Mg  -0.11174336E-01     -7.01200171
    73   12 Mg  -0.11174363E-01     -7.01201849
    74   12 Mg  -0.11174391E-01     -7.01203648
    75   12 Mg  -0.11171422E-01     -7.01017301
    76   12 Mg  -0.11108991E-01     -6.97099698
    77   12 Mg  -0.11108989E-01     -6.97099572
    78   12 Mg  -0.11170336E-01     -7.00949148
    79   12 Mg  -0.11170306E-01     -7.00947304
    80   12 Mg  -0.11111877E-01     -6.97280817
    81   12 Mg  -0.11108989E-01     -6.97099570
    82   12 Mg  -0.11108989E-01     -6.97099600
    83   12 Mg  -0.11146655E-01     -6.99463146
    84   12 Mg  -0.11146687E-01     -6.99465190
    85   12 Mg  -0.11108991E-01     -6.97099732
    86   12 Mg  -0.11108993E-01     -6.97099810
    87   12 Mg  -0.11117385E-01     -6.97626472
    88   12 Mg  -0.11117424E-01     -6.97628918
    89   12 Mg  -0.11104738E-01     -6.96832830
    90   12 Mg  -0.11170304E-01     -7.00947139
    91   12 Mg  -0.11104724E-01     -6.96831973
    92   12 Mg  -0.11104772E-01     -6.96834939
    93   12 Mg  -0.11146669E-01     -6.99464010
    94   12 Mg  -0.11146676E-01     -6.99464457
    95   12 Mg  -0.11117424E-01     -6.97628882
    96   12 Mg  -0.11146707E-01     -6.99466433
    97   12 Mg  -0.11146706E-01     -6.99466381
    98   12 Mg  -0.11171436E-01     -7.01018210
    99   12 Mg  -0.11171423E-01     -7.01017382
   100   12 Mg  -0.11174383E-01     -7.01203099
   101   12 Mg  -0.11174420E-01     -7.01205425
   102   12 Mg  -0.11174414E-01     -7.01205054
   103   12 Mg  -0.11174348E-01     -7.01200916
   104   12 Mg  -0.11174375E-01     -7.01202594
   105   12 Mg  -0.11174403E-01     -7.01204393
   106   12 Mg  -0.11115015E-01     -6.97477743
   107   12 Mg  -0.11114991E-01     -6.97476236
   108   12 Mg  -0.11115080E-01     -6.97481785
   109   12 Mg  -0.11114981E-01     -6.97475588
   110   12 Mg  -0.11115072E-01     -6.97481307
   111   12 Mg  -0.11115013E-01     -6.97477627
   112   12 Mg  -0.11120443E-01     -6.97818324
   113   12 Mg  -0.11120429E-01     -6.97817451
   114   12 Mg  -0.11120467E-01     -6.97819839
   115   12 Mg  -0.11124415E-01     -6.98067569
   116   12 Mg  -0.11124361E-01     -6.98064203
   117   12 Mg  -0.11124400E-01     -6.98066643
   118   12 Mg  -0.11134581E-01     -6.98705499
   119   12 Mg  -0.11134685E-01     -6.98712018
   120   12 Mg  -0.11134668E-01     -6.98710961
   121   12 Mg  -0.11123113E-01     -6.97985871
   122   12 Mg  -0.11123139E-01     -6.97987504
   123   12 Mg  -0.11123111E-01     -6.97985745
   124   12 Mg  -0.11195220E-01     -7.02510668
   125   12 Mg  -0.10820206E-01     -6.78978148
   126   12 Mg  -0.10820211E-01     -6.78978488
   127   12 Mg  -0.10820180E-01     -6.78976534
   128   12 Mg  -0.11106441E-01     -6.96939671
   129   12 Mg  -0.11106154E-01     -6.96921714
   130   12 Mg  -0.11106409E-01     -6.96937674
   131   12 Mg  -0.11146174E-01     -6.99432964
   132   12 Mg  -0.11145956E-01     -6.99419275
   133   12 Mg  -0.11145943E-01     -6.99418456
   134   12 Mg  -0.11143018E-01     -6.99234920
   135   12 Mg  -0.11142843E-01     -6.99223980
   136   12 Mg  -0.11142944E-01     -6.99230288
   137   12 Mg  -0.11143019E-01     -6.99234968
   138   12 Mg  -0.11142851E-01     -6.99224434
   139   12 Mg  -0.11142938E-01     -6.99229947
   140   12 Mg  -0.11142697E-01     -6.99214780
   141   12 Mg  -0.11142710E-01     -6.99215622
   142   12 Mg  -0.11142715E-01     -6.99215953
   143   12 Mg  -0.11151160E-01     -6.99745845
   144   12 Mg  -0.11151262E-01     -6.99752249
   145   12 Mg  -0.11151340E-01     -6.99757155
   146   12 Mg  -0.11151171E-01     -6.99746538
   147   12 Mg  -0.11151356E-01     -6.99758173
   148   12 Mg  -0.11151250E-01     -6.99751528
   149   12 Mg  -0.11181749E-01     -7.01665347
   150   52 Te  -0.77259557E-02     -4.84811039
--------------------------------------------------

Dispersion energy:      -1.6644224789519E+00 Eh

[Info] Dispersion energy written to .EDISP
