-----------------------------------
 s i m p l e   D F T - D 3  v1.2.1
-----------------------------------

Zero (Chai-Head-Gordon) damping: pbe-D3(0)
--------------------
  s6         1.0000
  s8         0.7220
  s9         0.0000
 rs6         1.2170
 rs8         1.0000
 alp        14.0000
--------------------

Atomic radii (in Angstrom):
-------------------------------------------
   Z          R(cov)     R(vdw)      r4/r2
-------------------------------------------
  12 Mg       1.6667     1.7420     2.8909
  52 Te       1.6400     1.9450     3.0782
-------------------------------------------

Atomic reference systems (in atomic units):
----------------------------------------------------------------------------
   Z        #      CN    C6(AA)   #      CN    C6(AA)   #      CN    C6(AA)
----------------------------------------------------------------------------
  12 Mg     1  0.0000  683.3758   2  0.9628  451.2708   3  1.9496  175.5616
  52 Te     1  0.0000  425.5355   2  0.9811  425.1015   3  1.9639  418.5789
----------------------------------------------------------------------------

Dispersion properties (in atomic units):
--------------------------------------------------------
     #    Z                CN       C6(AA)       C8(AA)
--------------------------------------------------------
     1   12 Mg         0.0023     677.1175   60623.5374
     2   12 Mg         0.0023     677.1175   60623.5373
     3   12 Mg         0.0024     677.1136   60623.1930
     4   12 Mg         0.0024     677.1136   60623.1933
     5   12 Mg         0.0024     677.1137   60623.1993
     6   12 Mg         0.0023     677.1175   60623.5373
     7   12 Mg         0.0023     677.1175   60623.5374
     8   12 Mg         0.0024     677.1147   60623.2832
     9   12 Mg         0.0024     677.1137   60623.1993
    10   12 Mg         0.0024     677.1137   60623.1995
    11   12 Mg         0.0024     677.1136   60623.1862
    12   12 Mg         0.0024     677.1136   60623.1859
    13   12 Mg         0.0024     677.1136   60623.1858
    14   12 Mg         0.0024     677.1136   60623.1862
    15   12 Mg         0.0024     677.1136   60623.1930
    16   12 Mg         0.0024     677.1142   60623.2455
    17   12 Mg         0.0024     677.1142   60623.2454
    18   12 Mg         0.0023     677.1175   60623.5374
    19   12 Mg         0.0023     677.1175   60623.5374
    20   12 Mg         0.0024     677.1142   60623.2455
    21   12 Mg         0.0024     677.1147   60623.2832
    22   12 Mg         0.0024     677.1147   60623.2832
    23   12 Mg         0.0024     677.1136   60623.1862
    24   12 Mg         0.0024     677.1136   60623.1862
    25   12 Mg         0.0024     677.1142   60623.2465
    26   12 Mg         0.0023     677.1149   60623.3014
    27   12 Mg         0.0023     677.1149   60623.3013
    28   12 Mg         0.0023     677.1149   60623.3012
    29   12 Mg         0.0023     677.1149   60623.3014
    30   12 Mg         0.0023     677.1149   60623.3011
    31   12 Mg         0.0023     677.1149   60623.3013
    32   12 Mg         0.0023     677.1149   60623.3092
    33   12 Mg         0.0023     677.1149   60623.3092
    34   12 Mg         0.0023     677.1149   60623.3092
    35   12 Mg         0.0023     677.1147   60623.2862
    36   12 Mg         0.0023     677.1147   60623.2865
    37   12 Mg         0.0023     677.1147   60623.2864
    38   12 Mg         0.0023     677.1147   60623.2862
    39   12 Mg         0.0023     677.1147   60623.2865
    40   12 Mg         0.0023     677.1147   60623.2864
    41   12 Mg         0.0023     677.1148   60623.3000
    42   12 Mg         0.0023     677.1148   60623.3003
    43   12 Mg         0.0023     677.1148   60623.3003
    44   12 Mg         0.0023     677.1150   60623.3141
    45   12 Mg         0.0023     677.1150   60623.3146
    46   12 Mg         0.0023     677.1150   60623.3142
    47   12 Mg         0.0023     677.1173   60623.5172
    48   12 Mg         0.0023     677.1173   60623.5171
    49   12 Mg         0.0023     677.1173   60623.5172
    50   12 Mg         0.0024     677.1136   60623.1918
    51   12 Mg         0.0023     677.1153   60623.3425
    52   12 Mg         0.0023     677.1153   60623.3425
    53   12 Mg         0.0023     677.1153   60623.3425
    54   12 Mg         0.0023     677.1150   60623.3178
    55   12 Mg         0.0023     677.1150   60623.3177
    56   12 Mg         0.0023     677.1150   60623.3177
    57   12 Mg         0.0023     677.1152   60623.3341
    58   12 Mg         0.0023     677.1152   60623.3342
    59   12 Mg         0.0023     677.1152   60623.3341
    60   12 Mg         0.0023     677.1153   60623.3397
    61   12 Mg         0.0023     677.1153   60623.3397
    62   12 Mg         0.0023     677.1153   60623.3396
    63   12 Mg         0.0023     677.1154   60623.3526
    64   12 Mg         0.0023     677.1154   60623.3526
    65   12 Mg         0.0023     677.1154   60623.3525
    66   12 Mg         0.0023     677.1154   60623.3526
    67   12 Mg         0.0023     677.1154   60623.3525
    68   12 Mg         0.0023     677.1154   60623.3526
    69   12 Mg         0.0024     677.1142   60623.2469
    70   12 Mg         0.0024     677.1142   60623.2469
    71   12 Mg         0.0024     677.1142   60623.2469
    72   12 Mg         0.0024     677.1142   60623.2470
    73   12 Mg         0.0024     677.1142   60623.2470
    74   12 Mg         0.0024     677.1142   60623.2469
    75   12 Mg         0.0024     677.1144   60623.2643
    76   12 Mg         0.0023     677.1156   60623.3647
    77   12 Mg         0.0023     677.1156   60623.3647
    78   12 Mg         0.0024     677.1144   60623.2572
    79   12 Mg         0.0024     677.1144   60623.2573
    80   12 Mg         0.0023     677.1154   60623.3533
    81   12 Mg         0.0023     677.1156   60623.3647
    82   12 Mg         0.0023     677.1156   60623.3647
    83   12 Mg         0.0023     677.1148   60623.2978
    84   12 Mg         0.0023     677.1148   60623.2978
    85   12 Mg         0.0023     677.1156   60623.3647
    86   12 Mg         0.0023     677.1156   60623.3647
    87   12 Mg         0.0023     677.1153   60623.3410
    88   12 Mg         0.0023     677.1153   60623.3410
    89   12 Mg         0.0023     677.1156   60623.3686
    90   12 Mg         0.0024     677.1144   60623.2573
    91   12 Mg         0.0023     677.1156   60623.3686
    92   12 Mg         0.0023     677.1156   60623.3685
    93   12 Mg         0.0023     677.1148   60623.2978
    94   12 Mg         0.0023     677.1148   60623.2978
    95   12 Mg         0.0023     677.1153   60623.3410
    96   12 Mg         0.0023     677.1148   60623.2978
    97   12 Mg         0.0023     677.1148   60623.2978
    98   12 Mg         0.0024     677.1144   60623.2643
    99   12 Mg         0.0024     677.1144   60623.2643
   100   12 Mg         0.0024     677.1142   60623.2469
   101   12 Mg         0.0024     677.1142   60623.2469
   102   12 Mg         0.0024     677.1142   60623.2469
   103   12 Mg         0.0024     677.1142   60623.2470
   104   12 Mg         0.0024     677.1142   60623.2469
   105   12 Mg         0.0024     677.1142   60623.2469
   106   12 Mg         0.0023     677.1154   60623.3526
   107   12 Mg         0.0023     677.1154   60623.3526
   108   12 Mg         0.0023     677.1154   60623.3525
   109   12 Mg         0.0023     677.1154   60623.3526
   110   12 Mg         0.0023     677.1154   60623.3525
   111   12 Mg         0.0023     677.1154   60623.3526
   112   12 Mg         0.0023     677.1153   60623.3397
   113   12 Mg         0.0023     677.1153   60623.3397
   114   12 Mg         0.0023     677.1153   60623.3396
   115   12 Mg         0.0023     677.1152   60623.3341
   116   12 Mg         0.0023     677.1152   60623.3342
   117   12 Mg         0.0023     677.1152   60623.3341
   118   12 Mg         0.0023     677.1150   60623.3179
   119   12 Mg         0.0023     677.1150   60623.3177
   120   12 Mg         0.0023     677.1150   60623.3177
   121   12 Mg         0.0023     677.1153   60623.3425
   122   12 Mg         0.0023     677.1153   60623.3424
   123   12 Mg         0.0023     677.1153   60623.3425
   124   12 Mg         0.0024     677.1136   60623.1918
   125   12 Mg         0.0023     677.1173   60623.5171
   126   12 Mg         0.0023     677.1173   60623.5171
   127   12 Mg         0.0023     677.1173   60623.5172
   128   12 Mg         0.0023     677.1150   60623.3141
   129   12 Mg         0.0023     677.1150   60623.3146
   130   12 Mg         0.0023     677.1150   60623.3142
   131   12 Mg         0.0023     677.1148   60623.3000
   132   12 Mg         0.0023     677.1148   60623.3003
   133   12 Mg         0.0023     677.1148   60623.3004
   134   12 Mg         0.0023     677.1147   60623.2862
   135   12 Mg         0.0023     677.1147   60623.2865
   136   12 Mg         0.0023     677.1147   60623.2864
   137   12 Mg         0.0023     677.1147   60623.2863
   138   12 Mg         0.0023     677.1147   60623.2865
   139   12 Mg         0.0023     677.1147   60623.2864
   140   12 Mg         0.0023     677.1149   60623.3093
   141   12 Mg         0.0023     677.1149   60623.3092
   142   12 Mg         0.0023     677.1149   60623.3092
   143   12 Mg         0.0023     677.1149   60623.3014
   144   12 Mg         0.0023     677.1149   60623.3013
   145   12 Mg         0.0023     677.1149   60623.3012
   146   12 Mg         0.0023     677.1149   60623.3014
   147   12 Mg         0.0023     677.1149   60623.3011
   148   12 Mg         0.0023     677.1149   60623.3013
   149   12 Mg         0.0024     677.1142   60623.2465
   150   52 Te         0.0020     425.5262   43194.2290
--------------------------------------------------------

Atom-resolved dispersion energies:
--------------------------------------------------
     #    Z           [Hartree]      [kcal/mol]
--------------------------------------------------
     1   12 Mg  -0.87531732E-03     -0.54926991
     2   12 Mg  -0.87532465E-03     -0.54927451
     3   12 Mg  -0.91693381E-03     -0.57538465
     4   12 Mg  -0.91690811E-03     -0.57536853
     5   12 Mg  -0.91685821E-03     -0.57533721
     6   12 Mg  -0.87532389E-03     -0.54927404
     7   12 Mg  -0.87531444E-03     -0.54926811
     8   12 Mg  -0.90942359E-03     -0.57067192
     9   12 Mg  -0.91685405E-03     -0.57533460
    10   12 Mg  -0.91684153E-03     -0.57532675
    11   12 Mg  -0.91769105E-03     -0.57585983
    12   12 Mg  -0.91771830E-03     -0.57587693
    13   12 Mg  -0.91772216E-03     -0.57587935
    14   12 Mg  -0.91769415E-03     -0.57586177
    15   12 Mg  -0.91693159E-03     -0.57538326
    16   12 Mg  -0.91297733E-03     -0.57290193
    17   12 Mg  -0.91297865E-03     -0.57290275
    18   12 Mg  -0.87532110E-03     -0.54927228
    19   12 Mg  -0.87531731E-03     -0.54926991
    20   12 Mg  -0.91297635E-03     -0.57290131
    21   12 Mg  -0.90942270E-03     -0.57067136
    22   12 Mg  -0.90942303E-03     -0.57067157
    23   12 Mg  -0.91769020E-03     -0.57585930
    24   12 Mg  -0.91769325E-03     -0.57586121
    25   12 Mg  -0.91309370E-03     -0.57297494
    26   12 Mg  -0.90847530E-03     -0.57007686
    27   12 Mg  -0.90848917E-03     -0.57008556
    28   12 Mg  -0.90849910E-03     -0.57009179
    29   12 Mg  -0.90847715E-03     -0.57007802
    30   12 Mg  -0.90850183E-03     -0.57009350
    31   12 Mg  -0.90848787E-03     -0.57008474
    32   12 Mg  -0.90778082E-03     -0.56964107
    33   12 Mg  -0.90778282E-03     -0.56964232
    34   12 Mg  -0.90778370E-03     -0.56964287
    35   12 Mg  -0.90910948E-03     -0.57047481
    36   12 Mg  -0.90908571E-03     -0.57045989
    37   12 Mg  -0.90909922E-03     -0.57046837
    38   12 Mg  -0.90910939E-03     -0.57047475
    39   12 Mg  -0.90908681E-03     -0.57046059
    40   12 Mg  -0.90909853E-03     -0.57046794
    41   12 Mg  -0.90847507E-03     -0.57007672
    42   12 Mg  -0.90844544E-03     -0.57005812
    43   12 Mg  -0.90844348E-03     -0.57005689
    44   12 Mg  -0.90564282E-03     -0.56829945
    45   12 Mg  -0.90560348E-03     -0.56827476
    46   12 Mg  -0.90563854E-03     -0.56829677
    47   12 Mg  -0.87701369E-03     -0.55033440
    48   12 Mg  -0.87701412E-03     -0.55033467
    49   12 Mg  -0.87701004E-03     -0.55033211
    50   12 Mg  -0.91665014E-03     -0.57520664
    51   12 Mg  -0.90502222E-03     -0.56791002
    52   12 Mg  -0.90502554E-03     -0.56791210
    53   12 Mg  -0.90502157E-03     -0.56790961
    54   12 Mg  -0.90697960E-03     -0.56913829
    55   12 Mg  -0.90699331E-03     -0.56914690
    56   12 Mg  -0.90699108E-03     -0.56914550
    57   12 Mg  -0.90570042E-03     -0.56833559
    58   12 Mg  -0.90569118E-03     -0.56832979
    59   12 Mg  -0.90569830E-03     -0.56833426
    60   12 Mg  -0.90522713E-03     -0.56803860
    61   12 Mg  -0.90522518E-03     -0.56803738
    62   12 Mg  -0.90523090E-03     -0.56804097
    63   12 Mg  -0.90416691E-03     -0.56737330
    64   12 Mg  -0.90416479E-03     -0.56737197
    65   12 Mg  -0.90417569E-03     -0.56737881
    66   12 Mg  -0.90416353E-03     -0.56737118
    67   12 Mg  -0.90417464E-03     -0.56737815
    68   12 Mg  -0.90416678E-03     -0.56737322
    69   12 Mg  -0.91268433E-03     -0.57271806
    70   12 Mg  -0.91268781E-03     -0.57272025
    71   12 Mg  -0.91268687E-03     -0.57271966
    72   12 Mg  -0.91267908E-03     -0.57271477
    73   12 Mg  -0.91268140E-03     -0.57271623
    74   12 Mg  -0.91268555E-03     -0.57271883
    75   12 Mg  -0.91145886E-03     -0.57194907
    76   12 Mg  -0.90323154E-03     -0.56678635
    77   12 Mg  -0.90323081E-03     -0.56678589
    78   12 Mg  -0.91198706E-03     -0.57228052
    79   12 Mg  -0.91198332E-03     -0.57227817
    80   12 Mg  -0.90412214E-03     -0.56734521
    81   12 Mg  -0.90323135E-03     -0.56678623
    82   12 Mg  -0.90323085E-03     -0.56678592
    83   12 Mg  -0.90867314E-03     -0.57020100
    84   12 Mg  -0.90867750E-03     -0.57020374
    85   12 Mg  -0.90323156E-03     -0.56678636
    86   12 Mg  -0.90323165E-03     -0.56678642
    87   12 Mg  -0.90507470E-03     -0.56794295
    88   12 Mg  -0.90508053E-03     -0.56794660
    89   12 Mg  -0.90285436E-03     -0.56654966
    90   12 Mg  -0.91198271E-03     -0.57227779
    91   12 Mg  -0.90285235E-03     -0.56654841
    92   12 Mg  -0.90285874E-03     -0.56655242
    93   12 Mg  -0.90867467E-03     -0.57020196
    94   12 Mg  -0.90867563E-03     -0.57020256
    95   12 Mg  -0.90507992E-03     -0.56794622
    96   12 Mg  -0.90868045E-03     -0.57020559
    97   12 Mg  -0.90867988E-03     -0.57020523
    98   12 Mg  -0.91146092E-03     -0.57195036
    99   12 Mg  -0.91145894E-03     -0.57194912
   100   12 Mg  -0.91268595E-03     -0.57271908
   101   12 Mg  -0.91268944E-03     -0.57272127
   102   12 Mg  -0.91268849E-03     -0.57272068
   103   12 Mg  -0.91268070E-03     -0.57271579
   104   12 Mg  -0.91268303E-03     -0.57271725
   105   12 Mg  -0.91268718E-03     -0.57271985
   106   12 Mg  -0.90416683E-03     -0.56737325
   107   12 Mg  -0.90416471E-03     -0.56737192
   108   12 Mg  -0.90417561E-03     -0.56737876
   109   12 Mg  -0.90416345E-03     -0.56737113
   110   12 Mg  -0.90417456E-03     -0.56737810
   111   12 Mg  -0.90416670E-03     -0.56737317
   112   12 Mg  -0.90522716E-03     -0.56803862
   113   12 Mg  -0.90522522E-03     -0.56803740
   114   12 Mg  -0.90523093E-03     -0.56804099
   115   12 Mg  -0.90569689E-03     -0.56833338
   116   12 Mg  -0.90568766E-03     -0.56832758
   117   12 Mg  -0.90569477E-03     -0.56833205
   118   12 Mg  -0.90697639E-03     -0.56913628
   119   12 Mg  -0.90699010E-03     -0.56914488
   120   12 Mg  -0.90698787E-03     -0.56914348
   121   12 Mg  -0.90502553E-03     -0.56791209
   122   12 Mg  -0.90502885E-03     -0.56791418
   123   12 Mg  -0.90502487E-03     -0.56791168
   124   12 Mg  -0.91665022E-03     -0.57520670
   125   12 Mg  -0.87701378E-03     -0.55033446
   126   12 Mg  -0.87701421E-03     -0.55033473
   127   12 Mg  -0.87701013E-03     -0.55033217
   128   12 Mg  -0.90564281E-03     -0.56829945
   129   12 Mg  -0.90560347E-03     -0.56827476
   130   12 Mg  -0.90563854E-03     -0.56829676
   131   12 Mg  -0.90847335E-03     -0.57007564
   132   12 Mg  -0.90844372E-03     -0.57005704
   133   12 Mg  -0.90844175E-03     -0.57005581
   134   12 Mg  -0.90910928E-03     -0.57047469
   135   12 Mg  -0.90908551E-03     -0.57045977
   136   12 Mg  -0.90909903E-03     -0.57046825
   137   12 Mg  -0.90910919E-03     -0.57047463
   138   12 Mg  -0.90908662E-03     -0.57046047
   139   12 Mg  -0.90909833E-03     -0.57046782
   140   12 Mg  -0.90777740E-03     -0.56963892
   141   12 Mg  -0.90777940E-03     -0.56964017
   142   12 Mg  -0.90778027E-03     -0.56964072
   143   12 Mg  -0.90847530E-03     -0.57007686
   144   12 Mg  -0.90848917E-03     -0.57008556
   145   12 Mg  -0.90849910E-03     -0.57009179
   146   12 Mg  -0.90847715E-03     -0.57007802
   147   12 Mg  -0.90850183E-03     -0.57009350
   148   12 Mg  -0.90848787E-03     -0.57008474
   149   12 Mg  -0.91309361E-03     -0.57297489
   150   52 Te  -0.60819481E-03     -0.38164800
--------------------------------------------------

Dispersion energy:      -1.3560818030433E-01 Eh

[Info] Dispersion energy written to .EDISP
