-----------------------------------
 s i m p l e   D F T - D 3  v1.2.1
-----------------------------------

Zero (Chai-Head-Gordon) damping: pbe-D3(0)
--------------------
  s6         1.0000
  s8         0.7220
  s9         0.0000
 rs6         1.2170
 rs8         1.0000
 alp        14.0000
--------------------

Atomic radii (in Angstrom):
-------------------------------------------
   Z          R(cov)     R(vdw)      r4/r2
-------------------------------------------
  25 Mn       1.4267     1.7731     3.0718
   8 O        0.8400     1.2408     1.3725
-------------------------------------------

Atomic reference systems (in atomic units):
----------------------------------------------------------------------------
   Z        #      CN    C6(AA)   #      CN    C6(AA)   #      CN    C6(AA)
----------------------------------------------------------------------------
  25 Mn     1  0.0000  802.7484   2  1.6406  239.5554   3  9.8849  113.8463
   8 O      1  0.0000   15.5059   2  0.9925   12.8161   3  1.9887   10.3708
----------------------------------------------------------------------------

Dispersion properties (in atomic units):
--------------------------------------------------------
     #    Z                CN       C6(AA)       C8(AA)
--------------------------------------------------------
     1   25 Mn         4.2673     239.5554   24216.8949
     2   25 Mn         4.2673     239.5554   24216.8949
     3   25 Mn         4.2673     239.5554   24216.8949
     4   25 Mn         4.2673     239.5554   24216.8949
     5   25 Mn         4.2673     239.5554   24216.8949
     6   25 Mn         4.2673     239.5554   24216.8949
     7   25 Mn         4.4026     239.5554   24216.8949
     8   25 Mn         4.4026     239.5554   24216.8949
     9   25 Mn         4.4027     239.5554   24216.8949
    10   25 Mn         4.2691     239.5554   24216.8949
    11   25 Mn         4.2691     239.5554   24216.8949
    12   25 Mn         4.2691     239.5554   24216.8949
    13   25 Mn         2.0659     239.5554   24216.8978
    14   25 Mn         2.0659     239.5554   24216.8978
    15   25 Mn         2.4892     239.5554   24216.8950
    16   25 Mn         1.8634     239.5558   24216.9364
    17   25 Mn         4.7146     239.5554   24216.8949
    18   25 Mn         4.7147     239.5554   24216.8949
    19   25 Mn         4.7146     239.5554   24216.8949
    20   25 Mn         4.7146     239.5554   24216.8949
    21   25 Mn         4.7147     239.5554   24216.8949
    22   25 Mn         4.7146     239.5554   24216.8949
    23   25 Mn         4.8517     239.5554   24216.8949
    24   25 Mn         4.8517     239.5554   24216.8949
    25   25 Mn         4.8517     239.5554   24216.8949
    26   25 Mn         4.8517     239.5554   24216.8949
    27   25 Mn         4.8517     239.5554   24216.8949
    28   25 Mn         4.8517     239.5554   24216.8949
    29   25 Mn         5.8370     114.5713   11582.1235
    30   25 Mn         5.8370     114.5713   11582.1235
    31   25 Mn         5.9633     113.8465   11508.8541
    32   25 Mn         5.9633     113.8465   11508.8541
    33    8 O          2.4570      10.3718     209.3090
    34    8 O          2.4570      10.3718     209.3090
    35    8 O          2.4570      10.3718     209.3090
    36    8 O          2.4570      10.3718     209.3090
    37    8 O          2.4570      10.3718     209.3090
    38    8 O          2.4570      10.3718     209.3090
    39    8 O          2.5787      10.3712     209.2962
    40    8 O          2.5787      10.3712     209.2962
    41    8 O          2.5787      10.3712     209.2962
    42    8 O          2.5787      10.3712     209.2962
    43    8 O          2.5787      10.3712     209.2962
    44    8 O          2.5787      10.3712     209.2962
    45    8 O          2.3430      10.3733     209.3395
    46    8 O          2.3430      10.3733     209.3395
    47    8 O          2.3430      10.3733     209.3395
    48    8 O          2.3430      10.3733     209.3395
    49    8 O          2.3430      10.3733     209.3395
    50    8 O          2.3430      10.3733     209.3395
    51    8 O          2.4443      10.3719     209.3112
    52    8 O          2.4443      10.3719     209.3112
    53    8 O          2.4443      10.3719     209.3112
    54    8 O          2.4443      10.3719     209.3112
    55    8 O          2.4443      10.3719     209.3112
    56    8 O          2.4443      10.3719     209.3112
    57    8 O          2.4416      10.3720     209.3117
    58    8 O          2.4416      10.3720     209.3117
    59    8 O          2.4416      10.3720     209.3117
    60    8 O          2.4416      10.3720     209.3117
    61    8 O          2.4416      10.3720     209.3117
    62    8 O          2.4416      10.3720     209.3117
    63    8 O          2.6548      10.3710     209.2927
    64    8 O          2.6548      10.3710     209.2927
    65    8 O          2.6548      10.3710     209.2927
    66    8 O          2.6548      10.3710     209.2927
    67    8 O          2.6548      10.3710     209.2927
    68    8 O          2.6548      10.3710     209.2927
    69    8 O          2.5018      10.3715     209.3028
    70    8 O          2.5018      10.3715     209.3028
    71    8 O          2.5018      10.3715     209.3028
    72    8 O          2.5018      10.3715     209.3028
    73    8 O          2.5018      10.3715     209.3028
    74    8 O          2.5018      10.3715     209.3028
    75    8 O          2.4146      10.3722     209.3173
    76    8 O          2.4146      10.3722     209.3173
    77    8 O          2.4146      10.3722     209.3173
    78    8 O          2.4146      10.3722     209.3173
    79    8 O          2.4146      10.3722     209.3173
    80    8 O          2.4146      10.3722     209.3173
--------------------------------------------------------

Atom-resolved dispersion energies:
--------------------------------------------------
     #    Z           [Hartree]      [kcal/mol]
--------------------------------------------------
     1   25 Mn  -0.11213939E-01     -7.03685319
     2   25 Mn  -0.11213939E-01     -7.03685322
     3   25 Mn  -0.11213939E-01     -7.03685297
     4   25 Mn  -0.11213939E-01     -7.03685319
     5   25 Mn  -0.11213939E-01     -7.03685322
     6   25 Mn  -0.11213939E-01     -7.03685297
     7   25 Mn  -0.11049201E-01     -6.93347813
     8   25 Mn  -0.11049197E-01     -6.93347586
     9   25 Mn  -0.11049205E-01     -6.93348111
    10   25 Mn  -0.11077546E-01     -6.95126522
    11   25 Mn  -0.11077547E-01     -6.95126564
    12   25 Mn  -0.11077539E-01     -6.95126044
    13   25 Mn  -0.10574066E-01     -6.63532689
    14   25 Mn  -0.10574066E-01     -6.63532689
    15   25 Mn  -0.11096981E-01     -6.96346095
    16   25 Mn  -0.11163066E-01     -7.00492953
    17   25 Mn  -0.11003637E-01     -6.90488623
    18   25 Mn  -0.11003640E-01     -6.90488850
    19   25 Mn  -0.11003637E-01     -6.90488657
    20   25 Mn  -0.11003637E-01     -6.90488623
    21   25 Mn  -0.11003640E-01     -6.90488850
    22   25 Mn  -0.11003637E-01     -6.90488657
    23   25 Mn  -0.10942331E-01     -6.86641663
    24   25 Mn  -0.10942336E-01     -6.86641977
    25   25 Mn  -0.10942336E-01     -6.86641940
    26   25 Mn  -0.10942331E-01     -6.86641663
    27   25 Mn  -0.10942336E-01     -6.86641977
    28   25 Mn  -0.10942336E-01     -6.86641940
    29   25 Mn  -0.78839308E-02     -4.94724127
    30   25 Mn  -0.78839308E-02     -4.94724127
    31   25 Mn  -0.77694287E-02     -4.87539014
    32   25 Mn  -0.77694287E-02     -4.87539014
    33    8 O   -0.28001298E-02     -1.75710800
    34    8 O   -0.28001299E-02     -1.75710804
    35    8 O   -0.28001294E-02     -1.75710770
    36    8 O   -0.28001298E-02     -1.75710800
    37    8 O   -0.28001299E-02     -1.75710804
    38    8 O   -0.28001294E-02     -1.75710770
    39    8 O   -0.28072468E-02     -1.76157395
    40    8 O   -0.28072456E-02     -1.76157322
    41    8 O   -0.28072456E-02     -1.76157323
    42    8 O   -0.28072468E-02     -1.76157395
    43    8 O   -0.28072456E-02     -1.76157322
    44    8 O   -0.28072456E-02     -1.76157323
    45    8 O   -0.28837261E-02     -1.80956544
    46    8 O   -0.28837257E-02     -1.80956519
    47    8 O   -0.28837258E-02     -1.80956526
    48    8 O   -0.28837261E-02     -1.80956544
    49    8 O   -0.28837257E-02     -1.80956519
    50    8 O   -0.28837258E-02     -1.80956526
    51    8 O   -0.28482055E-02     -1.78727593
    52    8 O   -0.28482065E-02     -1.78727659
    53    8 O   -0.28482069E-02     -1.78727679
    54    8 O   -0.28482055E-02     -1.78727593
    55    8 O   -0.28482065E-02     -1.78727659
    56    8 O   -0.28482069E-02     -1.78727679
    57    8 O   -0.29328523E-02     -1.84039258
    58    8 O   -0.29328526E-02     -1.84039277
    59    8 O   -0.29328539E-02     -1.84039359
    60    8 O   -0.29328523E-02     -1.84039258
    61    8 O   -0.29328526E-02     -1.84039277
    62    8 O   -0.29328539E-02     -1.84039359
    63    8 O   -0.28957803E-02     -1.81712956
    64    8 O   -0.28957790E-02     -1.81712877
    65    8 O   -0.28957793E-02     -1.81712892
    66    8 O   -0.28957803E-02     -1.81712956
    67    8 O   -0.28957790E-02     -1.81712877
    68    8 O   -0.28957793E-02     -1.81712892
    69    8 O   -0.28597290E-02     -1.79450705
    70    8 O   -0.28597280E-02     -1.79450644
    71    8 O   -0.28597272E-02     -1.79450593
    72    8 O   -0.28597290E-02     -1.79450705
    73    8 O   -0.28597280E-02     -1.79450644
    74    8 O   -0.28597272E-02     -1.79450593
    75    8 O   -0.28916172E-02     -1.81451719
    76    8 O   -0.28916179E-02     -1.81451761
    77    8 O   -0.28916182E-02     -1.81451782
    78    8 O   -0.28916172E-02     -1.81451719
    79    8 O   -0.28916179E-02     -1.81451761
    80    8 O   -0.28916182E-02     -1.81451782
--------------------------------------------------

Dispersion energy:      -4.7757032206353E-01 Eh

[Info] Dispersion energy written to .EDISP
