-----------------------------------
 s i m p l e   D F T - D 3  v1.2.1
-----------------------------------

Zero (Chai-Head-Gordon) damping: pbe-D3(0)
--------------------
  s6         1.0000
  s8         0.7220
  s9         0.0000
 rs6         1.2170
 rs8         1.0000
 alp        14.0000
--------------------

Atomic radii (in Angstrom):
-------------------------------------------
   Z          R(cov)     R(vdw)      r4/r2
-------------------------------------------
  25 Mn       1.4267     1.7731     3.0718
   8 O        0.8400     1.2408     1.3725
-------------------------------------------

Atomic reference systems (in atomic units):
----------------------------------------------------------------------------
   Z        #      CN    C6(AA)   #      CN    C6(AA)   #      CN    C6(AA)
----------------------------------------------------------------------------
  25 Mn     1  0.0000  802.7484   2  1.6406  239.5554   3  9.8849  113.8463
   8 O      1  0.0000   15.5059   2  0.9925   12.8161   3  1.9887   10.3708
----------------------------------------------------------------------------

Dispersion properties (in atomic units):
--------------------------------------------------------
     #    Z                CN       C6(AA)       C8(AA)
--------------------------------------------------------
     1   25 Mn         0.0232     802.7265   81148.4281
     2   25 Mn         0.0232     802.7265   81148.4282
     3   25 Mn         0.0232     802.7265   81148.4281
     4   25 Mn         0.0232     802.7265   81148.4281
     5   25 Mn         0.0232     802.7265   81148.4282
     6   25 Mn         0.0232     802.7265   81148.4281
     7   25 Mn         0.0248     802.7261   81148.3806
     8   25 Mn         0.0248     802.7261   81148.3806
     9   25 Mn         0.0248     802.7261   81148.3806
    10   25 Mn         0.0227     802.7267   81148.4409
    11   25 Mn         0.0227     802.7267   81148.4409
    12   25 Mn         0.0227     802.7267   81148.4409
    13   25 Mn         0.0101     802.7300   81148.7753
    14   25 Mn         0.0101     802.7300   81148.7753
    15   25 Mn         0.0111     802.7297   81148.7520
    16   25 Mn         0.0094     802.7301   81148.7930
    17   25 Mn         0.0228     802.7266   81148.4373
    18   25 Mn         0.0228     802.7266   81148.4373
    19   25 Mn         0.0228     802.7266   81148.4373
    20   25 Mn         0.0228     802.7266   81148.4373
    21   25 Mn         0.0228     802.7266   81148.4373
    22   25 Mn         0.0228     802.7266   81148.4373
    23   25 Mn         0.0238     802.7263   81148.4082
    24   25 Mn         0.0238     802.7263   81148.4082
    25   25 Mn         0.0238     802.7263   81148.4082
    26   25 Mn         0.0238     802.7263   81148.4082
    27   25 Mn         0.0238     802.7263   81148.4082
    28   25 Mn         0.0238     802.7263   81148.4082
    29   25 Mn         0.0320     802.7239   81148.1579
    30   25 Mn         0.0320     802.7239   81148.1579
    31   25 Mn         0.0354     802.7227   81148.0436
    32   25 Mn         0.0354     802.7227   81148.0436
    33    8 O          0.0125      15.4459     311.7061
    34    8 O          0.0125      15.4459     311.7061
    35    8 O          0.0125      15.4459     311.7061
    36    8 O          0.0125      15.4459     311.7061
    37    8 O          0.0125      15.4459     311.7061
    38    8 O          0.0125      15.4459     311.7061
    39    8 O          0.0140      15.4452     311.6921
    40    8 O          0.0140      15.4452     311.6921
    41    8 O          0.0140      15.4452     311.6921
    42    8 O          0.0140      15.4452     311.6921
    43    8 O          0.0140      15.4452     311.6921
    44    8 O          0.0140      15.4452     311.6921
    45    8 O          0.0131      15.4456     311.7006
    46    8 O          0.0131      15.4456     311.7006
    47    8 O          0.0131      15.4456     311.7006
    48    8 O          0.0131      15.4456     311.7006
    49    8 O          0.0131      15.4456     311.7006
    50    8 O          0.0131      15.4456     311.7006
    51    8 O          0.0124      15.4459     311.7075
    52    8 O          0.0124      15.4459     311.7075
    53    8 O          0.0124      15.4459     311.7075
    54    8 O          0.0124      15.4459     311.7075
    55    8 O          0.0124      15.4459     311.7075
    56    8 O          0.0124      15.4459     311.7075
    57    8 O          0.0130      15.4457     311.7017
    58    8 O          0.0130      15.4457     311.7017
    59    8 O          0.0130      15.4457     311.7017
    60    8 O          0.0130      15.4457     311.7017
    61    8 O          0.0130      15.4457     311.7017
    62    8 O          0.0130      15.4457     311.7017
    63    8 O          0.0129      15.4457     311.7027
    64    8 O          0.0129      15.4457     311.7027
    65    8 O          0.0129      15.4457     311.7027
    66    8 O          0.0129      15.4457     311.7027
    67    8 O          0.0129      15.4457     311.7027
    68    8 O          0.0129      15.4457     311.7027
    69    8 O          0.0134      15.4455     311.6981
    70    8 O          0.0134      15.4455     311.6981
    71    8 O          0.0134      15.4455     311.6981
    72    8 O          0.0134      15.4455     311.6981
    73    8 O          0.0134      15.4455     311.6981
    74    8 O          0.0134      15.4455     311.6981
    75    8 O          0.0130      15.4457     311.7019
    76    8 O          0.0130      15.4457     311.7019
    77    8 O          0.0130      15.4457     311.7019
    78    8 O          0.0130      15.4457     311.7019
    79    8 O          0.0130      15.4457     311.7019
    80    8 O          0.0130      15.4457     311.7019
--------------------------------------------------------

Atom-resolved dispersion energies:
--------------------------------------------------
     #    Z           [Hartree]      [kcal/mol]
--------------------------------------------------
     1   25 Mn  -0.62520794E-02     -3.92323906
     2   25 Mn  -0.62520801E-02     -3.92323948
     3   25 Mn  -0.62520785E-02     -3.92323849
     4   25 Mn  -0.62520794E-02     -3.92323906
     5   25 Mn  -0.62520801E-02     -3.92323948
     6   25 Mn  -0.62520785E-02     -3.92323849
     7   25 Mn  -0.63748954E-02     -4.00030725
     8   25 Mn  -0.63749017E-02     -4.00031121
     9   25 Mn  -0.63748872E-02     -4.00030213
    10   25 Mn  -0.62751854E-02     -3.93773830
    11   25 Mn  -0.62751826E-02     -3.93773656
    12   25 Mn  -0.62751955E-02     -3.93774460
    13   25 Mn  -0.66132943E-02     -4.14990481
    14   25 Mn  -0.66132943E-02     -4.14990481
    15   25 Mn  -0.64633234E-02     -4.05579666
    16   25 Mn  -0.61049241E-02     -3.83089772
    17   25 Mn  -0.62705107E-02     -3.93480485
    18   25 Mn  -0.62705096E-02     -3.93480420
    19   25 Mn  -0.62705088E-02     -3.93480371
    20   25 Mn  -0.62705107E-02     -3.93480485
    21   25 Mn  -0.62705096E-02     -3.93480420
    22   25 Mn  -0.62705088E-02     -3.93480371
    23   25 Mn  -0.64346128E-02     -4.03778049
    24   25 Mn  -0.64346088E-02     -4.03777796
    25   25 Mn  -0.64346074E-02     -4.03777708
    26   25 Mn  -0.64346128E-02     -4.03778049
    27   25 Mn  -0.64346088E-02     -4.03777796
    28   25 Mn  -0.64346074E-02     -4.03777708
    29   25 Mn  -0.64354700E-02     -4.03831842
    30   25 Mn  -0.64354700E-02     -4.03831842
    31   25 Mn  -0.64736316E-02     -4.06226518
    32   25 Mn  -0.64736316E-02     -4.06226518
    33    8 O   -0.12279980E-02     -0.77058036
    34    8 O   -0.12279975E-02     -0.77058006
    35    8 O   -0.12279983E-02     -0.77058057
    36    8 O   -0.12279980E-02     -0.77058036
    37    8 O   -0.12279975E-02     -0.77058006
    38    8 O   -0.12279983E-02     -0.77058057
    39    8 O   -0.12306373E-02     -0.77223656
    40    8 O   -0.12306369E-02     -0.77223634
    41    8 O   -0.12306368E-02     -0.77223623
    42    8 O   -0.12306373E-02     -0.77223656
    43    8 O   -0.12306369E-02     -0.77223634
    44    8 O   -0.12306368E-02     -0.77223623
    45    8 O   -0.11945943E-02     -0.74961922
    46    8 O   -0.11945917E-02     -0.74961763
    47    8 O   -0.11945922E-02     -0.74961795
    48    8 O   -0.11945943E-02     -0.74961922
    49    8 O   -0.11945917E-02     -0.74961763
    50    8 O   -0.11945922E-02     -0.74961795
    51    8 O   -0.12158490E-02     -0.76295679
    52    8 O   -0.12158494E-02     -0.76295701
    53    8 O   -0.12158497E-02     -0.76295719
    54    8 O   -0.12158490E-02     -0.76295679
    55    8 O   -0.12158494E-02     -0.76295701
    56    8 O   -0.12158497E-02     -0.76295719
    57    8 O   -0.12039395E-02     -0.75548347
    58    8 O   -0.12039459E-02     -0.75548743
    59    8 O   -0.12039383E-02     -0.75548269
    60    8 O   -0.12039395E-02     -0.75548347
    61    8 O   -0.12039459E-02     -0.75548743
    62    8 O   -0.12039383E-02     -0.75548269
    63    8 O   -0.12602960E-02     -0.79084766
    64    8 O   -0.12602953E-02     -0.79084724
    65    8 O   -0.12602963E-02     -0.79084786
    66    8 O   -0.12602960E-02     -0.79084766
    67    8 O   -0.12602953E-02     -0.79084724
    68    8 O   -0.12602963E-02     -0.79084786
    69    8 O   -0.12634876E-02     -0.79285044
    70    8 O   -0.12634834E-02     -0.79284782
    71    8 O   -0.12634885E-02     -0.79285103
    72    8 O   -0.12634876E-02     -0.79285044
    73    8 O   -0.12634834E-02     -0.79284782
    74    8 O   -0.12634885E-02     -0.79285103
    75    8 O   -0.12115257E-02     -0.76024384
    76    8 O   -0.12115299E-02     -0.76024650
    77    8 O   -0.12115243E-02     -0.76024296
    78    8 O   -0.12115257E-02     -0.76024384
    79    8 O   -0.12115299E-02     -0.76024650
    80    8 O   -0.12115243E-02     -0.76024296
--------------------------------------------------

Dispersion energy:      -2.6215644288691E-01 Eh

[Info] Dispersion energy written to .EDISP
