-----------------------------------
 s i m p l e   D F T - D 3  v1.2.1
-----------------------------------

Zero (Chai-Head-Gordon) damping: pbe-D3(0)
--------------------
  s6         1.0000
  s8         0.7220
  s9         0.0000
 rs6         1.2170
 rs8         1.0000
 alp        14.0000
--------------------

Atomic radii (in Angstrom):
-------------------------------------------
   Z          R(cov)     R(vdw)      r4/r2
-------------------------------------------
  25 Mn       1.4267     1.7731     3.0718
   8 O        0.8400     1.2408     1.3725
-------------------------------------------

Atomic reference systems (in atomic units):
----------------------------------------------------------------------------
   Z        #      CN    C6(AA)   #      CN    C6(AA)   #      CN    C6(AA)
----------------------------------------------------------------------------
  25 Mn     1  0.0000  802.7484   2  1.6406  239.5554   3  9.8849  113.8463
   8 O      1  0.0000   15.5059   2  0.9925   12.8161   3  1.9887   10.3708
----------------------------------------------------------------------------

Dispersion properties (in atomic units):
--------------------------------------------------------
     #    Z                CN       C6(AA)       C8(AA)
--------------------------------------------------------
     1   25 Mn         0.0578     802.7139   81147.1541
     2   25 Mn         0.0578     802.7139   81147.1541
     3   25 Mn         0.0578     802.7139   81147.1541
     4   25 Mn         0.0578     802.7139   81147.1541
     5   25 Mn         0.0578     802.7139   81147.1541
     6   25 Mn         0.0578     802.7139   81147.1541
     7   25 Mn         0.0624     802.7118   81146.9390
     8   25 Mn         0.0624     802.7118   81146.9390
     9   25 Mn         0.0624     802.7118   81146.9389
    10   25 Mn         0.0566     802.7145   81147.2127
    11   25 Mn         0.0566     802.7145   81147.2127
    12   25 Mn         0.0566     802.7145   81147.2127
    13   25 Mn         0.0214     802.7270   81148.4789
    14   25 Mn         0.0214     802.7270   81148.4789
    15   25 Mn         0.0240     802.7263   81148.4043
    16   25 Mn         0.0198     802.7275   81148.5238
    17   25 Mn         0.0564     802.7146   81147.2191
    18   25 Mn         0.0564     802.7146   81147.2191
    19   25 Mn         0.0564     802.7146   81147.2191
    20   25 Mn         0.0564     802.7146   81147.2191
    21   25 Mn         0.0564     802.7146   81147.2191
    22   25 Mn         0.0564     802.7146   81147.2191
    23   25 Mn         0.0592     802.7133   81147.0931
    24   25 Mn         0.0592     802.7133   81147.0931
    25   25 Mn         0.0592     802.7133   81147.0931
    26   25 Mn         0.0592     802.7133   81147.0931
    27   25 Mn         0.0592     802.7133   81147.0931
    28   25 Mn         0.0592     802.7133   81147.0931
    29   25 Mn         0.0820     802.7011   81145.8526
    30   25 Mn         0.0820     802.7011   81145.8526
    31   25 Mn         0.0920     802.6944   81145.1833
    32   25 Mn         0.0920     802.6944   81145.1833
    33    8 O          0.0317      15.4363     311.5120
    34    8 O          0.0317      15.4363     311.5120
    35    8 O          0.0317      15.4363     311.5120
    36    8 O          0.0317      15.4363     311.5120
    37    8 O          0.0317      15.4363     311.5120
    38    8 O          0.0317      15.4363     311.5120
    39    8 O          0.0359      15.4340     311.4656
    40    8 O          0.0359      15.4340     311.4656
    41    8 O          0.0359      15.4340     311.4656
    42    8 O          0.0359      15.4340     311.4656
    43    8 O          0.0359      15.4340     311.4656
    44    8 O          0.0359      15.4340     311.4656
    45    8 O          0.0335      15.4352     311.4917
    46    8 O          0.0335      15.4352     311.4917
    47    8 O          0.0335      15.4352     311.4917
    48    8 O          0.0335      15.4352     311.4917
    49    8 O          0.0335      15.4352     311.4917
    50    8 O          0.0335      15.4352     311.4917
    51    8 O          0.0313      15.4365     311.5164
    52    8 O          0.0313      15.4365     311.5164
    53    8 O          0.0313      15.4365     311.5164
    54    8 O          0.0313      15.4365     311.5164
    55    8 O          0.0313      15.4365     311.5164
    56    8 O          0.0313      15.4365     311.5164
    57    8 O          0.0331      15.4355     311.4965
    58    8 O          0.0331      15.4355     311.4966
    59    8 O          0.0331      15.4355     311.4965
    60    8 O          0.0331      15.4355     311.4965
    61    8 O          0.0331      15.4355     311.4966
    62    8 O          0.0331      15.4355     311.4965
    63    8 O          0.0325      15.4358     311.5030
    64    8 O          0.0325      15.4358     311.5030
    65    8 O          0.0325      15.4358     311.5030
    66    8 O          0.0325      15.4358     311.5030
    67    8 O          0.0325      15.4358     311.5030
    68    8 O          0.0325      15.4358     311.5030
    69    8 O          0.0341      15.4350     311.4859
    70    8 O          0.0341      15.4350     311.4859
    71    8 O          0.0341      15.4350     311.4859
    72    8 O          0.0341      15.4350     311.4859
    73    8 O          0.0341      15.4350     311.4859
    74    8 O          0.0341      15.4350     311.4859
    75    8 O          0.0331      15.4355     311.4969
    76    8 O          0.0331      15.4355     311.4969
    77    8 O          0.0331      15.4355     311.4969
    78    8 O          0.0331      15.4355     311.4969
    79    8 O          0.0331      15.4355     311.4969
    80    8 O          0.0331      15.4355     311.4969
--------------------------------------------------------

Atom-resolved dispersion energies:
--------------------------------------------------
     #    Z           [Hartree]      [kcal/mol]
--------------------------------------------------
     1   25 Mn  -0.94907754E-02     -5.95555146
     2   25 Mn  -0.94907775E-02     -5.95555278
     3   25 Mn  -0.94907752E-02     -5.95555132
     4   25 Mn  -0.94907754E-02     -5.95555146
     5   25 Mn  -0.94907775E-02     -5.95555278
     6   25 Mn  -0.94907752E-02     -5.95555132
     7   25 Mn  -0.96576227E-02     -6.06024975
     8   25 Mn  -0.96576322E-02     -6.06025569
     9   25 Mn  -0.96576091E-02     -6.06024122
    10   25 Mn  -0.94689346E-02     -5.94184619
    11   25 Mn  -0.94689291E-02     -5.94184274
    12   25 Mn  -0.94689501E-02     -5.94185591
    13   25 Mn  -0.10341043E-01     -6.48910253
    14   25 Mn  -0.10341043E-01     -6.48910253
    15   25 Mn  -0.10209307E-01     -6.40643684
    16   25 Mn  -0.97893566E-02     -6.14291402
    17   25 Mn  -0.94294511E-02     -5.91706990
    18   25 Mn  -0.94294443E-02     -5.91706566
    19   25 Mn  -0.94294516E-02     -5.91707024
    20   25 Mn  -0.94294511E-02     -5.91706990
    21   25 Mn  -0.94294443E-02     -5.91706566
    22   25 Mn  -0.94294516E-02     -5.91707024
    23   25 Mn  -0.96464119E-02     -6.05321483
    24   25 Mn  -0.96463995E-02     -6.05320705
    25   25 Mn  -0.96463978E-02     -6.05320603
    26   25 Mn  -0.96464119E-02     -6.05321483
    27   25 Mn  -0.96463995E-02     -6.05320705
    28   25 Mn  -0.96463978E-02     -6.05320603
    29   25 Mn  -0.93468822E-02     -5.86525714
    30   25 Mn  -0.93468822E-02     -5.86525714
    31   25 Mn  -0.94248012E-02     -5.91415204
    32   25 Mn  -0.94248012E-02     -5.91415204
    33    8 O   -0.14190622E-02     -0.89047496
    34    8 O   -0.14190615E-02     -0.89047452
    35    8 O   -0.14190627E-02     -0.89047532
    36    8 O   -0.14190622E-02     -0.89047496
    37    8 O   -0.14190615E-02     -0.89047452
    38    8 O   -0.14190627E-02     -0.89047532
    39    8 O   -0.13898374E-02     -0.87213616
    40    8 O   -0.13898369E-02     -0.87213580
    41    8 O   -0.13898366E-02     -0.87213561
    42    8 O   -0.13898374E-02     -0.87213616
    43    8 O   -0.13898369E-02     -0.87213580
    44    8 O   -0.13898366E-02     -0.87213561
    45    8 O   -0.14159983E-02     -0.88855232
    46    8 O   -0.14159969E-02     -0.88855147
    47    8 O   -0.14159951E-02     -0.88855036
    48    8 O   -0.14159983E-02     -0.88855232
    49    8 O   -0.14159969E-02     -0.88855147
    50    8 O   -0.14159951E-02     -0.88855036
    51    8 O   -0.14192140E-02     -0.89057024
    52    8 O   -0.14192146E-02     -0.89057063
    53    8 O   -0.14192151E-02     -0.89057091
    54    8 O   -0.14192140E-02     -0.89057024
    55    8 O   -0.14192146E-02     -0.89057063
    56    8 O   -0.14192151E-02     -0.89057091
    57    8 O   -0.14120034E-02     -0.88604549
    58    8 O   -0.14120107E-02     -0.88605007
    59    8 O   -0.14120026E-02     -0.88604501
    60    8 O   -0.14120034E-02     -0.88604549
    61    8 O   -0.14120107E-02     -0.88605007
    62    8 O   -0.14120026E-02     -0.88604501
    63    8 O   -0.14321517E-02     -0.89868873
    64    8 O   -0.14321488E-02     -0.89868695
    65    8 O   -0.14321514E-02     -0.89868856
    66    8 O   -0.14321517E-02     -0.89868873
    67    8 O   -0.14321488E-02     -0.89868695
    68    8 O   -0.14321514E-02     -0.89868856
    69    8 O   -0.14564255E-02     -0.91392080
    70    8 O   -0.14564214E-02     -0.91391822
    71    8 O   -0.14564258E-02     -0.91392096
    72    8 O   -0.14564255E-02     -0.91392080
    73    8 O   -0.14564214E-02     -0.91391822
    74    8 O   -0.14564258E-02     -0.91392096
    75    8 O   -0.14258978E-02     -0.89476435
    76    8 O   -0.14259013E-02     -0.89476661
    77    8 O   -0.14258962E-02     -0.89476339
    78    8 O   -0.14258978E-02     -0.89476435
    79    8 O   -0.14259013E-02     -0.89476661
    80    8 O   -0.14258962E-02     -0.89476339
--------------------------------------------------

Dispersion energy:      -3.7522709854679E-01 Eh

[Info] Dispersion energy written to .EDISP
