-----------------------------------
 s i m p l e   D F T - D 3  v1.2.1
-----------------------------------

Zero (Chai-Head-Gordon) damping: pbe-D3(0)
--------------------
  s6         1.0000
  s8         0.7220
  s9         0.0000
 rs6         1.2170
 rs8         1.0000
 alp        14.0000
--------------------

Atomic radii (in Angstrom):
-------------------------------------------
   Z          R(cov)     R(vdw)      r4/r2
-------------------------------------------
   3 Li       1.6000     1.7478     2.6564
  50 Sn       1.6800     2.0937     3.4228
-------------------------------------------

Atomic reference systems (in atomic units):
----------------------------------------------------------------------------
   Z        #      CN    C6(AA)   #      CN    C6(AA)   #      CN    C6(AA)
----------------------------------------------------------------------------
   3 Li     1  0.0000 1163.4454   2  0.9865   85.3197
  50 Sn     1  0.0000  627.5677   2  0.9514  542.0439   3  1.9505  505.4148
            4  2.9259  409.1453   5  3.9123  336.1020
----------------------------------------------------------------------------

Dispersion properties (in atomic units):
--------------------------------------------------------
     #    Z                CN       C6(AA)       C8(AA)
--------------------------------------------------------
     1    3 Li        13.5110      85.3197    6449.9358
     2    3 Li        13.4003      85.3197    6449.9358
     3    3 Li        13.5110      85.3197    6449.9358
     4    3 Li        14.3907      85.3197    6449.9358
     5    3 Li        13.8075      85.3197    6449.9358
     6    3 Li        13.2976      85.3197    6449.9358
     7    3 Li        13.5722      85.3197    6449.9358
     8    3 Li        13.8075      85.3197    6449.9358
     9    3 Li        13.1854      85.3197    6449.9358
    10    3 Li        13.7850      85.3197    6449.9358
    11    3 Li        13.9324      85.3197    6449.9358
    12    3 Li        13.0690      85.3197    6449.9358
    13    3 Li        13.9324      85.3197    6449.9358
    14    3 Li        13.1854      85.3197    6449.9358
    15    3 Li        13.8075      85.3197    6449.9358
    16    3 Li        14.3907      85.3197    6449.9358
    17    3 Li        13.7849      85.3197    6449.9358
    18    3 Li        13.7849      85.3197    6449.9358
    19    3 Li        13.7849      85.3197    6449.9358
    20    3 Li        13.2817      85.3197    6449.9358
    21    3 Li        13.0690      85.3197    6449.9358
    22    3 Li        14.3907      85.3197    6449.9358
    23    3 Li        13.7850      85.3197    6449.9358
    24    3 Li        13.5110      85.3197    6449.9358
    25    3 Li        13.8075      85.3197    6449.9358
    26    3 Li        13.1854      85.3197    6449.9358
    27    3 Li        13.4003      85.3197    6449.9358
    28    3 Li        13.7938      85.3197    6449.9358
    29    3 Li        13.8075      85.3197    6449.9358
    30    3 Li        13.4003      85.3197    6449.9358
    31    3 Li        13.4003      85.3197    6449.9358
    32    3 Li        13.5722      85.3197    6449.9358
    33    3 Li        13.7938      85.3197    6449.9358
    34    3 Li        13.9324      85.3197    6449.9358
    35    3 Li        13.2818      85.3197    6449.9358
    36    3 Li        13.1854      85.3197    6449.9358
    37    3 Li        14.3907      85.3197    6449.9358
    38    3 Li        13.8075      85.3197    6449.9358
    39    3 Li        13.5110      85.3197    6449.9358
    40    3 Li        13.5110      85.3197    6449.9358
    41    3 Li        13.5722      85.3197    6449.9358
    42    3 Li        13.2976      85.3197    6449.9358
    43    3 Li        13.9324      85.3197    6449.9358
    44    3 Li        13.4003      85.3197    6449.9358
    45    3 Li        13.0690      85.3197    6449.9358
    46    3 Li        13.4003      85.3197    6449.9358
    47    3 Li        13.9324      85.3197    6449.9358
    48    3 Li        13.8075      85.3197    6449.9358
    49    3 Li        13.7850      85.3197    6449.9358
    50    3 Li        13.2976      85.3197    6449.9358
    51    3 Li        13.7849      85.3197    6449.9358
    52    3 Li        13.2817      85.3197    6449.9358
    53    3 Li        13.2976      85.3197    6449.9358
    54    3 Li        13.0690      85.3197    6449.9358
    55    3 Li        13.4003      85.3197    6449.9358
    56    3 Li        13.8075      85.3197    6449.9358
    57    3 Li        13.9324      85.3197    6449.9358
    58    3 Li        13.8075      85.3197    6449.9358
    59    3 Li        13.9324      85.3197    6449.9358
    60    3 Li        13.7849      85.3197    6449.9358
    61    3 Li        13.9324      85.3197    6449.9358
    62    3 Li        13.7849      85.3197    6449.9358
    63    3 Li        13.9324      85.3197    6449.9358
    64    3 Li        13.4003      85.3197    6449.9358
    65    3 Li        13.7849      85.3197    6449.9358
    66    3 Li        13.5110      85.3197    6449.9358
    67    3 Li        13.5722      85.3197    6449.9358
    68    3 Li        13.4003      85.3197    6449.9358
    69    3 Li        13.7938      85.3197    6449.9358
    70    3 Li        13.9324      85.3197    6449.9358
    71    3 Li        13.9324      85.3197    6449.9358
    72    3 Li        14.3907      85.3197    6449.9358
    73    3 Li        13.8075      85.3197    6449.9358
    74    3 Li        13.4003      85.3197    6449.9358
    75    3 Li        13.2817      85.3197    6449.9358
    76    3 Li        14.1905      85.3197    6449.9358
    77    3 Li        13.7849      85.3197    6449.9358
    78    3 Li        13.8075      85.3197    6449.9358
    79    3 Li        13.7849      85.3197    6449.9358
    80    3 Li        14.3907      85.3197    6449.9358
    81    3 Li        13.7938      85.3197    6449.9358
    82    3 Li        13.9324      85.3197    6449.9358
    83    3 Li        13.8075      85.3197    6449.9358
    84    3 Li        13.4003      85.3197    6449.9358
    85    3 Li        13.4003      85.3197    6449.9358
    86   50 Sn        13.9191     336.1020   42184.5318
    87   50 Sn        13.9637     336.1020   42184.5318
    88   50 Sn        13.9191     336.1020   42184.5318
    89   50 Sn        14.9289     336.1020   42184.5318
    90   50 Sn        14.0059     336.1020   42184.5318
    91   50 Sn        14.0059     336.1020   42184.5318
    92   50 Sn        13.9637     336.1020   42184.5318
    93   50 Sn        13.9637     336.1020   42184.5318
    94   50 Sn        14.0059     336.1020   42184.5318
    95   50 Sn        13.9637     336.1020   42184.5318
    96   50 Sn        14.9289     336.1020   42184.5318
    97   50 Sn        14.9289     336.1020   42184.5318
    98   50 Sn        13.9191     336.1020   42184.5318
    99   50 Sn        13.9637     336.1020   42184.5318
   100   50 Sn        13.9637     336.1020   42184.5318
   101   50 Sn        13.9192     336.1020   42184.5318
   102   50 Sn        14.9289     336.1020   42184.5318
   103   50 Sn        14.0059     336.1020   42184.5318
   104   50 Sn        14.0059     336.1020   42184.5318
   105   50 Sn        14.0059     336.1020   42184.5318
--------------------------------------------------------

Atom-resolved dispersion energies:
--------------------------------------------------
     #    Z           [Hartree]      [kcal/mol]
--------------------------------------------------
     1    3 Li  -0.82520117E-02     -5.17821553
     2    3 Li  -0.81053214E-02     -5.08616599
     3    3 Li  -0.82520118E-02     -5.17821557
     4    3 Li  -0.79261253E-02     -4.97371869
     5    3 Li  -0.79107335E-02     -4.96406020
     6    3 Li  -0.79494328E-02     -4.98834442
     7    3 Li  -0.80355403E-02     -5.04237765
     8    3 Li  -0.79107394E-02     -4.96406390
     9    3 Li  -0.81565079E-02     -5.11828596
    10    3 Li  -0.79565000E-02     -4.99277911
    11    3 Li  -0.76836363E-02     -4.82155459
    12    3 Li  -0.83206663E-02     -5.22129695
    13    3 Li  -0.76836366E-02     -4.82155477
    14    3 Li  -0.81565079E-02     -5.11828596
    15    3 Li  -0.79107394E-02     -4.96406390
    16    3 Li  -0.79261229E-02     -4.97371721
    17    3 Li  -0.79565028E-02     -4.99278086
    18    3 Li  -0.79565028E-02     -4.99278086
    19    3 Li  -0.79565028E-02     -4.99278086
    20    3 Li  -0.81531439E-02     -5.11617504
    21    3 Li  -0.83206663E-02     -5.22129695
    22    3 Li  -0.79261229E-02     -4.97371721
    23    3 Li  -0.79565000E-02     -4.99277911
    24    3 Li  -0.82520118E-02     -5.17821557
    25    3 Li  -0.79107394E-02     -4.96406390
    26    3 Li  -0.81565074E-02     -5.11828568
    27    3 Li  -0.81053240E-02     -5.08616761
    28    3 Li  -0.79060882E-02     -4.96114526
    29    3 Li  -0.79107395E-02     -4.96406395
    30    3 Li  -0.81053240E-02     -5.08616761
    31    3 Li  -0.81053214E-02     -5.08616599
    32    3 Li  -0.80355403E-02     -5.04237765
    33    3 Li  -0.79060921E-02     -4.96114769
    34    3 Li  -0.76836402E-02     -4.82155702
    35    3 Li  -0.81531358E-02     -5.11616998
    36    3 Li  -0.81565079E-02     -5.11828596
    37    3 Li  -0.79261253E-02     -4.97371869
    38    3 Li  -0.79107395E-02     -4.96406395
    39    3 Li  -0.82520117E-02     -5.17821553
    40    3 Li  -0.82520118E-02     -5.17821557
    41    3 Li  -0.80355403E-02     -5.04237765
    42    3 Li  -0.79494328E-02     -4.98834442
    43    3 Li  -0.76836366E-02     -4.82155477
    44    3 Li  -0.81053208E-02     -5.08616560
    45    3 Li  -0.83206653E-02     -5.22129630
    46    3 Li  -0.81053214E-02     -5.08616599
    47    3 Li  -0.76836363E-02     -4.82155459
    48    3 Li  -0.79107394E-02     -4.96406390
    49    3 Li  -0.79565000E-02     -4.99277911
    50    3 Li  -0.79494328E-02     -4.98834442
    51    3 Li  -0.79565028E-02     -4.99278086
    52    3 Li  -0.81531439E-02     -5.11617504
    53    3 Li  -0.79494318E-02     -4.98834378
    54    3 Li  -0.83206663E-02     -5.22129695
    55    3 Li  -0.81053208E-02     -5.08616560
    56    3 Li  -0.79107394E-02     -4.96406390
    57    3 Li  -0.76836366E-02     -4.82155477
    58    3 Li  -0.79107394E-02     -4.96406390
    59    3 Li  -0.76836366E-02     -4.82155477
    60    3 Li  -0.79565028E-02     -4.99278086
    61    3 Li  -0.76836402E-02     -4.82155702
    62    3 Li  -0.79565046E-02     -4.99278201
    63    3 Li  -0.76836363E-02     -4.82155459
    64    3 Li  -0.81053214E-02     -5.08616599
    65    3 Li  -0.79565046E-02     -4.99278201
    66    3 Li  -0.82520117E-02     -5.17821553
    67    3 Li  -0.80355438E-02     -5.04237986
    68    3 Li  -0.81053208E-02     -5.08616560
    69    3 Li  -0.79060921E-02     -4.96114769
    70    3 Li  -0.76836366E-02     -4.82155477
    71    3 Li  -0.76836402E-02     -4.82155702
    72    3 Li  -0.79261253E-02     -4.97371869
    73    3 Li  -0.79107335E-02     -4.96406020
    74    3 Li  -0.81053214E-02     -5.08616599
    75    3 Li  -0.81531439E-02     -5.11617504
    76    3 Li  -0.81459956E-02     -5.11168944
    77    3 Li  -0.79565046E-02     -4.99278201
    78    3 Li  -0.79107335E-02     -4.96406020
    79    3 Li  -0.79565028E-02     -4.99278086
    80    3 Li  -0.79261229E-02     -4.97371721
    81    3 Li  -0.79060921E-02     -4.96114769
    82    3 Li  -0.76836366E-02     -4.82155477
    83    3 Li  -0.79107395E-02     -4.96406395
    84    3 Li  -0.81053240E-02     -5.08616761
    85    3 Li  -0.81053214E-02     -5.08616599
    86   50 Sn  -0.11726446E-01     -7.35845602
    87   50 Sn  -0.11668095E-01     -7.32184046
    88   50 Sn  -0.11726446E-01     -7.35845602
    89   50 Sn  -0.11220313E-01     -7.04085266
    90   50 Sn  -0.11475137E-01     -7.20075692
    91   50 Sn  -0.11475137E-01     -7.20075692
    92   50 Sn  -0.11668091E-01     -7.32183788
    93   50 Sn  -0.11668091E-01     -7.32183788
    94   50 Sn  -0.11475135E-01     -7.20075611
    95   50 Sn  -0.11668091E-01     -7.32183788
    96   50 Sn  -0.11220313E-01     -7.04085266
    97   50 Sn  -0.11220313E-01     -7.04085266
    98   50 Sn  -0.11726446E-01     -7.35845602
    99   50 Sn  -0.11668095E-01     -7.32184046
   100   50 Sn  -0.11668095E-01     -7.32184046
   101   50 Sn  -0.11726437E-01     -7.35845034
   102   50 Sn  -0.11220315E-01     -7.04085407
   103   50 Sn  -0.11475135E-01     -7.20075611
   104   50 Sn  -0.11475135E-01     -7.20075611
   105   50 Sn  -0.11475137E-01     -7.20075692
--------------------------------------------------

Dispersion energy:      -9.0982113590161E-01 Eh

[Info] Dispersion energy written to .EDISP
