-----------------------------------
 s i m p l e   D F T - D 3  v1.2.1
-----------------------------------

Zero (Chai-Head-Gordon) damping: pbe-D3(0)
--------------------
  s6         1.0000
  s8         0.7220
  s9         0.0000
 rs6         1.2170
 rs8         1.0000
 alp        14.0000
--------------------

Atomic radii (in Angstrom):
-------------------------------------------
   Z          R(cov)     R(vdw)      r4/r2
-------------------------------------------
   3 Li       1.6000     1.7478     2.6564
   8 O        0.8400     1.2408     1.3725
-------------------------------------------

Atomic reference systems (in atomic units):
----------------------------------------------------------------------------
   Z        #      CN    C6(AA)   #      CN    C6(AA)   #      CN    C6(AA)
----------------------------------------------------------------------------
   3 Li     1  0.0000 1163.4454   2  0.9865   85.3197
   8 O      1  0.0000   15.5059   2  0.9925   12.8161   3  1.9887   10.3708
----------------------------------------------------------------------------

Dispersion properties (in atomic units):
--------------------------------------------------------
     #    Z                CN       C6(AA)       C8(AA)
--------------------------------------------------------
     1    3 Li         1.4868      85.4746    6461.6449
     2    3 Li         1.0764      89.2967    6750.5892
     3    3 Li         1.6153      85.3759    6454.1818
     4    3 Li         0.9036     101.1593    7647.3695
     5    3 Li         0.9949      92.9318    7025.3874
     6    3 Li         1.2323      86.4761    6537.3548
     7    3 Li         1.2376      86.4290    6533.7995
     8    3 Li         1.2279      86.5172    6540.4662
     9    3 Li         0.9262      98.5263    7448.3156
    10    3 Li         0.9872      93.4142    7061.8579
    11    3 Li         1.0479      90.3092    6827.1320
    12    3 Li         0.9407      97.0738    7338.5114
    13    3 Li         1.0478      90.3119    6827.3322
    14    3 Li         0.5415     357.9265   27058.2614
    15    3 Li         1.2991      86.0017    6501.4947
    16    3 Li         0.9060     100.8521    7624.1395
    17    3 Li         0.9536      95.9115    7250.6450
    18    3 Li         0.9572      95.6142    7228.1732
    19    3 Li         0.6964     170.4626   12886.5046
    20    3 Li         1.2043      86.7627    6559.0209
    21    3 Li         0.9566      95.6629    7231.8563
    22    3 Li         0.9859      93.5018    7068.4838
    23    3 Li         0.5950     272.6179   20609.1704
    24    3 Li         0.8369     112.4883    8503.8103
    25    3 Li         0.8771     104.9430    7933.4055
    26    3 Li         1.0011      92.5642    6997.5986
    27    3 Li         1.4930      85.4672    6461.0888
    28    3 Li         0.8851     103.7138    7840.4779
    29    3 Li         1.1675      87.2516    6595.9841
    30    3 Li         1.1414      87.6947    6629.4779
    31    3 Li         0.7908     124.8737    9440.1131
    32    3 Li         0.9276      98.3741    7436.8161
    33    3 Li         0.7610     135.7422   10261.7404
    34    3 Li         1.1715      87.1909    6591.3902
    35    3 Li         0.9354      97.5775    7376.5908
    36    3 Li         1.5986      85.3838    6454.7811
    37    3 Li         0.8823     104.1305    7871.9797
    38    3 Li         1.3438      85.7989    6486.1594
    39    3 Li         1.3550      85.7584    6483.0979
    40    3 Li         1.2485      86.3371    6526.8497
    41    3 Li         0.8654     106.8901    8080.5995
    42    3 Li         0.9446      96.7127    7311.2138
    43    3 Li         1.2694      86.1821    6515.1286
    44    3 Li         1.5714      85.3992    6455.9425
    45    3 Li         0.9142      99.8616    7549.2621
    46    3 Li         1.2990      86.0024    6501.5454
    47    3 Li         2.3238      85.3199    6449.9516
    48    3 Li         1.2983      86.0061    6501.8267
    49    3 Li         0.9583      95.5265    7221.5410
    50    3 Li         1.0726      89.4204    6759.9384
    51    3 Li         1.1227      88.0744    6658.1808
    52    3 Li         0.6344     224.4071   16964.5613
    53    3 Li         0.5605     325.0833   24575.4070
    54    3 Li         1.2911      86.0460    6504.8420
    55    3 Li         1.3771      85.6879    6477.7701
    56    3 Li         0.6781     183.9891   13909.0758
    57    3 Li         0.9325      97.8749    7399.0747
    58    3 Li         0.7828     127.5195    9640.1232
    59    3 Li         0.6362     222.4706   16818.1677
    60    3 Li         1.2070      86.7324    6556.7287
    61    3 Li         1.2547      86.2886    6523.1840
    62    3 Li         0.9784      94.0065    7106.6311
    63    3 Li         1.0415      90.5701    6846.8539
    64    3 Li         0.7590     136.5583   10323.4359
    65    3 Li         1.1758      87.1284    6586.6658
    66    3 Li         1.2902      86.0516    6505.2641
    67    3 Li         0.5648     317.9749   24038.0283
    68    3 Li         1.3574      85.7499    6482.4601
    69    8 O          0.3687      14.7559     297.7828
    70    8 O          0.3221      14.9392     301.4817
    71    8 O          0.5918      13.6352     275.1649
    72    8 O          0.2408      15.1757     306.2542
    73    8 O          0.4441      14.3945     290.4889
    74    8 O          0.2110      15.2383     307.5179
    75    8 O          0.3385      14.8787     300.2598
    76    8 O          0.4637      14.2918     288.4166
    77    8 O          0.4937      14.1316     285.1837
    78    8 O          0.3782      14.7143     296.9433
    79    8 O          0.5808      13.6863     276.1965
    80    8 O          0.7588      13.0894     264.1507
    81    8 O          0.6087      13.5606     273.6599
    82    8 O          0.3588      14.7976     298.6241
    83    8 O          0.4669      14.2749     288.0754
    84    8 O          0.6152      13.5328     273.0992
    85    8 O          0.4075      14.5783     294.1984
    86    8 O          0.4306      14.4638     291.8870
    87    8 O          0.5300      13.9391     281.2992
    88    8 O          0.4205      14.5148     292.9160
    89    8 O          0.3395      14.8750     300.1863
    90    8 O          0.3982      14.6230     295.1009
    91    8 O          0.3715      14.7438     297.5388
    92    8 O          0.6119      13.5467     273.3798
    93    8 O          0.3526      14.8231     299.1380
    94    8 O          0.4477      14.3757     290.1087
    95    8 O          0.2970      15.0233     303.1777
    96    8 O          0.5518      13.8278     279.0516
    97    8 O          0.3277      14.9189     301.0724
    98    8 O          0.3749      14.7292     297.2439
    99    8 O          0.4183      14.5256     293.1350
   100    8 O          0.3520      14.8254     299.1854
   101    8 O          0.4020      14.6046     294.7292
   102    8 O          0.3616      14.7863     298.3958
--------------------------------------------------------

Atom-resolved dispersion energies:
--------------------------------------------------
     #    Z           [Hartree]      [kcal/mol]
--------------------------------------------------
     1    3 Li  -0.31172582E-02     -1.95610907
     2    3 Li  -0.33147388E-02     -2.08002999
     3    3 Li  -0.30460256E-02     -1.91140990
     4    3 Li  -0.33375023E-02     -2.09431431
     5    3 Li  -0.31956807E-02     -2.00531990
     6    3 Li  -0.31770401E-02     -1.99362273
     7    3 Li  -0.31919292E-02     -2.00296581
     8    3 Li  -0.28046244E-02     -1.75992837
     9    3 Li  -0.33906611E-02     -2.12767195
    10    3 Li  -0.35061704E-02     -2.20015516
    11    3 Li  -0.30594644E-02     -1.91984291
    12    3 Li  -0.32144749E-02     -2.01711347
    13    3 Li  -0.30684174E-02     -1.92546101
    14    3 Li  -0.61612083E-02     -3.86621657
    15    3 Li  -0.31632239E-02     -1.98495294
    16    3 Li  -0.36214218E-02     -2.27247649
    17    3 Li  -0.35868396E-02     -2.25077580
    18    3 Li  -0.30519857E-02     -1.91514995
    19    3 Li  -0.45231696E-02     -2.83833176
    20    3 Li  -0.31956623E-02     -2.00530839
    21    3 Li  -0.32745889E-02     -2.05483557
    22    3 Li  -0.32068447E-02     -2.01232543
    23    3 Li  -0.50511359E-02     -3.16963562
    24    3 Li  -0.36073273E-02     -2.26363206
    25    3 Li  -0.36892718E-02     -2.31505303
    26    3 Li  -0.31416614E-02     -1.97142232
    27    3 Li  -0.28249904E-02     -1.77270821
    28    3 Li  -0.34199587E-02     -2.14605646
    29    3 Li  -0.32689468E-02     -2.05129512
    30    3 Li  -0.29519028E-02     -1.85234699
    31    3 Li  -0.37453489E-02     -2.35024192
    32    3 Li  -0.33907601E-02     -2.12773411
    33    3 Li  -0.43304574E-02     -2.71740305
    34    3 Li  -0.28024465E-02     -1.75856175
    35    3 Li  -0.33706812E-02     -2.11513436
    36    3 Li  -0.30913116E-02     -1.93982729
    37    3 Li  -0.36767205E-02     -2.30717693
    38    3 Li  -0.30973949E-02     -1.94364466
    39    3 Li  -0.31604501E-02     -1.98321236
    40    3 Li  -0.31898302E-02     -2.00164867
    41    3 Li  -0.35708131E-02     -2.24071905
    42    3 Li  -0.33955072E-02     -2.13071292
    43    3 Li  -0.31651512E-02     -1.98616237
    44    3 Li  -0.30274374E-02     -1.89974566
    45    3 Li  -0.32769153E-02     -2.05629541
    46    3 Li  -0.30599537E-02     -1.92014996
    47    3 Li  -0.28882644E-02     -1.81241326
    48    3 Li  -0.30893657E-02     -1.93860622
    49    3 Li  -0.33104473E-02     -2.07733702
    50    3 Li  -0.32664608E-02     -2.04973508
    51    3 Li  -0.32359262E-02     -2.03057437
    52    3 Li  -0.51884304E-02     -3.25578920
    53    3 Li  -0.59380622E-02     -3.72619031
    54    3 Li  -0.29685525E-02     -1.86279482
    55    3 Li  -0.29712294E-02     -1.86447457
    56    3 Li  -0.48439459E-02     -3.03962192
    57    3 Li  -0.34465871E-02     -2.16276608
    58    3 Li  -0.37539196E-02     -2.35562011
    59    3 Li  -0.51372304E-02     -3.22366073
    60    3 Li  -0.34310397E-02     -2.15300991
    61    3 Li  -0.31874218E-02     -2.00013736
    62    3 Li  -0.34222733E-02     -2.14750894
    63    3 Li  -0.31248281E-02     -1.96085926
    64    3 Li  -0.38866883E-02     -2.43893375
    65    3 Li  -0.31959672E-02     -2.00549969
    66    3 Li  -0.28852299E-02     -1.81050908
    67    3 Li  -0.57092089E-02     -3.58258268
    68    3 Li  -0.29983919E-02     -1.88151931
    69    8 O   -0.22324899E-02     -1.40090854
    70    8 O   -0.22051387E-02     -1.38374542
    71    8 O   -0.20280946E-02     -1.27264857
    72    8 O   -0.22269897E-02     -1.39745714
    73    8 O   -0.22694389E-02     -1.42409442
    74    8 O   -0.23831321E-02     -1.49543799
    75    8 O   -0.21914990E-02     -1.37518641
    76    8 O   -0.20260687E-02     -1.27137728
    77    8 O   -0.20004742E-02     -1.25531652
    78    8 O   -0.22683571E-02     -1.42341558
    79    8 O   -0.19043039E-02     -1.19496877
    80    8 O   -0.15964572E-02     -1.00179205
    81    8 O   -0.20037047E-02     -1.25734371
    82    8 O   -0.21649946E-02     -1.35855462
    83    8 O   -0.19781367E-02     -1.24129950
    84    8 O   -0.19297697E-02     -1.21094875
    85    8 O   -0.20014510E-02     -1.25592948
    86    8 O   -0.21895270E-02     -1.37394891
    87    8 O   -0.20255471E-02     -1.27105000
    88    8 O   -0.20914381E-02     -1.31239721
    89    8 O   -0.23059405E-02     -1.44699954
    90    8 O   -0.21911214E-02     -1.37494942
    91    8 O   -0.23754880E-02     -1.49064120
    92    8 O   -0.18928868E-02     -1.18780442
    93    8 O   -0.22313137E-02     -1.40017047
    94    8 O   -0.20211305E-02     -1.26827853
    95    8 O   -0.24275764E-02     -1.52332719
    96    8 O   -0.19855902E-02     -1.24597666
    97    8 O   -0.24769450E-02     -1.55430645
    98    8 O   -0.21967538E-02     -1.37848383
    99    8 O   -0.19648403E-02     -1.23295588
   100    8 O   -0.22106169E-02     -1.38718303
   101    8 O   -0.22107437E-02     -1.38726261
   102    8 O   -0.19774673E-02     -1.24087949
--------------------------------------------------

Dispersion energy:      -3.1058020491961E-01 Eh

[Info] Dispersion energy written to .EDISP
