-----------------------------------
 s i m p l e   D F T - D 3  v1.2.1
-----------------------------------

Zero (Chai-Head-Gordon) damping: pbe-D3(0)
--------------------
  s6         1.0000
  s8         0.7220
  s9         0.0000
 rs6         1.2170
 rs8         1.0000
 alp        14.0000
--------------------

Atomic radii (in Angstrom):
-------------------------------------------
   Z          R(cov)     R(vdw)      r4/r2
-------------------------------------------
  29 Cu       1.3467     1.6504     2.7654
   5 B        1.0267     1.6080     1.9286
-------------------------------------------

Atomic reference systems (in atomic units):
----------------------------------------------------------------------------
   Z        #      CN    C6(AA)   #      CN    C6(AA)   #      CN    C6(AA)
----------------------------------------------------------------------------
  29 Cu     1  0.0000  337.1808   2  0.9576  174.9969
   5 B      1  0.0000  107.1777   2  0.9706   75.3686   3  1.9441   53.1128
            4  2.9128   31.4436   5  4.5856   28.0315
----------------------------------------------------------------------------

Dispersion properties (in atomic units):
--------------------------------------------------------
     #    Z                CN       C6(AA)       C8(AA)
--------------------------------------------------------
     1   29 Cu         0.0113     331.8405   27188.0143
     2   29 Cu         0.0113     331.8405   27188.0143
     3   29 Cu         0.0113     331.8405   27188.0143
     4   29 Cu         0.0113     331.8405   27188.0143
     5   29 Cu         0.0113     331.8405   27188.0143
     6   29 Cu         0.0113     331.8405   27188.0143
     7   29 Cu         0.0113     331.8405   27188.0143
     8   29 Cu         0.0113     331.8405   27188.0143
     9   29 Cu         0.0136     331.7512   27180.6972
    10   29 Cu         0.0136     331.7512   27180.6972
    11   29 Cu         0.0136     331.7512   27180.6972
    12   29 Cu         0.0136     331.7512   27180.6972
    13   29 Cu         0.0136     331.7512   27180.6972
    14   29 Cu         0.0136     331.7512   27180.6972
    15   29 Cu         0.0136     331.7512   27180.6972
    16   29 Cu         0.0136     331.7512   27180.6972
    17    5 B          0.0131     106.3103    4236.0826
    18    5 B          0.0131     106.3103    4236.0826
    19    5 B          0.0131     106.3103    4236.0826
    20    5 B          0.0131     106.3103    4236.0826
    21    5 B          0.0131     106.3103    4236.0826
    22    5 B          0.0131     106.3103    4236.0826
    23    5 B          0.0131     106.3103    4236.0826
    24    5 B          0.0131     106.3103    4236.0826
    25    5 B          0.0183     106.2755    4234.6949
    26    5 B          0.0183     106.2755    4234.6949
    27    5 B          0.0183     106.2755    4234.6949
    28    5 B          0.0183     106.2755    4234.6949
    29    5 B          0.0183     106.2755    4234.6949
    30    5 B          0.0183     106.2755    4234.6949
    31    5 B          0.0183     106.2755    4234.6949
    32    5 B          0.0183     106.2755    4234.6949
    33    5 B          0.0184     106.2749    4234.6715
    34    5 B          0.0184     106.2749    4234.6715
    35    5 B          0.0184     106.2749    4234.6715
    36    5 B          0.0184     106.2749    4234.6715
    37    5 B          0.0184     106.2749    4234.6715
    38    5 B          0.0184     106.2749    4234.6715
    39    5 B          0.0184     106.2749    4234.6715
    40    5 B          0.0184     106.2749    4234.6715
    41    5 B          0.0171     106.2841    4235.0374
    42    5 B          0.0171     106.2841    4235.0374
    43    5 B          0.0171     106.2841    4235.0374
    44    5 B          0.0171     106.2841    4235.0374
    45    5 B          0.0171     106.2841    4235.0374
    46    5 B          0.0171     106.2841    4235.0374
    47    5 B          0.0171     106.2841    4235.0374
    48    5 B          0.0171     106.2841    4235.0374
    49    5 B          0.0123     106.3154    4236.2863
    50    5 B          0.0123     106.3154    4236.2863
    51    5 B          0.0123     106.3154    4236.2863
    52    5 B          0.0123     106.3154    4236.2863
    53    5 B          0.0123     106.3154    4236.2863
    54    5 B          0.0123     106.3154    4236.2863
    55    5 B          0.0123     106.3154    4236.2863
    56    5 B          0.0123     106.3154    4236.2863
    57    5 B          0.0177     106.2800    4234.8747
    58    5 B          0.0177     106.2800    4234.8747
    59    5 B          0.0177     106.2800    4234.8747
    60    5 B          0.0177     106.2800    4234.8747
    61    5 B          0.0177     106.2800    4234.8747
    62    5 B          0.0177     106.2800    4234.8747
    63    5 B          0.0177     106.2800    4234.8747
    64    5 B          0.0177     106.2800    4234.8747
    65    5 B          0.0154     106.2955    4235.4909
    66    5 B          0.0154     106.2955    4235.4909
    67    5 B          0.0154     106.2955    4235.4909
    68    5 B          0.0154     106.2955    4235.4909
    69    5 B          0.0154     106.2955    4235.4909
    70    5 B          0.0154     106.2955    4235.4909
    71    5 B          0.0154     106.2955    4235.4909
    72    5 B          0.0154     106.2955    4235.4909
    73    5 B          0.0163     106.2891    4235.2362
    74    5 B          0.0163     106.2891    4235.2362
    75    5 B          0.0163     106.2891    4235.2362
    76    5 B          0.0163     106.2891    4235.2362
    77    5 B          0.0163     106.2891    4235.2362
    78    5 B          0.0163     106.2891    4235.2362
    79    5 B          0.0163     106.2891    4235.2362
    80    5 B          0.0163     106.2891    4235.2362
    81    5 B          0.0174     106.2818    4234.9473
    82    5 B          0.0174     106.2818    4234.9473
    83    5 B          0.0174     106.2818    4234.9473
    84    5 B          0.0174     106.2818    4234.9473
    85    5 B          0.0174     106.2818    4234.9473
    86    5 B          0.0174     106.2818    4234.9473
    87    5 B          0.0174     106.2818    4234.9473
    88    5 B          0.0174     106.2818    4234.9473
    89    5 B          0.0142     106.3034    4235.8088
    90    5 B          0.0142     106.3034    4235.8088
    91    5 B          0.0142     106.3034    4235.8088
    92    5 B          0.0142     106.3034    4235.8088
    93    5 B          0.0142     106.3034    4235.8088
    94    5 B          0.0142     106.3034    4235.8088
    95    5 B          0.0142     106.3034    4235.8088
    96    5 B          0.0142     106.3034    4235.8088
--------------------------------------------------------

Atom-resolved dispersion energies:
--------------------------------------------------
     #    Z           [Hartree]      [kcal/mol]
--------------------------------------------------
     1   29 Cu  -0.49590190E-02     -3.11183141
     2   29 Cu  -0.49590190E-02     -3.11183141
     3   29 Cu  -0.49590190E-02     -3.11183141
     4   29 Cu  -0.49590190E-02     -3.11183141
     5   29 Cu  -0.49590190E-02     -3.11183141
     6   29 Cu  -0.49590190E-02     -3.11183141
     7   29 Cu  -0.49590190E-02     -3.11183141
     8   29 Cu  -0.49590190E-02     -3.11183141
     9   29 Cu  -0.49755207E-02     -3.12218636
    10   29 Cu  -0.49755207E-02     -3.12218636
    11   29 Cu  -0.49755207E-02     -3.12218636
    12   29 Cu  -0.49755207E-02     -3.12218636
    13   29 Cu  -0.49755207E-02     -3.12218636
    14   29 Cu  -0.49755207E-02     -3.12218636
    15   29 Cu  -0.49755207E-02     -3.12218636
    16   29 Cu  -0.49755207E-02     -3.12218636
    17    5 B   -0.23280586E-02     -1.46087886
    18    5 B   -0.23280586E-02     -1.46087886
    19    5 B   -0.23280586E-02     -1.46087886
    20    5 B   -0.23280586E-02     -1.46087886
    21    5 B   -0.23280586E-02     -1.46087886
    22    5 B   -0.23280586E-02     -1.46087886
    23    5 B   -0.23280586E-02     -1.46087886
    24    5 B   -0.23280586E-02     -1.46087886
    25    5 B   -0.25346268E-02     -1.59050230
    26    5 B   -0.25346268E-02     -1.59050230
    27    5 B   -0.25346268E-02     -1.59050230
    28    5 B   -0.25346268E-02     -1.59050230
    29    5 B   -0.25346268E-02     -1.59050230
    30    5 B   -0.25346268E-02     -1.59050230
    31    5 B   -0.25346268E-02     -1.59050230
    32    5 B   -0.25346268E-02     -1.59050230
    33    5 B   -0.28020873E-02     -1.75833634
    34    5 B   -0.28020873E-02     -1.75833634
    35    5 B   -0.28020873E-02     -1.75833634
    36    5 B   -0.28020873E-02     -1.75833634
    37    5 B   -0.28020873E-02     -1.75833634
    38    5 B   -0.28020873E-02     -1.75833634
    39    5 B   -0.28020873E-02     -1.75833634
    40    5 B   -0.28020873E-02     -1.75833634
    41    5 B   -0.23738102E-02     -1.48958842
    42    5 B   -0.23738102E-02     -1.48958842
    43    5 B   -0.23738102E-02     -1.48958842
    44    5 B   -0.23738102E-02     -1.48958842
    45    5 B   -0.23738102E-02     -1.48958842
    46    5 B   -0.23738102E-02     -1.48958842
    47    5 B   -0.23738102E-02     -1.48958842
    48    5 B   -0.23738102E-02     -1.48958842
    49    5 B   -0.24635951E-02     -1.54592929
    50    5 B   -0.24635951E-02     -1.54592929
    51    5 B   -0.24635951E-02     -1.54592929
    52    5 B   -0.24635951E-02     -1.54592929
    53    5 B   -0.24635951E-02     -1.54592929
    54    5 B   -0.24635951E-02     -1.54592929
    55    5 B   -0.24635951E-02     -1.54592929
    56    5 B   -0.24635951E-02     -1.54592929
    57    5 B   -0.29554867E-02     -1.85459592
    58    5 B   -0.29554867E-02     -1.85459592
    59    5 B   -0.29554867E-02     -1.85459592
    60    5 B   -0.29554867E-02     -1.85459592
    61    5 B   -0.29554867E-02     -1.85459592
    62    5 B   -0.29554867E-02     -1.85459592
    63    5 B   -0.29554867E-02     -1.85459592
    64    5 B   -0.29554867E-02     -1.85459592
    65    5 B   -0.25903458E-02     -1.62546655
    66    5 B   -0.25903458E-02     -1.62546655
    67    5 B   -0.25903458E-02     -1.62546655
    68    5 B   -0.25903458E-02     -1.62546655
    69    5 B   -0.25903458E-02     -1.62546655
    70    5 B   -0.25903458E-02     -1.62546655
    71    5 B   -0.25903458E-02     -1.62546655
    72    5 B   -0.25903458E-02     -1.62546655
    73    5 B   -0.23414166E-02     -1.46926110
    74    5 B   -0.23414166E-02     -1.46926110
    75    5 B   -0.23414166E-02     -1.46926110
    76    5 B   -0.23414166E-02     -1.46926110
    77    5 B   -0.23414166E-02     -1.46926110
    78    5 B   -0.23414166E-02     -1.46926110
    79    5 B   -0.23414166E-02     -1.46926110
    80    5 B   -0.23414166E-02     -1.46926110
    81    5 B   -0.25280399E-02     -1.58636896
    82    5 B   -0.25280399E-02     -1.58636896
    83    5 B   -0.25280399E-02     -1.58636896
    84    5 B   -0.25280399E-02     -1.58636896
    85    5 B   -0.25280399E-02     -1.58636896
    86    5 B   -0.25280399E-02     -1.58636896
    87    5 B   -0.25280399E-02     -1.58636896
    88    5 B   -0.25280399E-02     -1.58636896
    89    5 B   -0.23862927E-02     -1.49742127
    90    5 B   -0.23862927E-02     -1.49742127
    91    5 B   -0.23862927E-02     -1.49742127
    92    5 B   -0.23862927E-02     -1.49742127
    93    5 B   -0.23862927E-02     -1.49742127
    94    5 B   -0.23862927E-02     -1.49742127
    95    5 B   -0.23862927E-02     -1.49742127
    96    5 B   -0.23862927E-02     -1.49742127
--------------------------------------------------

Dispersion energy:      -2.8190639598021E-01 Eh

[Info] Dispersion energy written to .EDISP
