-----------------------------------
 s i m p l e   D F T - D 3  v1.2.1
-----------------------------------

Zero (Chai-Head-Gordon) damping: pbe-D3(0)
--------------------
  s6         1.0000
  s8         0.7220
  s9         0.0000
 rs6         1.2170
 rs8         1.0000
 alp        14.0000
--------------------

Atomic radii (in Angstrom):
-------------------------------------------
   Z          R(cov)     R(vdw)      r4/r2
-------------------------------------------
   3 Li       1.6000     1.7478     2.6564
   8 O        0.8400     1.2408     1.3725
-------------------------------------------

Atomic reference systems (in atomic units):
----------------------------------------------------------------------------
   Z        #      CN    C6(AA)   #      CN    C6(AA)   #      CN    C6(AA)
----------------------------------------------------------------------------
   3 Li     1  0.0000 1163.4454   2  0.9865   85.3197
   8 O      1  0.0000   15.5059   2  0.9925   12.8161   3  1.9887   10.3708
----------------------------------------------------------------------------

Dispersion properties (in atomic units):
--------------------------------------------------------
     #    Z                CN       C6(AA)       C8(AA)
--------------------------------------------------------
     1    3 Li        18.9281      85.3197    6449.9358
     2    3 Li        17.6673      85.3197    6449.9358
     3    3 Li        15.8466      85.3197    6449.9358
     4    3 Li        15.8853      85.3197    6449.9358
     5    3 Li        15.8747      85.3197    6449.9358
     6    3 Li        18.5198      85.3197    6449.9358
     7    3 Li        17.1069      85.3197    6449.9358
     8    3 Li        18.0227      85.3197    6449.9358
     9    3 Li        17.7969      85.3197    6449.9358
    10    3 Li        19.4142      85.3197    6449.9358
    11    3 Li        17.7948      85.3197    6449.9358
    12    3 Li        17.4415      85.3197    6449.9358
    13    3 Li        15.7080      85.3197    6449.9358
    14    3 Li        18.3531      85.3197    6449.9358
    15    3 Li        16.4668      85.3197    6449.9358
    16    3 Li        17.9885      85.3197    6449.9358
    17    3 Li        18.3446      85.3197    6449.9358
    18    3 Li        18.7055      85.3197    6449.9358
    19    3 Li        17.2275      85.3197    6449.9358
    20    3 Li        18.5473      85.3197    6449.9358
    21    3 Li        19.7788      85.3197    6449.9358
    22    3 Li        17.7030      85.3197    6449.9358
    23    3 Li        17.3329      85.3197    6449.9358
    24    3 Li        17.2318      85.3197    6449.9358
    25    3 Li        16.6966      85.3197    6449.9358
    26    3 Li        15.5446      85.3197    6449.9358
    27    3 Li        17.1563      85.3197    6449.9358
    28    3 Li        16.9871      85.3197    6449.9358
    29    3 Li        16.5234      85.3197    6449.9358
    30    3 Li        15.8687      85.3197    6449.9358
    31    3 Li        16.7462      85.3197    6449.9358
    32    3 Li        18.6686      85.3197    6449.9358
    33    3 Li        18.9295      85.3197    6449.9358
    34    3 Li        17.7462      85.3197    6449.9358
    35    3 Li        17.7405      85.3197    6449.9358
    36    3 Li        18.3300      85.3197    6449.9358
    37    3 Li        16.6543      85.3197    6449.9358
    38    3 Li        16.3242      85.3197    6449.9358
    39    3 Li        17.7509      85.3197    6449.9358
    40    3 Li        18.1767      85.3197    6449.9358
    41    3 Li        17.1834      85.3197    6449.9358
    42    3 Li        17.6786      85.3197    6449.9358
    43    3 Li        17.7011      85.3197    6449.9358
    44    3 Li        16.7862      85.3197    6449.9358
    45    3 Li        17.8394      85.3197    6449.9358
    46    3 Li        16.4038      85.3197    6449.9358
    47    3 Li        16.4623      85.3197    6449.9358
    48    3 Li        18.8127      85.3197    6449.9358
    49    3 Li        17.6457      85.3197    6449.9358
    50    3 Li        18.7865      85.3197    6449.9358
    51    3 Li        18.2984      85.3197    6449.9358
    52    3 Li        18.7599      85.3197    6449.9358
    53    3 Li        16.9790      85.3197    6449.9358
    54    3 Li        18.0744      85.3197    6449.9358
    55    3 Li        16.9527      85.3197    6449.9358
    56    3 Li        17.2578      85.3197    6449.9358
    57    3 Li        17.8183      85.3197    6449.9358
    58    3 Li        16.9279      85.3197    6449.9358
    59    3 Li        16.4640      85.3197    6449.9358
    60    3 Li        15.9787      85.3197    6449.9358
    61    3 Li        16.9207      85.3197    6449.9358
    62    3 Li        17.5644      85.3197    6449.9358
    63    3 Li        18.4935      85.3197    6449.9358
    64    3 Li        15.5358      85.3197    6449.9358
    65    3 Li        16.1617      85.3197    6449.9358
    66    3 Li        17.9626      85.3197    6449.9358
    67    3 Li        19.1458      85.3197    6449.9358
    68    3 Li        16.8267      85.3197    6449.9358
    69    8 O          7.0408      10.3708     209.2884
    70    8 O          7.4944      10.3708     209.2884
    71    8 O          6.8572      10.3708     209.2884
    72    8 O          7.5699      10.3708     209.2884
    73    8 O          8.1255      10.3708     209.2884
    74    8 O          7.0308      10.3708     209.2884
    75    8 O          7.4851      10.3708     209.2884
    76    8 O          7.3330      10.3708     209.2884
    77    8 O          7.2873      10.3708     209.2884
    78    8 O          7.3053      10.3708     209.2884
    79    8 O          8.2077      10.3708     209.2884
    80    8 O          8.4946      10.3708     209.2884
    81    8 O          7.3473      10.3708     209.2884
    82    8 O          7.8386      10.3708     209.2884
    83    8 O          6.6254      10.3708     209.2884
    84    8 O          6.4692      10.3708     209.2884
    85    8 O          7.2862      10.3708     209.2884
    86    8 O          7.2831      10.3708     209.2884
    87    8 O          7.4592      10.3708     209.2884
    88    8 O          6.3380      10.3708     209.2884
    89    8 O          7.1204      10.3708     209.2884
    90    8 O          8.0354      10.3708     209.2884
    91    8 O          6.0960      10.3708     209.2884
    92    8 O          7.6871      10.3708     209.2884
    93    8 O          7.9352      10.3708     209.2884
    94    8 O          7.3272      10.3708     209.2884
    95    8 O          7.3529      10.3708     209.2884
    96    8 O          7.0564      10.3708     209.2884
    97    8 O          7.5851      10.3708     209.2884
    98    8 O          6.3771      10.3708     209.2884
    99    8 O          6.6837      10.3708     209.2884
   100    8 O          7.4436      10.3708     209.2884
   101    8 O          7.4500      10.3708     209.2884
   102    8 O          6.9785      10.3708     209.2884
--------------------------------------------------------

Atom-resolved dispersion energies:
--------------------------------------------------
     #    Z           [Hartree]      [kcal/mol]
--------------------------------------------------
     1    3 Li  -0.99979860E-02     -6.27383094
     2    3 Li  -0.10390600E-01     -6.52019964
     3    3 Li  -0.10211232E-01     -6.40764479
     4    3 Li  -0.10247955E-01     -6.43068862
     5    3 Li  -0.10264540E-01     -6.44109624
     6    3 Li  -0.10111059E-01     -6.34478501
     7    3 Li  -0.99954201E-02     -6.27222078
     8    3 Li  -0.10278432E-01     -6.44981332
     9    3 Li  -0.10515775E-01     -6.59874874
    10    3 Li  -0.98451029E-02     -6.17789535
    11    3 Li  -0.10041677E-01     -6.30124715
    12    3 Li  -0.10280450E-01     -6.45107967
    13    3 Li  -0.10361734E-01     -6.50208616
    14    3 Li  -0.10149940E-01     -6.36918341
    15    3 Li  -0.10413607E-01     -6.53463702
    16    3 Li  -0.10239935E-01     -6.42565609
    17    3 Li  -0.10138719E-01     -6.36214232
    18    3 Li  -0.10189218E-01     -6.39383063
    19    3 Li  -0.98353919E-02     -6.17180162
    20    3 Li  -0.10317250E-01     -6.47417209
    21    3 Li  -0.10055196E-01     -6.30973064
    22    3 Li  -0.98767846E-02     -6.19777588
    23    3 Li  -0.10237453E-01     -6.42409893
    24    3 Li  -0.98680386E-02     -6.19228769
    25    3 Li  -0.10311839E-01     -6.47077676
    26    3 Li  -0.10313787E-01     -6.47199912
    27    3 Li  -0.10163319E-01     -6.37757878
    28    3 Li  -0.10154838E-01     -6.37225710
    29    3 Li  -0.10206265E-01     -6.40452768
    30    3 Li  -0.10099183E-01     -6.33733278
    31    3 Li  -0.10150292E-01     -6.36940420
    32    3 Li  -0.10267938E-01     -6.44322843
    33    3 Li  -0.99343464E-02     -6.23389648
    34    3 Li  -0.99351287E-02     -6.23438736
    35    3 Li  -0.10004048E-01     -6.27763470
    36    3 Li  -0.10316486E-01     -6.47369245
    37    3 Li  -0.10220580E-01     -6.41351056
    38    3 Li  -0.10629105E-01     -6.66986409
    39    3 Li  -0.98365662E-02     -6.17253846
    40    3 Li  -0.10132111E-01     -6.35799569
    41    3 Li  -0.10213718E-01     -6.40920451
    42    3 Li  -0.10406559E-01     -6.53021408
    43    3 Li  -0.10122170E-01     -6.35175788
    44    3 Li  -0.10153092E-01     -6.37116171
    45    3 Li  -0.10165748E-01     -6.37910306
    46    3 Li  -0.10239550E-01     -6.42541479
    47    3 Li  -0.10350426E-01     -6.49499039
    48    3 Li  -0.98604333E-02     -6.18751533
    49    3 Li  -0.10217385E-01     -6.41150574
    50    3 Li  -0.10048836E-01     -6.30573965
    51    3 Li  -0.10010069E-01     -6.28141286
    52    3 Li  -0.10038300E-01     -6.29912838
    53    3 Li  -0.10112547E-01     -6.34571877
    54    3 Li  -0.99443823E-02     -6.24019410
    55    3 Li  -0.10514895E-01     -6.59819614
    56    3 Li  -0.10188215E-01     -6.39320158
    57    3 Li  -0.10356679E-01     -6.49891440
    58    3 Li  -0.10302663E-01     -6.46501839
    59    3 Li  -0.99974237E-02     -6.27347806
    60    3 Li  -0.10478925E-01     -6.57562460
    61    3 Li  -0.99994364E-02     -6.27474110
    62    3 Li  -0.10106527E-01     -6.34194172
    63    3 Li  -0.10047447E-01     -6.30486804
    64    3 Li  -0.10266159E-01     -6.44211230
    65    3 Li  -0.10318863E-01     -6.47518422
    66    3 Li  -0.10001280E-01     -6.27589805
    67    3 Li  -0.10099510E-01     -6.33753839
    68    3 Li  -0.10039123E-01     -6.29964457
    69    8 O   -0.54290437E-02     -3.40677638
    70    8 O   -0.60469268E-02     -3.79450383
    71    8 O   -0.56306784E-02     -3.53330402
    72    8 O   -0.58742887E-02     -3.68617180
    73    8 O   -0.57490796E-02     -3.60760192
    74    8 O   -0.58516725E-02     -3.67197993
    75    8 O   -0.59697822E-02     -3.74609491
    76    8 O   -0.57522262E-02     -3.60957643
    77    8 O   -0.58157646E-02     -3.64944741
    78    8 O   -0.59438730E-02     -3.72983659
    79    8 O   -0.57791493E-02     -3.62647096
    80    8 O   -0.57396813E-02     -3.60170442
    81    8 O   -0.55777537E-02     -3.50009326
    82    8 O   -0.55105832E-02     -3.45794315
    83    8 O   -0.55441311E-02     -3.47899480
    84    8 O   -0.59116507E-02     -3.70961683
    85    8 O   -0.57797314E-02     -3.62683622
    86    8 O   -0.56022580E-02     -3.51546996
    87    8 O   -0.54164622E-02     -3.39888135
    88    8 O   -0.56054113E-02     -3.51744869
    89    8 O   -0.55201773E-02     -3.46396358
    90    8 O   -0.53765265E-02     -3.37382129
    91    8 O   -0.56209434E-02     -3.52719522
    92    8 O   -0.57990220E-02     -3.63894124
    93    8 O   -0.55633377E-02     -3.49104713
    94    8 O   -0.58221735E-02     -3.65346903
    95    8 O   -0.57567656E-02     -3.61242494
    96    8 O   -0.58000633E-02     -3.63959469
    97    8 O   -0.58386038E-02     -3.66377918
    98    8 O   -0.56873218E-02     -3.56884830
    99    8 O   -0.60347884E-02     -3.78688687
   100    8 O   -0.56307979E-02     -3.53337905
   101    8 O   -0.57096620E-02     -3.58286700
   102    8 O   -0.57708077E-02     -3.62123648
--------------------------------------------------

Dispersion energy:      -8.8560082363833E-01 Eh

[Info] Dispersion energy written to .EDISP
