-----------------------------------
 s i m p l e   D F T - D 3  v1.2.1
-----------------------------------

Zero (Chai-Head-Gordon) damping: pbe-D3(0)
--------------------
  s6         1.0000
  s8         0.7220
  s9         0.0000
 rs6         1.2170
 rs8         1.0000
 alp        14.0000
--------------------

Atomic radii (in Angstrom):
-------------------------------------------
   Z          R(cov)     R(vdw)      r4/r2
-------------------------------------------
  12 Mg       1.6667     1.7420     2.8909
  13 Al       1.5067     2.0053     2.9910
-------------------------------------------

Atomic reference systems (in atomic units):
----------------------------------------------------------------------------
   Z        #      CN    C6(AA)   #      CN    C6(AA)   #      CN    C6(AA)
----------------------------------------------------------------------------
  12 Mg     1  0.0000  683.3758   2  0.9628  451.2708   3  1.9496  175.5616
  13 Al     1  0.0000  540.5406   2  0.9648  437.7575   3  1.9311  256.7497
            4  2.9146  153.5945
----------------------------------------------------------------------------

Dispersion properties (in atomic units):
--------------------------------------------------------
     #    Z                CN       C6(AA)       C8(AA)
--------------------------------------------------------
     1   12 Mg         0.0509     674.3812   60378.5526
     2   12 Mg         0.0509     674.3812   60378.5537
     3   12 Mg         0.0509     674.3812   60378.5519
     4   12 Mg         0.0509     674.3812   60378.5519
     5   12 Mg         0.0509     674.3839   60378.7918
     6   12 Mg         0.0509     674.3839   60378.7923
     7   12 Mg         0.0508     674.3942   60379.7180
     8   12 Mg         0.0507     674.3986   60380.1091
     9   12 Mg         0.0507     674.3961   60379.8899
    10   12 Mg         0.0507     674.3961   60379.8879
    11   12 Mg         0.0508     674.3942   60379.7168
    12   12 Mg         0.0508     674.3942   60379.7192
    13   12 Mg         0.0505     674.4087   60381.0188
    14   12 Mg         0.0505     674.4087   60381.0170
    15   12 Mg         0.0507     674.3961   60379.8885
    16   12 Mg         0.0507     674.3961   60379.8892
    17   12 Mg         0.0509     674.3839   60378.7906
    18   12 Mg         0.0505     674.4088   60381.0212
    19   12 Mg         0.0507     674.3986   60380.1080
    20   12 Mg         0.0507     674.3986   60380.1104
    21   12 Mg         0.0509     674.3812   60378.5556
    22   12 Mg         0.0509     674.3812   60378.5546
    23   12 Mg         0.0507     674.3961   60379.8898
    24   12 Mg         0.0507     674.3961   60379.8874
    25   12 Mg         0.0508     674.3940   60379.6995
    26   12 Mg         0.0508     674.3941   60379.7039
    27   12 Mg         0.0508     674.3941   60379.7039
    28   12 Mg         0.0507     674.3974   60380.0046
    29   12 Mg         0.0507     674.3975   60380.0077
    30   12 Mg         0.0507     674.3974   60380.0071
    31   12 Mg         0.0507     674.3975   60380.0077
    32   12 Mg         0.0507     674.3975   60380.0077
    33   12 Mg         0.0507     674.3974   60380.0064
    34   12 Mg         0.0510     674.3777   60378.2366
    35   12 Mg         0.0507     674.3989   60380.1404
    36   12 Mg         0.0507     674.3989   60380.1410
    37   12 Mg         0.0507     674.3990   60380.1417
    38   12 Mg         0.0511     674.3720   60377.7327
    39   12 Mg         0.0511     674.3720   60377.7315
    40   12 Mg         0.0511     674.3721   60377.7334
    41   12 Mg         0.0511     674.3721   60377.7333
    42   12 Mg         0.0511     674.3720   60377.7321
    43   12 Mg         0.0511     674.3720   60377.7321
    44   12 Mg         0.0505     674.4087   60381.0186
    45   12 Mg         0.0505     674.4088   60381.0199
    46   12 Mg         0.0505     674.4087   60381.0162
    47   12 Mg         0.0515     674.3469   60375.4823
    48   12 Mg         0.0515     674.3469   60375.4804
    49   12 Mg         0.0515     674.3469   60375.4829
    50   12 Mg         0.0513     674.3593   60376.5925
    51   12 Mg         0.0508     674.3887   60379.2247
    52   12 Mg         0.0508     674.3887   60379.2247
    53   12 Mg         0.0508     674.3887   60379.2247
    54   12 Mg         0.0508     674.3887   60379.2222
    55   12 Mg         0.0508     674.3887   60379.2260
    56   12 Mg         0.0508     674.3887   60379.2248
    57   12 Mg         0.0507     674.3988   60380.1245
    58   12 Mg         0.0507     674.3987   60380.1227
    59   12 Mg         0.0507     674.3988   60380.1263
    60   12 Mg         0.0506     674.4041   60380.6046
    61   12 Mg         0.0506     674.4041   60380.6052
    62   12 Mg         0.0506     674.4041   60380.6070
    63   12 Mg         0.0506     674.4041   60380.6064
    64   12 Mg         0.0506     674.4041   60380.6064
    65   12 Mg         0.0506     674.4041   60380.6058
    66   12 Mg         0.0508     674.3928   60379.5877
    67   12 Mg         0.0508     674.3928   60379.5871
    68   12 Mg         0.0508     674.3928   60379.5908
    69   12 Mg         0.0509     674.3876   60379.1269
    70   12 Mg         0.0509     674.3876   60379.1245
    71   12 Mg         0.0509     674.3876   60379.1257
    72   12 Mg         0.0507     674.4002   60380.2554
    73   12 Mg         0.0507     674.4002   60380.2530
    74   12 Mg         0.0507     674.4002   60380.2548
    75   12 Mg         0.0512     674.3640   60377.0122
    76   12 Mg         0.0509     674.3856   60378.9508
    77   12 Mg         0.0509     674.3857   60378.9527
    78   12 Mg         0.0507     674.3953   60379.8128
    79   12 Mg         0.0507     674.3952   60379.8085
    80   12 Mg         0.0507     674.3969   60379.9564
    81   12 Mg         0.0507     674.3969   60379.9571
    82   12 Mg         0.0506     674.4066   60380.8252
    83   12 Mg         0.0507     674.3953   60379.8135
    84   12 Mg         0.0507     674.3952   60379.8098
    85   12 Mg         0.0504     674.4161   60381.6758
    86   12 Mg         0.0506     674.4034   60380.5358
    87   12 Mg         0.0506     674.4034   60380.5376
    88   12 Mg         0.0507     674.3953   60379.8140
    89   12 Mg         0.0507     674.3953   60379.8116
    90   12 Mg         0.0504     674.4161   60381.6734
    91   12 Mg         0.0504     674.4161   60381.6782
    92   12 Mg         0.0507     674.3969   60379.9571
    93   12 Mg         0.0507     674.3969   60379.9571
    94   12 Mg         0.0509     674.3857   60378.9533
    95   12 Mg         0.0506     674.4033   60380.5352
    96   12 Mg         0.0512     674.3640   60377.0153
    97   12 Mg         0.0512     674.3640   60377.0141
    98   12 Mg         0.0507     674.3969   60379.9576
    99   12 Mg         0.0507     674.3969   60379.9552
   100   12 Mg         0.0507     674.4002   60380.2524
   101   12 Mg         0.0507     674.4002   60380.2500
   102   12 Mg         0.0507     674.4002   60380.2518
   103   12 Mg         0.0509     674.3876   60379.1296
   104   12 Mg         0.0509     674.3876   60379.1272
   105   12 Mg         0.0509     674.3876   60379.1285
   106   12 Mg         0.0508     674.3928   60379.5890
   107   12 Mg         0.0508     674.3928   60379.5884
   108   12 Mg         0.0508     674.3928   60379.5921
   109   12 Mg         0.0506     674.4041   60380.6037
   110   12 Mg         0.0506     674.4041   60380.6043
   111   12 Mg         0.0506     674.4041   60380.6062
   112   12 Mg         0.0506     674.4041   60380.6056
   113   12 Mg         0.0506     674.4041   60380.6056
   114   12 Mg         0.0506     674.4041   60380.6050
   115   12 Mg         0.0507     674.3987   60380.1235
   116   12 Mg         0.0507     674.3987   60380.1217
   117   12 Mg         0.0507     674.3988   60380.1253
   118   12 Mg         0.0508     674.3887   60379.2249
   119   12 Mg         0.0508     674.3887   60379.2249
   120   12 Mg         0.0508     674.3887   60379.2248
   121   12 Mg         0.0508     674.3887   60379.2224
   122   12 Mg         0.0508     674.3887   60379.2262
   123   12 Mg         0.0508     674.3887   60379.2250
   124   12 Mg         0.0513     674.3593   60376.5925
   125   12 Mg         0.0515     674.3474   60375.5294
   126   12 Mg         0.0515     674.3474   60375.5274
   127   12 Mg         0.0515     674.3474   60375.5299
   128   12 Mg         0.0505     674.4087   60381.0186
   129   12 Mg         0.0505     674.4088   60381.0199
   130   12 Mg         0.0505     674.4087   60381.0162
   131   12 Mg         0.0511     674.3726   60377.7789
   132   12 Mg         0.0511     674.3725   60377.7777
   133   12 Mg         0.0511     674.3726   60377.7796
   134   12 Mg         0.0511     674.3726   60377.7795
   135   12 Mg         0.0511     674.3726   60377.7783
   136   12 Mg         0.0511     674.3726   60377.7783
   137   12 Mg         0.0507     674.3989   60380.1407
   138   12 Mg         0.0507     674.3989   60380.1412
   139   12 Mg         0.0507     674.3990   60380.1419
   140   12 Mg         0.0510     674.3777   60378.2389
   141   12 Mg         0.0507     674.3974   60380.0044
   142   12 Mg         0.0507     674.3975   60380.0075
   143   12 Mg         0.0507     674.3974   60380.0069
   144   12 Mg         0.0507     674.3975   60380.0074
   145   12 Mg         0.0507     674.3975   60380.0075
   146   12 Mg         0.0507     674.3974   60380.0062
   147   12 Mg         0.0508     674.3940   60379.6979
   148   12 Mg         0.0508     674.3940   60379.7022
   149   12 Mg         0.0508     674.3940   60379.7022
   150   13 Al         0.0351     537.2115   51486.8636
--------------------------------------------------------

Atom-resolved dispersion energies:
--------------------------------------------------
     #    Z           [Hartree]      [kcal/mol]
--------------------------------------------------
     1   12 Mg  -0.83590966E-02     -5.24541229
     2   12 Mg  -0.83590824E-02     -5.24540337
     3   12 Mg  -0.83591035E-02     -5.24541662
     4   12 Mg  -0.83591083E-02     -5.24541967
     5   12 Mg  -0.82682393E-02     -5.18839851
     6   12 Mg  -0.82682357E-02     -5.18839624
     7   12 Mg  -0.82546655E-02     -5.17988081
     8   12 Mg  -0.82482973E-02     -5.17588469
     9   12 Mg  -0.82515640E-02     -5.17793456
    10   12 Mg  -0.82515848E-02     -5.17794765
    11   12 Mg  -0.82546788E-02     -5.17988916
    12   12 Mg  -0.82546527E-02     -5.17987277
    13   12 Mg  -0.82355658E-02     -5.16789553
    14   12 Mg  -0.82355856E-02     -5.16790800
    15   12 Mg  -0.82515796E-02     -5.17794436
    16   12 Mg  -0.82515724E-02     -5.17793983
    17   12 Mg  -0.82682522E-02     -5.18840659
    18   12 Mg  -0.82355411E-02     -5.16788008
    19   12 Mg  -0.82483079E-02     -5.17589135
    20   12 Mg  -0.82482783E-02     -5.17587281
    21   12 Mg  -0.83590621E-02     -5.24539066
    22   12 Mg  -0.83590743E-02     -5.24539835
    23   12 Mg  -0.82515637E-02     -5.17793438
    24   12 Mg  -0.82515910E-02     -5.17795154
    25   12 Mg  -0.83489474E-02     -5.23904357
    26   12 Mg  -0.83489010E-02     -5.23901448
    27   12 Mg  -0.83489006E-02     -5.23901420
    28   12 Mg  -0.82512495E-02     -5.17773721
    29   12 Mg  -0.82512144E-02     -5.17771522
    30   12 Mg  -0.82512193E-02     -5.17771828
    31   12 Mg  -0.82512149E-02     -5.17771552
    32   12 Mg  -0.82512119E-02     -5.17771361
    33   12 Mg  -0.82512300E-02     -5.17772500
    34   12 Mg  -0.82687798E-02     -5.18873767
    35   12 Mg  -0.82472346E-02     -5.17521786
    36   12 Mg  -0.82472297E-02     -5.17521475
    37   12 Mg  -0.82472227E-02     -5.17521039
    38   12 Mg  -0.82736028E-02     -5.19176412
    39   12 Mg  -0.82736154E-02     -5.19177205
    40   12 Mg  -0.82735938E-02     -5.19175847
    41   12 Mg  -0.82735965E-02     -5.19176017
    42   12 Mg  -0.82736098E-02     -5.19176854
    43   12 Mg  -0.82736082E-02     -5.19176753
    44   12 Mg  -0.82375148E-02     -5.16911859
    45   12 Mg  -0.82375000E-02     -5.16910927
    46   12 Mg  -0.82375400E-02     -5.16913440
    47   12 Mg  -0.83018700E-02     -5.20950208
    48   12 Mg  -0.83018917E-02     -5.20951568
    49   12 Mg  -0.83018616E-02     -5.20949679
    50   12 Mg  -0.82896291E-02     -5.20182078
    51   12 Mg  -0.82592614E-02     -5.18276476
    52   12 Mg  -0.82592596E-02     -5.18276367
    53   12 Mg  -0.82592615E-02     -5.18276486
    54   12 Mg  -0.82592897E-02     -5.18278254
    55   12 Mg  -0.82592458E-02     -5.18275500
    56   12 Mg  -0.82592579E-02     -5.18276255
    57   12 Mg  -0.82456341E-02     -5.17421353
    58   12 Mg  -0.82456524E-02     -5.17422503
    59   12 Mg  -0.82456126E-02     -5.17420004
    60   12 Mg  -0.82435336E-02     -5.17289540
    61   12 Mg  -0.82435266E-02     -5.17289103
    62   12 Mg  -0.82435071E-02     -5.17287880
    63   12 Mg  -0.82435123E-02     -5.17288207
    64   12 Mg  -0.82435136E-02     -5.17288290
    65   12 Mg  -0.82435186E-02     -5.17288600
    66   12 Mg  -0.82541603E-02     -5.17956382
    67   12 Mg  -0.82541662E-02     -5.17956752
    68   12 Mg  -0.82541266E-02     -5.17954267
    69   12 Mg  -0.82603437E-02     -5.18344395
    70   12 Mg  -0.82603707E-02     -5.18346089
    71   12 Mg  -0.82603552E-02     -5.18345117
    72   12 Mg  -0.82435329E-02     -5.17289500
    73   12 Mg  -0.82435607E-02     -5.17291247
    74   12 Mg  -0.82435420E-02     -5.17290071
    75   12 Mg  -0.82839799E-02     -5.19827586
    76   12 Mg  -0.82623815E-02     -5.18472264
    77   12 Mg  -0.82623623E-02     -5.18471063
    78   12 Mg  -0.82501737E-02     -5.17706218
    79   12 Mg  -0.82502220E-02     -5.17709250
    80   12 Mg  -0.82499962E-02     -5.17695077
    81   12 Mg  -0.82499882E-02     -5.17694577
    82   12 Mg  -0.82401959E-02     -5.17080100
    83   12 Mg  -0.82501638E-02     -5.17705596
    84   12 Mg  -0.82502064E-02     -5.17708267
    85   12 Mg  -0.82304916E-02     -5.16471148
    86   12 Mg  -0.82417149E-02     -5.17175417
    87   12 Mg  -0.82416918E-02     -5.17173968
    88   12 Mg  -0.82501617E-02     -5.17705463
    89   12 Mg  -0.82501847E-02     -5.17706906
    90   12 Mg  -0.82305186E-02     -5.16472838
    91   12 Mg  -0.82304665E-02     -5.16469571
    92   12 Mg  -0.82499865E-02     -5.17694466
    93   12 Mg  -0.82499877E-02     -5.17694543
    94   12 Mg  -0.82623537E-02     -5.18470525
    95   12 Mg  -0.82417219E-02     -5.17175855
    96   12 Mg  -0.82839460E-02     -5.19825457
    97   12 Mg  -0.82839580E-02     -5.19826215
    98   12 Mg  -0.82499853E-02     -5.17694395
    99   12 Mg  -0.82500058E-02     -5.17695677
   100   12 Mg  -0.82435654E-02     -5.17291541
   101   12 Mg  -0.82435933E-02     -5.17293288
   102   12 Mg  -0.82435745E-02     -5.17292113
   103   12 Mg  -0.82603084E-02     -5.18342179
   104   12 Mg  -0.82603354E-02     -5.18343873
   105   12 Mg  -0.82603199E-02     -5.18342901
   106   12 Mg  -0.82541355E-02     -5.17954825
   107   12 Mg  -0.82541414E-02     -5.17955195
   108   12 Mg  -0.82541018E-02     -5.17952710
   109   12 Mg  -0.82435375E-02     -5.17289785
   110   12 Mg  -0.82435305E-02     -5.17289347
   111   12 Mg  -0.82435110E-02     -5.17288124
   112   12 Mg  -0.82435162E-02     -5.17288452
   113   12 Mg  -0.82435175E-02     -5.17288535
   114   12 Mg  -0.82435225E-02     -5.17288845
   115   12 Mg  -0.82456452E-02     -5.17422047
   116   12 Mg  -0.82456635E-02     -5.17423197
   117   12 Mg  -0.82456237E-02     -5.17420698
   118   12 Mg  -0.82592549E-02     -5.18276069
   119   12 Mg  -0.82592532E-02     -5.18275961
   120   12 Mg  -0.82592551E-02     -5.18276080
   121   12 Mg  -0.82592832E-02     -5.18277848
   122   12 Mg  -0.82592394E-02     -5.18275094
   123   12 Mg  -0.82592514E-02     -5.18275849
   124   12 Mg  -0.82896269E-02     -5.20181944
   125   12 Mg  -0.83013753E-02     -5.20919167
   126   12 Mg  -0.83013970E-02     -5.20920526
   127   12 Mg  -0.83013669E-02     -5.20918638
   128   12 Mg  -0.82375140E-02     -5.16911810
   129   12 Mg  -0.82374992E-02     -5.16910878
   130   12 Mg  -0.82375392E-02     -5.16913391
   131   12 Mg  -0.82730868E-02     -5.19144038
   132   12 Mg  -0.82730995E-02     -5.19144830
   133   12 Mg  -0.82730778E-02     -5.19143473
   134   12 Mg  -0.82730805E-02     -5.19143642
   135   12 Mg  -0.82730939E-02     -5.19144480
   136   12 Mg  -0.82730923E-02     -5.19144378
   137   12 Mg  -0.82472206E-02     -5.17520904
   138   12 Mg  -0.82472156E-02     -5.17520592
   139   12 Mg  -0.82472087E-02     -5.17520157
   140   12 Mg  -0.82686511E-02     -5.18865688
   141   12 Mg  -0.82512173E-02     -5.17771701
   142   12 Mg  -0.82511822E-02     -5.17769502
   143   12 Mg  -0.82511871E-02     -5.17769809
   144   12 Mg  -0.82511827E-02     -5.17769532
   145   12 Mg  -0.82511797E-02     -5.17769341
   146   12 Mg  -0.82511978E-02     -5.17770480
   147   12 Mg  -0.83489557E-02     -5.23904881
   148   12 Mg  -0.83489093E-02     -5.23901971
   149   12 Mg  -0.83489089E-02     -5.23901943
   150   13 Al  -0.82057728E-02     -5.14920018
--------------------------------------------------

Dispersion energy:      -1.2394653813655E+00 Eh

[Info] Dispersion energy written to .EDISP
