-----------------------------------
 s i m p l e   D F T - D 3  v1.2.1
-----------------------------------

Zero (Chai-Head-Gordon) damping: pbe-D3(0)
--------------------
  s6         1.0000
  s8         0.7220
  s9         0.0000
 rs6         1.2170
 rs8         1.0000
 alp        14.0000
--------------------

Atomic radii (in Angstrom):
-------------------------------------------
   Z          R(cov)     R(vdw)      r4/r2
-------------------------------------------
  12 Mg       1.6667     1.7420     2.8909
  13 Al       1.5067     2.0053     2.9910
-------------------------------------------

Atomic reference systems (in atomic units):
----------------------------------------------------------------------------
   Z        #      CN    C6(AA)   #      CN    C6(AA)   #      CN    C6(AA)
----------------------------------------------------------------------------
  12 Mg     1  0.0000  683.3758   2  0.9628  451.2708   3  1.9496  175.5616
  13 Al     1  0.0000  540.5406   2  0.9648  437.7575   3  1.9311  256.7497
            4  2.9146  153.5945
----------------------------------------------------------------------------

Dispersion properties (in atomic units):
--------------------------------------------------------
     #    Z                CN       C6(AA)       C8(AA)
--------------------------------------------------------
     1   12 Mg         0.0103     676.7322   60589.0402
     2   12 Mg         0.0103     676.7322   60589.0404
     3   12 Mg         0.0103     676.7322   60589.0401
     4   12 Mg         0.0103     676.7322   60589.0401
     5   12 Mg         0.0103     676.7324   60589.0616
     6   12 Mg         0.0103     676.7324   60589.0617
     7   12 Mg         0.0102     676.7337   60589.1720
     8   12 Mg         0.0102     676.7343   60589.2310
     9   12 Mg         0.0102     676.7340   60589.2000
    10   12 Mg         0.0102     676.7340   60589.1997
    11   12 Mg         0.0102     676.7337   60589.1718
    12   12 Mg         0.0102     676.7337   60589.1721
    13   12 Mg         0.0102     676.7355   60589.3385
    14   12 Mg         0.0102     676.7355   60589.3383
    15   12 Mg         0.0102     676.7340   60589.1998
    16   12 Mg         0.0102     676.7340   60589.1999
    17   12 Mg         0.0103     676.7324   60589.0615
    18   12 Mg         0.0102     676.7355   60589.3388
    19   12 Mg         0.0102     676.7343   60589.2309
    20   12 Mg         0.0102     676.7343   60589.2311
    21   12 Mg         0.0103     676.7322   60589.0406
    22   12 Mg         0.0103     676.7322   60589.0405
    23   12 Mg         0.0102     676.7340   60589.2000
    24   12 Mg         0.0102     676.7340   60589.1997
    25   12 Mg         0.0102     676.7337   60589.1800
    26   12 Mg         0.0102     676.7338   60589.1806
    27   12 Mg         0.0102     676.7338   60589.1806
    28   12 Mg         0.0102     676.7341   60589.2147
    29   12 Mg         0.0102     676.7341   60589.2151
    30   12 Mg         0.0102     676.7341   60589.2150
    31   12 Mg         0.0102     676.7341   60589.2151
    32   12 Mg         0.0102     676.7341   60589.2151
    33   12 Mg         0.0102     676.7341   60589.2150
    34   12 Mg         0.0103     676.7317   60588.9966
    35   12 Mg         0.0102     676.7343   60589.2286
    36   12 Mg         0.0102     676.7343   60589.2287
    37   12 Mg         0.0102     676.7343   60589.2288
    38   12 Mg         0.0103     676.7311   60588.9402
    39   12 Mg         0.0103     676.7311   60588.9400
    40   12 Mg         0.0103     676.7311   60588.9402
    41   12 Mg         0.0103     676.7311   60588.9402
    42   12 Mg         0.0103     676.7311   60588.9401
    43   12 Mg         0.0103     676.7311   60588.9401
    44   12 Mg         0.0102     676.7355   60589.3388
    45   12 Mg         0.0102     676.7355   60589.3389
    46   12 Mg         0.0102     676.7355   60589.3385
    47   12 Mg         0.0103     676.7281   60588.6784
    48   12 Mg         0.0103     676.7281   60588.6781
    49   12 Mg         0.0103     676.7281   60588.6785
    50   12 Mg         0.0103     676.7295   60588.8019
    51   12 Mg         0.0102     676.7331   60589.1188
    52   12 Mg         0.0102     676.7331   60589.1188
    53   12 Mg         0.0102     676.7331   60589.1188
    54   12 Mg         0.0102     676.7331   60589.1185
    55   12 Mg         0.0102     676.7331   60589.1189
    56   12 Mg         0.0102     676.7331   60589.1188
    57   12 Mg         0.0102     676.7343   60589.2284
    58   12 Mg         0.0102     676.7343   60589.2282
    59   12 Mg         0.0102     676.7343   60589.2286
    60   12 Mg         0.0102     676.7349   60589.2854
    61   12 Mg         0.0102     676.7349   60589.2855
    62   12 Mg         0.0102     676.7349   60589.2857
    63   12 Mg         0.0102     676.7349   60589.2856
    64   12 Mg         0.0102     676.7349   60589.2856
    65   12 Mg         0.0102     676.7349   60589.2855
    66   12 Mg         0.0102     676.7335   60589.1608
    67   12 Mg         0.0102     676.7335   60589.1607
    68   12 Mg         0.0102     676.7335   60589.1612
    69   12 Mg         0.0103     676.7329   60589.1015
    70   12 Mg         0.0103     676.7329   60589.1012
    71   12 Mg         0.0103     676.7329   60589.1013
    72   12 Mg         0.0102     676.7345   60589.2438
    73   12 Mg         0.0102     676.7345   60589.2435
    74   12 Mg         0.0102     676.7345   60589.2437
    75   12 Mg         0.0103     676.7301   60588.8503
    76   12 Mg         0.0103     676.7326   60589.0807
    77   12 Mg         0.0103     676.7326   60589.0810
    78   12 Mg         0.0102     676.7338   60589.1872
    79   12 Mg         0.0102     676.7338   60589.1866
    80   12 Mg         0.0102     676.7340   60589.2056
    81   12 Mg         0.0102     676.7340   60589.2057
    82   12 Mg         0.0102     676.7352   60589.3117
    83   12 Mg         0.0102     676.7338   60589.1873
    84   12 Mg         0.0102     676.7338   60589.1868
    85   12 Mg         0.0102     676.7363   60589.4084
    86   12 Mg         0.0102     676.7349   60589.2802
    87   12 Mg         0.0102     676.7349   60589.2804
    88   12 Mg         0.0102     676.7338   60589.1873
    89   12 Mg         0.0102     676.7338   60589.1870
    90   12 Mg         0.0102     676.7363   60589.4081
    91   12 Mg         0.0102     676.7363   60589.4087
    92   12 Mg         0.0102     676.7340   60589.2057
    93   12 Mg         0.0102     676.7340   60589.2057
    94   12 Mg         0.0103     676.7326   60589.0810
    95   12 Mg         0.0102     676.7349   60589.2801
    96   12 Mg         0.0103     676.7301   60588.8507
    97   12 Mg         0.0103     676.7301   60588.8506
    98   12 Mg         0.0102     676.7340   60589.2057
    99   12 Mg         0.0102     676.7340   60589.2054
   100   12 Mg         0.0102     676.7345   60589.2434
   101   12 Mg         0.0102     676.7345   60589.2431
   102   12 Mg         0.0102     676.7345   60589.2433
   103   12 Mg         0.0103     676.7329   60589.1018
   104   12 Mg         0.0103     676.7329   60589.1015
   105   12 Mg         0.0103     676.7329   60589.1017
   106   12 Mg         0.0102     676.7335   60589.1610
   107   12 Mg         0.0102     676.7335   60589.1609
   108   12 Mg         0.0102     676.7335   60589.1613
   109   12 Mg         0.0102     676.7349   60589.2853
   110   12 Mg         0.0102     676.7349   60589.2854
   111   12 Mg         0.0102     676.7349   60589.2856
   112   12 Mg         0.0102     676.7349   60589.2855
   113   12 Mg         0.0102     676.7349   60589.2855
   114   12 Mg         0.0102     676.7349   60589.2855
   115   12 Mg         0.0102     676.7343   60589.2283
   116   12 Mg         0.0102     676.7343   60589.2281
   117   12 Mg         0.0102     676.7343   60589.2285
   118   12 Mg         0.0102     676.7331   60589.1188
   119   12 Mg         0.0102     676.7331   60589.1188
   120   12 Mg         0.0102     676.7331   60589.1188
   121   12 Mg         0.0102     676.7331   60589.1185
   122   12 Mg         0.0102     676.7331   60589.1190
   123   12 Mg         0.0102     676.7331   60589.1188
   124   12 Mg         0.0103     676.7295   60588.8020
   125   12 Mg         0.0103     676.7282   60588.6840
   126   12 Mg         0.0103     676.7282   60588.6838
   127   12 Mg         0.0103     676.7282   60588.6841
   128   12 Mg         0.0102     676.7355   60589.3388
   129   12 Mg         0.0102     676.7355   60589.3389
   130   12 Mg         0.0102     676.7355   60589.3385
   131   12 Mg         0.0103     676.7311   60588.9458
   132   12 Mg         0.0103     676.7311   60588.9456
   133   12 Mg         0.0103     676.7311   60588.9458
   134   12 Mg         0.0103     676.7311   60588.9458
   135   12 Mg         0.0103     676.7311   60588.9457
   136   12 Mg         0.0103     676.7311   60588.9457
   137   12 Mg         0.0102     676.7343   60589.2287
   138   12 Mg         0.0102     676.7343   60589.2287
   139   12 Mg         0.0102     676.7343   60589.2288
   140   12 Mg         0.0103     676.7317   60588.9971
   141   12 Mg         0.0102     676.7341   60589.2148
   142   12 Mg         0.0102     676.7341   60589.2151
   143   12 Mg         0.0102     676.7341   60589.2151
   144   12 Mg         0.0102     676.7341   60589.2151
   145   12 Mg         0.0102     676.7341   60589.2152
   146   12 Mg         0.0102     676.7341   60589.2150
   147   12 Mg         0.0102     676.7337   60589.1799
   148   12 Mg         0.0102     676.7337   60589.1804
   149   12 Mg         0.0102     676.7337   60589.1804
   150   13 Al         0.0075     537.8334   51546.4716
--------------------------------------------------------

Atom-resolved dispersion energies:
--------------------------------------------------
     #    Z           [Hartree]      [kcal/mol]
--------------------------------------------------
     1   12 Mg  -0.31194561E-02     -1.95748826
     2   12 Mg  -0.31194492E-02     -1.95748394
     3   12 Mg  -0.31194598E-02     -1.95749057
     4   12 Mg  -0.31194613E-02     -1.95749154
     5   12 Mg  -0.30813952E-02     -1.93360471
     6   12 Mg  -0.30813930E-02     -1.93360328
     7   12 Mg  -0.30751160E-02     -1.92966441
     8   12 Mg  -0.30723291E-02     -1.92791563
     9   12 Mg  -0.30737859E-02     -1.92882975
    10   12 Mg  -0.30737968E-02     -1.92883661
    11   12 Mg  -0.30751229E-02     -1.92966875
    12   12 Mg  -0.30751093E-02     -1.92966023
    13   12 Mg  -0.30663569E-02     -1.92416798
    14   12 Mg  -0.30663671E-02     -1.92417439
    15   12 Mg  -0.30737939E-02     -1.92883477
    16   12 Mg  -0.30737901E-02     -1.92883243
    17   12 Mg  -0.30814019E-02     -1.93360890
    18   12 Mg  -0.30663437E-02     -1.92415970
    19   12 Mg  -0.30723350E-02     -1.92791933
    20   12 Mg  -0.30723206E-02     -1.92791029
    21   12 Mg  -0.31194386E-02     -1.95747729
    22   12 Mg  -0.31194447E-02     -1.95748113
    23   12 Mg  -0.30737861E-02     -1.92882990
    24   12 Mg  -0.30738000E-02     -1.92883860
    25   12 Mg  -0.31138295E-02     -1.95395748
    26   12 Mg  -0.31138056E-02     -1.95394254
    27   12 Mg  -0.31138055E-02     -1.95394243
    28   12 Mg  -0.30734818E-02     -1.92863894
    29   12 Mg  -0.30734640E-02     -1.92862778
    30   12 Mg  -0.30734669E-02     -1.92862960
    31   12 Mg  -0.30734642E-02     -1.92862791
    32   12 Mg  -0.30734632E-02     -1.92862725
    33   12 Mg  -0.30734716E-02     -1.92863254
    34   12 Mg  -0.30828797E-02     -1.93453624
    35   12 Mg  -0.30719014E-02     -1.92764725
    36   12 Mg  -0.30718987E-02     -1.92764551
    37   12 Mg  -0.30718949E-02     -1.92764318
    38   12 Mg  -0.30855087E-02     -1.93618595
    39   12 Mg  -0.30855154E-02     -1.93619012
    40   12 Mg  -0.30855044E-02     -1.93618325
    41   12 Mg  -0.30855053E-02     -1.93618380
    42   12 Mg  -0.30855123E-02     -1.93618817
    43   12 Mg  -0.30855117E-02     -1.93618781
    44   12 Mg  -0.30668855E-02     -1.92449971
    45   12 Mg  -0.30668779E-02     -1.92449496
    46   12 Mg  -0.30668987E-02     -1.92450799
    47   12 Mg  -0.30996021E-02     -1.94502970
    48   12 Mg  -0.30996132E-02     -1.94503663
    49   12 Mg  -0.30995983E-02     -1.94502731
    50   12 Mg  -0.30930686E-02     -1.94092984
    51   12 Mg  -0.30776998E-02     -1.93128577
    52   12 Mg  -0.30776992E-02     -1.93128541
    53   12 Mg  -0.30777000E-02     -1.93128590
    54   12 Mg  -0.30777141E-02     -1.93129478
    55   12 Mg  -0.30776922E-02     -1.93128103
    56   12 Mg  -0.30776986E-02     -1.93128504
    57   12 Mg  -0.30716004E-02     -1.92745835
    58   12 Mg  -0.30716101E-02     -1.92746447
    59   12 Mg  -0.30715896E-02     -1.92745161
    60   12 Mg  -0.30696718E-02     -1.92624812
    61   12 Mg  -0.30696683E-02     -1.92624593
    62   12 Mg  -0.30696581E-02     -1.92623955
    63   12 Mg  -0.30696611E-02     -1.92624141
    64   12 Mg  -0.30696615E-02     -1.92624167
    65   12 Mg  -0.30696643E-02     -1.92624345
    66   12 Mg  -0.30752825E-02     -1.92976891
    67   12 Mg  -0.30752857E-02     -1.92977092
    68   12 Mg  -0.30752653E-02     -1.92975810
    69   12 Mg  -0.30782990E-02     -1.93166176
    70   12 Mg  -0.30783127E-02     -1.93167040
    71   12 Mg  -0.30783052E-02     -1.93166567
    72   12 Mg  -0.30706456E-02     -1.92685923
    73   12 Mg  -0.30706598E-02     -1.92686809
    74   12 Mg  -0.30706499E-02     -1.92686188
    75   12 Mg  -0.30902671E-02     -1.93917186
    76   12 Mg  -0.30792447E-02     -1.93225522
    77   12 Mg  -0.30792345E-02     -1.93224883
    78   12 Mg  -0.30736610E-02     -1.92875138
    79   12 Mg  -0.30736855E-02     -1.92876676
    80   12 Mg  -0.30731557E-02     -1.92843429
    81   12 Mg  -0.30731517E-02     -1.92843183
    82   12 Mg  -0.30681722E-02     -1.92530710
    83   12 Mg  -0.30736564E-02     -1.92874849
    84   12 Mg  -0.30736778E-02     -1.92876195
    85   12 Mg  -0.30634249E-02     -1.92232817
    86   12 Mg  -0.30693057E-02     -1.92601840
    87   12 Mg  -0.30692944E-02     -1.92601130
    88   12 Mg  -0.30736545E-02     -1.92874731
    89   12 Mg  -0.30736670E-02     -1.92875514
    90   12 Mg  -0.30634388E-02     -1.92233685
    91   12 Mg  -0.30634117E-02     -1.92231985
    92   12 Mg  -0.30731512E-02     -1.92843150
    93   12 Mg  -0.30731516E-02     -1.92843174
    94   12 Mg  -0.30792305E-02     -1.93224632
    95   12 Mg  -0.30693092E-02     -1.92602061
    96   12 Mg  -0.30902496E-02     -1.93916087
    97   12 Mg  -0.30902561E-02     -1.93916498
    98   12 Mg  -0.30731496E-02     -1.92843048
    99   12 Mg  -0.30731613E-02     -1.92843784
   100   12 Mg  -0.30706623E-02     -1.92686971
   101   12 Mg  -0.30706764E-02     -1.92687856
   102   12 Mg  -0.30706666E-02     -1.92687236
   103   12 Mg  -0.30782820E-02     -1.93165110
   104   12 Mg  -0.30782957E-02     -1.93165974
   105   12 Mg  -0.30782882E-02     -1.93165500
   106   12 Mg  -0.30752718E-02     -1.92976217
   107   12 Mg  -0.30752750E-02     -1.92976418
   108   12 Mg  -0.30752545E-02     -1.92975136
   109   12 Mg  -0.30696748E-02     -1.92625001
   110   12 Mg  -0.30696713E-02     -1.92624782
   111   12 Mg  -0.30696611E-02     -1.92624144
   112   12 Mg  -0.30696641E-02     -1.92624330
   113   12 Mg  -0.30696645E-02     -1.92624356
   114   12 Mg  -0.30696673E-02     -1.92624534
   115   12 Mg  -0.30716061E-02     -1.92746190
   116   12 Mg  -0.30716158E-02     -1.92746801
   117   12 Mg  -0.30715953E-02     -1.92745515
   118   12 Mg  -0.30776973E-02     -1.93128420
   119   12 Mg  -0.30776967E-02     -1.93128384
   120   12 Mg  -0.30776975E-02     -1.93128433
   121   12 Mg  -0.30777116E-02     -1.93129321
   122   12 Mg  -0.30776897E-02     -1.93127946
   123   12 Mg  -0.30776961E-02     -1.93128347
   124   12 Mg  -0.30930678E-02     -1.94092938
   125   12 Mg  -0.30993438E-02     -1.94486763
   126   12 Mg  -0.30993549E-02     -1.94487455
   127   12 Mg  -0.30993400E-02     -1.94486523
   128   12 Mg  -0.30668853E-02     -1.92449958
   129   12 Mg  -0.30668777E-02     -1.92449483
   130   12 Mg  -0.30668985E-02     -1.92450786
   131   12 Mg  -0.30852455E-02     -1.93602080
   132   12 Mg  -0.30852522E-02     -1.93602496
   133   12 Mg  -0.30852412E-02     -1.93601810
   134   12 Mg  -0.30852421E-02     -1.93601864
   135   12 Mg  -0.30852491E-02     -1.93602302
   136   12 Mg  -0.30852485E-02     -1.93602265
   137   12 Mg  -0.30718965E-02     -1.92764415
   138   12 Mg  -0.30718937E-02     -1.92764242
   139   12 Mg  -0.30718900E-02     -1.92764008
   140   12 Mg  -0.30828371E-02     -1.93450950
   141   12 Mg  -0.30734731E-02     -1.92863351
   142   12 Mg  -0.30734553E-02     -1.92862234
   143   12 Mg  -0.30734582E-02     -1.92862416
   144   12 Mg  -0.30734555E-02     -1.92862247
   145   12 Mg  -0.30734545E-02     -1.92862181
   146   12 Mg  -0.30734629E-02     -1.92862710
   147   12 Mg  -0.31138356E-02     -1.95396134
   148   12 Mg  -0.31138118E-02     -1.95394640
   149   12 Mg  -0.31138116E-02     -1.95394629
   150   13 Al  -0.29730927E-02     -1.86564381
--------------------------------------------------

Dispersion energy:      -4.6178769660286E-01 Eh

[Info] Dispersion energy written to .EDISP
