-----------------------------------
 s i m p l e   D F T - D 3  v1.2.1
-----------------------------------

Zero (Chai-Head-Gordon) damping: pbe-D3(0)
--------------------
  s6         1.0000
  s8         0.7220
  s9         0.0000
 rs6         1.2170
 rs8         1.0000
 alp        14.0000
--------------------

Atomic radii (in Angstrom):
-------------------------------------------
   Z          R(cov)     R(vdw)      r4/r2
-------------------------------------------
  12 Mg       1.6667     1.7420     2.8909
  13 Al       1.5067     2.0053     2.9910
-------------------------------------------

Atomic reference systems (in atomic units):
----------------------------------------------------------------------------
   Z        #      CN    C6(AA)   #      CN    C6(AA)   #      CN    C6(AA)
----------------------------------------------------------------------------
  12 Mg     1  0.0000  683.3758   2  0.9628  451.2708   3  1.9496  175.5616
  13 Al     1  0.0000  540.5406   2  0.9648  437.7575   3  1.9311  256.7497
            4  2.9146  153.5945
----------------------------------------------------------------------------

Dispersion properties (in atomic units):
--------------------------------------------------------
     #    Z                CN       C6(AA)       C8(AA)
--------------------------------------------------------
     1   12 Mg         3.8595     175.5616   15718.3435
     2   12 Mg         3.8594     175.5616   15718.3435
     3   12 Mg         3.8595     175.5616   15718.3435
     4   12 Mg         3.8595     175.5616   15718.3435
     5   12 Mg         3.8696     175.5616   15718.3435
     6   12 Mg         3.8696     175.5616   15718.3435
     7   12 Mg         3.8572     175.5616   15718.3435
     8   12 Mg         3.8516     175.5616   15718.3435
     9   12 Mg         3.8543     175.5616   15718.3435
    10   12 Mg         3.8543     175.5616   15718.3435
    11   12 Mg         3.8573     175.5616   15718.3435
    12   12 Mg         3.8572     175.5616   15718.3435
    13   12 Mg         3.8402     175.5616   15718.3435
    14   12 Mg         3.8402     175.5616   15718.3435
    15   12 Mg         3.8543     175.5616   15718.3435
    16   12 Mg         3.8543     175.5616   15718.3435
    17   12 Mg         3.8696     175.5616   15718.3435
    18   12 Mg         3.8401     175.5616   15718.3435
    19   12 Mg         3.8516     175.5616   15718.3435
    20   12 Mg         3.8516     175.5616   15718.3435
    21   12 Mg         3.8594     175.5616   15718.3435
    22   12 Mg         3.8594     175.5616   15718.3435
    23   12 Mg         3.8543     175.5616   15718.3435
    24   12 Mg         3.8544     175.5616   15718.3435
    25   12 Mg         3.8435     175.5616   15718.3435
    26   12 Mg         3.8435     175.5616   15718.3435
    27   12 Mg         3.8435     175.5616   15718.3435
    28   12 Mg         3.8535     175.5616   15718.3435
    29   12 Mg         3.8535     175.5616   15718.3435
    30   12 Mg         3.8535     175.5616   15718.3435
    31   12 Mg         3.8535     175.5616   15718.3435
    32   12 Mg         3.8535     175.5616   15718.3435
    33   12 Mg         3.8535     175.5616   15718.3435
    34   12 Mg         3.8777     175.5616   15718.3435
    35   12 Mg         3.8520     175.5616   15718.3435
    36   12 Mg         3.8520     175.5616   15718.3435
    37   12 Mg         3.8520     175.5616   15718.3435
    38   12 Mg         3.8845     175.5616   15718.3435
    39   12 Mg         3.8845     175.5616   15718.3435
    40   12 Mg         3.8845     175.5616   15718.3435
    41   12 Mg         3.8845     175.5616   15718.3435
    42   12 Mg         3.8845     175.5616   15718.3435
    43   12 Mg         3.8845     175.5616   15718.3435
    44   12 Mg         3.8403     175.5616   15718.3435
    45   12 Mg         3.8403     175.5616   15718.3435
    46   12 Mg         3.8403     175.5616   15718.3435
    47   12 Mg         3.9150     175.5616   15718.3434
    48   12 Mg         3.9150     175.5616   15718.3434
    49   12 Mg         3.9149     175.5616   15718.3434
    50   12 Mg         3.8996     175.5616   15718.3434
    51   12 Mg         3.8637     175.5616   15718.3435
    52   12 Mg         3.8637     175.5616   15718.3435
    53   12 Mg         3.8637     175.5616   15718.3435
    54   12 Mg         3.8638     175.5616   15718.3435
    55   12 Mg         3.8637     175.5616   15718.3435
    56   12 Mg         3.8637     175.5616   15718.3435
    57   12 Mg         3.8533     175.5616   15718.3435
    58   12 Mg         3.8533     175.5616   15718.3435
    59   12 Mg         3.8533     175.5616   15718.3435
    60   12 Mg         3.8458     175.5616   15718.3435
    61   12 Mg         3.8458     175.5616   15718.3435
    62   12 Mg         3.8457     175.5616   15718.3435
    63   12 Mg         3.8457     175.5616   15718.3435
    64   12 Mg         3.8457     175.5616   15718.3435
    65   12 Mg         3.8457     175.5616   15718.3435
    66   12 Mg         3.8596     175.5616   15718.3435
    67   12 Mg         3.8596     175.5616   15718.3435
    68   12 Mg         3.8595     175.5616   15718.3435
    69   12 Mg         3.8660     175.5616   15718.3435
    70   12 Mg         3.8660     175.5616   15718.3435
    71   12 Mg         3.8660     175.5616   15718.3435
    72   12 Mg         3.8517     175.5616   15718.3435
    73   12 Mg         3.8517     175.5616   15718.3435
    74   12 Mg         3.8517     175.5616   15718.3435
    75   12 Mg         3.8938     175.5616   15718.3435
    76   12 Mg         3.8679     175.5616   15718.3435
    77   12 Mg         3.8679     175.5616   15718.3435
    78   12 Mg         3.8572     175.5616   15718.3435
    79   12 Mg         3.8573     175.5616   15718.3435
    80   12 Mg         3.8547     175.5616   15718.3435
    81   12 Mg         3.8547     175.5616   15718.3435
    82   12 Mg         3.8430     175.5616   15718.3435
    83   12 Mg         3.8572     175.5616   15718.3435
    84   12 Mg         3.8573     175.5616   15718.3435
    85   12 Mg         3.8327     175.5616   15718.3435
    86   12 Mg         3.8471     175.5616   15718.3435
    87   12 Mg         3.8470     175.5616   15718.3435
    88   12 Mg         3.8572     175.5616   15718.3435
    89   12 Mg         3.8573     175.5616   15718.3435
    90   12 Mg         3.8327     175.5616   15718.3435
    91   12 Mg         3.8326     175.5616   15718.3435
    92   12 Mg         3.8547     175.5616   15718.3435
    93   12 Mg         3.8547     175.5616   15718.3435
    94   12 Mg         3.8679     175.5616   15718.3435
    95   12 Mg         3.8471     175.5616   15718.3435
    96   12 Mg         3.8938     175.5616   15718.3435
    97   12 Mg         3.8938     175.5616   15718.3435
    98   12 Mg         3.8547     175.5616   15718.3435
    99   12 Mg         3.8547     175.5616   15718.3435
   100   12 Mg         3.8517     175.5616   15718.3435
   101   12 Mg         3.8518     175.5616   15718.3435
   102   12 Mg         3.8518     175.5616   15718.3435
   103   12 Mg         3.8659     175.5616   15718.3435
   104   12 Mg         3.8660     175.5616   15718.3435
   105   12 Mg         3.8659     175.5616   15718.3435
   106   12 Mg         3.8595     175.5616   15718.3435
   107   12 Mg         3.8595     175.5616   15718.3435
   108   12 Mg         3.8595     175.5616   15718.3435
   109   12 Mg         3.8458     175.5616   15718.3435
   110   12 Mg         3.8458     175.5616   15718.3435
   111   12 Mg         3.8457     175.5616   15718.3435
   112   12 Mg         3.8458     175.5616   15718.3435
   113   12 Mg         3.8458     175.5616   15718.3435
   114   12 Mg         3.8458     175.5616   15718.3435
   115   12 Mg         3.8533     175.5616   15718.3435
   116   12 Mg         3.8534     175.5616   15718.3435
   117   12 Mg         3.8533     175.5616   15718.3435
   118   12 Mg         3.8637     175.5616   15718.3435
   119   12 Mg         3.8637     175.5616   15718.3435
   120   12 Mg         3.8637     175.5616   15718.3435
   121   12 Mg         3.8638     175.5616   15718.3435
   122   12 Mg         3.8637     175.5616   15718.3435
   123   12 Mg         3.8637     175.5616   15718.3435
   124   12 Mg         3.8996     175.5616   15718.3434
   125   12 Mg         3.9143     175.5616   15718.3434
   126   12 Mg         3.9144     175.5616   15718.3434
   127   12 Mg         3.9143     175.5616   15718.3434
   128   12 Mg         3.8403     175.5616   15718.3435
   129   12 Mg         3.8403     175.5616   15718.3435
   130   12 Mg         3.8403     175.5616   15718.3435
   131   12 Mg         3.8839     175.5616   15718.3435
   132   12 Mg         3.8839     175.5616   15718.3435
   133   12 Mg         3.8839     175.5616   15718.3435
   134   12 Mg         3.8839     175.5616   15718.3435
   135   12 Mg         3.8839     175.5616   15718.3435
   136   12 Mg         3.8839     175.5616   15718.3435
   137   12 Mg         3.8520     175.5616   15718.3435
   138   12 Mg         3.8520     175.5616   15718.3435
   139   12 Mg         3.8520     175.5616   15718.3435
   140   12 Mg         3.8777     175.5616   15718.3435
   141   12 Mg         3.8535     175.5616   15718.3435
   142   12 Mg         3.8535     175.5616   15718.3435
   143   12 Mg         3.8535     175.5616   15718.3435
   144   12 Mg         3.8535     175.5616   15718.3435
   145   12 Mg         3.8535     175.5616   15718.3435
   146   12 Mg         3.8535     175.5616   15718.3435
   147   12 Mg         3.8436     175.5616   15718.3435
   148   12 Mg         3.8435     175.5616   15718.3435
   149   12 Mg         3.8435     175.5616   15718.3435
   150   13 Al         2.5756     174.5201   16726.1709
--------------------------------------------------------

Atom-resolved dispersion energies:
--------------------------------------------------
     #    Z           [Hartree]      [kcal/mol]
--------------------------------------------------
     1   12 Mg  -0.64888237E-02     -4.07179836
     2   12 Mg  -0.64888277E-02     -4.07180084
     3   12 Mg  -0.64888196E-02     -4.07179574
     4   12 Mg  -0.64888278E-02     -4.07180091
     5   12 Mg  -0.64223798E-02     -4.03010419
     6   12 Mg  -0.64223881E-02     -4.03010940
     7   12 Mg  -0.64150760E-02     -4.02552098
     8   12 Mg  -0.64210529E-02     -4.02927154
     9   12 Mg  -0.64181695E-02     -4.02746217
    10   12 Mg  -0.64181585E-02     -4.02745525
    11   12 Mg  -0.64150679E-02     -4.02551587
    12   12 Mg  -0.64150845E-02     -4.02552627
    13   12 Mg  -0.64115323E-02     -4.02329726
    14   12 Mg  -0.64115210E-02     -4.02329015
    15   12 Mg  -0.64181628E-02     -4.02745794
    16   12 Mg  -0.64181657E-02     -4.02745978
    17   12 Mg  -0.64223701E-02     -4.03009807
    18   12 Mg  -0.64115516E-02     -4.02330936
    19   12 Mg  -0.64210408E-02     -4.02926390
    20   12 Mg  -0.64210493E-02     -4.02926929
    21   12 Mg  -0.64888401E-02     -4.07180865
    22   12 Mg  -0.64888299E-02     -4.07180226
    23   12 Mg  -0.64181665E-02     -4.02746028
    24   12 Mg  -0.64181529E-02     -4.02745175
    25   12 Mg  -0.64981311E-02     -4.07763880
    26   12 Mg  -0.64981553E-02     -4.07765399
    27   12 Mg  -0.64981559E-02     -4.07765437
    28   12 Mg  -0.64226496E-02     -4.03027348
    29   12 Mg  -0.64226673E-02     -4.03028457
    30   12 Mg  -0.64226570E-02     -4.03027812
    31   12 Mg  -0.64226663E-02     -4.03028392
    32   12 Mg  -0.64226606E-02     -4.03028035
    33   12 Mg  -0.64226608E-02     -4.03028051
    34   12 Mg  -0.64008966E-02     -4.01662323
    35   12 Mg  -0.64092716E-02     -4.02187863
    36   12 Mg  -0.64092785E-02     -4.02188296
    37   12 Mg  -0.64092821E-02     -4.02188524
    38   12 Mg  -0.63972119E-02     -4.01431109
    39   12 Mg  -0.63972028E-02     -4.01430535
    40   12 Mg  -0.63972132E-02     -4.01431191
    41   12 Mg  -0.63972169E-02     -4.01431423
    42   12 Mg  -0.63972076E-02     -4.01430837
    43   12 Mg  -0.63972051E-02     -4.01430684
    44   12 Mg  -0.64124708E-02     -4.02388618
    45   12 Mg  -0.64124747E-02     -4.02388861
    46   12 Mg  -0.64124525E-02     -4.02387471
    47   12 Mg  -0.64173463E-02     -4.02694561
    48   12 Mg  -0.64173374E-02     -4.02693999
    49   12 Mg  -0.64173458E-02     -4.02694532
    50   12 Mg  -0.64073756E-02     -4.02068889
    51   12 Mg  -0.64151164E-02     -4.02554629
    52   12 Mg  -0.64151129E-02     -4.02554413
    53   12 Mg  -0.64151169E-02     -4.02554664
    54   12 Mg  -0.64151032E-02     -4.02553801
    55   12 Mg  -0.64151190E-02     -4.02554792
    56   12 Mg  -0.64151090E-02     -4.02554169
    57   12 Mg  -0.64045011E-02     -4.01888513
    58   12 Mg  -0.64044873E-02     -4.01887643
    59   12 Mg  -0.64045089E-02     -4.01889003
    60   12 Mg  -0.64140549E-02     -4.02488024
    61   12 Mg  -0.64140586E-02     -4.02488252
    62   12 Mg  -0.64140710E-02     -4.02489034
    63   12 Mg  -0.64140641E-02     -4.02488598
    64   12 Mg  -0.64140661E-02     -4.02488724
    65   12 Mg  -0.64140577E-02     -4.02488194
    66   12 Mg  -0.64075161E-02     -4.02077708
    67   12 Mg  -0.64075098E-02     -4.02077313
    68   12 Mg  -0.64075335E-02     -4.02078795
    69   12 Mg  -0.64073095E-02     -4.02064739
    70   12 Mg  -0.64072961E-02     -4.02063904
    71   12 Mg  -0.64072979E-02     -4.02064014
    72   12 Mg  -0.64017814E-02     -4.01717845
    73   12 Mg  -0.64017683E-02     -4.01717025
    74   12 Mg  -0.64017821E-02     -4.01717893
    75   12 Mg  -0.63970650E-02     -4.01421891
    76   12 Mg  -0.64077498E-02     -4.02092368
    77   12 Mg  -0.64077650E-02     -4.02093324
    78   12 Mg  -0.64045244E-02     -4.01889976
    79   12 Mg  -0.64045007E-02     -4.01888486
    80   12 Mg  -0.64085631E-02     -4.02143408
    81   12 Mg  -0.64085664E-02     -4.02143613
    82   12 Mg  -0.64134051E-02     -4.02447244
    83   12 Mg  -0.64045225E-02     -4.01889856
    84   12 Mg  -0.64045046E-02     -4.01888731
    85   12 Mg  -0.64142860E-02     -4.02502524
    86   12 Mg  -0.64071894E-02     -4.02057204
    87   12 Mg  -0.64071947E-02     -4.02057539
    88   12 Mg  -0.64045331E-02     -4.01890522
    89   12 Mg  -0.64045104E-02     -4.01889097
    90   12 Mg  -0.64142716E-02     -4.02501621
    91   12 Mg  -0.64143030E-02     -4.02503592
    92   12 Mg  -0.64085607E-02     -4.02143256
    93   12 Mg  -0.64085640E-02     -4.02143463
    94   12 Mg  -0.64077623E-02     -4.02093156
    95   12 Mg  -0.64071865E-02     -4.02057025
    96   12 Mg  -0.63970828E-02     -4.01423008
    97   12 Mg  -0.63970735E-02     -4.01422423
    98   12 Mg  -0.64085744E-02     -4.02144117
    99   12 Mg  -0.64085503E-02     -4.02142603
   100   12 Mg  -0.64017634E-02     -4.01716721
   101   12 Mg  -0.64017504E-02     -4.01715901
   102   12 Mg  -0.64017642E-02     -4.01716769
   103   12 Mg  -0.64072408E-02     -4.02060433
   104   12 Mg  -0.64072275E-02     -4.02059599
   105   12 Mg  -0.64072293E-02     -4.02059709
   106   12 Mg  -0.64074828E-02     -4.02075614
   107   12 Mg  -0.64074765E-02     -4.02075219
   108   12 Mg  -0.64075001E-02     -4.02076701
   109   12 Mg  -0.64140289E-02     -4.02486389
   110   12 Mg  -0.64140325E-02     -4.02486617
   111   12 Mg  -0.64140450E-02     -4.02487399
   112   12 Mg  -0.64140380E-02     -4.02486963
   113   12 Mg  -0.64140400E-02     -4.02487089
   114   12 Mg  -0.64140316E-02     -4.02486559
   115   12 Mg  -0.64044937E-02     -4.01888048
   116   12 Mg  -0.64044798E-02     -4.01887178
   117   12 Mg  -0.64045015E-02     -4.01888538
   118   12 Mg  -0.64150988E-02     -4.02553526
   119   12 Mg  -0.64150953E-02     -4.02553310
   120   12 Mg  -0.64150993E-02     -4.02553560
   121   12 Mg  -0.64150856E-02     -4.02552697
   122   12 Mg  -0.64151014E-02     -4.02553689
   123   12 Mg  -0.64150914E-02     -4.02553066
   124   12 Mg  -0.64073691E-02     -4.02068480
   125   12 Mg  -0.64175984E-02     -4.02710381
   126   12 Mg  -0.64175895E-02     -4.02709819
   127   12 Mg  -0.64175980E-02     -4.02710352
   128   12 Mg  -0.64124683E-02     -4.02388462
   129   12 Mg  -0.64124722E-02     -4.02388705
   130   12 Mg  -0.64124500E-02     -4.02387315
   131   12 Mg  -0.63974528E-02     -4.01446223
   132   12 Mg  -0.63974436E-02     -4.01445648
   133   12 Mg  -0.63974541E-02     -4.01446305
   134   12 Mg  -0.63974578E-02     -4.01446536
   135   12 Mg  -0.63974484E-02     -4.01445950
   136   12 Mg  -0.63974460E-02     -4.01445798
   137   12 Mg  -0.64092300E-02     -4.02185256
   138   12 Mg  -0.64092369E-02     -4.02185689
   139   12 Mg  -0.64092405E-02     -4.02185917
   140   12 Mg  -0.64006853E-02     -4.01649068
   141   12 Mg  -0.64225726E-02     -4.03022514
   142   12 Mg  -0.64225902E-02     -4.03023623
   143   12 Mg  -0.64225800E-02     -4.03022977
   144   12 Mg  -0.64225892E-02     -4.03023557
   145   12 Mg  -0.64225835E-02     -4.03023200
   146   12 Mg  -0.64225838E-02     -4.03023217
   147   12 Mg  -0.64980788E-02     -4.07760602
   148   12 Mg  -0.64981030E-02     -4.07762120
   149   12 Mg  -0.64981036E-02     -4.07762158
   150   13 Al  -0.75407789E-02     -4.73191020
--------------------------------------------------

Dispersion energy:      -9.6371930571801E-01 Eh

[Info] Dispersion energy written to .EDISP
