-----------------------------------
 s i m p l e   D F T - D 3  v1.2.1
-----------------------------------

Zero (Chai-Head-Gordon) damping: pbe-D3(0)
--------------------
  s6         1.0000
  s8         0.7220
  s9         0.0000
 rs6         1.2170
 rs8         1.0000
 alp        14.0000
--------------------

Atomic radii (in Angstrom):
-------------------------------------------
   Z          R(cov)     R(vdw)      r4/r2
-------------------------------------------
  12 Mg       1.6667     1.7420     2.8909
  13 Al       1.5067     2.0053     2.9910
-------------------------------------------

Atomic reference systems (in atomic units):
----------------------------------------------------------------------------
   Z        #      CN    C6(AA)   #      CN    C6(AA)   #      CN    C6(AA)
----------------------------------------------------------------------------
  12 Mg     1  0.0000  683.3758   2  0.9628  451.2708   3  1.9496  175.5616
  13 Al     1  0.0000  540.5406   2  0.9648  437.7575   3  1.9311  256.7497
            4  2.9146  153.5945
----------------------------------------------------------------------------

Dispersion properties (in atomic units):
--------------------------------------------------------
     #    Z                CN       C6(AA)       C8(AA)
--------------------------------------------------------
     1   12 Mg         1.4165     315.8235   28276.2440
     2   12 Mg         1.4165     315.8270   28276.5585
     3   12 Mg         1.4165     315.8212   28276.0378
     4   12 Mg         1.4165     315.8213   28276.0426
     5   12 Mg         1.4146     316.8974   28372.3883
     6   12 Mg         1.4145     316.8991   28372.5385
     7   12 Mg         1.4093     319.8331   28635.2283
     8   12 Mg         1.4072     320.9600   28736.1206
     9   12 Mg         1.4083     320.3401   28680.6239
    10   12 Mg         1.4084     320.3337   28680.0494
    11   12 Mg         1.4093     319.8291   28634.8688
    12   12 Mg         1.4093     319.8370   28635.5741
    13   12 Mg         1.4020     323.8344   28993.4755
    14   12 Mg         1.4020     323.8286   28992.9562
    15   12 Mg         1.4084     320.3356   28680.2174
    16   12 Mg         1.4084     320.3377   28680.4057
    17   12 Mg         1.4146     316.8935   28372.0407
    18   12 Mg         1.4020     323.8424   28994.1902
    19   12 Mg         1.4072     320.9562   28735.7850
    20   12 Mg         1.4072     320.9637   28736.4556
    21   12 Mg         1.4165     315.8332   28277.1132
    22   12 Mg         1.4165     315.8299   28276.8161
    23   12 Mg         1.4083     320.3396   28680.5800
    24   12 Mg         1.4084     320.3319   28679.8866
    25   12 Mg         1.4095     319.7164   28624.7792
    26   12 Mg         1.4094     319.7304   28626.0340
    27   12 Mg         1.4094     319.7305   28626.0392
    28   12 Mg         1.4078     320.6658   28709.7809
    29   12 Mg         1.4077     320.6758   28710.6732
    30   12 Mg         1.4077     320.6737   28710.4889
    31   12 Mg         1.4077     320.6756   28710.6627
    32   12 Mg         1.4077     320.6758   28710.6754
    33   12 Mg         1.4078     320.6718   28710.3159
    34   12 Mg         1.4180     314.9728   28200.0779
    35   12 Mg         1.4070     321.0796   28746.8267
    36   12 Mg         1.4070     321.0813   28746.9861
    37   12 Mg         1.4070     321.0836   28747.1876
    38   12 Mg         1.4210     313.3300   28052.9942
    39   12 Mg         1.4210     313.3261   28052.6420
    40   12 Mg         1.4210     313.3322   28053.1893
    41   12 Mg         1.4210     313.3321   28053.1849
    42   12 Mg         1.4210     313.3280   28052.8177
    43   12 Mg         1.4210     313.3281   28052.8268
    44   12 Mg         1.4019     323.9050   28999.7947
    45   12 Mg         1.4019     323.9092   29000.1709
    46   12 Mg         1.4019     323.8973   28999.1023
    47   12 Mg         1.4344     305.8525   27383.5167
    48   12 Mg         1.4344     305.8463   27382.9616
    49   12 Mg         1.4344     305.8541   27383.6676
    50   12 Mg         1.4276     309.6678   27725.1073
    51   12 Mg         1.4122     318.1939   28488.4644
    52   12 Mg         1.4122     318.1939   28488.4680
    53   12 Mg         1.4122     318.1937   28488.4461
    54   12 Mg         1.4122     318.1858   28487.7454
    55   12 Mg         1.4122     318.1978   28488.8153
    56   12 Mg         1.4122     318.1939   28488.4705
    57   12 Mg         1.4075     320.8168   28723.3039
    58   12 Mg         1.4075     320.8110   28722.7819
    59   12 Mg         1.4075     320.8227   28723.8270
    60   12 Mg         1.4042     322.6306   28885.6946
    61   12 Mg         1.4042     322.6325   28885.8673
    62   12 Mg         1.4042     322.6384   28886.3961
    63   12 Mg         1.4042     322.6365   28886.2217
    64   12 Mg         1.4042     322.6365   28886.2218
    65   12 Mg         1.4042     322.6346   28886.0485
    66   12 Mg         1.4102     319.3362   28590.7433
    67   12 Mg         1.4102     319.3342   28590.5634
    68   12 Mg         1.4101     319.3460   28591.6148
    69   12 Mg         1.4130     317.7644   28450.0116
    70   12 Mg         1.4130     317.7566   28449.3166
    71   12 Mg         1.4130     317.7605   28449.6649
    72   12 Mg         1.4068     321.2097   28758.4796
    73   12 Mg         1.4068     321.2019   28757.7757
    74   12 Mg         1.4068     321.2077   28758.3014
    75   12 Mg         1.4250     311.1050   27853.7866
    76   12 Mg         1.4138     317.3261   28410.7763
    77   12 Mg         1.4138     317.3323   28411.3275
    78   12 Mg         1.4092     319.8810   28639.5180
    79   12 Mg         1.4092     319.8673   28638.2890
    80   12 Mg         1.4080     320.5121   28696.0228
    81   12 Mg         1.4080     320.5142   28696.2111
    82   12 Mg         1.4030     323.3142   28946.8969
    83   12 Mg         1.4092     319.8832   28639.7117
    84   12 Mg         1.4092     319.8713   28638.6508
    85   12 Mg         1.3986     325.7512   29165.0867
    86   12 Mg         1.4048     322.3214   28858.0093
    87   12 Mg         1.4048     322.3273   28858.5396
    88   12 Mg         1.4092     319.8849   28639.8690
    89   12 Mg         1.4092     319.8772   28639.1764
    90   12 Mg         1.3986     325.7434   29164.3873
    91   12 Mg         1.3986     325.7590   29165.7850
    92   12 Mg         1.4080     320.5141   28696.2020
    93   12 Mg         1.4080     320.5142   28696.2057
    94   12 Mg         1.4138     317.3342   28411.4932
    95   12 Mg         1.4048     322.3195   28857.8359
    96   12 Mg         1.4250     311.1150   27854.6855
    97   12 Mg         1.4250     311.1110   27854.3259
    98   12 Mg         1.4080     320.5160   28696.3713
    99   12 Mg         1.4080     320.5083   28695.6766
   100   12 Mg         1.4068     321.2002   28757.6262
   101   12 Mg         1.4068     321.1923   28756.9223
   102   12 Mg         1.4068     321.1982   28757.4480
   103   12 Mg         1.4130     317.7724   28450.7323
   104   12 Mg         1.4130     317.7647   28450.0368
   105   12 Mg         1.4130     317.7686   28450.3860
   106   12 Mg         1.4102     319.3400   28591.0798
   107   12 Mg         1.4102     319.3380   28590.9000
   108   12 Mg         1.4101     319.3497   28591.9514
   109   12 Mg         1.4042     322.6277   28885.4336
   110   12 Mg         1.4042     322.6296   28885.6062
   111   12 Mg         1.4042     322.6355   28886.1350
   112   12 Mg         1.4042     322.6336   28885.9606
   113   12 Mg         1.4042     322.6336   28885.9608
   114   12 Mg         1.4042     322.6317   28885.7875
   115   12 Mg         1.4075     320.8136   28723.0118
   116   12 Mg         1.4075     320.8077   28722.4897
   117   12 Mg         1.4075     320.8194   28723.5349
   118   12 Mg         1.4122     318.1943   28488.5011
   119   12 Mg         1.4122     318.1943   28488.5047
   120   12 Mg         1.4122     318.1941   28488.4827
   121   12 Mg         1.4122     318.1862   28487.7820
   122   12 Mg         1.4122     318.1982   28488.8519
   123   12 Mg         1.4122     318.1943   28488.5072
   124   12 Mg         1.4276     309.6678   27725.1065
   125   12 Mg         1.4342     306.0030   27396.9947
   126   12 Mg         1.4342     305.9968   27396.4400
   127   12 Mg         1.4342     306.0047   27397.1461
   128   12 Mg         1.4019     323.9049   28999.7854
   129   12 Mg         1.4019     323.9091   29000.1617
   130   12 Mg         1.4019     323.8972   28999.0930
   131   12 Mg         1.4207     313.4782   28066.2658
   132   12 Mg         1.4207     313.4743   28065.9136
   133   12 Mg         1.4207     313.4804   28066.4600
   134   12 Mg         1.4207     313.4804   28066.4561
   135   12 Mg         1.4207     313.4763   28066.0889
   136   12 Mg         1.4207     313.4764   28066.0984
   137   12 Mg         1.4070     321.0799   28746.8575
   138   12 Mg         1.4070     321.0817   28747.0170
   139   12 Mg         1.4070     321.0839   28747.2184
   140   12 Mg         1.4180     314.9763   28200.3865
   141   12 Mg         1.4078     320.6637   28709.5957
   142   12 Mg         1.4077     320.6737   28710.4881
   143   12 Mg         1.4078     320.6716   28710.3038
   144   12 Mg         1.4077     320.6736   28710.4776
   145   12 Mg         1.4077     320.6737   28710.4903
   146   12 Mg         1.4078     320.6697   28710.1307
   147   12 Mg         1.4095     319.7108   28624.2749
   148   12 Mg         1.4095     319.7248   28625.5297
   149   12 Mg         1.4095     319.7248   28625.5350
   150   13 Al         0.8958     438.7729   42052.4130
--------------------------------------------------------

Atom-resolved dispersion energies:
--------------------------------------------------
     #    Z           [Hartree]      [kcal/mol]
--------------------------------------------------
     1   12 Mg  -0.11498699E-01     -7.21554282
     2   12 Mg  -0.11498794E-01     -7.21560235
     3   12 Mg  -0.11498656E-01     -7.21551559
     4   12 Mg  -0.11498636E-01     -7.21550300
     5   12 Mg  -0.11211278E-01     -7.03518337
     6   12 Mg  -0.11211295E-01     -7.03519380
     7   12 Mg  -0.11252749E-01     -7.06120657
     8   12 Mg  -0.11346901E-01     -7.12028813
     9   12 Mg  -0.11298347E-01     -7.08981966
    10   12 Mg  -0.11298217E-01     -7.08973835
    11   12 Mg  -0.11252678E-01     -7.06116205
    12   12 Mg  -0.11252820E-01     -7.06125128
    13   12 Mg  -0.11399657E-01     -7.15339276
    14   12 Mg  -0.11399539E-01     -7.15331862
    15   12 Mg  -0.11298268E-01     -7.08976995
    16   12 Mg  -0.11298318E-01     -7.08980140
    17   12 Mg  -0.11211217E-01     -7.03514490
    18   12 Mg  -0.11399804E-01     -7.15348509
    19   12 Mg  -0.11346845E-01     -7.12025284
    20   12 Mg  -0.11347019E-01     -7.12036220
    21   12 Mg  -0.11498911E-01     -7.21567561
    22   12 Mg  -0.11498861E-01     -7.21564408
    23   12 Mg  -0.11298354E-01     -7.08982401
    24   12 Mg  -0.11298196E-01     -7.08972506
    25   12 Mg  -0.11565256E-01     -7.25730747
    26   12 Mg  -0.11565554E-01     -7.25749471
    27   12 Mg  -0.11565540E-01     -7.25748605
    28   12 Mg  -0.11317606E-01     -7.10190506
    29   12 Mg  -0.11317810E-01     -7.10203275
    30   12 Mg  -0.11317799E-01     -7.10202621
    31   12 Mg  -0.11317823E-01     -7.10204135
    32   12 Mg  -0.11317829E-01     -7.10204472
    33   12 Mg  -0.11317729E-01     -7.10198204
    34   12 Mg  -0.11157737E-01     -7.00158581
    35   12 Mg  -0.11327746E-01     -7.10826794
    36   12 Mg  -0.11327768E-01     -7.10828204
    37   12 Mg  -0.11327814E-01     -7.10831073
    38   12 Mg  -0.11138828E-01     -6.98971980
    39   12 Mg  -0.11138758E-01     -6.98967611
    40   12 Mg  -0.11138869E-01     -6.98974559
    41   12 Mg  -0.11138871E-01     -6.98974698
    42   12 Mg  -0.11138803E-01     -6.98970463
    43   12 Mg  -0.11138810E-01     -6.98970900
    44   12 Mg  -0.11402360E-01     -7.15508908
    45   12 Mg  -0.11402464E-01     -7.15515432
    46   12 Mg  -0.11402219E-01     -7.15500036
    47   12 Mg  -0.11062973E-01     -6.94212046
    48   12 Mg  -0.11062839E-01     -6.94203655
    49   12 Mg  -0.11063029E-01     -6.94215541
    50   12 Mg  -0.11082456E-01     -6.95434640
    51   12 Mg  -0.11238695E-01     -7.05238776
    52   12 Mg  -0.11238707E-01     -7.05239493
    53   12 Mg  -0.11238686E-01     -7.05238180
    54   12 Mg  -0.11238538E-01     -7.05228885
    55   12 Mg  -0.11238791E-01     -7.05244793
    56   12 Mg  -0.11238730E-01     -7.05240970
    57   12 Mg  -0.11323716E-01     -7.10573924
    58   12 Mg  -0.11323605E-01     -7.10566955
    59   12 Mg  -0.11323851E-01     -7.10582368
    60   12 Mg  -0.11348446E-01     -7.12125708
    61   12 Mg  -0.11348480E-01     -7.12127845
    62   12 Mg  -0.11348594E-01     -7.12135011
    63   12 Mg  -0.11348572E-01     -7.12133649
    64   12 Mg  -0.11348568E-01     -7.12133389
    65   12 Mg  -0.11348559E-01     -7.12132813
    66   12 Mg  -0.11268528E-01     -7.07110797
    67   12 Mg  -0.11268503E-01     -7.07109219
    68   12 Mg  -0.11268732E-01     -7.07123617
    69   12 Mg  -0.11232351E-01     -7.04840665
    70   12 Mg  -0.11232191E-01     -7.04830624
    71   12 Mg  -0.11232302E-01     -7.04837571
    72   12 Mg  -0.11350952E-01     -7.12283012
    73   12 Mg  -0.11350785E-01     -7.12272494
    74   12 Mg  -0.11350897E-01     -7.12279535
    75   12 Mg  -0.11087593E-01     -6.95756965
    76   12 Mg  -0.11221752E-01     -7.04175593
    77   12 Mg  -0.11221851E-01     -7.04181763
    78   12 Mg  -0.11293811E-01     -7.08697342
    79   12 Mg  -0.11293563E-01     -7.08681794
    80   12 Mg  -0.11309070E-01     -7.09654871
    81   12 Mg  -0.11309100E-01     -7.09656751
    82   12 Mg  -0.11354129E-01     -7.12482358
    83   12 Mg  -0.11293877E-01     -7.08701499
    84   12 Mg  -0.11293626E-01     -7.08685745
    85   12 Mg  -0.11437278E-01     -7.17700047
    86   12 Mg  -0.11365581E-01     -7.13201007
    87   12 Mg  -0.11365724E-01     -7.13209920
    88   12 Mg  -0.11293900E-01     -7.08702951
    89   12 Mg  -0.11293807E-01     -7.08697083
    90   12 Mg  -0.11437119E-01     -7.17690054
    91   12 Mg  -0.11437433E-01     -7.17709782
    92   12 Mg  -0.11309141E-01     -7.09659286
    93   12 Mg  -0.11309114E-01     -7.09657648
    94   12 Mg  -0.11221933E-01     -7.04186927
    95   12 Mg  -0.11365535E-01     -7.13198089
    96   12 Mg  -0.11087802E-01     -6.95770071
    97   12 Mg  -0.11087722E-01     -6.95765054
    98   12 Mg  -0.11309135E-01     -7.09658945
    99   12 Mg  -0.11309000E-01     -7.09650474
   100   12 Mg  -0.11350777E-01     -7.12272033
   101   12 Mg  -0.11350610E-01     -7.12261514
   102   12 Mg  -0.11350722E-01     -7.12268556
   103   12 Mg  -0.11232927E-01     -7.04876820
   104   12 Mg  -0.11232767E-01     -7.04866772
   105   12 Mg  -0.11232878E-01     -7.04873732
   106   12 Mg  -0.11269018E-01     -7.07141572
   107   12 Mg  -0.11268993E-01     -7.07139993
   108   12 Mg  -0.11269223E-01     -7.07154392
   109   12 Mg  -0.11348629E-01     -7.12137229
   110   12 Mg  -0.11348663E-01     -7.12139366
   111   12 Mg  -0.11348777E-01     -7.12146531
   112   12 Mg  -0.11348756E-01     -7.12145170
   113   12 Mg  -0.11348752E-01     -7.12144910
   114   12 Mg  -0.11348742E-01     -7.12144334
   115   12 Mg  -0.11323686E-01     -7.10572053
   116   12 Mg  -0.11323575E-01     -7.10565085
   117   12 Mg  -0.11323821E-01     -7.10580498
   118   12 Mg  -0.11238908E-01     -7.05252131
   119   12 Mg  -0.11238920E-01     -7.05252847
   120   12 Mg  -0.11238899E-01     -7.05251533
   121   12 Mg  -0.11238750E-01     -7.05242239
   122   12 Mg  -0.11239004E-01     -7.05258148
   123   12 Mg  -0.11238943E-01     -7.05254325
   124   12 Mg  -0.11082591E-01     -6.95443062
   125   12 Mg  -0.11066188E-01     -6.94413789
   126   12 Mg  -0.11066055E-01     -6.94405406
   127   12 Mg  -0.11066244E-01     -6.94417292
   128   12 Mg  -0.11402370E-01     -7.15509543
   129   12 Mg  -0.11402474E-01     -7.15516067
   130   12 Mg  -0.11402229E-01     -7.15500671
   131   12 Mg  -0.11142089E-01     -6.99176611
   132   12 Mg  -0.11142019E-01     -6.99172242
   133   12 Mg  -0.11142129E-01     -6.99179176
   134   12 Mg  -0.11142132E-01     -6.99179321
   135   12 Mg  -0.11142064E-01     -6.99175087
   136   12 Mg  -0.11142071E-01     -6.99175531
   137   12 Mg  -0.11328008E-01     -7.10843233
   138   12 Mg  -0.11328030E-01     -7.10844643
   139   12 Mg  -0.11328076E-01     -7.10847513
   140   12 Mg  -0.11158380E-01     -7.00198915
   141   12 Mg  -0.11317776E-01     -7.10201194
   142   12 Mg  -0.11317980E-01     -7.10213963
   143   12 Mg  -0.11317970E-01     -7.10213310
   144   12 Mg  -0.11317994E-01     -7.10214824
   145   12 Mg  -0.11317999E-01     -7.10215161
   146   12 Mg  -0.11317899E-01     -7.10208893
   147   12 Mg  -0.11565431E-01     -7.25741745
   148   12 Mg  -0.11565729E-01     -7.25760470
   149   12 Mg  -0.11565715E-01     -7.25759605
   150   13 Al  -0.15755184E-01     -9.88652740
--------------------------------------------------

Dispersion energy:      -1.6987252944794E+00 Eh

[Info] Dispersion energy written to .EDISP
