-----------------------------------
 s i m p l e   D F T - D 3  v1.2.1
-----------------------------------

Zero (Chai-Head-Gordon) damping: pbe-D3(0)
--------------------
  s6         1.0000
  s8         0.7220
  s9         0.0000
 rs6         1.2170
 rs8         1.0000
 alp        14.0000
--------------------

Atomic radii (in Angstrom):
-------------------------------------------
   Z          R(cov)     R(vdw)      r4/r2
-------------------------------------------
   3 Li       1.6000     1.7478     2.6564
  14 Si       1.3867     1.8959     2.5839
-------------------------------------------

Atomic reference systems (in atomic units):
----------------------------------------------------------------------------
   Z        #      CN    C6(AA)   #      CN    C6(AA)   #      CN    C6(AA)
----------------------------------------------------------------------------
   3 Li     1  0.0000 1163.4454   2  0.9865   85.3197
  14 Si     1  0.0000  317.8574   2  0.9507  270.2650   3  1.9435  233.1254
            4  2.9407  221.5046   5  3.8677  149.7734
----------------------------------------------------------------------------

Dispersion properties (in atomic units):
--------------------------------------------------------
     #    Z                CN       C6(AA)       C8(AA)
--------------------------------------------------------
     1    3 Li         0.0311    1119.1074   84601.4565
     2    3 Li         0.0311    1119.1074   84601.4565
     3    3 Li         0.0311    1119.1074   84601.4565
     4    3 Li         0.0311    1119.1074   84601.4565
     5    3 Li         0.0288    1119.8836   84660.1378
     6    3 Li         0.0288    1119.8836   84660.1378
     7    3 Li         0.0288    1119.8836   84660.1378
     8    3 Li         0.0288    1119.8836   84660.1378
     9    3 Li         0.0438    1114.6323   84263.1498
    10    3 Li         0.0438    1114.6323   84263.1498
    11    3 Li         0.0438    1114.6323   84263.1498
    12    3 Li         0.0438    1114.6323   84263.1498
    13    3 Li         0.0438    1114.6323   84263.1498
    14    3 Li         0.0438    1114.6323   84263.1498
    15    3 Li         0.0438    1114.6323   84263.1498
    16    3 Li         0.0438    1114.6323   84263.1498
    17    3 Li         0.0416    1115.4252   84323.0955
    18    3 Li         0.0416    1115.4252   84323.0955
    19    3 Li         0.0416    1115.4252   84323.0955
    20    3 Li         0.0416    1115.4252   84323.0955
    21    3 Li         0.0416    1115.4252   84323.0955
    22    3 Li         0.0416    1115.4252   84323.0955
    23    3 Li         0.0416    1115.4252   84323.0955
    24    3 Li         0.0416    1115.4252   84323.0955
    25    3 Li         0.0386    1116.5280   84406.4616
    26    3 Li         0.0386    1116.5280   84406.4616
    27    3 Li         0.0386    1116.5280   84406.4616
    28    3 Li         0.0386    1116.5280   84406.4616
    29    3 Li         0.0386    1116.5280   84406.4616
    30    3 Li         0.0386    1116.5280   84406.4616
    31    3 Li         0.0386    1116.5280   84406.4616
    32    3 Li         0.0386    1116.5280   84406.4616
    33    3 Li         0.0339    1118.1707   84530.6407
    34    3 Li         0.0339    1118.1707   84530.6407
    35    3 Li         0.0339    1118.1707   84530.6407
    36    3 Li         0.0339    1118.1707   84530.6407
    37    3 Li         0.0339    1118.1707   84530.6407
    38    3 Li         0.0339    1118.1707   84530.6407
    39    3 Li         0.0339    1118.1707   84530.6407
    40    3 Li         0.0339    1118.1707   84530.6407
    41    3 Li         0.0333    1118.3669   84545.4761
    42    3 Li         0.0333    1118.3669   84545.4761
    43    3 Li         0.0333    1118.3669   84545.4761
    44    3 Li         0.0333    1118.3669   84545.4761
    45    3 Li         0.0333    1118.3669   84545.4761
    46    3 Li         0.0333    1118.3669   84545.4761
    47    3 Li         0.0333    1118.3669   84545.4761
    48    3 Li         0.0333    1118.3669   84545.4761
    49    3 Li         0.0367    1117.2086   84457.9146
    50    3 Li         0.0367    1117.2086   84457.9146
    51    3 Li         0.0367    1117.2086   84457.9146
    52    3 Li         0.0367    1117.2086   84457.9146
    53    3 Li         0.0367    1117.2086   84457.9146
    54    3 Li         0.0367    1117.2086   84457.9146
    55    3 Li         0.0367    1117.2086   84457.9146
    56    3 Li         0.0367    1117.2086   84457.9146
    57    3 Li         0.0388    1116.4474   84400.3685
    58    3 Li         0.0388    1116.4474   84400.3685
    59    3 Li         0.0388    1116.4474   84400.3685
    60    3 Li         0.0388    1116.4474   84400.3685
    61    3 Li         0.0388    1116.4474   84400.3685
    62    3 Li         0.0388    1116.4474   84400.3685
    63    3 Li         0.0388    1116.4474   84400.3685
    64    3 Li         0.0388    1116.4474   84400.3685
    65    3 Li         0.0331    1118.4538   84552.0440
    66    3 Li         0.0331    1118.4538   84552.0440
    67    3 Li         0.0331    1118.4538   84552.0440
    68    3 Li         0.0331    1118.4538   84552.0440
    69    3 Li         0.0331    1118.4538   84552.0440
    70    3 Li         0.0331    1118.4538   84552.0440
    71    3 Li         0.0331    1118.4538   84552.0440
    72    3 Li         0.0331    1118.4538   84552.0440
    73    3 Li         0.0302    1119.4338   84626.1344
    74    3 Li         0.0302    1119.4338   84626.1344
    75    3 Li         0.0302    1119.4338   84626.1344
    76    3 Li         0.0302    1119.4338   84626.1344
    77    3 Li         0.0302    1119.4338   84626.1344
    78    3 Li         0.0302    1119.4338   84626.1344
    79    3 Li         0.0302    1119.4338   84626.1344
    80    3 Li         0.0302    1119.4338   84626.1344
    81    3 Li         0.0644    1106.3920   83640.2088
    82    3 Li         0.0644    1106.3920   83640.2088
    83    3 Li         0.0644    1106.3920   83640.2088
    84    3 Li         0.0644    1106.3920   83640.2088
    85    3 Li         0.0644    1106.3920   83640.2088
    86    3 Li         0.0644    1106.3920   83640.2088
    87    3 Li         0.0644    1106.3920   83640.2088
    88    3 Li         0.0644    1106.3920   83640.2088
    89    3 Li         0.0538    1110.8020   83973.5937
    90    3 Li         0.0538    1110.8020   83973.5937
    91    3 Li         0.0538    1110.8020   83973.5937
    92    3 Li         0.0538    1110.8020   83973.5937
    93    3 Li         0.0538    1110.8020   83973.5937
    94    3 Li         0.0538    1110.8020   83973.5937
    95    3 Li         0.0538    1110.8020   83973.5937
    96    3 Li         0.0538    1110.8020   83973.5937
    97   14 Si         0.0329     316.1991   22616.6609
    98   14 Si         0.0329     316.1991   22616.6609
    99   14 Si         0.0329     316.1991   22616.6609
   100   14 Si         0.0329     316.1991   22616.6609
   101   14 Si         0.0291     316.2449   22619.9339
   102   14 Si         0.0291     316.2449   22619.9339
   103   14 Si         0.0291     316.2449   22619.9339
   104   14 Si         0.0291     316.2449   22619.9339
   105   14 Si         0.0289     316.2466   22620.0567
   106   14 Si         0.0289     316.2466   22620.0567
   107   14 Si         0.0289     316.2466   22620.0567
   108   14 Si         0.0289     316.2466   22620.0567
   109   14 Si         0.0286     316.2506   22620.3426
   110   14 Si         0.0286     316.2506   22620.3426
   111   14 Si         0.0286     316.2506   22620.3426
   112   14 Si         0.0286     316.2506   22620.3426
   113   14 Si         0.0345     316.1795   22615.2621
   114   14 Si         0.0345     316.1795   22615.2621
   115   14 Si         0.0345     316.1795   22615.2621
   116   14 Si         0.0345     316.1795   22615.2621
   117   14 Si         0.0345     316.1795   22615.2621
   118   14 Si         0.0345     316.1795   22615.2621
   119   14 Si         0.0345     316.1795   22615.2621
   120   14 Si         0.0345     316.1795   22615.2621
   121   14 Si         0.0280     316.2577   22620.8527
   122   14 Si         0.0280     316.2577   22620.8527
   123   14 Si         0.0280     316.2577   22620.8527
   124   14 Si         0.0280     316.2577   22620.8527
   125   14 Si         0.0280     316.2577   22620.8527
   126   14 Si         0.0280     316.2577   22620.8527
   127   14 Si         0.0280     316.2577   22620.8527
   128   14 Si         0.0280     316.2577   22620.8527
   129   14 Si         0.0331     316.1970   22616.5103
   130   14 Si         0.0331     316.1970   22616.5103
   131   14 Si         0.0331     316.1970   22616.5103
   132   14 Si         0.0331     316.1970   22616.5103
   133   14 Si         0.0331     316.1970   22616.5103
   134   14 Si         0.0331     316.1970   22616.5103
   135   14 Si         0.0331     316.1970   22616.5103
   136   14 Si         0.0331     316.1970   22616.5103
   137   14 Si         0.0327     316.2015   22616.8310
   138   14 Si         0.0327     316.2015   22616.8310
   139   14 Si         0.0327     316.2015   22616.8310
   140   14 Si         0.0327     316.2015   22616.8310
   141   14 Si         0.0327     316.2015   22616.8310
   142   14 Si         0.0327     316.2015   22616.8310
   143   14 Si         0.0327     316.2015   22616.8310
   144   14 Si         0.0327     316.2015   22616.8310
   145   14 Si         0.0308     316.2242   22618.4573
   146   14 Si         0.0308     316.2242   22618.4573
   147   14 Si         0.0308     316.2242   22618.4573
   148   14 Si         0.0308     316.2242   22618.4573
   149   14 Si         0.0308     316.2242   22618.4573
   150   14 Si         0.0308     316.2242   22618.4573
   151   14 Si         0.0308     316.2242   22618.4573
   152   14 Si         0.0308     316.2242   22618.4573
--------------------------------------------------------

Atom-resolved dispersion energies:
--------------------------------------------------
     #    Z           [Hartree]      [kcal/mol]
--------------------------------------------------
     1    3 Li  -0.97405896E-02     -6.11231225
     2    3 Li  -0.97405896E-02     -6.11231225
     3    3 Li  -0.97405896E-02     -6.11231225
     4    3 Li  -0.97405896E-02     -6.11231225
     5    3 Li  -0.91848629E-02     -5.76358852
     6    3 Li  -0.91848629E-02     -5.76358852
     7    3 Li  -0.91848629E-02     -5.76358852
     8    3 Li  -0.91848629E-02     -5.76358852
     9    3 Li  -0.10326549E-01     -6.48000708
    10    3 Li  -0.10326549E-01     -6.48000708
    11    3 Li  -0.10326549E-01     -6.48000708
    12    3 Li  -0.10326549E-01     -6.48000708
    13    3 Li  -0.10326549E-01     -6.48000708
    14    3 Li  -0.10326549E-01     -6.48000708
    15    3 Li  -0.10326549E-01     -6.48000708
    16    3 Li  -0.10326549E-01     -6.48000708
    17    3 Li  -0.10540056E-01     -6.61398529
    18    3 Li  -0.10540056E-01     -6.61398529
    19    3 Li  -0.10540056E-01     -6.61398529
    20    3 Li  -0.10540056E-01     -6.61398529
    21    3 Li  -0.10540056E-01     -6.61398529
    22    3 Li  -0.10540056E-01     -6.61398529
    23    3 Li  -0.10540056E-01     -6.61398529
    24    3 Li  -0.10540056E-01     -6.61398529
    25    3 Li  -0.97436075E-02     -6.11420602
    26    3 Li  -0.97436075E-02     -6.11420602
    27    3 Li  -0.97436075E-02     -6.11420602
    28    3 Li  -0.97436075E-02     -6.11420602
    29    3 Li  -0.97436075E-02     -6.11420602
    30    3 Li  -0.97436075E-02     -6.11420602
    31    3 Li  -0.97436075E-02     -6.11420602
    32    3 Li  -0.97436075E-02     -6.11420602
    33    3 Li  -0.96653509E-02     -6.06509926
    34    3 Li  -0.96653509E-02     -6.06509926
    35    3 Li  -0.96653509E-02     -6.06509926
    36    3 Li  -0.96653509E-02     -6.06509926
    37    3 Li  -0.96653509E-02     -6.06509926
    38    3 Li  -0.96653509E-02     -6.06509926
    39    3 Li  -0.96653509E-02     -6.06509926
    40    3 Li  -0.96653509E-02     -6.06509926
    41    3 Li  -0.99816432E-02     -6.26357569
    42    3 Li  -0.99816432E-02     -6.26357569
    43    3 Li  -0.99816432E-02     -6.26357569
    44    3 Li  -0.99816432E-02     -6.26357569
    45    3 Li  -0.99816432E-02     -6.26357569
    46    3 Li  -0.99816432E-02     -6.26357569
    47    3 Li  -0.99816432E-02     -6.26357569
    48    3 Li  -0.99816432E-02     -6.26357569
    49    3 Li  -0.10321543E-01     -6.47686628
    50    3 Li  -0.10321543E-01     -6.47686628
    51    3 Li  -0.10321543E-01     -6.47686628
    52    3 Li  -0.10321543E-01     -6.47686628
    53    3 Li  -0.10321543E-01     -6.47686628
    54    3 Li  -0.10321543E-01     -6.47686628
    55    3 Li  -0.10321543E-01     -6.47686628
    56    3 Li  -0.10321543E-01     -6.47686628
    57    3 Li  -0.10175106E-01     -6.38497518
    58    3 Li  -0.10175106E-01     -6.38497518
    59    3 Li  -0.10175106E-01     -6.38497518
    60    3 Li  -0.10175106E-01     -6.38497518
    61    3 Li  -0.10175106E-01     -6.38497518
    62    3 Li  -0.10175106E-01     -6.38497518
    63    3 Li  -0.10175106E-01     -6.38497518
    64    3 Li  -0.10175106E-01     -6.38497518
    65    3 Li  -0.96816795E-02     -6.07534563
    66    3 Li  -0.96816795E-02     -6.07534563
    67    3 Li  -0.96816795E-02     -6.07534563
    68    3 Li  -0.96816795E-02     -6.07534563
    69    3 Li  -0.96816795E-02     -6.07534563
    70    3 Li  -0.96816795E-02     -6.07534563
    71    3 Li  -0.96816795E-02     -6.07534563
    72    3 Li  -0.96816795E-02     -6.07534563
    73    3 Li  -0.10033725E-01     -6.29625736
    74    3 Li  -0.10033725E-01     -6.29625736
    75    3 Li  -0.10033725E-01     -6.29625736
    76    3 Li  -0.10033725E-01     -6.29625736
    77    3 Li  -0.10033725E-01     -6.29625736
    78    3 Li  -0.10033725E-01     -6.29625736
    79    3 Li  -0.10033725E-01     -6.29625736
    80    3 Li  -0.10033725E-01     -6.29625736
    81    3 Li  -0.11393895E-01     -7.14977676
    82    3 Li  -0.11393895E-01     -7.14977676
    83    3 Li  -0.11393895E-01     -7.14977676
    84    3 Li  -0.11393895E-01     -7.14977676
    85    3 Li  -0.11393895E-01     -7.14977676
    86    3 Li  -0.11393895E-01     -7.14977676
    87    3 Li  -0.11393895E-01     -7.14977676
    88    3 Li  -0.11393895E-01     -7.14977676
    89    3 Li  -0.11011819E-01     -6.91002053
    90    3 Li  -0.11011819E-01     -6.91002053
    91    3 Li  -0.11011819E-01     -6.91002053
    92    3 Li  -0.11011819E-01     -6.91002053
    93    3 Li  -0.11011819E-01     -6.91002053
    94    3 Li  -0.11011819E-01     -6.91002053
    95    3 Li  -0.11011819E-01     -6.91002053
    96    3 Li  -0.11011819E-01     -6.91002053
    97   14 Si  -0.47852454E-02     -3.00278685
    98   14 Si  -0.47852454E-02     -3.00278685
    99   14 Si  -0.47852454E-02     -3.00278685
   100   14 Si  -0.47852454E-02     -3.00278685
   101   14 Si  -0.46101825E-02     -2.89293319
   102   14 Si  -0.46101825E-02     -2.89293319
   103   14 Si  -0.46101825E-02     -2.89293319
   104   14 Si  -0.46101825E-02     -2.89293319
   105   14 Si  -0.47936590E-02     -3.00806644
   106   14 Si  -0.47936590E-02     -3.00806644
   107   14 Si  -0.47936590E-02     -3.00806644
   108   14 Si  -0.47936590E-02     -3.00806644
   109   14 Si  -0.44197948E-02     -2.77346312
   110   14 Si  -0.44197948E-02     -2.77346312
   111   14 Si  -0.44197948E-02     -2.77346312
   112   14 Si  -0.44197948E-02     -2.77346312
   113   14 Si  -0.45082614E-02     -2.82897676
   114   14 Si  -0.45082614E-02     -2.82897676
   115   14 Si  -0.45082614E-02     -2.82897676
   116   14 Si  -0.45082614E-02     -2.82897676
   117   14 Si  -0.45082614E-02     -2.82897676
   118   14 Si  -0.45082614E-02     -2.82897676
   119   14 Si  -0.45082614E-02     -2.82897676
   120   14 Si  -0.45082614E-02     -2.82897676
   121   14 Si  -0.44950806E-02     -2.82070565
   122   14 Si  -0.44950806E-02     -2.82070565
   123   14 Si  -0.44950806E-02     -2.82070565
   124   14 Si  -0.44950806E-02     -2.82070565
   125   14 Si  -0.44950806E-02     -2.82070565
   126   14 Si  -0.44950806E-02     -2.82070565
   127   14 Si  -0.44950806E-02     -2.82070565
   128   14 Si  -0.44950806E-02     -2.82070565
   129   14 Si  -0.45880619E-02     -2.87905231
   130   14 Si  -0.45880619E-02     -2.87905231
   131   14 Si  -0.45880619E-02     -2.87905231
   132   14 Si  -0.45880619E-02     -2.87905231
   133   14 Si  -0.45880619E-02     -2.87905231
   134   14 Si  -0.45880619E-02     -2.87905231
   135   14 Si  -0.45880619E-02     -2.87905231
   136   14 Si  -0.45880619E-02     -2.87905231
   137   14 Si  -0.45693675E-02     -2.86732137
   138   14 Si  -0.45693675E-02     -2.86732137
   139   14 Si  -0.45693675E-02     -2.86732137
   140   14 Si  -0.45693675E-02     -2.86732137
   141   14 Si  -0.45693675E-02     -2.86732137
   142   14 Si  -0.45693675E-02     -2.86732137
   143   14 Si  -0.45693675E-02     -2.86732137
   144   14 Si  -0.45693675E-02     -2.86732137
   145   14 Si  -0.45697937E-02     -2.86758887
   146   14 Si  -0.45697937E-02     -2.86758887
   147   14 Si  -0.45697937E-02     -2.86758887
   148   14 Si  -0.45697937E-02     -2.86758887
   149   14 Si  -0.45697937E-02     -2.86758887
   150   14 Si  -0.45697937E-02     -2.86758887
   151   14 Si  -0.45697937E-02     -2.86758887
   152   14 Si  -0.45697937E-02     -2.86758887
--------------------------------------------------

Dispersion energy:      -1.2349816437110E+00 Eh

[Info] Dispersion energy written to .EDISP
