-----------------------------------
 s i m p l e   D F T - D 3  v1.2.1
-----------------------------------

Zero (Chai-Head-Gordon) damping: pbe-D3(0)
--------------------
  s6         1.0000
  s8         0.7220
  s9         0.0000
 rs6         1.2170
 rs8         1.0000
 alp        14.0000
--------------------

Atomic radii (in Angstrom):
-------------------------------------------
   Z          R(cov)     R(vdw)      r4/r2
-------------------------------------------
  25 Mn       1.4267     1.7731     3.0718
   8 O        0.8400     1.2408     1.3725
-------------------------------------------

Atomic reference systems (in atomic units):
----------------------------------------------------------------------------
   Z        #      CN    C6(AA)   #      CN    C6(AA)   #      CN    C6(AA)
----------------------------------------------------------------------------
  25 Mn     1  0.0000  802.7484   2  1.6406  239.5554   3  9.8849  113.8463
   8 O      1  0.0000   15.5059   2  0.9925   12.8161   3  1.9887   10.3708
----------------------------------------------------------------------------

Dispersion properties (in atomic units):
--------------------------------------------------------
     #    Z                CN       C6(AA)       C8(AA)
--------------------------------------------------------
     1   25 Mn         0.0066     802.7308   81148.8597
     2   25 Mn         0.0066     802.7308   81148.8601
     3   25 Mn         0.0066     802.7308   81148.8598
     4   25 Mn         0.0066     802.7308   81148.8598
     5   25 Mn         0.0065     802.7308   81148.8612
     6   25 Mn         0.0066     802.7308   81148.8601
     7   25 Mn         0.0068     802.7308   81148.8554
     8   25 Mn         0.0066     802.7308   81148.8598
     9   25 Mn         0.0069     802.7307   81148.8531
    10   25 Mn         0.0068     802.7308   81148.8554
    11   25 Mn         0.0066     802.7308   81148.8598
    12   25 Mn         0.0066     802.7308   81148.8603
    13   25 Mn         0.0066     802.7308   81148.8597
    14   25 Mn         0.0069     802.7307   81148.8527
    15   25 Mn         0.0065     802.7308   81148.8612
    16    8 O          0.0028      15.4502     311.7940
    17    8 O          0.0028      15.4502     311.7940
    18    8 O          0.0028      15.4502     311.7941
    19    8 O          0.0028      15.4502     311.7941
    20    8 O          0.0028      15.4502     311.7940
    21    8 O          0.0027      15.4503     311.7949
    22    8 O          0.0025      15.4504     311.7971
    23    8 O          0.0028      15.4502     311.7939
    24    8 O          0.0028      15.4502     311.7941
    25    8 O          0.0028      15.4502     311.7941
    26    8 O          0.0028      15.4502     311.7940
    27    8 O          0.0028      15.4502     311.7938
    28    8 O          0.0028      15.4502     311.7940
    29    8 O          0.0025      15.4504     311.7970
    30    8 O          0.0028      15.4502     311.7940
    31    8 O          0.0028      15.4502     311.7941
    32    8 O          0.0028      15.4502     311.7938
    33    8 O          0.0028      15.4502     311.7940
    34    8 O          0.0024      15.4504     311.7977
    35    8 O          0.0028      15.4502     311.7941
    36    8 O          0.0028      15.4502     311.7939
    37    8 O          0.0024      15.4504     311.7977
    38    8 O          0.0025      15.4504     311.7970
    39    8 O          0.0028      15.4502     311.7941
    40    8 O          0.0028      15.4502     311.7940
    41    8 O          0.0025      15.4504     311.7971
    42    8 O          0.0028      15.4502     311.7940
    43    8 O          0.0027      15.4503     311.7949
    44    8 O          0.0028      15.4502     311.7940
    45    8 O          0.0028      15.4502     311.7940
    46    8 O          0.0028      15.4502     311.7940
    47    8 O          0.0028      15.4502     311.7941
--------------------------------------------------------

Atom-resolved dispersion energies:
--------------------------------------------------
     #    Z           [Hartree]      [kcal/mol]
--------------------------------------------------
     1   25 Mn  -0.28277275E-02     -1.77442577
     2   25 Mn  -0.28342299E-02     -1.77850614
     3   25 Mn  -0.28202993E-02     -1.76976455
     4   25 Mn  -0.28271504E-02     -1.77406369
     5   25 Mn  -0.28087027E-02     -1.76248755
     6   25 Mn  -0.28338528E-02     -1.77826947
     7   25 Mn  -0.26006943E-02     -1.63196031
     8   25 Mn  -0.28271504E-02     -1.77406369
     9   25 Mn  -0.23760577E-02     -1.49099875
    10   25 Mn  -0.26006943E-02     -1.63196031
    11   25 Mn  -0.28202993E-02     -1.76976455
    12   25 Mn  -0.28309896E-02     -1.77647281
    13   25 Mn  -0.28277275E-02     -1.77442577
    14   25 Mn  -0.23776529E-02     -1.49199974
    15   25 Mn  -0.28087018E-02     -1.76248696
    16    8 O   -0.62498824E-03     -0.39218604
    17    8 O   -0.62519200E-03     -0.39231391
    18    8 O   -0.62390211E-03     -0.39150449
    19    8 O   -0.62390211E-03     -0.39150449
    20    8 O   -0.62091188E-03     -0.38962809
    21    8 O   -0.60202256E-03     -0.37777486
    22    8 O   -0.47678213E-03     -0.29918530
    23    8 O   -0.62593801E-03     -0.39278203
    24    8 O   -0.62342976E-03     -0.39120808
    25    8 O   -0.62388547E-03     -0.39149404
    26    8 O   -0.62414093E-03     -0.39165435
    27    8 O   -0.62658572E-03     -0.39318847
    28    8 O   -0.62515387E-03     -0.39228998
    29    8 O   -0.47719284E-03     -0.29944303
    30    8 O   -0.62515190E-03     -0.39228874
    31    8 O   -0.62388547E-03     -0.39149404
    32    8 O   -0.62658572E-03     -0.39318848
    33    8 O   -0.62414093E-03     -0.39165435
    34    8 O   -0.47306695E-03     -0.29685399
    35    8 O   -0.62342975E-03     -0.39120808
    36    8 O   -0.62593796E-03     -0.39278200
    37    8 O   -0.47306695E-03     -0.29685399
    38    8 O   -0.47719284E-03     -0.29944303
    39    8 O   -0.62444899E-03     -0.39184766
    40    8 O   -0.62426188E-03     -0.39173024
    41    8 O   -0.47678213E-03     -0.29918530
    42    8 O   -0.62091188E-03     -0.38962809
    43    8 O   -0.60202256E-03     -0.37777486
    44    8 O   -0.62519191E-03     -0.39231385
    45    8 O   -0.62498831E-03     -0.39218609
    46    8 O   -0.62426188E-03     -0.39173024
    47    8 O   -0.62444898E-03     -0.39184765
--------------------------------------------------

Dispersion energy:      -6.0065735133134E-02 Eh

[Info] Dispersion energy written to .EDISP
