-----------------------------------
 s i m p l e   D F T - D 3  v1.2.1
-----------------------------------

Zero (Chai-Head-Gordon) damping: pbe-D3(0)
--------------------
  s6         1.0000
  s8         0.7220
  s9         0.0000
 rs6         1.2170
 rs8         1.0000
 alp        14.0000
--------------------

Atomic radii (in Angstrom):
-------------------------------------------
   Z          R(cov)     R(vdw)      r4/r2
-------------------------------------------
  25 Mn       1.4267     1.7731     3.0718
   8 O        0.8400     1.2408     1.3725
-------------------------------------------

Atomic reference systems (in atomic units):
----------------------------------------------------------------------------
   Z        #      CN    C6(AA)   #      CN    C6(AA)   #      CN    C6(AA)
----------------------------------------------------------------------------
  25 Mn     1  0.0000  802.7484   2  1.6406  239.5554   3  9.8849  113.8463
   8 O      1  0.0000   15.5059   2  0.9925   12.8161   3  1.9887   10.3708
----------------------------------------------------------------------------

Dispersion properties (in atomic units):
--------------------------------------------------------
     #    Z                CN       C6(AA)       C8(AA)
--------------------------------------------------------
     1   25 Mn         5.2756     239.5554   24216.8949
     2   25 Mn         5.2631     239.5554   24216.8949
     3   25 Mn         5.2684     239.5554   24216.8949
     4   25 Mn         5.2745     239.5554   24216.8949
     5   25 Mn         5.2245     239.5554   24216.8949
     6   25 Mn         5.2627     239.5554   24216.8949
     7   25 Mn         5.2505     239.5554   24216.8949
     8   25 Mn         5.2745     239.5554   24216.8949
     9   25 Mn         5.2525     239.5554   24216.8949
    10   25 Mn         5.2505     239.5554   24216.8949
    11   25 Mn         5.2684     239.5554   24216.8949
    12   25 Mn         5.2574     239.5554   24216.8949
    13   25 Mn         5.2756     239.5554   24216.8949
    14   25 Mn         5.2582     239.5554   24216.8949
    15   25 Mn         5.2245     239.5554   24216.8949
    16    8 O          2.1816      10.3799     209.4729
    17    8 O          2.1829      10.3798     209.4709
    18    8 O          2.1752      10.3804     209.4824
    19    8 O          2.1752      10.3804     209.4824
    20    8 O          2.1913      10.3793     209.4591
    21    8 O          2.1495      10.3826     209.5264
    22    8 O          1.6345      10.9266     220.5055
    23    8 O          2.1892      10.3794     209.4621
    24    8 O          2.1805      10.3800     209.4745
    25    8 O          2.1752      10.3804     209.4824
    26    8 O          2.1800      10.3801     209.4751
    27    8 O          2.1949      10.3790     209.4544
    28    8 O          2.1827      10.3799     209.4711
    29    8 O          1.6364      10.9199     220.3702
    30    8 O          2.1827      10.3799     209.4712
    31    8 O          2.1752      10.3804     209.4824
    32    8 O          2.1949      10.3790     209.4544
    33    8 O          2.1800      10.3801     209.4751
    34    8 O          1.6123      11.0062     222.1120
    35    8 O          2.1805      10.3800     209.4745
    36    8 O          2.1892      10.3794     209.4621
    37    8 O          1.6123      11.0062     222.1120
    38    8 O          1.6364      10.9199     220.3702
    39    8 O          2.1784      10.3802     209.4776
    40    8 O          2.1807      10.3800     209.4741
    41    8 O          1.6345      10.9266     220.5055
    42    8 O          2.1913      10.3793     209.4591
    43    8 O          2.1495      10.3826     209.5264
    44    8 O          2.1829      10.3798     209.4709
    45    8 O          2.1816      10.3799     209.4729
    46    8 O          2.1807      10.3800     209.4741
    47    8 O          2.1784      10.3802     209.4776
--------------------------------------------------------

Atom-resolved dispersion energies:
--------------------------------------------------
     #    Z           [Hartree]      [kcal/mol]
--------------------------------------------------
     1   25 Mn  -0.60355164E-02     -3.78734371
     2   25 Mn  -0.62055895E-02     -3.89406623
     3   25 Mn  -0.60697017E-02     -3.80879534
     4   25 Mn  -0.60361426E-02     -3.78773668
     5   25 Mn  -0.62176189E-02     -3.90161474
     6   25 Mn  -0.62060496E-02     -3.89435494
     7   25 Mn  -0.57185072E-02     -3.58841744
     8   25 Mn  -0.60361426E-02     -3.78773669
     9   25 Mn  -0.55623809E-02     -3.49044672
    10   25 Mn  -0.57185072E-02     -3.58841744
    11   25 Mn  -0.60697017E-02     -3.80879534
    12   25 Mn  -0.62083532E-02     -3.89580046
    13   25 Mn  -0.60355164E-02     -3.78734370
    14   25 Mn  -0.55615644E-02     -3.48993436
    15   25 Mn  -0.62176192E-02     -3.90161494
    16    8 O   -0.21162436E-02     -1.32796290
    17    8 O   -0.21159708E-02     -1.32779171
    18    8 O   -0.21089203E-02     -1.32336744
    19    8 O   -0.21089203E-02     -1.32336744
    20    8 O   -0.20207299E-02     -1.26802714
    21    8 O   -0.18250674E-02     -1.14524710
    22    8 O   -0.21003282E-02     -1.31797585
    23    8 O   -0.21168840E-02     -1.32836475
    24    8 O   -0.20671322E-02     -1.29714502
    25    8 O   -0.21089669E-02     -1.32339670
    26    8 O   -0.20585814E-02     -1.29177931
    27    8 O   -0.21076225E-02     -1.32255311
    28    8 O   -0.21160199E-02     -1.32782254
    29    8 O   -0.20996424E-02     -1.31754550
    30    8 O   -0.21160214E-02     -1.32782349
    31    8 O   -0.21089668E-02     -1.32339667
    32    8 O   -0.21076226E-02     -1.32255318
    33    8 O   -0.20585814E-02     -1.29177931
    34    8 O   -0.20863177E-02     -1.30918414
    35    8 O   -0.20671322E-02     -1.29714501
    36    8 O   -0.21168840E-02     -1.32836478
    37    8 O   -0.20863177E-02     -1.30918414
    38    8 O   -0.20996424E-02     -1.31754550
    39    8 O   -0.21104992E-02     -1.32435827
    40    8 O   -0.20584975E-02     -1.29172669
    41    8 O   -0.21003282E-02     -1.31797585
    42    8 O   -0.20207299E-02     -1.26802715
    43    8 O   -0.18250674E-02     -1.14524710
    44    8 O   -0.21159712E-02     -1.32779196
    45    8 O   -0.21162435E-02     -1.32796285
    46    8 O   -0.20584975E-02     -1.29172669
    47    8 O   -0.21104992E-02     -1.32435822
--------------------------------------------------

Dispersion energy:      -1.5633376113407E-01 Eh

[Info] Dispersion energy written to .EDISP
