-----------------------------------
 s i m p l e   D F T - D 3  v1.2.1
-----------------------------------

Zero (Chai-Head-Gordon) damping: pbe-D3(0)
--------------------
  s6         1.0000
  s8         0.7220
  s9         0.0000
 rs6         1.2170
 rs8         1.0000
 alp        14.0000
--------------------

Atomic radii (in Angstrom):
-------------------------------------------
   Z          R(cov)     R(vdw)      r4/r2
-------------------------------------------
  25 Mn       1.4267     1.7731     3.0718
  14 Si       1.3867     1.8959     2.5839
-------------------------------------------

Atomic reference systems (in atomic units):
----------------------------------------------------------------------------
   Z        #      CN    C6(AA)   #      CN    C6(AA)   #      CN    C6(AA)
----------------------------------------------------------------------------
  25 Mn     1  0.0000  802.7484   2  1.6406  239.5554   3  9.8849  113.8463
  14 Si     1  0.0000  317.8574   2  0.9507  270.2650   3  1.9435  233.1254
            4  2.9407  221.5046   5  3.8677  149.7734
----------------------------------------------------------------------------

Dispersion properties (in atomic units):
--------------------------------------------------------
     #    Z                CN       C6(AA)       C8(AA)
--------------------------------------------------------
     1   25 Mn         0.0167     802.7283   81148.6078
     2   25 Mn         0.0167     802.7283   81148.6078
     3   25 Mn         0.0167     802.7283   81148.6078
     4   25 Mn         0.0167     802.7283   81148.6078
     5   25 Mn         0.0167     802.7283   81148.6078
     6   25 Mn         0.0167     802.7283   81148.6078
     7   25 Mn         0.0167     802.7283   81148.6078
     8   25 Mn         0.0167     802.7283   81148.6078
     9   25 Mn         0.0146     802.7288   81148.6620
    10   25 Mn         0.0146     802.7288   81148.6620
    11   25 Mn         0.0146     802.7288   81148.6620
    12   25 Mn         0.0146     802.7288   81148.6620
    13   25 Mn         0.0146     802.7288   81148.6620
    14   25 Mn         0.0146     802.7288   81148.6620
    15   25 Mn         0.0146     802.7288   81148.6620
    16   25 Mn         0.0146     802.7288   81148.6620
    17   25 Mn         0.0192     802.7276   81148.5403
    18   25 Mn         0.0192     802.7276   81148.5403
    19   25 Mn         0.0192     802.7276   81148.5403
    20   25 Mn         0.0192     802.7276   81148.5403
    21   25 Mn         0.0172     802.7282   81148.5956
    22   25 Mn         0.0172     802.7282   81148.5956
    23   25 Mn         0.0172     802.7282   81148.5956
    24   25 Mn         0.0172     802.7282   81148.5956
    25   25 Mn         0.0263     802.7256   81148.3349
    26   25 Mn         0.0263     802.7256   81148.3349
    27   25 Mn         0.0263     802.7256   81148.3349
    28   25 Mn         0.0263     802.7256   81148.3349
    29   25 Mn         0.0263     802.7256   81148.3349
    30   25 Mn         0.0263     802.7256   81148.3349
    31   25 Mn         0.0263     802.7256   81148.3349
    32   25 Mn         0.0263     802.7256   81148.3349
    33   25 Mn         0.0212     802.7271   81148.4839
    34   25 Mn         0.0212     802.7271   81148.4839
    35   25 Mn         0.0212     802.7271   81148.4839
    36   25 Mn         0.0212     802.7271   81148.4839
    37   25 Mn         0.0212     802.7271   81148.4839
    38   25 Mn         0.0212     802.7271   81148.4839
    39   25 Mn         0.0212     802.7271   81148.4839
    40   25 Mn         0.0212     802.7271   81148.4839
    41   14 Si         0.0197     316.3523   22627.6196
    42   14 Si         0.0197     316.3523   22627.6196
    43   14 Si         0.0197     316.3523   22627.6196
    44   14 Si         0.0197     316.3523   22627.6196
    45   14 Si         0.0197     316.3523   22627.6196
    46   14 Si         0.0197     316.3523   22627.6196
    47   14 Si         0.0197     316.3523   22627.6196
    48   14 Si         0.0197     316.3523   22627.6196
    49   14 Si         0.0206     316.3425   22626.9162
    50   14 Si         0.0206     316.3425   22626.9162
    51   14 Si         0.0206     316.3425   22626.9162
    52   14 Si         0.0206     316.3425   22626.9162
    53   14 Si         0.0206     316.3425   22626.9162
    54   14 Si         0.0206     316.3425   22626.9162
    55   14 Si         0.0206     316.3425   22626.9162
    56   14 Si         0.0206     316.3425   22626.9162
--------------------------------------------------------

Atom-resolved dispersion energies:
--------------------------------------------------
     #    Z           [Hartree]      [kcal/mol]
--------------------------------------------------
     1   25 Mn  -0.10376047E-01     -6.51106773
     2   25 Mn  -0.10376047E-01     -6.51106773
     3   25 Mn  -0.10376047E-01     -6.51106773
     4   25 Mn  -0.10376047E-01     -6.51106773
     5   25 Mn  -0.10376047E-01     -6.51106773
     6   25 Mn  -0.10376047E-01     -6.51106773
     7   25 Mn  -0.10376047E-01     -6.51106773
     8   25 Mn  -0.10376047E-01     -6.51106773
     9   25 Mn  -0.10650153E-01     -6.68307164
    10   25 Mn  -0.10650153E-01     -6.68307164
    11   25 Mn  -0.10650153E-01     -6.68307164
    12   25 Mn  -0.10650153E-01     -6.68307164
    13   25 Mn  -0.10650153E-01     -6.68307164
    14   25 Mn  -0.10650153E-01     -6.68307164
    15   25 Mn  -0.10650153E-01     -6.68307164
    16   25 Mn  -0.10650153E-01     -6.68307164
    17   25 Mn  -0.10894892E-01     -6.83664794
    18   25 Mn  -0.10894892E-01     -6.83664794
    19   25 Mn  -0.10894892E-01     -6.83664794
    20   25 Mn  -0.10894892E-01     -6.83664794
    21   25 Mn  -0.11348445E-01     -7.12125657
    22   25 Mn  -0.11348445E-01     -7.12125657
    23   25 Mn  -0.11348445E-01     -7.12125657
    24   25 Mn  -0.11348445E-01     -7.12125657
    25   25 Mn  -0.12453748E-01     -7.81484484
    26   25 Mn  -0.12453748E-01     -7.81484484
    27   25 Mn  -0.12453748E-01     -7.81484484
    28   25 Mn  -0.12453748E-01     -7.81484484
    29   25 Mn  -0.12453748E-01     -7.81484484
    30   25 Mn  -0.12453748E-01     -7.81484484
    31   25 Mn  -0.12453748E-01     -7.81484484
    32   25 Mn  -0.12453748E-01     -7.81484484
    33   25 Mn  -0.11280037E-01     -7.07833008
    34   25 Mn  -0.11280037E-01     -7.07833008
    35   25 Mn  -0.11280037E-01     -7.07833008
    36   25 Mn  -0.11280037E-01     -7.07833008
    37   25 Mn  -0.11280037E-01     -7.07833008
    38   25 Mn  -0.11280037E-01     -7.07833008
    39   25 Mn  -0.11280037E-01     -7.07833008
    40   25 Mn  -0.11280037E-01     -7.07833008
    41   14 Si  -0.77375703E-02     -4.85539866
    42   14 Si  -0.77375703E-02     -4.85539866
    43   14 Si  -0.77375703E-02     -4.85539866
    44   14 Si  -0.77375703E-02     -4.85539866
    45   14 Si  -0.77375703E-02     -4.85539866
    46   14 Si  -0.77375703E-02     -4.85539866
    47   14 Si  -0.77375703E-02     -4.85539866
    48   14 Si  -0.77375703E-02     -4.85539866
    49   14 Si  -0.76759255E-02     -4.81671594
    50   14 Si  -0.76759255E-02     -4.81671594
    51   14 Si  -0.76759255E-02     -4.81671594
    52   14 Si  -0.76759255E-02     -4.81671594
    53   14 Si  -0.76759255E-02     -4.81671594
    54   14 Si  -0.76759255E-02     -4.81671594
    55   14 Si  -0.76759255E-02     -4.81671594
    56   14 Si  -0.76759255E-02     -4.81671594
--------------------------------------------------

Dispersion energy:      -5.7036118813367E-01 Eh

[Info] Dispersion energy written to .EDISP
