-----------------------------------
 s i m p l e   D F T - D 3  v1.2.1
-----------------------------------

Zero (Chai-Head-Gordon) damping: pbe-D3(0)
--------------------
  s6         1.0000
  s8         0.7220
  s9         0.0000
 rs6         1.2170
 rs8         1.0000
 alp        14.0000
--------------------

Atomic radii (in Angstrom):
-------------------------------------------
   Z          R(cov)     R(vdw)      r4/r2
-------------------------------------------
  25 Mn       1.4267     1.7731     3.0718
  14 Si       1.3867     1.8959     2.5839
-------------------------------------------

Atomic reference systems (in atomic units):
----------------------------------------------------------------------------
   Z        #      CN    C6(AA)   #      CN    C6(AA)   #      CN    C6(AA)
----------------------------------------------------------------------------
  25 Mn     1  0.0000  802.7484   2  1.6406  239.5554   3  9.8849  113.8463
  14 Si     1  0.0000  317.8574   2  0.9507  270.2650   3  1.9435  233.1254
            4  2.9407  221.5046   5  3.8677  149.7734
----------------------------------------------------------------------------

Dispersion properties (in atomic units):
--------------------------------------------------------
     #    Z                CN       C6(AA)       C8(AA)
--------------------------------------------------------
     1   25 Mn         1.6448     239.5626   24217.6249
     2   25 Mn         1.6448     239.5626   24217.6249
     3   25 Mn         1.6448     239.5626   24217.6249
     4   25 Mn         1.6448     239.5626   24217.6249
     5   25 Mn         1.6448     239.5626   24217.6249
     6   25 Mn         1.6448     239.5626   24217.6249
     7   25 Mn         1.6448     239.5626   24217.6249
     8   25 Mn         1.6448     239.5626   24217.6249
     9   25 Mn         1.3186     240.0774   24269.6630
    10   25 Mn         1.3186     240.0774   24269.6630
    11   25 Mn         1.3186     240.0774   24269.6630
    12   25 Mn         1.3186     240.0774   24269.6630
    13   25 Mn         1.3186     240.0774   24269.6630
    14   25 Mn         1.3186     240.0774   24269.6630
    15   25 Mn         1.3186     240.0774   24269.6630
    16   25 Mn         1.3186     240.0774   24269.6630
    17   25 Mn         2.0265     239.5554   24216.8998
    18   25 Mn         2.0265     239.5554   24216.8998
    19   25 Mn         2.0265     239.5554   24216.8998
    20   25 Mn         2.0265     239.5554   24216.8998
    21   25 Mn         1.6904     239.5594   24217.2960
    22   25 Mn         1.6904     239.5594   24217.2960
    23   25 Mn         1.6904     239.5594   24217.2960
    24   25 Mn         1.6904     239.5594   24217.2960
    25   25 Mn         2.9059     239.5554   24216.8949
    26   25 Mn         2.9059     239.5554   24216.8949
    27   25 Mn         2.9059     239.5554   24216.8949
    28   25 Mn         2.9059     239.5554   24216.8949
    29   25 Mn         2.9059     239.5554   24216.8949
    30   25 Mn         2.9059     239.5554   24216.8949
    31   25 Mn         2.9059     239.5554   24216.8949
    32   25 Mn         2.9059     239.5554   24216.8949
    33   25 Mn         2.2976     239.5554   24216.8951
    34   25 Mn         2.2976     239.5554   24216.8951
    35   25 Mn         2.2976     239.5554   24216.8951
    36   25 Mn         2.2976     239.5554   24216.8951
    37   25 Mn         2.2976     239.5554   24216.8951
    38   25 Mn         2.2976     239.5554   24216.8951
    39   25 Mn         2.2976     239.5554   24216.8951
    40   25 Mn         2.2976     239.5554   24216.8951
    41   14 Si         2.1125     232.4988   16629.8562
    42   14 Si         2.1125     232.4988   16629.8562
    43   14 Si         2.1125     232.4988   16629.8562
    44   14 Si         2.1125     232.4988   16629.8562
    45   14 Si         2.1125     232.4988   16629.8562
    46   14 Si         2.1125     232.4988   16629.8562
    47   14 Si         2.1125     232.4988   16629.8562
    48   14 Si         2.1125     232.4988   16629.8562
    49   14 Si         2.2398     231.2149   16538.0248
    50   14 Si         2.2398     231.2149   16538.0248
    51   14 Si         2.2398     231.2149   16538.0248
    52   14 Si         2.2398     231.2149   16538.0248
    53   14 Si         2.2398     231.2149   16538.0248
    54   14 Si         2.2398     231.2149   16538.0248
    55   14 Si         2.2398     231.2149   16538.0248
    56   14 Si         2.2398     231.2149   16538.0248
--------------------------------------------------------

Atom-resolved dispersion energies:
--------------------------------------------------
     #    Z           [Hartree]      [kcal/mol]
--------------------------------------------------
     1   25 Mn  -0.11116778E-01     -6.97588350
     2   25 Mn  -0.11116778E-01     -6.97588350
     3   25 Mn  -0.11116778E-01     -6.97588350
     4   25 Mn  -0.11116778E-01     -6.97588350
     5   25 Mn  -0.11116778E-01     -6.97588350
     6   25 Mn  -0.11116778E-01     -6.97588350
     7   25 Mn  -0.11116778E-01     -6.97588350
     8   25 Mn  -0.11116778E-01     -6.97588350
     9   25 Mn  -0.11169839E-01     -7.00918010
    10   25 Mn  -0.11169839E-01     -7.00918010
    11   25 Mn  -0.11169839E-01     -7.00918010
    12   25 Mn  -0.11169839E-01     -7.00918010
    13   25 Mn  -0.11169839E-01     -7.00918010
    14   25 Mn  -0.11169839E-01     -7.00918010
    15   25 Mn  -0.11169839E-01     -7.00918010
    16   25 Mn  -0.11169839E-01     -7.00918010
    17   25 Mn  -0.10675701E-01     -6.69910327
    18   25 Mn  -0.10675701E-01     -6.69910327
    19   25 Mn  -0.10675701E-01     -6.69910327
    20   25 Mn  -0.10675701E-01     -6.69910327
    21   25 Mn  -0.10261092E-01     -6.43893270
    22   25 Mn  -0.10261092E-01     -6.43893270
    23   25 Mn  -0.10261092E-01     -6.43893270
    24   25 Mn  -0.10261092E-01     -6.43893270
    25   25 Mn  -0.96593707E-02     -6.06134661
    26   25 Mn  -0.96593707E-02     -6.06134661
    27   25 Mn  -0.96593707E-02     -6.06134661
    28   25 Mn  -0.96593707E-02     -6.06134661
    29   25 Mn  -0.96593707E-02     -6.06134661
    30   25 Mn  -0.96593707E-02     -6.06134661
    31   25 Mn  -0.96593707E-02     -6.06134661
    32   25 Mn  -0.96593707E-02     -6.06134661
    33   25 Mn  -0.10318985E-01     -6.47526055
    34   25 Mn  -0.10318985E-01     -6.47526055
    35   25 Mn  -0.10318985E-01     -6.47526055
    36   25 Mn  -0.10318985E-01     -6.47526055
    37   25 Mn  -0.10318985E-01     -6.47526055
    38   25 Mn  -0.10318985E-01     -6.47526055
    39   25 Mn  -0.10318985E-01     -6.47526055
    40   25 Mn  -0.10318985E-01     -6.47526055
    41   14 Si  -0.99378005E-02     -6.23606398
    42   14 Si  -0.99378005E-02     -6.23606398
    43   14 Si  -0.99378005E-02     -6.23606398
    44   14 Si  -0.99378005E-02     -6.23606398
    45   14 Si  -0.99378005E-02     -6.23606398
    46   14 Si  -0.99378005E-02     -6.23606398
    47   14 Si  -0.99378005E-02     -6.23606398
    48   14 Si  -0.99378005E-02     -6.23606398
    49   14 Si  -0.97696461E-02     -6.13054550
    50   14 Si  -0.97696461E-02     -6.13054550
    51   14 Si  -0.97696461E-02     -6.13054550
    52   14 Si  -0.97696461E-02     -6.13054550
    53   14 Si  -0.97696461E-02     -6.13054550
    54   14 Si  -0.97696461E-02     -6.13054550
    55   14 Si  -0.97696461E-02     -6.13054550
    56   14 Si  -0.97696461E-02     -6.13054550
--------------------------------------------------

Dispersion energy:      -5.7952652639306E-01 Eh

[Info] Dispersion energy written to .EDISP
