-----------------------------------
 s i m p l e   D F T - D 3  v1.2.1
-----------------------------------

Zero (Chai-Head-Gordon) damping: pbe-D3(0)
--------------------
  s6         1.0000
  s8         0.7220
  s9         0.0000
 rs6         1.2170
 rs8         1.0000
 alp        14.0000
--------------------

Atomic radii (in Angstrom):
-------------------------------------------
   Z          R(cov)     R(vdw)      r4/r2
-------------------------------------------
   3 Li       1.6000     1.7478     2.6564
   8 O        0.8400     1.2408     1.3725
-------------------------------------------

Atomic reference systems (in atomic units):
----------------------------------------------------------------------------
   Z        #      CN    C6(AA)   #      CN    C6(AA)   #      CN    C6(AA)
----------------------------------------------------------------------------
   3 Li     1  0.0000 1163.4454   2  0.9865   85.3197
   8 O      1  0.0000   15.5059   2  0.9925   12.8161   3  1.9887   10.3708
----------------------------------------------------------------------------

Dispersion properties (in atomic units):
--------------------------------------------------------
     #    Z                CN       C6(AA)       C8(AA)
--------------------------------------------------------
     1    3 Li         0.2867     893.0753   67514.0468
     2    3 Li         0.2411     961.3631   72676.4191
     3    3 Li         0.3010     868.5751   65661.8990
     4    3 Li         0.2010    1009.4287   76310.0501
     5    3 Li         0.3036     863.8775   65306.7731
     6    3 Li         0.2161     992.5362   75033.0175
     7    3 Li         0.1525    1054.0871   79686.0992
     8    3 Li         0.3522     769.5000   58172.0961
     9    3 Li         0.3787     712.2881   53847.0308
    10    3 Li         0.2482     951.6700   71943.6493
    11    3 Li         0.3128     847.1812   64044.5768
    12    3 Li         0.1765    1033.6722   78142.7916
    13    3 Li         0.3789     711.8160   53811.3398
    14    3 Li         0.1575    1050.0633   79381.9083
    15    3 Li         0.3047     861.9600   65161.8180
    16    3 Li         0.1757    1034.3615   78194.9006
    17    3 Li         0.2067    1003.2706   75844.5134
    18    3 Li         0.1765    1033.6747   78142.9784
    19    3 Li         0.4019     660.0947   49901.3542
    20    3 Li         0.3628     747.0732   56476.6859
    21    3 Li         0.1843    1026.3071   77586.0064
    22    3 Li         0.2347     969.7965   73313.9633
    23    3 Li         0.1734    1036.5224   78358.2568
    24    3 Li         0.1534    1053.3757   79632.3225
    25    3 Li         0.1975    1013.1096   76588.3090
    26    3 Li         0.2184     989.9460   74837.2099
    27    3 Li         0.5845     287.5568   21738.5092
    28    3 Li         0.1741    1035.8137   78304.6810
    29    3 Li         0.3100     852.3263   64433.5371
    30    3 Li         0.2066    1003.3737   75852.3077
    31    3 Li         0.2187     989.5921   74810.4531
    32    3 Li         0.3732     724.3547   54759.2335
    33    3 Li         0.4486     552.5209   41769.0705
    34    3 Li         0.2219     985.7583   74520.6324
    35    3 Li         0.1997    1010.8150   76414.8491
    36    3 Li         0.2187     989.5581   74807.8862
    37    3 Li         0.2885     890.1568   67293.4204
    38    3 Li         0.2921     883.9357   66823.1198
    39    3 Li         0.2461     954.6655   72170.1016
    40    3 Li         0.1814    1029.1326   77799.6051
    41    3 Li         0.1404    1063.2445   80378.3757
    42    3 Li         0.2224     985.1091   74471.5507
    43    3 Li         0.3934     679.3312   51355.5829
    44    3 Li         0.3138     845.3689   63907.5785
    45    3 Li         0.3716     727.9885   55033.9377
    46    3 Li         0.1325    1068.8291   80800.5507
    47    3 Li         0.1725    1037.3060   78417.4930
    48    3 Li         0.2103     999.2655   75541.7382
    49    3 Li         0.2249     982.0602   74241.0666
    50    3 Li         0.2524     945.9002   71507.4624
    51    3 Li         0.2413     961.1308   72658.8581
    52    3 Li         0.2399     962.9486   72796.2793
    53    3 Li         0.1345    1067.4907   80699.3778
    54    3 Li         0.2500     949.2190   71758.3560
    55    3 Li         0.1740    1035.9237   78312.9993
    56    3 Li         0.2320     973.2961   73578.5190
    57    3 Li         0.1370    1065.7088   80564.6694
    58    3 Li         0.4100     641.3714   48485.9250
    59    3 Li         0.3492     775.7404   58643.8544
    60    3 Li         0.2989     872.2099   65936.6832
    61    3 Li         0.1555    1051.6929   79505.1053
    62    3 Li         0.3222     829.6164   62716.7278
    63    3 Li         0.2285     977.6699   73909.1682
    64    3 Li         0.2684     922.2485   69719.4629
    65    3 Li         0.2528     945.2835   71460.8418
    66    3 Li         0.4905     459.1461   34710.1919
    67    3 Li         0.5027     433.4082   32764.4761
    68    3 Li         0.2606     934.0494   70611.5744
    69    8 O          0.0790      15.4056     310.8942
    70    8 O          0.0752      15.4085     310.9522
    71    8 O          0.1210      15.3680     310.1341
    72    8 O          0.1234      15.3655     310.0842
    73    8 O          0.0705      15.4120     311.0230
    74    8 O          0.1031      15.3855     310.4873
    75    8 O          0.1015      15.3869     310.5169
    76    8 O          0.0799      15.4050     310.8817
    77    8 O          0.0966      15.3913     310.6051
    78    8 O          0.0700      15.4124     311.0297
    79    8 O          0.1002      15.3881     310.5399
    80    8 O          0.1154      15.3737     310.2503
    81    8 O          0.1197      15.3694     310.1625
    82    8 O          0.0735      15.4098     310.9782
    83    8 O          0.0927      15.3946     310.6715
    84    8 O          0.0928      15.3946     310.6710
    85    8 O          0.1105      15.3785     310.3466
    86    8 O          0.1120      15.3771     310.3176
    87    8 O          0.1068      15.3820     310.4175
    88    8 O          0.0839      15.4019     310.8182
    89    8 O          0.1037      15.3849     310.4759
    90    8 O          0.0948      15.3928     310.6359
    91    8 O          0.0856      15.4005     310.7910
    92    8 O          0.0676      15.4141     311.0645
    93    8 O          0.0762      15.4078     310.9373
    94    8 O          0.1093      15.3797     310.3707
    95    8 O          0.0763      15.4077     310.9363
    96    8 O          0.1019      15.3866     310.5090
    97    8 O          0.0825      15.4030     310.8405
    98    8 O          0.0691      15.4130     311.0423
    99    8 O          0.1251      15.3638     310.0489
   100    8 O          0.1150      15.3742     310.2591
   101    8 O          0.0979      15.3902     310.5817
   102    8 O          0.1009      15.3875     310.5275
--------------------------------------------------------

Atom-resolved dispersion energies:
--------------------------------------------------
     #    Z           [Hartree]      [kcal/mol]
--------------------------------------------------
     1    3 Li  -0.15080859E-01     -9.46338208
     2    3 Li  -0.16840444E-01    -10.56753846
     3    3 Li  -0.16111939E-01    -10.11039447
     4    3 Li  -0.15803992E-01     -9.91715461
     5    3 Li  -0.16379779E-01    -10.27846664
     6    3 Li  -0.16359358E-01    -10.26565214
     7    3 Li  -0.16486145E-01    -10.34521224
     8    3 Li  -0.14683079E-01     -9.21377094
     9    3 Li  -0.14271526E-01     -8.95551760
    10    3 Li  -0.14880385E-01     -9.33758246
    11    3 Li  -0.15405566E-01     -9.66713873
    12    3 Li  -0.15489171E-01     -9.71960165
    13    3 Li  -0.14661488E-01     -9.20022259
    14    3 Li  -0.17931437E-01    -11.25214630
    15    3 Li  -0.16783575E-01    -10.53185218
    16    3 Li  -0.17773756E-01    -11.15320010
    17    3 Li  -0.16970234E-01    -10.64898263
    18    3 Li  -0.16550278E-01    -10.38545637
    19    3 Li  -0.12187011E-01     -7.64746465
    20    3 Li  -0.15739228E-01     -9.87651496
    21    3 Li  -0.15736360E-01     -9.87471516
    22    3 Li  -0.17514346E-01    -10.99041803
    23    3 Li  -0.18005820E-01    -11.29882273
    24    3 Li  -0.16694054E-01    -10.47567684
    25    3 Li  -0.17460383E-01    -10.95655558
    26    3 Li  -0.18307959E-01    -11.48841799
    27    3 Li  -0.89445564E-02     -5.61279387
    28    3 Li  -0.17426081E-01    -10.93503100
    29    3 Li  -0.16924132E-01    -10.62005305
    30    3 Li  -0.15552997E-01     -9.75965314
    31    3 Li  -0.17823364E-01    -11.18432999
    32    3 Li  -0.15612515E-01     -9.79700084
    33    3 Li  -0.11390447E-01     -7.14761314
    34    3 Li  -0.15638129E-01     -9.81307411
    35    3 Li  -0.17231134E-01    -10.81269962
    36    3 Li  -0.16509657E-01    -10.35996606
    37    3 Li  -0.15206714E-01     -9.54235735
    38    3 Li  -0.16451754E-01    -10.32363122
    39    3 Li  -0.17115885E-01    -10.74038003
    40    3 Li  -0.16958478E-01    -10.64160543
    41    3 Li  -0.16833369E-01    -10.56309879
    42    3 Li  -0.18869224E-01    -11.84061660
    43    3 Li  -0.14487187E-01     -9.09084740
    44    3 Li  -0.15147467E-01     -9.50517891
    45    3 Li  -0.15228477E-01     -9.55601387
    46    3 Li  -0.16875159E-01    -10.58932224
    47    3 Li  -0.16158584E-01    -10.13966482
    48    3 Li  -0.14841075E-01     -9.31291546
    49    3 Li  -0.16828972E-01    -10.56033936
    50    3 Li  -0.15523189E-01     -9.74094796
    51    3 Li  -0.17577644E-01    -11.03013805
    52    3 Li  -0.17257552E-01    -10.82927710
    53    3 Li  -0.15497859E-01     -9.72505347
    54    3 Li  -0.14689277E-01     -9.21766042
    55    3 Li  -0.17274342E-01    -10.83981346
    56    3 Li  -0.18142494E-01    -11.38458690
    57    3 Li  -0.16896380E-01    -10.60263839
    58    3 Li  -0.14571665E-01     -9.14385753
    59    3 Li  -0.15676764E-01     -9.83731773
    60    3 Li  -0.14852222E-01     -9.31991021
    61    3 Li  -0.15661109E-01     -9.82749410
    62    3 Li  -0.14890100E-01     -9.34367887
    63    3 Li  -0.15096554E-01     -9.47323040
    64    3 Li  -0.16184186E-01    -10.15572988
    65    3 Li  -0.16656238E-01    -10.45194717
    66    3 Li  -0.11267069E-01     -7.07019273
    67    3 Li  -0.11255874E-01     -7.06316761
    68    3 Li  -0.16476367E-01    -10.33907656
    69    8 O   -0.33398727E-02     -2.09580174
    70    8 O   -0.33698544E-02     -2.11461559
    71    8 O   -0.35105102E-02     -2.20287843
    72    8 O   -0.31175508E-02     -1.95629269
    73    8 O   -0.29615465E-02     -1.85839850
    74    8 O   -0.34920830E-02     -2.19131519
    75    8 O   -0.36063175E-02     -2.26299841
    76    8 O   -0.32766163E-02     -2.05610774
    77    8 O   -0.35904322E-02     -2.25303023
    78    8 O   -0.30236017E-02     -1.89733869
    79    8 O   -0.34262518E-02     -2.15000549
    80    8 O   -0.34914737E-02     -2.19093284
    81    8 O   -0.33813748E-02     -2.12184470
    82    8 O   -0.35856114E-02     -2.25000512
    83    8 O   -0.31982473E-02     -2.00693047
    84    8 O   -0.35892707E-02     -2.25230140
    85    8 O   -0.32298637E-02     -2.02677007
    86    8 O   -0.34283531E-02     -2.15132408
    87    8 O   -0.35516520E-02     -2.22869530
    88    8 O   -0.35807058E-02     -2.24692680
    89    8 O   -0.36157219E-02     -2.26889973
    90    8 O   -0.34049832E-02     -2.13665919
    91    8 O   -0.33813298E-02     -2.12181647
    92    8 O   -0.32900027E-02     -2.06450788
    93    8 O   -0.31600746E-02     -1.98297676
    94    8 O   -0.35568850E-02     -2.23197904
    95    8 O   -0.33680003E-02     -2.11345213
    96    8 O   -0.36922032E-02     -2.31689249
    97    8 O   -0.33531934E-02     -2.10416063
    98    8 O   -0.30720436E-02     -1.92773644
    99    8 O   -0.33206926E-02     -2.08376605
   100    8 O   -0.34818263E-02     -2.18487899
   101    8 O   -0.31599379E-02     -1.98289099
   102    8 O   -0.32302684E-02     -2.02702402
--------------------------------------------------

Dispersion energy:      -1.1944487664598E+00 Eh

[Info] Dispersion energy written to .EDISP
