-----------------------------------
 s i m p l e   D F T - D 3  v1.2.1
-----------------------------------

Zero (Chai-Head-Gordon) damping: pbe-D3(0)
--------------------
  s6         1.0000
  s8         0.7220
  s9         0.0000
 rs6         1.2170
 rs8         1.0000
 alp        14.0000
--------------------

Atomic radii (in Angstrom):
-------------------------------------------
   Z          R(cov)     R(vdw)      r4/r2
-------------------------------------------
  39 Y        1.9600     2.1098     4.2187
  12 Mg       1.6667     1.7420     2.8909
-------------------------------------------

Atomic reference systems (in atomic units):
----------------------------------------------------------------------------
   Z        #      CN    C6(AA)   #      CN    C6(AA)   #      CN    C6(AA)
----------------------------------------------------------------------------
  39 Y      1  0.0000 2365.8925   2  1.9153 1132.2983   3  2.8903  451.0845
  12 Mg     1  0.0000  683.3758   2  0.9628  451.2708   3  1.9496  175.5616
----------------------------------------------------------------------------

Dispersion properties (in atomic units):
--------------------------------------------------------
     #    Z                CN       C6(AA)       C8(AA)
--------------------------------------------------------
     1   39 Y         16.8220     451.0845   86005.2249
     2   12 Mg        13.8381     175.5616   15718.3434
     3   12 Mg        13.8318     175.5616   15718.3434
     4   12 Mg        13.8318     175.5616   15718.3434
     5   12 Mg        13.7997     175.5616   15718.3434
     6   12 Mg        13.7997     175.5616   15718.3434
     7   12 Mg        13.8414     175.5616   15718.3434
     8   12 Mg        13.8414     175.5616   15718.3434
     9   12 Mg        13.8381     175.5616   15718.3434
    10   12 Mg        13.8381     175.5616   15718.3434
    11   12 Mg        13.8793     175.5616   15718.3434
    12   12 Mg        13.8318     175.5616   15718.3434
    13   12 Mg        13.8413     175.5616   15718.3434
    14   12 Mg        13.8413     175.5616   15718.3434
    15   12 Mg        13.9054     175.5616   15718.3434
    16   12 Mg        13.9054     175.5616   15718.3434
    17   12 Mg        13.8793     175.5616   15718.3434
    18   12 Mg        13.8793     175.5616   15718.3434
    19   12 Mg        13.7997     175.5616   15718.3434
    20   12 Mg        13.7997     175.5616   15718.3434
    21   12 Mg        13.9054     175.5616   15718.3434
    22   12 Mg        13.7997     175.5616   15718.3434
    23   12 Mg        13.7997     175.5616   15718.3434
    24   12 Mg        13.8413     175.5616   15718.3434
    25   12 Mg        13.8414     175.5616   15718.3434
    26   12 Mg        14.1333     175.5616   15718.3434
    27   12 Mg        14.1333     175.5616   15718.3434
    28   12 Mg        14.1333     175.5616   15718.3434
    29   12 Mg        13.8706     175.5616   15718.3434
    30   12 Mg        13.8687     175.5616   15718.3434
    31   12 Mg        13.8687     175.5616   15718.3434
    32   12 Mg        13.8687     175.5616   15718.3434
    33   12 Mg        13.8687     175.5616   15718.3434
    34   12 Mg        13.8687     175.5616   15718.3434
    35   12 Mg        13.8687     175.5616   15718.3434
    36   12 Mg        13.8754     175.5616   15718.3434
    37   12 Mg        13.8754     175.5616   15718.3434
    38   12 Mg        13.8754     175.5616   15718.3434
    39   12 Mg        13.8630     175.5616   15718.3434
    40   12 Mg        13.8630     175.5616   15718.3434
    41   12 Mg        13.8630     175.5616   15718.3434
    42   12 Mg        13.8960     175.5616   15718.3434
    43   12 Mg        13.8960     175.5616   15718.3434
    44   12 Mg        13.8960     175.5616   15718.3434
    45   12 Mg        13.8960     175.5616   15718.3434
    46   12 Mg        13.8960     175.5616   15718.3434
    47   12 Mg        13.8960     175.5616   15718.3434
    48   12 Mg        13.7576     175.5616   15718.3434
    49   12 Mg        13.7576     175.5616   15718.3434
    50   12 Mg        13.7576     175.5616   15718.3434
    51   12 Mg        13.8405     175.5616   15718.3434
    52   12 Mg        13.8405     175.5616   15718.3434
    53   12 Mg        13.8405     175.5616   15718.3434
    54   12 Mg        13.8579     175.5616   15718.3434
    55   12 Mg        13.8579     175.5616   15718.3434
    56   12 Mg        13.8579     175.5616   15718.3434
    57   12 Mg        13.8663     175.5616   15718.3434
    58   12 Mg        13.8663     175.5616   15718.3434
    59   12 Mg        13.8663     175.5616   15718.3434
    60   12 Mg        13.8663     175.5616   15718.3434
    61   12 Mg        13.8663     175.5616   15718.3434
    62   12 Mg        13.8663     175.5616   15718.3434
    63   12 Mg        13.8341     175.5616   15718.3434
    64   12 Mg        13.8341     175.5616   15718.3434
    65   12 Mg        13.8341     175.5616   15718.3434
    66   12 Mg        13.8341     175.5616   15718.3434
    67   12 Mg        13.8341     175.5616   15718.3434
    68   12 Mg        13.8341     175.5616   15718.3434
    69   12 Mg        13.9126     175.5616   15718.3434
    70   12 Mg        13.9126     175.5616   15718.3434
    71   12 Mg        13.9126     175.5616   15718.3434
    72   12 Mg        13.8925     175.5616   15718.3434
    73   12 Mg        13.8925     175.5616   15718.3434
    74   12 Mg        13.8925     175.5616   15718.3434
    75   12 Mg        13.9282     175.5616   15718.3434
    76   12 Mg        13.8617     175.5616   15718.3434
    77   12 Mg        13.8617     175.5616   15718.3434
    78   12 Mg        13.8492     175.5616   15718.3434
    79   12 Mg        13.8645     175.5616   15718.3434
    80   12 Mg        13.8645     175.5616   15718.3434
    81   12 Mg        13.8645     175.5616   15718.3434
    82   12 Mg        13.8644     175.5616   15718.3434
    83   12 Mg        13.8299     175.5616   15718.3434
    84   12 Mg        13.8594     175.5616   15718.3434
    85   12 Mg        13.8594     175.5616   15718.3434
    86   12 Mg        13.8645     175.5616   15718.3434
    87   12 Mg        13.8645     175.5616   15718.3434
    88   12 Mg        13.8741     175.5616   15718.3434
    89   12 Mg        13.8741     175.5616   15718.3434
    90   12 Mg        13.8660     175.5616   15718.3434
    91   12 Mg        13.8617     175.5616   15718.3434
    92   12 Mg        13.8594     175.5616   15718.3434
    93   12 Mg        13.8594     175.5616   15718.3434
    94   12 Mg        13.8660     175.5616   15718.3434
    95   12 Mg        13.8660     175.5616   15718.3434
    96   12 Mg        13.8492     175.5616   15718.3434
    97   12 Mg        13.8492     175.5616   15718.3434
    98   12 Mg        13.8594     175.5616   15718.3434
    99   12 Mg        13.8594     175.5616   15718.3434
   100   12 Mg        13.8741     175.5616   15718.3434
   101   12 Mg        13.9283     175.5616   15718.3434
   102   12 Mg        13.8925     175.5616   15718.3434
   103   12 Mg        13.8925     175.5616   15718.3434
   104   12 Mg        13.8925     175.5616   15718.3434
   105   12 Mg        13.9126     175.5616   15718.3434
   106   12 Mg        13.9126     175.5616   15718.3434
   107   12 Mg        13.9126     175.5616   15718.3434
   108   12 Mg        13.8341     175.5616   15718.3434
   109   12 Mg        13.8341     175.5616   15718.3434
   110   12 Mg        13.8341     175.5616   15718.3434
   111   12 Mg        13.8341     175.5616   15718.3434
   112   12 Mg        13.8341     175.5616   15718.3434
   113   12 Mg        13.8341     175.5616   15718.3434
   114   12 Mg        13.8663     175.5616   15718.3434
   115   12 Mg        13.8663     175.5616   15718.3434
   116   12 Mg        13.8663     175.5616   15718.3434
   117   12 Mg        13.8663     175.5616   15718.3434
   118   12 Mg        13.8663     175.5616   15718.3434
   119   12 Mg        13.8663     175.5616   15718.3434
   120   12 Mg        13.8579     175.5616   15718.3434
   121   12 Mg        13.8579     175.5616   15718.3434
   122   12 Mg        13.8579     175.5616   15718.3434
   123   12 Mg        13.8405     175.5616   15718.3434
   124   12 Mg        13.8405     175.5616   15718.3434
   125   12 Mg        13.8405     175.5616   15718.3434
   126   12 Mg        13.7576     175.5616   15718.3434
   127   12 Mg        13.7576     175.5616   15718.3434
   128   12 Mg        13.7576     175.5616   15718.3434
   129   12 Mg        13.8960     175.5616   15718.3434
   130   12 Mg        13.8960     175.5616   15718.3434
   131   12 Mg        13.8960     175.5616   15718.3434
   132   12 Mg        13.8960     175.5616   15718.3434
   133   12 Mg        13.8960     175.5616   15718.3434
   134   12 Mg        13.8960     175.5616   15718.3434
   135   12 Mg        13.8630     175.5616   15718.3434
   136   12 Mg        13.8630     175.5616   15718.3434
   137   12 Mg        13.8630     175.5616   15718.3434
   138   12 Mg        13.8754     175.5616   15718.3434
   139   12 Mg        13.8754     175.5616   15718.3434
   140   12 Mg        13.8754     175.5616   15718.3434
   141   12 Mg        13.8687     175.5616   15718.3434
   142   12 Mg        13.8687     175.5616   15718.3434
   143   12 Mg        13.8687     175.5616   15718.3434
   144   12 Mg        13.8687     175.5616   15718.3434
   145   12 Mg        13.8687     175.5616   15718.3434
   146   12 Mg        13.8687     175.5616   15718.3434
   147   12 Mg        13.8706     175.5616   15718.3434
   148   12 Mg        14.1333     175.5616   15718.3434
   149   12 Mg        14.1333     175.5616   15718.3434
   150   12 Mg        14.1333     175.5616   15718.3434
--------------------------------------------------------

Atom-resolved dispersion energies:
--------------------------------------------------
     #    Z           [Hartree]      [kcal/mol]
--------------------------------------------------
     1   39 Y   -0.23673365E-01    -14.85526081
     2   12 Mg  -0.16161726E-01    -10.14163638
     3   12 Mg  -0.16249836E-01    -10.19692622
     4   12 Mg  -0.16249838E-01    -10.19692699
     5   12 Mg  -0.16094500E-01    -10.09945117
     6   12 Mg  -0.16094507E-01    -10.09945544
     7   12 Mg  -0.16237957E-01    -10.18947161
     8   12 Mg  -0.16237969E-01    -10.18947919
     9   12 Mg  -0.16161733E-01    -10.14164089
    10   12 Mg  -0.16161719E-01    -10.14163187
    11   12 Mg  -0.16267382E-01    -10.20793651
    12   12 Mg  -0.16249830E-01    -10.19692248
    13   12 Mg  -0.16237952E-01    -10.18946883
    14   12 Mg  -0.16237961E-01    -10.18947418
    15   12 Mg  -0.16203056E-01    -10.16757135
    16   12 Mg  -0.16203059E-01    -10.16757324
    17   12 Mg  -0.16267378E-01    -10.20793376
    18   12 Mg  -0.16267374E-01    -10.20793143
    19   12 Mg  -0.16094504E-01    -10.09945382
    20   12 Mg  -0.16094505E-01    -10.09945410
    21   12 Mg  -0.16203062E-01    -10.16757485
    22   12 Mg  -0.16094498E-01    -10.09945015
    23   12 Mg  -0.16094500E-01    -10.09945112
    24   12 Mg  -0.16237967E-01    -10.18947822
    25   12 Mg  -0.16237968E-01    -10.18947873
    26   12 Mg  -0.16006470E-01    -10.04421164
    27   12 Mg  -0.16006479E-01    -10.04421749
    28   12 Mg  -0.16006467E-01    -10.04420983
    29   12 Mg  -0.16125747E-01    -10.11905883
    30   12 Mg  -0.16173533E-01    -10.14904519
    31   12 Mg  -0.16173540E-01    -10.14904987
    32   12 Mg  -0.16173545E-01    -10.14905295
    33   12 Mg  -0.16173542E-01    -10.14905087
    34   12 Mg  -0.16173536E-01    -10.14904678
    35   12 Mg  -0.16173529E-01    -10.14904262
    36   12 Mg  -0.16194746E-01    -10.16235672
    37   12 Mg  -0.16194749E-01    -10.16235816
    38   12 Mg  -0.16194740E-01    -10.16235296
    39   12 Mg  -0.16230662E-01    -10.18489402
    40   12 Mg  -0.16230652E-01    -10.18488764
    41   12 Mg  -0.16230664E-01    -10.18489516
    42   12 Mg  -0.16230507E-01    -10.18479684
    43   12 Mg  -0.16230516E-01    -10.18480225
    44   12 Mg  -0.16230505E-01    -10.18479581
    45   12 Mg  -0.16230512E-01    -10.18479977
    46   12 Mg  -0.16230510E-01    -10.18479889
    47   12 Mg  -0.16230513E-01    -10.18480055
    48   12 Mg  -0.16116155E-01    -10.11303981
    49   12 Mg  -0.16116152E-01    -10.11303830
    50   12 Mg  -0.16116161E-01    -10.11304371
    51   12 Mg  -0.16186333E-01    -10.15707709
    52   12 Mg  -0.16186315E-01    -10.15706625
    53   12 Mg  -0.16186314E-01    -10.15706562
    54   12 Mg  -0.16137524E-01    -10.12644919
    55   12 Mg  -0.16137518E-01    -10.12644564
    56   12 Mg  -0.16137523E-01    -10.12644880
    57   12 Mg  -0.16213261E-01    -10.17397457
    58   12 Mg  -0.16213263E-01    -10.17397609
    59   12 Mg  -0.16213257E-01    -10.17397219
    60   12 Mg  -0.16213256E-01    -10.17397178
    61   12 Mg  -0.16213258E-01    -10.17397324
    62   12 Mg  -0.16213252E-01    -10.17396942
    63   12 Mg  -0.16197875E-01    -10.16431978
    64   12 Mg  -0.16197880E-01    -10.16432326
    65   12 Mg  -0.16197879E-01    -10.16432277
    66   12 Mg  -0.16197872E-01    -10.16431835
    67   12 Mg  -0.16197881E-01    -10.16432365
    68   12 Mg  -0.16197873E-01    -10.16431904
    69   12 Mg  -0.16159049E-01    -10.13995628
    70   12 Mg  -0.16159047E-01    -10.13995535
    71   12 Mg  -0.16159045E-01    -10.13995401
    72   12 Mg  -0.16173942E-01    -10.14930156
    73   12 Mg  -0.16173946E-01    -10.14930451
    74   12 Mg  -0.16173938E-01    -10.14929911
    75   12 Mg  -0.16154551E-01    -10.13713393
    76   12 Mg  -0.16160380E-01    -10.14079184
    77   12 Mg  -0.16160399E-01    -10.14080374
    78   12 Mg  -0.16194765E-01    -10.16236832
    79   12 Mg  -0.16141157E-01    -10.12872885
    80   12 Mg  -0.16141146E-01    -10.12872233
    81   12 Mg  -0.16141166E-01    -10.12873469
    82   12 Mg  -0.16141152E-01    -10.12872562
    83   12 Mg  -0.16158465E-01    -10.13958989
    84   12 Mg  -0.16176715E-01    -10.15104182
    85   12 Mg  -0.16176722E-01    -10.15104661
    86   12 Mg  -0.16141145E-01    -10.12872128
    87   12 Mg  -0.16141147E-01    -10.12872245
    88   12 Mg  -0.16165238E-01    -10.14383995
    89   12 Mg  -0.16165251E-01    -10.14384814
    90   12 Mg  -0.16191546E-01    -10.16034875
    91   12 Mg  -0.16160366E-01    -10.14078297
    92   12 Mg  -0.16176730E-01    -10.15105110
    93   12 Mg  -0.16176725E-01    -10.15104831
    94   12 Mg  -0.16191551E-01    -10.16035164
    95   12 Mg  -0.16191530E-01    -10.16033874
    96   12 Mg  -0.16194782E-01    -10.16237942
    97   12 Mg  -0.16194759E-01    -10.16236500
    98   12 Mg  -0.16176741E-01    -10.15105837
    99   12 Mg  -0.16176727E-01    -10.15104914
   100   12 Mg  -0.16165222E-01    -10.14382967
   101   12 Mg  -0.16154543E-01    -10.13712853
   102   12 Mg  -0.16173940E-01    -10.14930057
   103   12 Mg  -0.16173945E-01    -10.14930352
   104   12 Mg  -0.16173936E-01    -10.14929812
   105   12 Mg  -0.16159044E-01    -10.13995294
   106   12 Mg  -0.16159042E-01    -10.13995201
   107   12 Mg  -0.16159040E-01    -10.13995068
   108   12 Mg  -0.16197868E-01    -10.16431565
   109   12 Mg  -0.16197874E-01    -10.16431912
   110   12 Mg  -0.16197873E-01    -10.16431863
   111   12 Mg  -0.16197866E-01    -10.16431421
   112   12 Mg  -0.16197874E-01    -10.16431951
   113   12 Mg  -0.16197867E-01    -10.16431490
   114   12 Mg  -0.16213260E-01    -10.17397418
   115   12 Mg  -0.16213262E-01    -10.17397569
   116   12 Mg  -0.16213256E-01    -10.17397179
   117   12 Mg  -0.16213255E-01    -10.17397138
   118   12 Mg  -0.16213258E-01    -10.17397284
   119   12 Mg  -0.16213252E-01    -10.17396902
   120   12 Mg  -0.16137520E-01    -10.12644691
   121   12 Mg  -0.16137515E-01    -10.12644336
   122   12 Mg  -0.16137520E-01    -10.12644652
   123   12 Mg  -0.16186328E-01    -10.15707414
   124   12 Mg  -0.16186311E-01    -10.15706331
   125   12 Mg  -0.16186310E-01    -10.15706267
   126   12 Mg  -0.16116157E-01    -10.11304116
   127   12 Mg  -0.16116155E-01    -10.11303965
   128   12 Mg  -0.16116163E-01    -10.11304506
   129   12 Mg  -0.16230508E-01    -10.18479760
   130   12 Mg  -0.16230517E-01    -10.18480301
   131   12 Mg  -0.16230506E-01    -10.18479657
   132   12 Mg  -0.16230513E-01    -10.18480053
   133   12 Mg  -0.16230511E-01    -10.18479965
   134   12 Mg  -0.16230514E-01    -10.18480131
   135   12 Mg  -0.16230666E-01    -10.18489642
   136   12 Mg  -0.16230655E-01    -10.18489003
   137   12 Mg  -0.16230667E-01    -10.18489756
   138   12 Mg  -0.16194747E-01    -10.16235732
   139   12 Mg  -0.16194750E-01    -10.16235876
   140   12 Mg  -0.16194741E-01    -10.16235357
   141   12 Mg  -0.16173535E-01    -10.14904662
   142   12 Mg  -0.16173543E-01    -10.14905130
   143   12 Mg  -0.16173548E-01    -10.14905438
   144   12 Mg  -0.16173544E-01    -10.14905230
   145   12 Mg  -0.16173538E-01    -10.14904821
   146   12 Mg  -0.16173531E-01    -10.14904405
   147   12 Mg  -0.16125750E-01    -10.11906076
   148   12 Mg  -0.16006469E-01    -10.04421113
   149   12 Mg  -0.16006479E-01    -10.04421699
   150   12 Mg  -0.16006466E-01    -10.04420932
--------------------------------------------------

Dispersion energy:      -2.4340875901576E+00 Eh

[Info] Dispersion energy written to .EDISP
