-----------------------------------
 s i m p l e   D F T - D 3  v1.2.1
-----------------------------------

Zero (Chai-Head-Gordon) damping: pbe-D3(0)
--------------------
  s6         1.0000
  s8         0.7220
  s9         0.0000
 rs6         1.2170
 rs8         1.0000
 alp        14.0000
--------------------

Atomic radii (in Angstrom):
-------------------------------------------
   Z          R(cov)     R(vdw)      r4/r2
-------------------------------------------
  39 Y        1.9600     2.1098     4.2187
  12 Mg       1.6667     1.7420     2.8909
-------------------------------------------

Atomic reference systems (in atomic units):
----------------------------------------------------------------------------
   Z        #      CN    C6(AA)   #      CN    C6(AA)   #      CN    C6(AA)
----------------------------------------------------------------------------
  39 Y      1  0.0000 2365.8925   2  1.9153 1132.2983   3  2.8903  451.0845
  12 Mg     1  0.0000  683.3758   2  0.9628  451.2708   3  1.9496  175.5616
----------------------------------------------------------------------------

Dispersion properties (in atomic units):
--------------------------------------------------------
     #    Z                CN       C6(AA)       C8(AA)
--------------------------------------------------------
     1   39 Y          0.0398    2365.8913  451088.4702
     2   12 Mg         0.0208     676.1859   60540.1328
     3   12 Mg         0.0208     676.1854   60540.0845
     4   12 Mg         0.0208     676.1854   60540.0839
     5   12 Mg         0.0219     676.1266   60534.8206
     6   12 Mg         0.0219     676.1266   60534.8206
     7   12 Mg         0.0209     676.1801   60539.6144
     8   12 Mg         0.0209     676.1801   60539.6149
     9   12 Mg         0.0208     676.1859   60540.1330
    10   12 Mg         0.0208     676.1859   60540.1326
    11   12 Mg         0.0212     676.1663   60538.3789
    12   12 Mg         0.0208     676.1854   60540.0850
    13   12 Mg         0.0209     676.1801   60539.6146
    14   12 Mg         0.0209     676.1801   60539.6148
    15   12 Mg         0.0211     676.1734   60539.0135
    16   12 Mg         0.0211     676.1734   60539.0140
    17   12 Mg         0.0212     676.1663   60538.3791
    18   12 Mg         0.0212     676.1663   60538.3794
    19   12 Mg         0.0219     676.1266   60534.8217
    20   12 Mg         0.0219     676.1266   60534.8213
    21   12 Mg         0.0211     676.1734   60539.0140
    22   12 Mg         0.0219     676.1266   60534.8206
    23   12 Mg         0.0219     676.1266   60534.8208
    24   12 Mg         0.0209     676.1801   60539.6144
    25   12 Mg         0.0209     676.1801   60539.6149
    26   12 Mg         0.0205     676.2047   60541.8178
    27   12 Mg         0.0205     676.2047   60541.8175
    28   12 Mg         0.0205     676.2048   60541.8185
    29   12 Mg         0.0206     676.2001   60541.4024
    30   12 Mg         0.0206     676.1975   60541.1659
    31   12 Mg         0.0206     676.1975   60541.1657
    32   12 Mg         0.0206     676.1975   60541.1655
    33   12 Mg         0.0206     676.1975   60541.1661
    34   12 Mg         0.0206     676.1975   60541.1659
    35   12 Mg         0.0206     676.1975   60541.1661
    36   12 Mg         0.0210     676.1797   60539.5754
    37   12 Mg         0.0210     676.1797   60539.5751
    38   12 Mg         0.0210     676.1797   60539.5752
    39   12 Mg         0.0212     676.1653   60538.2880
    40   12 Mg         0.0212     676.1653   60538.2878
    41   12 Mg         0.0212     676.1653   60538.2880
    42   12 Mg         0.0210     676.1781   60539.4295
    43   12 Mg         0.0210     676.1781   60539.4292
    44   12 Mg         0.0210     676.1781   60539.4295
    45   12 Mg         0.0210     676.1781   60539.4295
    46   12 Mg         0.0210     676.1781   60539.4294
    47   12 Mg         0.0210     676.1781   60539.4295
    48   12 Mg         0.0221     676.1170   60533.9625
    49   12 Mg         0.0221     676.1170   60533.9631
    50   12 Mg         0.0221     676.1170   60533.9626
    51   12 Mg         0.0207     676.1942   60540.8722
    52   12 Mg         0.0207     676.1942   60540.8719
    53   12 Mg         0.0207     676.1942   60540.8715
    54   12 Mg         0.0207     676.1936   60540.8232
    55   12 Mg         0.0207     676.1936   60540.8234
    56   12 Mg         0.0207     676.1936   60540.8234
    57   12 Mg         0.0208     676.1865   60540.1800
    58   12 Mg         0.0208     676.1864   60540.1796
    59   12 Mg         0.0208     676.1864   60540.1795
    60   12 Mg         0.0208     676.1864   60540.1791
    61   12 Mg         0.0208     676.1864   60540.1794
    62   12 Mg         0.0208     676.1864   60540.1793
    63   12 Mg         0.0210     676.1789   60539.5075
    64   12 Mg         0.0210     676.1789   60539.5071
    65   12 Mg         0.0210     676.1790   60539.5084
    66   12 Mg         0.0210     676.1789   60539.5071
    67   12 Mg         0.0210     676.1789   60539.5075
    68   12 Mg         0.0210     676.1789   60539.5079
    69   12 Mg         0.0210     676.1784   60539.4623
    70   12 Mg         0.0210     676.1784   60539.4629
    71   12 Mg         0.0210     676.1784   60539.4618
    72   12 Mg         0.0210     676.1766   60539.2977
    73   12 Mg         0.0210     676.1766   60539.2985
    74   12 Mg         0.0210     676.1766   60539.2979
    75   12 Mg         0.0208     676.1900   60540.5016
    76   12 Mg         0.0207     676.1910   60540.5853
    77   12 Mg         0.0207     676.1910   60540.5851
    78   12 Mg         0.0208     676.1890   60540.4075
    79   12 Mg         0.0208     676.1876   60540.2806
    80   12 Mg         0.0208     676.1876   60540.2801
    81   12 Mg         0.0208     676.1876   60540.2799
    82   12 Mg         0.0208     676.1876   60540.2804
    83   12 Mg         0.0208     676.1862   60540.1549
    84   12 Mg         0.0209     676.1831   60539.8775
    85   12 Mg         0.0209     676.1831   60539.8758
    86   12 Mg         0.0208     676.1876   60540.2802
    87   12 Mg         0.0208     676.1876   60540.2804
    88   12 Mg         0.0209     676.1818   60539.7602
    89   12 Mg         0.0209     676.1818   60539.7613
    90   12 Mg         0.0210     676.1778   60539.4016
    91   12 Mg         0.0207     676.1910   60540.5846
    92   12 Mg         0.0209     676.1831   60539.8771
    93   12 Mg         0.0209     676.1831   60539.8773
    94   12 Mg         0.0210     676.1778   60539.4017
    95   12 Mg         0.0210     676.1778   60539.4015
    96   12 Mg         0.0208     676.1890   60540.4074
    97   12 Mg         0.0208     676.1890   60540.4075
    98   12 Mg         0.0209     676.1831   60539.8773
    99   12 Mg         0.0209     676.1831   60539.8771
   100   12 Mg         0.0209     676.1818   60539.7603
   101   12 Mg         0.0208     676.1900   60540.5015
   102   12 Mg         0.0210     676.1766   60539.2977
   103   12 Mg         0.0210     676.1766   60539.2985
   104   12 Mg         0.0210     676.1766   60539.2979
   105   12 Mg         0.0210     676.1784   60539.4623
   106   12 Mg         0.0210     676.1784   60539.4629
   107   12 Mg         0.0210     676.1784   60539.4618
   108   12 Mg         0.0210     676.1789   60539.5075
   109   12 Mg         0.0210     676.1789   60539.5071
   110   12 Mg         0.0210     676.1790   60539.5084
   111   12 Mg         0.0210     676.1789   60539.5071
   112   12 Mg         0.0210     676.1789   60539.5075
   113   12 Mg         0.0210     676.1789   60539.5079
   114   12 Mg         0.0208     676.1865   60540.1797
   115   12 Mg         0.0208     676.1864   60540.1794
   116   12 Mg         0.0208     676.1864   60540.1792
   117   12 Mg         0.0208     676.1864   60540.1788
   118   12 Mg         0.0208     676.1864   60540.1791
   119   12 Mg         0.0208     676.1864   60540.1791
   120   12 Mg         0.0207     676.1936   60540.8232
   121   12 Mg         0.0207     676.1936   60540.8234
   122   12 Mg         0.0207     676.1936   60540.8234
   123   12 Mg         0.0207     676.1942   60540.8720
   124   12 Mg         0.0207     676.1942   60540.8717
   125   12 Mg         0.0207     676.1942   60540.8713
   126   12 Mg         0.0221     676.1170   60533.9624
   127   12 Mg         0.0221     676.1170   60533.9631
   128   12 Mg         0.0221     676.1170   60533.9626
   129   12 Mg         0.0210     676.1781   60539.4295
   130   12 Mg         0.0210     676.1781   60539.4292
   131   12 Mg         0.0210     676.1781   60539.4295
   132   12 Mg         0.0210     676.1781   60539.4296
   133   12 Mg         0.0210     676.1781   60539.4294
   134   12 Mg         0.0210     676.1781   60539.4295
   135   12 Mg         0.0212     676.1653   60538.2886
   136   12 Mg         0.0212     676.1653   60538.2884
   137   12 Mg         0.0212     676.1653   60538.2886
   138   12 Mg         0.0210     676.1797   60539.5757
   139   12 Mg         0.0210     676.1797   60539.5754
   140   12 Mg         0.0210     676.1797   60539.5755
   141   12 Mg         0.0206     676.1975   60541.1662
   142   12 Mg         0.0206     676.1975   60541.1660
   143   12 Mg         0.0206     676.1975   60541.1658
   144   12 Mg         0.0206     676.1975   60541.1664
   145   12 Mg         0.0206     676.1975   60541.1662
   146   12 Mg         0.0206     676.1975   60541.1664
   147   12 Mg         0.0206     676.2001   60541.4033
   148   12 Mg         0.0205     676.2047   60541.8179
   149   12 Mg         0.0205     676.2047   60541.8175
   150   12 Mg         0.0205     676.2048   60541.8185
--------------------------------------------------------

Atom-resolved dispersion energies:
--------------------------------------------------
     #    Z           [Hartree]      [kcal/mol]
--------------------------------------------------
     1   39 Y   -0.91528367E-02     -5.74349175
     2   12 Mg  -0.50182597E-02     -3.14900548
     3   12 Mg  -0.50227342E-02     -3.15181328
     4   12 Mg  -0.50227509E-02     -3.15182375
     5   12 Mg  -0.52335391E-02     -3.28409538
     6   12 Mg  -0.52335397E-02     -3.28409576
     7   12 Mg  -0.50346087E-02     -3.15926468
     8   12 Mg  -0.50345930E-02     -3.15925478
     9   12 Mg  -0.50182535E-02     -3.14900163
    10   12 Mg  -0.50182645E-02     -3.14900853
    11   12 Mg  -0.50744653E-02     -3.18427502
    12   12 Mg  -0.50227191E-02     -3.15180380
    13   12 Mg  -0.50346022E-02     -3.15926059
    14   12 Mg  -0.50345962E-02     -3.15925680
    15   12 Mg  -0.50549252E-02     -3.17201348
    16   12 Mg  -0.50549101E-02     -3.17200397
    17   12 Mg  -0.50744595E-02     -3.18427143
    18   12 Mg  -0.50744491E-02     -3.18426491
    19   12 Mg  -0.52335077E-02     -3.28407568
    20   12 Mg  -0.52335176E-02     -3.28408189
    21   12 Mg  -0.50549099E-02     -3.17200387
    22   12 Mg  -0.52335392E-02     -3.28409543
    23   12 Mg  -0.52335347E-02     -3.28409261
    24   12 Mg  -0.50346078E-02     -3.15926407
    25   12 Mg  -0.50345928E-02     -3.15925471
    26   12 Mg  -0.49963629E-02     -3.13526504
    27   12 Mg  -0.49963730E-02     -3.13527142
    28   12 Mg  -0.49963459E-02     -3.13525439
    29   12 Mg  -0.49829169E-02     -3.12682754
    30   12 Mg  -0.49904012E-02     -3.13152406
    31   12 Mg  -0.49904054E-02     -3.13152670
    32   12 Mg  -0.49904101E-02     -3.13152963
    33   12 Mg  -0.49903945E-02     -3.13151983
    34   12 Mg  -0.49903993E-02     -3.13152286
    35   12 Mg  -0.49903953E-02     -3.13152036
    36   12 Mg  -0.50373059E-02     -3.16095719
    37   12 Mg  -0.50373144E-02     -3.16096253
    38   12 Mg  -0.50373115E-02     -3.16096067
    39   12 Mg  -0.50742664E-02     -3.18415023
    40   12 Mg  -0.50742714E-02     -3.18415336
    41   12 Mg  -0.50742658E-02     -3.18414984
    42   12 Mg  -0.50458382E-02     -3.16631127
    43   12 Mg  -0.50458486E-02     -3.16631779
    44   12 Mg  -0.50458374E-02     -3.16631077
    45   12 Mg  -0.50458361E-02     -3.16630994
    46   12 Mg  -0.50458422E-02     -3.16631380
    47   12 Mg  -0.50458377E-02     -3.16631098
    48   12 Mg  -0.52566943E-02     -3.29862546
    49   12 Mg  -0.52566741E-02     -3.29861282
    50   12 Mg  -0.52566881E-02     -3.29862158
    51   12 Mg  -0.49972576E-02     -3.13582649
    52   12 Mg  -0.49972667E-02     -3.13583223
    53   12 Mg  -0.49972772E-02     -3.13583879
    54   12 Mg  -0.49996926E-02     -3.13735446
    55   12 Mg  -0.49996870E-02     -3.13735095
    56   12 Mg  -0.49996879E-02     -3.13735154
    57   12 Mg  -0.50201483E-02     -3.15019063
    58   12 Mg  -0.50201572E-02     -3.15019618
    59   12 Mg  -0.50201620E-02     -3.15019923
    60   12 Mg  -0.50201744E-02     -3.15020697
    61   12 Mg  -0.50201665E-02     -3.15020207
    62   12 Mg  -0.50201672E-02     -3.15020250
    63   12 Mg  -0.50368640E-02     -3.16067989
    64   12 Mg  -0.50368731E-02     -3.16068559
    65   12 Mg  -0.50368370E-02     -3.16066297
    66   12 Mg  -0.50368749E-02     -3.16068671
    67   12 Mg  -0.50368634E-02     -3.16067950
    68   12 Mg  -0.50368523E-02     -3.16067255
    69   12 Mg  -0.50431711E-02     -3.16463762
    70   12 Mg  -0.50431549E-02     -3.16462748
    71   12 Mg  -0.50431855E-02     -3.16464666
    72   12 Mg  -0.50463010E-02     -3.16660170
    73   12 Mg  -0.50462804E-02     -3.16658875
    74   12 Mg  -0.50462954E-02     -3.16659817
    75   12 Mg  -0.50183745E-02     -3.14907757
    76   12 Mg  -0.50069870E-02     -3.14193179
    77   12 Mg  -0.50069917E-02     -3.14193475
    78   12 Mg  -0.50118144E-02     -3.14496101
    79   12 Mg  -0.50156284E-02     -3.14735434
    80   12 Mg  -0.50156440E-02     -3.14736411
    81   12 Mg  -0.50156484E-02     -3.14736690
    82   12 Mg  -0.50156322E-02     -3.14735670
    83   12 Mg  -0.50173103E-02     -3.14840977
    84   12 Mg  -0.50277993E-02     -3.15499170
    85   12 Mg  -0.50278461E-02     -3.15502106
    86   12 Mg  -0.50156402E-02     -3.14736175
    87   12 Mg  -0.50156336E-02     -3.14735757
    88   12 Mg  -0.50317421E-02     -3.15746581
    89   12 Mg  -0.50317078E-02     -3.15744430
    90   12 Mg  -0.50419904E-02     -3.16389677
    91   12 Mg  -0.50070089E-02     -3.14194555
    92   12 Mg  -0.50278095E-02     -3.15499810
    93   12 Mg  -0.50278040E-02     -3.15499464
    94   12 Mg  -0.50419854E-02     -3.16389359
    95   12 Mg  -0.50419912E-02     -3.16389727
    96   12 Mg  -0.50118174E-02     -3.14496291
    97   12 Mg  -0.50118138E-02     -3.14496063
    98   12 Mg  -0.50278033E-02     -3.15499419
    99   12 Mg  -0.50278092E-02     -3.15499791
   100   12 Mg  -0.50317378E-02     -3.15746312
   101   12 Mg  -0.50183761E-02     -3.14907853
   102   12 Mg  -0.50463011E-02     -3.16660172
   103   12 Mg  -0.50462804E-02     -3.16658877
   104   12 Mg  -0.50462954E-02     -3.16659819
   105   12 Mg  -0.50431705E-02     -3.16463725
   106   12 Mg  -0.50431543E-02     -3.16462712
   107   12 Mg  -0.50431849E-02     -3.16464630
   108   12 Mg  -0.50368644E-02     -3.16068011
   109   12 Mg  -0.50368734E-02     -3.16068581
   110   12 Mg  -0.50368374E-02     -3.16066319
   111   12 Mg  -0.50368752E-02     -3.16068693
   112   12 Mg  -0.50368637E-02     -3.16067972
   113   12 Mg  -0.50368527E-02     -3.16067277
   114   12 Mg  -0.50201566E-02     -3.15019581
   115   12 Mg  -0.50201654E-02     -3.15020136
   116   12 Mg  -0.50201703E-02     -3.15020441
   117   12 Mg  -0.50201826E-02     -3.15021215
   118   12 Mg  -0.50201748E-02     -3.15020725
   119   12 Mg  -0.50201755E-02     -3.15020768
   120   12 Mg  -0.49996924E-02     -3.13735434
   121   12 Mg  -0.49996868E-02     -3.13735082
   122   12 Mg  -0.49996877E-02     -3.13735141
   123   12 Mg  -0.49972652E-02     -3.13583128
   124   12 Mg  -0.49972744E-02     -3.13583702
   125   12 Mg  -0.49972848E-02     -3.13584358
   126   12 Mg  -0.52566949E-02     -3.29862586
   127   12 Mg  -0.52566748E-02     -3.29861321
   128   12 Mg  -0.52566887E-02     -3.29862197
   129   12 Mg  -0.50458377E-02     -3.16631094
   130   12 Mg  -0.50458481E-02     -3.16631747
   131   12 Mg  -0.50458369E-02     -3.16631045
   132   12 Mg  -0.50458356E-02     -3.16630962
   133   12 Mg  -0.50458417E-02     -3.16631348
   134   12 Mg  -0.50458372E-02     -3.16631065
   135   12 Mg  -0.50742490E-02     -3.18413929
   136   12 Mg  -0.50742540E-02     -3.18414243
   137   12 Mg  -0.50742483E-02     -3.18413891
   138   12 Mg  -0.50372968E-02     -3.16095149
   139   12 Mg  -0.50373053E-02     -3.16095683
   140   12 Mg  -0.50373024E-02     -3.16095498
   141   12 Mg  -0.49903925E-02     -3.13151855
   142   12 Mg  -0.49903967E-02     -3.13152118
   143   12 Mg  -0.49904013E-02     -3.13152412
   144   12 Mg  -0.49903857E-02     -3.13151432
   145   12 Mg  -0.49903905E-02     -3.13151734
   146   12 Mg  -0.49903866E-02     -3.13151485
   147   12 Mg  -0.49828918E-02     -3.12681184
   148   12 Mg  -0.49963624E-02     -3.13526475
   149   12 Mg  -0.49963726E-02     -3.13527113
   150   12 Mg  -0.49963454E-02     -3.13525410
--------------------------------------------------

Dispersion energy:      -7.6065624468806E-01 Eh

[Info] Dispersion energy written to .EDISP
