-----------------------------------
 s i m p l e   D F T - D 3  v1.2.1
-----------------------------------

Zero (Chai-Head-Gordon) damping: pbe-D3(0)
--------------------
  s6         1.0000
  s8         0.7220
  s9         0.0000
 rs6         1.2170
 rs8         1.0000
 alp        14.0000
--------------------

Atomic radii (in Angstrom):
-------------------------------------------
   Z          R(cov)     R(vdw)      r4/r2
-------------------------------------------
  39 Y        1.9600     2.1098     4.2187
  12 Mg       1.6667     1.7420     2.8909
-------------------------------------------

Atomic reference systems (in atomic units):
----------------------------------------------------------------------------
   Z        #      CN    C6(AA)   #      CN    C6(AA)   #      CN    C6(AA)
----------------------------------------------------------------------------
  39 Y      1  0.0000 2365.8925   2  1.9153 1132.2983   3  2.8903  451.0845
  12 Mg     1  0.0000  683.3758   2  0.9628  451.2708   3  1.9496  175.5616
----------------------------------------------------------------------------

Dispersion properties (in atomic units):
--------------------------------------------------------
     #    Z                CN       C6(AA)       C8(AA)
--------------------------------------------------------
     1   39 Y          4.7449     451.0845   86005.2259
     2   12 Mg         2.2951     175.8236   15741.7990
     3   12 Mg         2.2962     175.8215   15741.6098
     4   12 Mg         2.2962     175.8214   15741.6064
     5   12 Mg         2.4418     175.6440   15725.7184
     6   12 Mg         2.4418     175.6440   15725.7184
     7   12 Mg         2.3101     175.7944   15739.1849
     8   12 Mg         2.3101     175.7944   15739.1878
     9   12 Mg         2.2951     175.8236   15741.7999
    10   12 Mg         2.2951     175.8236   15741.7979
    11   12 Mg         2.3465     175.7362   15733.9796
    12   12 Mg         2.2961     175.8215   15741.6123
    13   12 Mg         2.3101     175.7944   15739.1862
    14   12 Mg         2.3101     175.7944   15739.1869
    15   12 Mg         2.3267     175.7658   15736.6213
    16   12 Mg         2.3267     175.7658   15736.6236
    17   12 Mg         2.3465     175.7363   15733.9803
    18   12 Mg         2.3465     175.7363   15733.9817
    19   12 Mg         2.4417     175.6440   15725.7202
    20   12 Mg         2.4417     175.6440   15725.7197
    21   12 Mg         2.3267     175.7658   15736.6237
    22   12 Mg         2.4418     175.6440   15725.7184
    23   12 Mg         2.4418     175.6440   15725.7187
    24   12 Mg         2.3101     175.7944   15739.1849
    25   12 Mg         2.3101     175.7944   15739.1878
    26   12 Mg         2.2370     175.9759   15755.4324
    27   12 Mg         2.2370     175.9758   15755.4291
    28   12 Mg         2.2370     175.9759   15755.4378
    29   12 Mg         2.2559     175.9187   15750.3146
    30   12 Mg         2.2626     175.9002   15748.6625
    31   12 Mg         2.2626     175.9002   15748.6613
    32   12 Mg         2.2626     175.9002   15748.6600
    33   12 Mg         2.2626     175.9003   15748.6640
    34   12 Mg         2.2626     175.9002   15748.6626
    35   12 Mg         2.2626     175.9003   15748.6639
    36   12 Mg         2.3107     175.7934   15739.0939
    37   12 Mg         2.3107     175.7933   15739.0922
    38   12 Mg         2.3107     175.7934   15739.0930
    39   12 Mg         2.3501     175.7314   15733.5485
    40   12 Mg         2.3501     175.7314   15733.5479
    41   12 Mg         2.3501     175.7314   15733.5485
    42   12 Mg         2.3145     175.7865   15738.4762
    43   12 Mg         2.3145     175.7864   15738.4743
    44   12 Mg         2.3145     175.7865   15738.4761
    45   12 Mg         2.3145     175.7865   15738.4761
    46   12 Mg         2.3145     175.7865   15738.4752
    47   12 Mg         2.3145     175.7865   15738.4761
    48   12 Mg         2.4672     175.6290   15724.3775
    49   12 Mg         2.4672     175.6290   15724.3784
    50   12 Mg         2.4672     175.6290   15724.3777
    51   12 Mg         2.2722     175.8755   15746.4470
    52   12 Mg         2.2722     175.8755   15746.4447
    53   12 Mg         2.2722     175.8754   15746.4422
    54   12 Mg         2.2738     175.8715   15746.0922
    55   12 Mg         2.2738     175.8715   15746.0935
    56   12 Mg         2.2738     175.8715   15746.0935
    57   12 Mg         2.2924     175.8293   15742.3103
    58   12 Mg         2.2924     175.8293   15742.3083
    59   12 Mg         2.2924     175.8293   15742.3075
    60   12 Mg         2.2924     175.8292   15742.3051
    61   12 Mg         2.2924     175.8293   15742.3066
    62   12 Mg         2.2924     175.8292   15742.3064
    63   12 Mg         2.3140     175.7873   15738.5489
    64   12 Mg         2.3141     175.7873   15738.5472
    65   12 Mg         2.3140     175.7873   15738.5534
    66   12 Mg         2.3141     175.7873   15738.5473
    67   12 Mg         2.3140     175.7873   15738.5490
    68   12 Mg         2.3140     175.7873   15738.5508
    69   12 Mg         2.3137     175.7880   15738.6111
    70   12 Mg         2.3136     175.7880   15738.6138
    71   12 Mg         2.3137     175.7879   15738.6085
    72   12 Mg         2.3190     175.7786   15737.7697
    73   12 Mg         2.3190     175.7786   15737.7731
    74   12 Mg         2.3190     175.7786   15737.7706
    75   12 Mg         2.2812     175.8539   15744.5162
    76   12 Mg         2.2806     175.8554   15744.6514
    77   12 Mg         2.2806     175.8554   15744.6503
    78   12 Mg         2.2860     175.8431   15743.5509
    79   12 Mg         2.2902     175.8341   15742.7364
    80   12 Mg         2.2902     175.8340   15742.7331
    81   12 Mg         2.2902     175.8340   15742.7322
    82   12 Mg         2.2902     175.8340   15742.7353
    83   12 Mg         2.2948     175.8242   15741.8561
    84   12 Mg         2.3024     175.8091   15740.5003
    85   12 Mg         2.3024     175.8090   15740.4914
    86   12 Mg         2.2902     175.8340   15742.7341
    87   12 Mg         2.2902     175.8340   15742.7353
    88   12 Mg         2.3055     175.8030   15739.9594
    89   12 Mg         2.3055     175.8031   15739.9651
    90   12 Mg         2.3164     175.7831   15738.1731
    91   12 Mg         2.2806     175.8554   15744.6468
    92   12 Mg         2.3024     175.8091   15740.4982
    93   12 Mg         2.3024     175.8091   15740.4993
    94   12 Mg         2.3164     175.7831   15738.1740
    95   12 Mg         2.3164     175.7831   15738.1731
    96   12 Mg         2.2860     175.8431   15743.5499
    97   12 Mg         2.2860     175.8431   15743.5510
    98   12 Mg         2.3024     175.8091   15740.4992
    99   12 Mg         2.3024     175.8091   15740.4983
   100   12 Mg         2.3055     175.8030   15739.9602
   101   12 Mg         2.2812     175.8539   15744.5162
   102   12 Mg         2.3190     175.7786   15737.7697
   103   12 Mg         2.3190     175.7786   15737.7731
   104   12 Mg         2.3190     175.7786   15737.7706
   105   12 Mg         2.3137     175.7880   15738.6111
   106   12 Mg         2.3136     175.7880   15738.6139
   107   12 Mg         2.3137     175.7879   15738.6085
   108   12 Mg         2.3140     175.7873   15738.5489
   109   12 Mg         2.3141     175.7873   15738.5472
   110   12 Mg         2.3140     175.7873   15738.5534
   111   12 Mg         2.3141     175.7873   15738.5472
   112   12 Mg         2.3140     175.7873   15738.5490
   113   12 Mg         2.3140     175.7873   15738.5508
   114   12 Mg         2.2924     175.8293   15742.3087
   115   12 Mg         2.2924     175.8293   15742.3067
   116   12 Mg         2.2924     175.8292   15742.3059
   117   12 Mg         2.2924     175.8292   15742.3035
   118   12 Mg         2.2924     175.8292   15742.3049
   119   12 Mg         2.2924     175.8292   15742.3048
   120   12 Mg         2.2738     175.8715   15746.0923
   121   12 Mg         2.2738     175.8715   15746.0935
   122   12 Mg         2.2738     175.8715   15746.0935
   123   12 Mg         2.2722     175.8755   15746.4453
   124   12 Mg         2.2722     175.8755   15746.4430
   125   12 Mg         2.2722     175.8754   15746.4405
   126   12 Mg         2.4672     175.6290   15724.3775
   127   12 Mg         2.4672     175.6290   15724.3784
   128   12 Mg         2.4672     175.6290   15724.3777
   129   12 Mg         2.3145     175.7865   15738.4761
   130   12 Mg         2.3145     175.7864   15738.4743
   131   12 Mg         2.3145     175.7865   15738.4761
   132   12 Mg         2.3145     175.7865   15738.4761
   133   12 Mg         2.3145     175.7865   15738.4752
   134   12 Mg         2.3145     175.7865   15738.4761
   135   12 Mg         2.3501     175.7315   15733.5507
   136   12 Mg         2.3501     175.7314   15733.5501
   137   12 Mg         2.3501     175.7315   15733.5507
   138   12 Mg         2.3107     175.7934   15739.0953
   139   12 Mg         2.3107     175.7934   15739.0937
   140   12 Mg         2.3107     175.7934   15739.0945
   141   12 Mg         2.2626     175.9003   15748.6646
   142   12 Mg         2.2626     175.9003   15748.6634
   143   12 Mg         2.2626     175.9002   15748.6621
   144   12 Mg         2.2626     175.9003   15748.6661
   145   12 Mg         2.2626     175.9003   15748.6647
   146   12 Mg         2.2626     175.9003   15748.6660
   147   12 Mg         2.2558     175.9188   15750.3214
   148   12 Mg         2.2370     175.9759   15755.4328
   149   12 Mg         2.2370     175.9758   15755.4295
   150   12 Mg         2.2370     175.9759   15755.4382
--------------------------------------------------------

Atom-resolved dispersion energies:
--------------------------------------------------
     #    Z           [Hartree]      [kcal/mol]
--------------------------------------------------
     1   39 Y   -0.75031309E-02     -4.70828572
     2   12 Mg  -0.63382939E-02     -3.97733947
     3   12 Mg  -0.63509018E-02     -3.98525106
     4   12 Mg  -0.63508921E-02     -3.98524496
     5   12 Mg  -0.62819441E-02     -3.94197943
     6   12 Mg  -0.62819451E-02     -3.94198006
     7   12 Mg  -0.63422377E-02     -3.97981427
     8   12 Mg  -0.63422499E-02     -3.97982192
     9   12 Mg  -0.63382936E-02     -3.97733927
    10   12 Mg  -0.63382890E-02     -3.97733641
    11   12 Mg  -0.63414356E-02     -3.97931092
    12   12 Mg  -0.63509076E-02     -3.98525467
    13   12 Mg  -0.63422407E-02     -3.97981614
    14   12 Mg  -0.63422398E-02     -3.97981559
    15   12 Mg  -0.63488756E-02     -3.98397960
    16   12 Mg  -0.63488845E-02     -3.98398518
    17   12 Mg  -0.63414379E-02     -3.97931236
    18   12 Mg  -0.63414436E-02     -3.97931592
    19   12 Mg  -0.62819564E-02     -3.94198717
    20   12 Mg  -0.62819513E-02     -3.94198397
    21   12 Mg  -0.63488851E-02     -3.98398558
    22   12 Mg  -0.62819431E-02     -3.94197879
    23   12 Mg  -0.62819413E-02     -3.94197770
    24   12 Mg  -0.63422348E-02     -3.97981245
    25   12 Mg  -0.63422497E-02     -3.97982180
    26   12 Mg  -0.64488669E-02     -4.04672511
    27   12 Mg  -0.64488601E-02     -4.04672081
    28   12 Mg  -0.64488768E-02     -4.04673128
    29   12 Mg  -0.63675856E-02     -3.99572028
    30   12 Mg  -0.63684073E-02     -3.99623591
    31   12 Mg  -0.63684030E-02     -3.99623323
    32   12 Mg  -0.63683987E-02     -3.99623051
    33   12 Mg  -0.63684077E-02     -3.99623616
    34   12 Mg  -0.63684033E-02     -3.99623340
    35   12 Mg  -0.63684095E-02     -3.99623728
    36   12 Mg  -0.63466624E-02     -3.98259080
    37   12 Mg  -0.63466527E-02     -3.98258471
    38   12 Mg  -0.63466607E-02     -3.98258969
    39   12 Mg  -0.63259813E-02     -3.96961319
    40   12 Mg  -0.63259786E-02     -3.96961151
    41   12 Mg  -0.63259795E-02     -3.96961208
    42   12 Mg  -0.63592305E-02     -3.99047741
    43   12 Mg  -0.63592238E-02     -3.99047316
    44   12 Mg  -0.63592280E-02     -3.99047583
    45   12 Mg  -0.63592241E-02     -3.99047335
    46   12 Mg  -0.63592234E-02     -3.99047295
    47   12 Mg  -0.63592295E-02     -3.99047674
    48   12 Mg  -0.62584187E-02     -3.92721702
    49   12 Mg  -0.62584286E-02     -3.92722324
    50   12 Mg  -0.62584172E-02     -3.92721610
    51   12 Mg  -0.63562185E-02     -3.98858734
    52   12 Mg  -0.63562086E-02     -3.98858112
    53   12 Mg  -0.63562022E-02     -3.98857713
    54   12 Mg  -0.63546393E-02     -3.98759638
    55   12 Mg  -0.63546413E-02     -3.98759765
    56   12 Mg  -0.63546446E-02     -3.98759970
    57   12 Mg  -0.63576311E-02     -3.98947376
    58   12 Mg  -0.63576212E-02     -3.98946752
    59   12 Mg  -0.63576196E-02     -3.98946652
    60   12 Mg  -0.63576149E-02     -3.98946361
    61   12 Mg  -0.63576151E-02     -3.98946373
    62   12 Mg  -0.63576155E-02     -3.98946397
    63   12 Mg  -0.63320341E-02     -3.97341142
    64   12 Mg  -0.63320247E-02     -3.97340546
    65   12 Mg  -0.63320482E-02     -3.97342024
    66   12 Mg  -0.63320303E-02     -3.97340902
    67   12 Mg  -0.63320334E-02     -3.97341095
    68   12 Mg  -0.63320378E-02     -3.97341370
    69   12 Mg  -0.63527123E-02     -3.98638714
    70   12 Mg  -0.63527213E-02     -3.98639283
    71   12 Mg  -0.63527000E-02     -3.98637943
    72   12 Mg  -0.63441025E-02     -3.98098440
    73   12 Mg  -0.63441160E-02     -3.98099289
    74   12 Mg  -0.63441049E-02     -3.98098595
    75   12 Mg  -0.63870085E-02     -4.00790836
    76   12 Mg  -0.63536096E-02     -3.98695023
    77   12 Mg  -0.63536052E-02     -3.98694745
    78   12 Mg  -0.63522779E-02     -3.98611458
    79   12 Mg  -0.63482690E-02     -3.98359894
    80   12 Mg  -0.63482575E-02     -3.98359174
    81   12 Mg  -0.63482539E-02     -3.98358949
    82   12 Mg  -0.63482598E-02     -3.98359318
    83   12 Mg  -0.63376088E-02     -3.97690954
    84   12 Mg  -0.63446861E-02     -3.98135061
    85   12 Mg  -0.63446558E-02     -3.98133160
    86   12 Mg  -0.63482648E-02     -3.98359632
    87   12 Mg  -0.63482640E-02     -3.98359582
    88   12 Mg  -0.63466704E-02     -3.98259583
    89   12 Mg  -0.63466812E-02     -3.98260258
    90   12 Mg  -0.63412090E-02     -3.97916871
    91   12 Mg  -0.63535994E-02     -3.98694379
    92   12 Mg  -0.63446784E-02     -3.98134583
    93   12 Mg  -0.63446814E-02     -3.98134766
    94   12 Mg  -0.63412131E-02     -3.97917130
    95   12 Mg  -0.63412098E-02     -3.97916922
    96   12 Mg  -0.63522690E-02     -3.98610900
    97   12 Mg  -0.63522765E-02     -3.98611369
    98   12 Mg  -0.63446797E-02     -3.98134663
    99   12 Mg  -0.63446778E-02     -3.98134545
   100   12 Mg  -0.63466743E-02     -3.98259823
   101   12 Mg  -0.63870126E-02     -4.00791089
   102   12 Mg  -0.63441024E-02     -3.98098438
   103   12 Mg  -0.63441160E-02     -3.98099287
   104   12 Mg  -0.63441049E-02     -3.98098593
   105   12 Mg  -0.63527106E-02     -3.98638611
   106   12 Mg  -0.63527197E-02     -3.98639179
   107   12 Mg  -0.63526983E-02     -3.98637840
   108   12 Mg  -0.63320348E-02     -3.97341182
   109   12 Mg  -0.63320253E-02     -3.97340586
   110   12 Mg  -0.63320488E-02     -3.97342064
   111   12 Mg  -0.63320310E-02     -3.97340943
   112   12 Mg  -0.63320341E-02     -3.97341136
   113   12 Mg  -0.63320384E-02     -3.97341410
   114   12 Mg  -0.63576265E-02     -3.98947084
   115   12 Mg  -0.63576165E-02     -3.98946460
   116   12 Mg  -0.63576149E-02     -3.98946360
   117   12 Mg  -0.63576103E-02     -3.98946069
   118   12 Mg  -0.63576105E-02     -3.98946081
   119   12 Mg  -0.63576109E-02     -3.98946105
   120   12 Mg  -0.63546383E-02     -3.98759576
   121   12 Mg  -0.63546404E-02     -3.98759703
   122   12 Mg  -0.63546436E-02     -3.98759909
   123   12 Mg  -0.63562134E-02     -3.98858414
   124   12 Mg  -0.63562035E-02     -3.98857793
   125   12 Mg  -0.63561972E-02     -3.98857394
   126   12 Mg  -0.62584189E-02     -3.92721713
   127   12 Mg  -0.62584288E-02     -3.92722336
   128   12 Mg  -0.62584174E-02     -3.92721621
   129   12 Mg  -0.63592286E-02     -3.99047621
   130   12 Mg  -0.63592219E-02     -3.99047196
   131   12 Mg  -0.63592261E-02     -3.99047464
   132   12 Mg  -0.63592222E-02     -3.99047215
   133   12 Mg  -0.63592215E-02     -3.99047175
   134   12 Mg  -0.63592276E-02     -3.99047554
   135   12 Mg  -0.63259901E-02     -3.96961871
   136   12 Mg  -0.63259874E-02     -3.96961703
   137   12 Mg  -0.63259883E-02     -3.96961760
   138   12 Mg  -0.63466655E-02     -3.98259276
   139   12 Mg  -0.63466558E-02     -3.98258667
   140   12 Mg  -0.63466638E-02     -3.98259165
   141   12 Mg  -0.63684107E-02     -3.99623804
   142   12 Mg  -0.63684064E-02     -3.99623536
   143   12 Mg  -0.63684021E-02     -3.99623264
   144   12 Mg  -0.63684111E-02     -3.99623829
   145   12 Mg  -0.63684067E-02     -3.99623553
   146   12 Mg  -0.63684129E-02     -3.99623941
   147   12 Mg  -0.63676014E-02     -3.99573018
   148   12 Mg  -0.64488672E-02     -4.04672525
   149   12 Mg  -0.64488603E-02     -4.04672095
   150   12 Mg  -0.64488770E-02     -4.04673142
--------------------------------------------------

Dispersion energy:      -9.5330556421368E-01 Eh

[Info] Dispersion energy written to .EDISP
