-----------------------------------
 s i m p l e   D F T - D 3  v1.2.1
-----------------------------------

Zero (Chai-Head-Gordon) damping: pbe-D3(0)
--------------------
  s6         1.0000
  s8         0.7220
  s9         0.0000
 rs6         1.2170
 rs8         1.0000
 alp        14.0000
--------------------

Atomic radii (in Angstrom):
-------------------------------------------
   Z          R(cov)     R(vdw)      r4/r2
-------------------------------------------
  39 Y        1.9600     2.1098     4.2187
  12 Mg       1.6667     1.7420     2.8909
-------------------------------------------

Atomic reference systems (in atomic units):
----------------------------------------------------------------------------
   Z        #      CN    C6(AA)   #      CN    C6(AA)   #      CN    C6(AA)
----------------------------------------------------------------------------
  39 Y      1  0.0000 2365.8925   2  1.9153 1132.2983   3  2.8903  451.0845
  12 Mg     1  0.0000  683.3758   2  0.9628  451.2708   3  1.9496  175.5616
----------------------------------------------------------------------------

Dispersion properties (in atomic units):
--------------------------------------------------------
     #    Z                CN       C6(AA)       C8(AA)
--------------------------------------------------------
     1   39 Y          3.0476     454.0630   86573.1067
     2   12 Mg         1.3731     339.6033   30405.2924
     3   12 Mg         1.3740     339.1393   30363.7462
     4   12 Mg         1.3740     339.1330   30363.1825
     5   12 Mg         1.4783     282.0312   25250.7540
     6   12 Mg         1.4783     282.0311   25250.7469
     7   12 Mg         1.3828     334.3790   29937.5455
     8   12 Mg         1.3828     334.3851   29938.0909
     9   12 Mg         1.3731     339.6050   30405.4406
    10   12 Mg         1.3731     339.6014   30405.1206
    11   12 Mg         1.4057     321.7985   28811.1944
    12   12 Mg         1.3740     339.1436   30364.1360
    13   12 Mg         1.3828     334.3818   29937.7958
    14   12 Mg         1.3828     334.3831   29937.9176
    15   12 Mg         1.3932     328.7153   29430.4719
    16   12 Mg         1.3932     328.7207   29430.9534
    17   12 Mg         1.4057     321.8005   28811.3754
    18   12 Mg         1.4057     321.8043   28811.7158
    19   12 Mg         1.4782     282.0413   25251.6651
    20   12 Mg         1.4782     282.0383   25251.3942
    21   12 Mg         1.3932     328.7208   29430.9626
    22   12 Mg         1.4783     282.0311   25250.7499
    23   12 Mg         1.4782     282.0331   25250.9273
    24   12 Mg         1.3828     334.3789   29937.5378
    25   12 Mg         1.3828     334.3851   29938.0932
    26   12 Mg         1.3374     358.0870   32060.1721
    27   12 Mg         1.3374     358.0835   32059.8582
    28   12 Mg         1.3374     358.0929   32060.6958
    29   12 Mg         1.3487     352.3991   31550.9228
    30   12 Mg         1.3530     350.2141   31355.2945
    31   12 Mg         1.3530     350.2125   31355.1521
    32   12 Mg         1.3530     350.2108   31354.9962
    33   12 Mg         1.3529     350.2162   31355.4790
    34   12 Mg         1.3529     350.2144   31355.3167
    35   12 Mg         1.3529     350.2160   31355.4657
    36   12 Mg         1.3829     334.3076   29931.1537
    37   12 Mg         1.3829     334.3042   29930.8519
    38   12 Mg         1.3829     334.3057   29930.9874
    39   12 Mg         1.4076     320.7573   28717.9698
    40   12 Mg         1.4076     320.7555   28717.8124
    41   12 Mg         1.4076     320.7573   28717.9693
    42   12 Mg         1.3855     332.9371   29808.4525
    43   12 Mg         1.3855     332.9331   29808.0969
    44   12 Mg         1.3855     332.9370   29808.4469
    45   12 Mg         1.3855     332.9371   29808.4494
    46   12 Mg         1.3855     332.9351   29808.2754
    47   12 Mg         1.3855     332.9370   29808.4479
    48   12 Mg         1.4945     273.5984   24495.7503
    49   12 Mg         1.4945     273.6048   24496.3242
    50   12 Mg         1.4945     273.5998   24495.8799
    51   12 Mg         1.3589     347.1173   31078.0351
    52   12 Mg         1.3589     347.1140   31077.7357
    53   12 Mg         1.3589     347.1103   31077.4087
    54   12 Mg         1.3598     346.6803   31038.9022
    55   12 Mg         1.3597     346.6821   31039.0702
    56   12 Mg         1.3597     346.6821   31039.0691
    57   12 Mg         1.3717     340.3704   30473.9669
    58   12 Mg         1.3717     340.3668   30473.6502
    59   12 Mg         1.3717     340.3656   30473.5380
    60   12 Mg         1.3717     340.3611   30473.1397
    61   12 Mg         1.3717     340.3639   30473.3841
    62   12 Mg         1.3717     340.3636   30473.3645
    63   12 Mg         1.3849     333.2137   29833.2214
    64   12 Mg         1.3850     333.2101   29832.8928
    65   12 Mg         1.3849     333.2233   29834.0804
    66   12 Mg         1.3850     333.2102   29832.9023
    67   12 Mg         1.3849     333.2139   29833.2351
    68   12 Mg         1.3849     333.2178   29833.5857
    69   12 Mg         1.3847     333.3545   29845.8219
    70   12 Mg         1.3847     333.3603   29846.3435
    71   12 Mg         1.3847     333.3490   29845.3273
    72   12 Mg         1.3881     331.4786   29677.8710
    73   12 Mg         1.3881     331.4862   29678.5488
    74   12 Mg         1.3881     331.4806   29678.0522
    75   12 Mg         1.3646     344.1331   30810.8540
    76   12 Mg         1.3640     344.4484   30839.0782
    77   12 Mg         1.3640     344.4465   30838.9122
    78   12 Mg         1.3675     342.6085   30674.3536
    79   12 Mg         1.3700     341.2557   30553.2316
    80   12 Mg         1.3700     341.2500   30552.7207
    81   12 Mg         1.3700     341.2484   30552.5797
    82   12 Mg         1.3700     341.2537   30553.0529
    83   12 Mg         1.3729     339.7198   30415.7199
    84   12 Mg         1.3776     337.1671   30187.1746
    85   12 Mg         1.3777     337.1500   30185.6409
    86   12 Mg         1.3700     341.2517   30552.8766
    87   12 Mg         1.3700     341.2537   30553.0483
    88   12 Mg         1.3796     336.0907   30090.7970
    89   12 Mg         1.3796     336.1020   30091.8139
    90   12 Mg         1.3865     332.3748   29758.1121
    91   12 Mg         1.3640     344.4411   30838.4276
    92   12 Mg         1.3777     337.1632   30186.8224
    93   12 Mg         1.3777     337.1652   30187.0013
    94   12 Mg         1.3865     332.3768   29758.2843
    95   12 Mg         1.3865     332.3746   29758.0934
    96   12 Mg         1.3675     342.6068   30674.1997
    97   12 Mg         1.3675     342.6087   30674.3663
    98   12 Mg         1.3777     337.1651   30186.9954
    99   12 Mg         1.3777     337.1633   30186.8290
   100   12 Mg         1.3796     336.0922   30090.9331
   101   12 Mg         1.3646     344.1331   30810.8480
   102   12 Mg         1.3881     331.4786   29677.8695
   103   12 Mg         1.3881     331.4862   29678.5474
   104   12 Mg         1.3881     331.4806   29678.0507
   105   12 Mg         1.3847     333.3546   29845.8304
   106   12 Mg         1.3847     333.3604   29846.3519
   107   12 Mg         1.3847     333.3491   29845.3358
   108   12 Mg         1.3849     333.2137   29833.2182
   109   12 Mg         1.3850     333.2100   29832.8897
   110   12 Mg         1.3849     333.2233   29834.0773
   111   12 Mg         1.3850     333.2101   29832.8992
   112   12 Mg         1.3849     333.2139   29833.2319
   113   12 Mg         1.3849     333.2178   29833.5825
   114   12 Mg         1.3717     340.3676   30473.7146
   115   12 Mg         1.3717     340.3640   30473.3979
   116   12 Mg         1.3717     340.3628   30473.2857
   117   12 Mg         1.3717     340.3583   30472.8874
   118   12 Mg         1.3717     340.3610   30473.1319
   119   12 Mg         1.3717     340.3608   30473.1122
   120   12 Mg         1.3598     346.6803   31038.9051
   121   12 Mg         1.3597     346.6822   31039.0731
   122   12 Mg         1.3597     346.6822   31039.0720
   123   12 Mg         1.3589     347.1149   31077.8128
   124   12 Mg         1.3589     347.1115   31077.5134
   125   12 Mg         1.3589     347.1079   31077.1864
   126   12 Mg         1.4945     273.5982   24495.7338
   127   12 Mg         1.4945     273.6046   24496.3077
   128   12 Mg         1.4945     273.5996   24495.8634
   129   12 Mg         1.3855     332.9371   29808.4508
   130   12 Mg         1.3855     332.9331   29808.0952
   131   12 Mg         1.3855     332.9370   29808.4452
   132   12 Mg         1.3855     332.9370   29808.4477
   133   12 Mg         1.3855     332.9351   29808.2737
   134   12 Mg         1.3855     332.9370   29808.4462
   135   12 Mg         1.4076     320.7636   28718.5419
   136   12 Mg         1.4076     320.7619   28718.3846
   137   12 Mg         1.4076     320.7636   28718.5414
   138   12 Mg         1.3829     334.3107   29931.4311
   139   12 Mg         1.3829     334.3073   29931.1293
   140   12 Mg         1.3829     334.3088   29931.2648
   141   12 Mg         1.3529     350.2169   31355.5473
   142   12 Mg         1.3529     350.2153   31355.4049
   143   12 Mg         1.3530     350.2136   31355.2490
   144   12 Mg         1.3529     350.2190   31355.7318
   145   12 Mg         1.3529     350.2172   31355.5695
   146   12 Mg         1.3529     350.2188   31355.7185
   147   12 Mg         1.3487     352.4077   31551.6885
   148   12 Mg         1.3374     358.0876   32060.2197
   149   12 Mg         1.3374     358.0841   32059.9058
   150   12 Mg         1.3374     358.0934   32060.7434
--------------------------------------------------------

Atom-resolved dispersion energies:
--------------------------------------------------
     #    Z           [Hartree]      [kcal/mol]
--------------------------------------------------
     1   39 Y   -0.95452304E-02     -5.98972251
     2   12 Mg  -0.12001975E-01     -7.53135286
     3   12 Mg  -0.11844474E-01     -7.43251949
     4   12 Mg  -0.11844338E-01     -7.43243452
     5   12 Mg  -0.10349261E-01     -6.49425936
     6   12 Mg  -0.10349243E-01     -6.49424820
     7   12 Mg  -0.11733523E-01     -7.36289691
     8   12 Mg  -0.11733623E-01     -7.36295975
     9   12 Mg  -0.12002015E-01     -7.53137835
    10   12 Mg  -0.12001948E-01     -7.53133625
    11   12 Mg  -0.11358391E-01     -7.12749773
    12   12 Mg  -0.11844583E-01     -7.43258808
    13   12 Mg  -0.11733587E-01     -7.36293704
    14   12 Mg  -0.11733625E-01     -7.36296070
    15   12 Mg  -0.11586921E-01     -7.27090246
    16   12 Mg  -0.11587030E-01     -7.27097133
    17   12 Mg  -0.11358443E-01     -7.12753085
    18   12 Mg  -0.11358526E-01     -7.12758292
    19   12 Mg  -0.10349494E-01     -6.49440557
    20   12 Mg  -0.10349425E-01     -6.49436241
    21   12 Mg  -0.11587026E-01     -7.27096853
    22   12 Mg  -0.10349261E-01     -6.49425941
    23   12 Mg  -0.10349316E-01     -6.49429415
    24   12 Mg  -0.11733523E-01     -7.36289694
    25   12 Mg  -0.11733629E-01     -7.36296337
    26   12 Mg  -0.12034350E-01     -7.55166862
    27   12 Mg  -0.12034263E-01     -7.55161418
    28   12 Mg  -0.12034474E-01     -7.55174659
    29   12 Mg  -0.12290201E-01     -7.71221758
    30   12 Mg  -0.12167675E-01     -7.63533105
    31   12 Mg  -0.12167638E-01     -7.63530812
    32   12 Mg  -0.12167601E-01     -7.63528472
    33   12 Mg  -0.12167723E-01     -7.63536169
    34   12 Mg  -0.12167698E-01     -7.63534608
    35   12 Mg  -0.12167725E-01     -7.63536281
    36   12 Mg  -0.11770090E-01     -7.38584303
    37   12 Mg  -0.11770036E-01     -7.38580937
    38   12 Mg  -0.11770050E-01     -7.38581795
    39   12 Mg  -0.11454483E-01     -7.18779681
    40   12 Mg  -0.11454456E-01     -7.18777939
    41   12 Mg  -0.11454490E-01     -7.18780117
    42   12 Mg  -0.11634331E-01     -7.30065279
    43   12 Mg  -0.11634240E-01     -7.30059611
    44   12 Mg  -0.11634344E-01     -7.30066122
    45   12 Mg  -0.11634355E-01     -7.30066799
    46   12 Mg  -0.11634304E-01     -7.30063570
    47   12 Mg  -0.11634330E-01     -7.30065250
    48   12 Mg  -0.10192701E-01     -6.39601647
    49   12 Mg  -0.10192847E-01     -6.39610829
    50   12 Mg  -0.10192742E-01     -6.39604211
    51   12 Mg  -0.12127386E-01     -7.61004938
    52   12 Mg  -0.12127349E-01     -7.61002652
    53   12 Mg  -0.12127277E-01     -7.60998093
    54   12 Mg  -0.12153468E-01     -7.62641601
    55   12 Mg  -0.12153520E-01     -7.62644888
    56   12 Mg  -0.12153497E-01     -7.62643453
    57   12 Mg  -0.11881472E-01     -7.45573601
    58   12 Mg  -0.11881415E-01     -7.45570067
    59   12 Mg  -0.11881393E-01     -7.45568665
    60   12 Mg  -0.11881287E-01     -7.45561993
    61   12 Mg  -0.11881362E-01     -7.45566693
    62   12 Mg  -0.11881358E-01     -7.45566463
    63   12 Mg  -0.11810901E-01     -7.41145246
    64   12 Mg  -0.11810828E-01     -7.41140675
    65   12 Mg  -0.11811108E-01     -7.41158200
    66   12 Mg  -0.11810815E-01     -7.41139824
    67   12 Mg  -0.11810903E-01     -7.41145342
    68   12 Mg  -0.11811001E-01     -7.41151511
    69   12 Mg  -0.11748353E-01     -7.37220282
    70   12 Mg  -0.11748479E-01     -7.37228194
    71   12 Mg  -0.11748254E-01     -7.37214078
    72   12 Mg  -0.11719790E-01     -7.35427922
    73   12 Mg  -0.11719935E-01     -7.35437017
    74   12 Mg  -0.11719842E-01     -7.35431173
    75   12 Mg  -0.11859760E-01     -7.44211181
    76   12 Mg  -0.12061186E-01     -7.56850879
    77   12 Mg  -0.12061125E-01     -7.56847037
    78   12 Mg  -0.12004928E-01     -7.53320579
    79   12 Mg  -0.12018361E-01     -7.54163516
    80   12 Mg  -0.12018256E-01     -7.54156974
    81   12 Mg  -0.12018207E-01     -7.54153853
    82   12 Mg  -0.12018354E-01     -7.54163120
    83   12 Mg  -0.12021810E-01     -7.54379938
    84   12 Mg  -0.11880600E-01     -7.45518924
    85   12 Mg  -0.11880239E-01     -7.45496260
    86   12 Mg  -0.12018279E-01     -7.54158389
    87   12 Mg  -0.12018340E-01     -7.54162198
    88   12 Mg  -0.11845930E-01     -7.43343359
    89   12 Mg  -0.11846195E-01     -7.43359936
    90   12 Mg  -0.11745565E-01     -7.37045355
    91   12 Mg  -0.12061038E-01     -7.56841539
    92   12 Mg  -0.11880509E-01     -7.45513201
    93   12 Mg  -0.11880559E-01     -7.45516320
    94   12 Mg  -0.11745595E-01     -7.37047207
    95   12 Mg  -0.11745572E-01     -7.37045784
    96   12 Mg  -0.12004900E-01     -7.53318827
    97   12 Mg  -0.12004942E-01     -7.53321492
    98   12 Mg  -0.11880544E-01     -7.45515369
    99   12 Mg  -0.11880517E-01     -7.45513711
   100   12 Mg  -0.11845973E-01     -7.43346006
   101   12 Mg  -0.11859750E-01     -7.44210542
   102   12 Mg  -0.11719794E-01     -7.35428173
   103   12 Mg  -0.11719939E-01     -7.35437268
   104   12 Mg  -0.11719846E-01     -7.35431424
   105   12 Mg  -0.11748370E-01     -7.37221374
   106   12 Mg  -0.11748497E-01     -7.37229286
   107   12 Mg  -0.11748272E-01     -7.37215169
   108   12 Mg  -0.11810907E-01     -7.41145586
   109   12 Mg  -0.11810834E-01     -7.41141014
   110   12 Mg  -0.11811113E-01     -7.41158540
   111   12 Mg  -0.11810820E-01     -7.41140164
   112   12 Mg  -0.11810908E-01     -7.41145682
   113   12 Mg  -0.11811007E-01     -7.41151851
   114   12 Mg  -0.11881414E-01     -7.45569968
   115   12 Mg  -0.11881357E-01     -7.45566434
   116   12 Mg  -0.11881335E-01     -7.45565032
   117   12 Mg  -0.11881229E-01     -7.45558360
   118   12 Mg  -0.11881304E-01     -7.45563060
   119   12 Mg  -0.11881300E-01     -7.45562830
   120   12 Mg  -0.12153479E-01     -7.62642304
   121   12 Mg  -0.12153531E-01     -7.62645590
   122   12 Mg  -0.12153508E-01     -7.62644156
   123   12 Mg  -0.12127343E-01     -7.61002271
   124   12 Mg  -0.12127307E-01     -7.60999985
   125   12 Mg  -0.12127234E-01     -7.60995427
   126   12 Mg  -0.10192693E-01     -6.39601127
   127   12 Mg  -0.10192839E-01     -6.39610309
   128   12 Mg  -0.10192734E-01     -6.39603692
   129   12 Mg  -0.11634336E-01     -7.30065629
   130   12 Mg  -0.11634246E-01     -7.30059961
   131   12 Mg  -0.11634350E-01     -7.30066472
   132   12 Mg  -0.11634361E-01     -7.30067149
   133   12 Mg  -0.11634309E-01     -7.30063920
   134   12 Mg  -0.11634336E-01     -7.30065600
   135   12 Mg  -0.11454622E-01     -7.18788368
   136   12 Mg  -0.11454594E-01     -7.18786626
   137   12 Mg  -0.11454629E-01     -7.18788804
   138   12 Mg  -0.11770164E-01     -7.38588915
   139   12 Mg  -0.11770110E-01     -7.38585549
   140   12 Mg  -0.11770124E-01     -7.38586407
   141   12 Mg  -0.12167739E-01     -7.63537144
   142   12 Mg  -0.12167702E-01     -7.63534851
   143   12 Mg  -0.12167665E-01     -7.63532510
   144   12 Mg  -0.12167788E-01     -7.63540207
   145   12 Mg  -0.12167763E-01     -7.63538646
   146   12 Mg  -0.12167789E-01     -7.63540319
   147   12 Mg  -0.12290377E-01     -7.71232821
   148   12 Mg  -0.12034360E-01     -7.55167486
   149   12 Mg  -0.12034273E-01     -7.55162042
   150   12 Mg  -0.12034484E-01     -7.55175283
--------------------------------------------------

Dispersion energy:      -1.7582426180825E+00 Eh

[Info] Dispersion energy written to .EDISP
