-----------------------------------
 s i m p l e   D F T - D 3  v1.2.1
-----------------------------------

Zero (Chai-Head-Gordon) damping: pbe-D3(0)
--------------------
  s6         1.0000
  s8         0.7220
  s9         0.0000
 rs6         1.2170
 rs8         1.0000
 alp        14.0000
--------------------

Atomic radii (in Angstrom):
-------------------------------------------
   Z          R(cov)     R(vdw)      r4/r2
-------------------------------------------
  19 K        2.3467     2.1206     4.2216
   5 B        1.0267     1.6080     1.9286
-------------------------------------------

Atomic reference systems (in atomic units):
----------------------------------------------------------------------------
   Z        #      CN    C6(AA)   #      CN    C6(AA)   #      CN    C6(AA)
----------------------------------------------------------------------------
  19 K      1  0.0000 4983.5009   2  0.9767  338.0207
   5 B      1  0.0000  107.1777   2  0.9706   75.3686   3  1.9441   53.1128
            4  2.9128   31.4436   5  4.5856   28.0315
----------------------------------------------------------------------------

Dispersion properties (in atomic units):
--------------------------------------------------------
     #    Z                CN       C6(AA)       C8(AA)
--------------------------------------------------------
     1   19 K         16.4263     338.0207   64537.4877
     2   19 K         16.8929     338.0207   64537.4877
     3   19 K         18.4954     338.0207   64537.4877
     4   19 K         19.6302     338.0207   64537.4877
     5   19 K         19.5426     338.0207   64537.4877
     6   19 K         19.4475     338.0207   64537.4877
     7   19 K         19.4291     338.0207   64537.4877
     8   19 K         19.5374     338.0207   64537.4877
     9   19 K         19.7427     338.0207   64537.4877
    10   19 K         18.2506     338.0207   64537.4877
    11   19 K         17.0158     338.0207   64537.4877
    12    5 B          5.6976      28.0315    1116.9542
    13    5 B          5.7985      28.0315    1116.9542
    14    5 B          6.0494      28.0315    1116.9542
    15    5 B          6.1109      28.0315    1116.9542
    16    5 B          5.9606      28.0315    1116.9542
    17    5 B          6.7629      28.0315    1116.9542
    18    5 B          6.8417      28.0315    1116.9542
    19    5 B          6.6084      28.0315    1116.9542
    20    5 B          6.5853      28.0315    1116.9542
    21    5 B          6.6573      28.0315    1116.9542
    22    5 B          6.6278      28.0315    1116.9542
    23    5 B          6.6582      28.0315    1116.9542
    24    5 B          6.6481      28.0315    1116.9542
    25    5 B          6.6657      28.0315    1116.9542
    26    5 B          6.6658      28.0315    1116.9542
    27    5 B          6.6609      28.0315    1116.9542
    28    5 B          6.6635      28.0315    1116.9542
    29    5 B          6.6342      28.0315    1116.9542
    30    5 B          6.6409      28.0315    1116.9542
    31    5 B          6.6717      28.0315    1116.9542
    32    5 B          6.7123      28.0315    1116.9542
    33    5 B          6.7300      28.0315    1116.9542
    34    5 B          6.7327      28.0315    1116.9542
    35    5 B          6.7308      28.0315    1116.9542
    36    5 B          5.8423      28.0315    1116.9542
    37    5 B          6.0854      28.0315    1116.9542
    38    5 B          5.8400      28.0315    1116.9542
    39    5 B          6.8847      28.0315    1116.9542
    40    5 B          6.9354      28.0315    1116.9542
    41    5 B          5.7700      28.0315    1116.9542
    42    5 B          6.8859      28.0315    1116.9542
    43    5 B          5.7984      28.0315    1116.9542
    44    5 B          5.7775      28.0315    1116.9542
    45    5 B          5.8976      28.0315    1116.9542
    46    5 B          6.8435      28.0315    1116.9542
    47    5 B          6.6594      28.0315    1116.9542
    48    5 B          6.6673      28.0315    1116.9542
    49    5 B          6.6830      28.0315    1116.9542
    50    5 B          6.6734      28.0315    1116.9542
    51    5 B          6.7321      28.0315    1116.9542
    52    5 B          5.8905      28.0315    1116.9542
    53    5 B          6.9077      28.0315    1116.9542
    54    5 B          5.7984      28.0315    1116.9542
    55    5 B          5.7775      28.0315    1116.9542
    56    5 B          5.8976      28.0315    1116.9542
    57    5 B          6.8435      28.0315    1116.9542
    58    5 B          6.6594      28.0315    1116.9542
    59    5 B          6.6673      28.0315    1116.9542
    60    5 B          6.6830      28.0315    1116.9542
    61    5 B          6.6734      28.0315    1116.9542
    62    5 B          5.8905      28.0315    1116.9542
    63    5 B          6.7321      28.0315    1116.9542
    64    5 B          6.9077      28.0315    1116.9542
    65    5 B          6.9179      28.0315    1116.9542
    66    5 B          5.9471      28.0315    1116.9542
    67    5 B          5.9267      28.0315    1116.9542
    68    5 B          5.6701      28.0315    1116.9542
    69    5 B          6.8392      28.0315    1116.9542
    70    5 B          6.6552      28.0315    1116.9542
    71    5 B          6.6814      28.0315    1116.9542
    72    5 B          6.6719      28.0315    1116.9542
    73    5 B          6.6814      28.0315    1116.9542
--------------------------------------------------------

Atom-resolved dispersion energies:
--------------------------------------------------
     #    Z           [Hartree]      [kcal/mol]
--------------------------------------------------
     1   19 K   -0.65899908E-02     -4.13528165
     2   19 K   -0.69911825E-02     -4.38703326
     3   19 K   -0.65174548E-02     -4.08976463
     4   19 K   -0.70603068E-02     -4.43040938
     5   19 K   -0.71521474E-02     -4.48804025
     6   19 K   -0.71407128E-02     -4.48086493
     7   19 K   -0.71351048E-02     -4.47734588
     8   19 K   -0.71516618E-02     -4.48773553
     9   19 K   -0.68348129E-02     -4.28890985
    10   19 K   -0.67496659E-02     -4.23547927
    11   19 K   -0.69889439E-02     -4.38562851
    12    5 B   -0.21599136E-02     -1.35536624
    13    5 B   -0.22037307E-02     -1.38286191
    14    5 B   -0.22637072E-02     -1.42049771
    15    5 B   -0.23624354E-02     -1.48245058
    16    5 B   -0.22467745E-02     -1.40987226
    17    5 B   -0.24072048E-02     -1.51054380
    18    5 B   -0.23350512E-02     -1.46526676
    19    5 B   -0.24512852E-02     -1.53820471
    20    5 B   -0.24583156E-02     -1.54261632
    21    5 B   -0.24640570E-02     -1.54621908
    22    5 B   -0.24596241E-02     -1.54343743
    23    5 B   -0.24640922E-02     -1.54624123
    24    5 B   -0.24599117E-02     -1.54361789
    25    5 B   -0.24640014E-02     -1.54618420
    26    5 B   -0.24639868E-02     -1.54617506
    27    5 B   -0.24618777E-02     -1.54485158
    28    5 B   -0.24617783E-02     -1.54478922
    29    5 B   -0.24591016E-02     -1.54310954
    30    5 B   -0.24583475E-02     -1.54263632
    31    5 B   -0.24641355E-02     -1.54626840
    32    5 B   -0.23871365E-02     -1.49795075
    33    5 B   -0.24481855E-02     -1.53625956
    34    5 B   -0.23617179E-02     -1.48200033
    35    5 B   -0.24481272E-02     -1.53622298
    36    5 B   -0.23368124E-02     -1.46637192
    37    5 B   -0.23413235E-02     -1.46920265
    38    5 B   -0.23367437E-02     -1.46632882
    39    5 B   -0.22669678E-02     -1.42254376
    40    5 B   -0.22694958E-02     -1.42413010
    41    5 B   -0.22714167E-02     -1.42533552
    42    5 B   -0.22607184E-02     -1.41862221
    43    5 B   -0.22125589E-02     -1.38840169
    44    5 B   -0.21998815E-02     -1.38044648
    45    5 B   -0.22634698E-02     -1.42034872
    46    5 B   -0.23350411E-02     -1.46526041
    47    5 B   -0.24646261E-02     -1.54657621
    48    5 B   -0.24645303E-02     -1.54651613
    49    5 B   -0.24684102E-02     -1.54895081
    50    5 B   -0.24646414E-02     -1.54658580
    51    5 B   -0.24484518E-02     -1.53642669
    52    5 B   -0.23354408E-02     -1.46551124
    53    5 B   -0.22680817E-02     -1.42324276
    54    5 B   -0.22125589E-02     -1.38840169
    55    5 B   -0.21998815E-02     -1.38044648
    56    5 B   -0.22634698E-02     -1.42034872
    57    5 B   -0.23350411E-02     -1.46526041
    58    5 B   -0.24646261E-02     -1.54657621
    59    5 B   -0.24645303E-02     -1.54651613
    60    5 B   -0.24684102E-02     -1.54895081
    61    5 B   -0.24646414E-02     -1.54658580
    62    5 B   -0.23354408E-02     -1.46551124
    63    5 B   -0.24484518E-02     -1.53642669
    64    5 B   -0.22680817E-02     -1.42324276
    65    5 B   -0.22173497E-02     -1.39140797
    66    5 B   -0.22698032E-02     -1.42432302
    67    5 B   -0.22564634E-02     -1.41595217
    68    5 B   -0.21555294E-02     -1.35261514
    69    5 B   -0.23355234E-02     -1.46556308
    70    5 B   -0.24593868E-02     -1.54328851
    71    5 B   -0.24678685E-02     -1.54861088
    72    5 B   -0.24641068E-02     -1.54625038
    73    5 B   -0.24678930E-02     -1.54862624
--------------------------------------------------

Dispersion energy:      -2.2295415301301E-01 Eh

[Info] Dispersion energy written to .EDISP
