-----------------------------------
 s i m p l e   D F T - D 3  v1.2.1
-----------------------------------

Zero (Chai-Head-Gordon) damping: pbe-D3(0)
--------------------
  s6         1.0000
  s8         0.7220
  s9         0.0000
 rs6         1.2170
 rs8         1.0000
 alp        14.0000
--------------------

Atomic radii (in Angstrom):
-------------------------------------------
   Z          R(cov)     R(vdw)      r4/r2
-------------------------------------------
   3 Li       1.6000     1.7478     2.6564
   6 C        1.0000     1.4551     1.6431
-------------------------------------------

Atomic reference systems (in atomic units):
----------------------------------------------------------------------------
   Z        #      CN    C6(AA)   #      CN    C6(AA)   #      CN    C6(AA)
----------------------------------------------------------------------------
   3 Li     1  0.0000 1163.4454   2  0.9865   85.3197
   6 C      1  0.0000   49.1130   2  0.9868   43.2452   3  1.9985   29.3602
            4  2.9987   25.7809   5  3.9844   18.2067
----------------------------------------------------------------------------

Dispersion properties (in atomic units):
--------------------------------------------------------
     #    Z                CN       C6(AA)       C8(AA)
--------------------------------------------------------
     1    3 Li        17.7846      85.3197    6449.9358
     2    3 Li        17.9708      85.3197    6449.9358
     3    3 Li        17.6743      85.3197    6449.9358
     4    3 Li        17.9752      85.3197    6449.9358
     5    3 Li        13.7560      85.3197    6449.9358
     6    3 Li        13.7095      85.3197    6449.9358
     7    3 Li        12.7441      85.3197    6449.9358
     8    6 C          9.4239      18.2067     526.5694
     9    6 C          9.4527      18.2067     526.5694
    10    6 C          9.4453      18.2067     526.5694
    11    6 C          9.4635      18.2067     526.5694
    12    6 C          9.4453      18.2067     526.5694
    13    6 C          9.4635      18.2067     526.5694
    14    6 C          9.4239      18.2067     526.5694
    15    6 C          9.4527      18.2067     526.5694
    16    6 C          9.7176      18.2067     526.5694
    17    6 C         10.6416      18.2067     526.5694
    18    6 C         10.6360      18.2067     526.5694
    19    6 C         10.6188      18.2067     526.5694
    20    6 C         10.6360      18.2067     526.5694
    21    6 C         10.6188      18.2067     526.5694
    22    6 C          9.7176      18.2067     526.5694
    23    6 C         10.6416      18.2067     526.5694
    24    6 C          9.4295      18.2067     526.5694
    25    6 C          9.4365      18.2067     526.5694
    26    6 C          8.9865      18.2067     526.5694
    27    6 C          9.4367      18.2067     526.5694
    28    6 C          8.9865      18.2067     526.5694
    29    6 C          9.4367      18.2067     526.5694
    30    6 C          9.4295      18.2067     526.5694
    31    6 C          9.4365      18.2067     526.5694
    32    6 C          9.4789      18.2067     526.5694
    33    6 C          9.7198      18.2067     526.5694
    34    6 C          9.7188      18.2067     526.5694
    35    6 C          9.7197      18.2067     526.5694
    36    6 C          9.7188      18.2067     526.5694
    37    6 C          9.7197      18.2067     526.5694
    38    6 C          9.4789      18.2067     526.5694
    39    6 C          9.7198      18.2067     526.5694
    40    6 C          9.4095      18.2067     526.5694
    41    6 C          9.4086      18.2067     526.5694
    42    6 C          9.1108      18.2067     526.5694
    43    6 C          9.4708      18.2067     526.5694
    44    6 C          9.1108      18.2067     526.5694
    45    6 C          9.4708      18.2067     526.5694
    46    6 C          9.4095      18.2067     526.5694
    47    6 C          9.4086      18.2067     526.5694
    48    6 C         10.1140      18.2067     526.5694
    49    6 C         10.1093      18.2067     526.5694
    50    6 C         10.0515      18.2067     526.5694
    51    6 C         10.1165      18.2067     526.5694
    52    6 C         10.0515      18.2067     526.5694
    53    6 C         10.1165      18.2067     526.5694
    54    6 C         10.1140      18.2067     526.5694
    55    6 C         10.1093      18.2067     526.5694
    56    6 C          9.1610      18.2067     526.5694
    57    6 C          9.8239      18.2067     526.5694
    58    6 C          9.8274      18.2067     526.5694
    59    6 C          9.8327      18.2067     526.5694
    60    6 C          9.8274      18.2067     526.5694
    61    6 C          9.8327      18.2067     526.5694
    62    6 C          9.1610      18.2067     526.5694
    63    6 C          9.8239      18.2067     526.5694
    64    6 C          9.6715      18.2067     526.5694
    65    6 C          9.6527      18.2067     526.5694
    66    6 C          8.7555      18.2067     526.5694
    67    6 C          9.6566      18.2067     526.5694
    68    6 C          8.7555      18.2067     526.5694
    69    6 C          9.6566      18.2067     526.5694
    70    6 C          9.6715      18.2067     526.5694
    71    6 C          9.6527      18.2067     526.5694
    72    6 C         10.5825      18.2067     526.5694
    73    6 C         10.5741      18.2067     526.5694
    74    6 C         10.5829      18.2067     526.5694
    75    6 C         10.5743      18.2067     526.5694
    76    6 C          9.8221      18.2067     526.5694
    77    6 C         10.4282      18.2067     526.5694
    78    6 C         10.4288      18.2067     526.5694
    79    6 C         10.3652      18.2067     526.5694
    80    6 C         10.4288      18.2067     526.5694
    81    6 C         10.3652      18.2067     526.5694
    82    6 C          9.8221      18.2067     526.5694
    83    6 C         10.4282      18.2067     526.5694
    84    6 C          9.6856      18.2067     526.5694
    85    6 C          9.6831      18.2067     526.5694
    86    6 C          9.6157      18.2067     526.5694
    87    6 C          9.6910      18.2067     526.5694
    88    6 C          9.6157      18.2067     526.5694
    89    6 C          9.6910      18.2067     526.5694
    90    6 C          9.6856      18.2067     526.5694
    91    6 C          9.6831      18.2067     526.5694
    92    6 C         10.2774      18.2067     526.5694
    93    6 C         10.2915      18.2067     526.5694
    94    6 C         10.2665      18.2067     526.5694
    95    6 C         10.2846      18.2067     526.5694
    96    6 C          9.3132      18.2067     526.5694
    97    6 C          9.5074      18.2067     526.5694
    98    6 C          9.4866      18.2067     526.5694
    99    6 C          9.5108      18.2067     526.5694
   100    6 C          9.4866      18.2067     526.5694
   101    6 C          9.5108      18.2067     526.5694
   102    6 C          9.3132      18.2067     526.5694
   103    6 C          9.5074      18.2067     526.5694
   104    6 C         11.0068      18.2067     526.5694
   105    6 C         10.9623      18.2067     526.5694
   106    6 C         11.0076      18.2067     526.5694
   107    6 C         11.0117      18.2067     526.5694
   108    6 C         11.0076      18.2067     526.5694
   109    6 C         11.0117      18.2067     526.5694
   110    6 C         11.0068      18.2067     526.5694
   111    6 C         10.9623      18.2067     526.5694
   112    6 C          8.7700      18.2067     526.5694
   113    6 C          9.4030      18.2067     526.5694
   114    6 C          9.4065      18.2067     526.5694
   115    6 C          9.2731      18.2067     526.5694
   116    6 C          9.4065      18.2067     526.5694
   117    6 C          9.2731      18.2067     526.5694
   118    6 C          8.7700      18.2067     526.5694
   119    6 C          9.4030      18.2067     526.5694
   120    6 C          9.3610      18.2067     526.5694
   121    6 C          9.3950      18.2067     526.5694
   122    6 C          9.4014      18.2067     526.5694
   123    6 C          9.3961      18.2067     526.5694
   124    6 C          9.4014      18.2067     526.5694
   125    6 C          9.3961      18.2067     526.5694
   126    6 C          9.3610      18.2067     526.5694
   127    6 C          9.3950      18.2067     526.5694
--------------------------------------------------------

Atom-resolved dispersion energies:
--------------------------------------------------
     #    Z           [Hartree]      [kcal/mol]
--------------------------------------------------
     1    3 Li  -0.88596055E-02     -5.55948637
     2    3 Li  -0.90310486E-02     -5.66706854
     3    3 Li  -0.89063490E-02     -5.58881837
     4    3 Li  -0.90326288E-02     -5.66806016
     5    3 Li  -0.96074155E-02     -6.02874423
     6    3 Li  -0.94978671E-02     -5.96000158
     7    3 Li  -0.96247502E-02     -6.03962193
     8    6 C   -0.56513801E-02     -3.54629452
     9    6 C   -0.57385540E-02     -3.60099702
    10    6 C   -0.56791036E-02     -3.56369133
    11    6 C   -0.56808795E-02     -3.56480568
    12    6 C   -0.56791036E-02     -3.56369133
    13    6 C   -0.56808795E-02     -3.56480568
    14    6 C   -0.56513801E-02     -3.54629452
    15    6 C   -0.57385540E-02     -3.60099702
    16    6 C   -0.57613668E-02     -3.61531224
    17    6 C   -0.57441683E-02     -3.60452000
    18    6 C   -0.56562941E-02     -3.54937811
    19    6 C   -0.57384244E-02     -3.60091571
    20    6 C   -0.56562941E-02     -3.54937811
    21    6 C   -0.57384244E-02     -3.60091571
    22    6 C   -0.57613668E-02     -3.61531224
    23    6 C   -0.57441683E-02     -3.60452000
    24    6 C   -0.56465710E-02     -3.54327678
    25    6 C   -0.56428378E-02     -3.54093418
    26    6 C   -0.56659482E-02     -3.55543616
    27    6 C   -0.56915517E-02     -3.57150260
    28    6 C   -0.56659482E-02     -3.55543616
    29    6 C   -0.56915517E-02     -3.57150260
    30    6 C   -0.56465710E-02     -3.54327678
    31    6 C   -0.56428378E-02     -3.54093418
    32    6 C   -0.56090808E-02     -3.51975132
    33    6 C   -0.56559835E-02     -3.54918324
    34    6 C   -0.56173043E-02     -3.52491167
    35    6 C   -0.55731392E-02     -3.49719765
    36    6 C   -0.56173043E-02     -3.52491167
    37    6 C   -0.55731392E-02     -3.49719765
    38    6 C   -0.56090808E-02     -3.51975132
    39    6 C   -0.56559835E-02     -3.54918324
    40    6 C   -0.56746669E-02     -3.56090724
    41    6 C   -0.57410733E-02     -3.60257791
    42    6 C   -0.57384486E-02     -3.60093085
    43    6 C   -0.57163835E-02     -3.58708481
    44    6 C   -0.57384486E-02     -3.60093085
    45    6 C   -0.57163835E-02     -3.58708481
    46    6 C   -0.56746669E-02     -3.56090724
    47    6 C   -0.57410733E-02     -3.60257791
    48    6 C   -0.55722592E-02     -3.49664544
    49    6 C   -0.55560624E-02     -3.48648179
    50    6 C   -0.55583730E-02     -3.48793172
    51    6 C   -0.56289784E-02     -3.53223727
    52    6 C   -0.55583730E-02     -3.48793172
    53    6 C   -0.56289784E-02     -3.53223727
    54    6 C   -0.55722592E-02     -3.49664544
    55    6 C   -0.55560624E-02     -3.48648179
    56    6 C   -0.56678472E-02     -3.55662784
    57    6 C   -0.56830433E-02     -3.56616353
    58    6 C   -0.56442480E-02     -3.54181911
    59    6 C   -0.56086734E-02     -3.51949572
    60    6 C   -0.56442480E-02     -3.54181911
    61    6 C   -0.56086734E-02     -3.51949572
    62    6 C   -0.56678472E-02     -3.55662784
    63    6 C   -0.56830433E-02     -3.56616353
    64    6 C   -0.58232450E-02     -3.65414143
    65    6 C   -0.58958969E-02     -3.69973116
    66    6 C   -0.59306004E-02     -3.72150791
    67    6 C   -0.59143886E-02     -3.71133486
    68    6 C   -0.59306004E-02     -3.72150791
    69    6 C   -0.59143886E-02     -3.71133486
    70    6 C   -0.58232450E-02     -3.65414143
    71    6 C   -0.58958969E-02     -3.69973116
    72    6 C   -0.53303613E-02     -3.34485219
    73    6 C   -0.54437495E-02     -3.41600440
    74    6 C   -0.54407818E-02     -3.41414211
    75    6 C   -0.53328311E-02     -3.34640204
    76    6 C   -0.56793159E-02     -3.56382451
    77    6 C   -0.56584655E-02     -3.55074072
    78    6 C   -0.55740802E-02     -3.49778815
    79    6 C   -0.56684668E-02     -3.55701660
    80    6 C   -0.55740802E-02     -3.49778815
    81    6 C   -0.56684668E-02     -3.55701660
    82    6 C   -0.56793159E-02     -3.56382451
    83    6 C   -0.56584655E-02     -3.55074072
    84    6 C   -0.56317904E-02     -3.53400183
    85    6 C   -0.56418100E-02     -3.54028921
    86    6 C   -0.56343580E-02     -3.53561305
    87    6 C   -0.57044823E-02     -3.57961671
    88    6 C   -0.56343580E-02     -3.53561305
    89    6 C   -0.57044823E-02     -3.57961671
    90    6 C   -0.56317904E-02     -3.53400183
    91    6 C   -0.56418100E-02     -3.54028921
    92    6 C   -0.56346286E-02     -3.53578280
    93    6 C   -0.56104153E-02     -3.52058875
    94    6 C   -0.55625697E-02     -3.49056516
    95    6 C   -0.56917662E-02     -3.57163722
    96    6 C   -0.56462170E-02     -3.54305467
    97    6 C   -0.56930688E-02     -3.57245458
    98    6 C   -0.56276551E-02     -3.53140688
    99    6 C   -0.56375397E-02     -3.53760957
   100    6 C   -0.56276551E-02     -3.53140688
   101    6 C   -0.56375397E-02     -3.53760957
   102    6 C   -0.56462170E-02     -3.54305467
   103    6 C   -0.56930688E-02     -3.57245458
   104    6 C   -0.53641598E-02     -3.36606111
   105    6 C   -0.53109303E-02     -3.33265910
   106    6 C   -0.52717263E-02     -3.30805819
   107    6 C   -0.53697166E-02     -3.36954806
   108    6 C   -0.52717263E-02     -3.30805819
   109    6 C   -0.53697166E-02     -3.36954806
   110    6 C   -0.53641598E-02     -3.36606111
   111    6 C   -0.53109303E-02     -3.33265910
   112    6 C   -0.58414651E-02     -3.66557469
   113    6 C   -0.58443095E-02     -3.66735959
   114    6 C   -0.58313326E-02     -3.65921647
   115    6 C   -0.58270789E-02     -3.65654721
   116    6 C   -0.58313326E-02     -3.65921647
   117    6 C   -0.58270789E-02     -3.65654721
   118    6 C   -0.58414651E-02     -3.66557469
   119    6 C   -0.58443095E-02     -3.66735959
   120    6 C   -0.57068909E-02     -3.58112812
   121    6 C   -0.57099280E-02     -3.58303391
   122    6 C   -0.56234497E-02     -3.52876799
   123    6 C   -0.57512783E-02     -3.60898160
   124    6 C   -0.56234497E-02     -3.52876799
   125    6 C   -0.57512783E-02     -3.60898160
   126    6 C   -0.57068909E-02     -3.58112812
   127    6 C   -0.57099280E-02     -3.58303391
--------------------------------------------------

Dispersion energy:      -7.4331935032317E-01 Eh

[Info] Dispersion energy written to .EDISP
