-----------------------------------
 s i m p l e   D F T - D 3  v1.2.1
-----------------------------------

Zero (Chai-Head-Gordon) damping: pbe-D3(0)
--------------------
  s6         1.0000
  s8         0.7220
  s9         0.0000
 rs6         1.2170
 rs8         1.0000
 alp        14.0000
--------------------

Atomic radii (in Angstrom):
-------------------------------------------
   Z          R(cov)     R(vdw)      r4/r2
-------------------------------------------
  29 Cu       1.3467     1.6504     2.7654
  34 Se       1.4667     1.7634     2.5771
-------------------------------------------

Atomic reference systems (in atomic units):
----------------------------------------------------------------------------
   Z        #      CN    C6(AA)   #      CN    C6(AA)   #      CN    C6(AA)
----------------------------------------------------------------------------
  29 Cu     1  0.0000  337.1808   2  0.9576  174.9969
  34 Se     1  0.0000  213.6738   2  0.9901  213.7862   3  1.9812  210.5231
----------------------------------------------------------------------------

Dispersion properties (in atomic units):
--------------------------------------------------------
     #    Z                CN       C6(AA)       C8(AA)
--------------------------------------------------------
     1   29 Cu         0.0032     332.1527   27213.5945
     2   29 Cu         0.0032     332.1527   27213.5945
     3   29 Cu         0.0032     332.1537   27213.6733
     4   29 Cu         0.0032     332.1537   27213.6733
     5   29 Cu         0.0032     332.1529   27213.6113
     6   29 Cu         0.0032     332.1529   27213.6113
     7   29 Cu         0.0035     332.1420   27212.7166
     8   29 Cu         0.0033     332.1513   27213.4775
     9   29 Cu         0.0033     332.1513   27213.4775
    10   29 Cu         0.0032     332.1534   27213.6534
    11   29 Cu         0.0032     332.1534   27213.6534
    12   29 Cu         0.0035     332.1429   27212.7910
    13   29 Cu         0.0032     332.1536   27213.6652
    14   29 Cu         0.0035     332.1420   27212.7183
    15   29 Cu         0.0032     332.1536   27213.6652
    16   29 Cu         0.0035     332.1407   27212.6100
    17   29 Cu         0.0032     332.1538   27213.6883
    18   29 Cu         0.0032     332.1538   27213.6883
    19   29 Cu         0.0032     332.1538   27213.6877
    20   29 Cu         0.0036     332.1382   27212.4039
    21   29 Cu         0.0032     332.1538   27213.6877
    22   29 Cu         0.0032     332.1536   27213.6719
    23   29 Cu         0.0032     332.1536   27213.6719
    24   29 Cu         0.0035     332.1429   27212.7937
    25   29 Cu         0.0036     332.1386   27212.4422
    26   29 Cu         0.0032     332.1539   27213.6933
    27   29 Cu         0.0032     332.1539   27213.6933
    28   29 Cu         0.0035     332.1420   27212.7144
    29   29 Cu         0.0032     332.1523   27213.5581
    30   29 Cu         0.0032     332.1523   27213.5581
    31   29 Cu         0.0036     332.1377   27212.3643
    32   29 Cu         0.0032     332.1532   27213.6367
    33   29 Cu         0.0032     332.1532   27213.6367
    34   29 Cu         0.0032     332.1534   27213.6481
    35   29 Cu         0.0035     332.1419   27212.7056
    36   29 Cu         0.0032     332.1534   27213.6481
    37   29 Cu         0.0032     332.1531   27213.6285
    38   29 Cu         0.0032     332.1531   27213.6285
    39   29 Cu         0.0036     332.1378   27212.3756
    40   29 Cu         0.0032     332.1532   27213.6386
    41   29 Cu         0.0036     332.1377   27212.3636
    42   29 Cu         0.0032     332.1532   27213.6386
    43   29 Cu         0.0032     332.1536   27213.6706
    44   29 Cu         0.0032     332.1536   27213.6706
    45   29 Cu         0.0035     332.1424   27212.7481
    46   29 Cu         0.0035     332.1432   27212.8169
    47   29 Cu         0.0032     332.1534   27213.6538
    48   29 Cu         0.0032     332.1534   27213.6538
    49   29 Cu         0.0032     332.1528   27213.6046
    50   29 Cu         0.0032     332.1528   27213.6046
    51   29 Cu         0.0035     332.1420   27212.7159
    52   29 Cu         0.0032     332.1537   27213.6803
    53   29 Cu         0.0035     332.1412   27212.6513
    54   29 Cu         0.0032     332.1537   27213.6803
    55   29 Cu         0.0032     332.1525   27213.5800
    56   29 Cu         0.0032     332.1525   27213.5800
    57   29 Cu         0.0036     332.1368   27212.2898
    58   29 Cu         0.0035     332.1425   27212.7609
    59   29 Cu         0.0032     332.1528   27213.5986
    60   29 Cu         0.0032     332.1528   27213.5986
    61   29 Cu         0.0035     332.1419   27212.7074
    62   29 Cu         0.0032     332.1523   27213.5580
    63   29 Cu         0.0032     332.1523   27213.5580
    64   29 Cu         0.0032     332.1539   27213.6935
    65   29 Cu         0.0032     332.1539   27213.6935
    66   29 Cu         0.0035     332.1438   27212.8635
    67   29 Cu         0.0032     332.1537   27213.6753
    68   29 Cu         0.0032     332.1537   27213.6753
    69   29 Cu         0.0036     332.1377   27212.3673
    70   29 Cu         0.0036     332.1372   27212.3241
    71   29 Cu         0.0032     332.1524   27213.5686
    72   29 Cu         0.0032     332.1524   27213.5686
    73   29 Cu         0.0032     332.1526   27213.5866
    74   29 Cu         0.0032     332.1526   27213.5866
    75   29 Cu         0.0036     332.1397   27212.5308
    76   34 Se         0.0038     213.6760   15203.5184
    77   34 Se         0.0036     213.6760   15203.5182
    78   34 Se         0.0036     213.6760   15203.5182
    79   34 Se         0.0037     213.6760   15203.5182
    80   34 Se         0.0037     213.6760   15203.5182
    81   34 Se         0.0044     213.6761   15203.5192
    82   34 Se         0.0038     213.6760   15203.5184
    83   34 Se         0.0033     213.6760   15203.5178
    84   34 Se         0.0037     213.6760   15203.5182
    85   34 Se         0.0037     213.6760   15203.5182
    86   34 Se         0.0037     213.6760   15203.5183
    87   34 Se         0.0037     213.6760   15203.5183
    88   34 Se         0.0045     213.6761   15203.5193
    89   34 Se         0.0037     213.6760   15203.5183
    90   34 Se         0.0045     213.6761   15203.5192
    91   34 Se         0.0037     213.6760   15203.5183
    92   34 Se         0.0036     213.6760   15203.5182
    93   34 Se         0.0036     213.6760   15203.5182
    94   34 Se         0.0037     213.6760   15203.5183
    95   34 Se         0.0037     213.6760   15203.5182
    96   34 Se         0.0045     213.6761   15203.5193
    97   34 Se         0.0044     213.6761   15203.5191
    98   34 Se         0.0045     213.6761   15203.5193
    99   34 Se         0.0037     213.6760   15203.5183
   100   34 Se         0.0037     213.6760   15203.5183
   101   34 Se         0.0037     213.6760   15203.5182
   102   34 Se         0.0037     213.6760   15203.5182
   103   34 Se         0.0044     213.6761   15203.5191
   104   34 Se         0.0038     213.6760   15203.5184
   105   34 Se         0.0037     213.6760   15203.5183
   106   34 Se         0.0037     213.6760   15203.5183
   107   34 Se         0.0037     213.6760   15203.5183
   108   34 Se         0.0037     213.6760   15203.5183
   109   34 Se         0.0045     213.6761   15203.5193
   110   34 Se         0.0037     213.6760   15203.5183
   111   34 Se         0.0037     213.6760   15203.5183
   112   34 Se         0.0044     213.6761   15203.5191
   113   34 Se         0.0037     213.6760   15203.5183
   114   34 Se         0.0037     213.6760   15203.5183
   115   34 Se         0.0037     213.6760   15203.5182
   116   34 Se         0.0037     213.6760   15203.5182
   117   34 Se         0.0045     213.6761   15203.5193
   118   34 Se         0.0037     213.6760   15203.5182
   119   34 Se         0.0037     213.6760   15203.5182
   120   34 Se         0.0045     213.6761   15203.5193
   121   34 Se         0.0037     213.6760   15203.5183
   122   34 Se         0.0037     213.6760   15203.5183
   123   34 Se         0.0037     213.6760   15203.5183
   124   34 Se         0.0037     213.6760   15203.5183
   125   34 Se         0.0045     213.6761   15203.5193
   126   34 Se         0.0044     213.6761   15203.5192
   127   34 Se         0.0037     213.6760   15203.5183
   128   34 Se         0.0037     213.6760   15203.5183
   129   34 Se         0.0037     213.6760   15203.5183
   130   34 Se         0.0037     213.6760   15203.5183
   131   34 Se         0.0038     213.6760   15203.5184
   132   34 Se         0.0045     213.6761   15203.5193
   133   34 Se         0.0044     213.6761   15203.5191
   134   34 Se         0.0037     213.6760   15203.5183
   135   34 Se         0.0037     213.6760   15203.5183
   136   34 Se         0.0037     213.6760   15203.5183
   137   34 Se         0.0038     213.6760   15203.5184
   138   34 Se         0.0037     213.6760   15203.5183
   139   34 Se         0.0038     213.6760   15203.5184
   140   34 Se         0.0037     213.6760   15203.5182
   141   34 Se         0.0037     213.6760   15203.5182
   142   34 Se         0.0037     213.6760   15203.5183
   143   34 Se         0.0037     213.6760   15203.5183
   144   34 Se         0.0046     213.6761   15203.5194
   145   34 Se         0.0045     213.6761   15203.5192
   146   34 Se         0.0038     213.6760   15203.5184
   147   34 Se         0.0037     213.6760   15203.5183
   148   34 Se         0.0037     213.6760   15203.5183
   149   34 Se         0.0037     213.6760   15203.5183
   150   34 Se         0.0037     213.6760   15203.5183
   151   34 Se         0.0044     213.6761   15203.5192
   152   34 Se         0.0037     213.6760   15203.5183
   153   34 Se         0.0037     213.6760   15203.5182
--------------------------------------------------------

Atom-resolved dispersion energies:
--------------------------------------------------
     #    Z           [Hartree]      [kcal/mol]
--------------------------------------------------
     1   29 Cu  -0.10770087E-02     -0.67583314
     2   29 Cu  -0.10770087E-02     -0.67583314
     3   29 Cu  -0.10838209E-02     -0.68010790
     4   29 Cu  -0.10838209E-02     -0.68010790
     5   29 Cu  -0.10769705E-02     -0.67580920
     6   29 Cu  -0.10769705E-02     -0.67580920
     7   29 Cu  -0.11305277E-02     -0.70941681
     8   29 Cu  -0.10627655E-02     -0.66689542
     9   29 Cu  -0.10627655E-02     -0.66689542
    10   29 Cu  -0.10874049E-02     -0.68235689
    11   29 Cu  -0.10874049E-02     -0.68235689
    12   29 Cu  -0.11258301E-02     -0.70646905
    13   29 Cu  -0.10863570E-02     -0.68169928
    14   29 Cu  -0.11298035E-02     -0.70896237
    15   29 Cu  -0.10863570E-02     -0.68169928
    16   29 Cu  -0.11271599E-02     -0.70730351
    17   29 Cu  -0.10852923E-02     -0.68103119
    18   29 Cu  -0.10852923E-02     -0.68103119
    19   29 Cu  -0.10843998E-02     -0.68047117
    20   29 Cu  -0.11485440E-02     -0.72072225
    21   29 Cu  -0.10843998E-02     -0.68047117
    22   29 Cu  -0.10860074E-02     -0.68147993
    23   29 Cu  -0.10860074E-02     -0.68147993
    24   29 Cu  -0.11256424E-02     -0.70635129
    25   29 Cu  -0.11464711E-02     -0.71942147
    26   29 Cu  -0.10840645E-02     -0.68026076
    27   29 Cu  -0.10840645E-02     -0.68026076
    28   29 Cu  -0.11281228E-02     -0.70790776
    29   29 Cu  -0.10815771E-02     -0.67869989
    30   29 Cu  -0.10815771E-02     -0.67869989
    31   29 Cu  -0.11477123E-02     -0.72020032
    32   29 Cu  -0.10903568E-02     -0.68420924
    33   29 Cu  -0.10903568E-02     -0.68420924
    34   29 Cu  -0.10866802E-02     -0.68190209
    35   29 Cu  -0.11310345E-02     -0.70973487
    36   29 Cu  -0.10866802E-02     -0.68190209
    37   29 Cu  -0.10900202E-02     -0.68399800
    38   29 Cu  -0.10900202E-02     -0.68399800
    39   29 Cu  -0.11487021E-02     -0.72082144
    40   29 Cu  -0.10897553E-02     -0.68383176
    41   29 Cu  -0.11503301E-02     -0.72184306
    42   29 Cu  -0.10897553E-02     -0.68383176
    43   29 Cu  -0.10868733E-02     -0.68202328
    44   29 Cu  -0.10868733E-02     -0.68202328
    45   29 Cu  -0.11279319E-02     -0.70778798
    46   29 Cu  -0.11239602E-02     -0.70529568
    47   29 Cu  -0.10866917E-02     -0.68190932
    48   29 Cu  -0.10866917E-02     -0.68190932
    49   29 Cu  -0.10785458E-02     -0.67679768
    50   29 Cu  -0.10785458E-02     -0.67679768
    51   29 Cu  -0.11303480E-02     -0.70930405
    52   29 Cu  -0.10860753E-02     -0.68152251
    53   29 Cu  -0.11320061E-02     -0.71034453
    54   29 Cu  -0.10860753E-02     -0.68152251
    55   29 Cu  -0.10918422E-02     -0.68514130
    56   29 Cu  -0.10918422E-02     -0.68514130
    57   29 Cu  -0.11517857E-02     -0.72275644
    58   29 Cu  -0.11237579E-02     -0.70516873
    59   29 Cu  -0.10778807E-02     -0.67638034
    60   29 Cu  -0.10778807E-02     -0.67638034
    61   29 Cu  -0.11308876E-02     -0.70964267
    62   29 Cu  -0.10795299E-02     -0.67741526
    63   29 Cu  -0.10795299E-02     -0.67741526
    64   29 Cu  -0.10856436E-02     -0.68125164
    65   29 Cu  -0.10856436E-02     -0.68125164
    66   29 Cu  -0.11219136E-02     -0.70401141
    67   29 Cu  -0.10870910E-02     -0.68215991
    68   29 Cu  -0.10870910E-02     -0.68215991
    69   29 Cu  -0.11489304E-02     -0.72096468
    70   29 Cu  -0.11509782E-02     -0.72224972
    71   29 Cu  -0.10817230E-02     -0.67879144
    72   29 Cu  -0.10817230E-02     -0.67879144
    73   29 Cu  -0.10907495E-02     -0.68445567
    74   29 Cu  -0.10907495E-02     -0.68445567
    75   29 Cu  -0.11417497E-02     -0.71645877
    76   34 Se  -0.10687903E-02     -0.67067605
    77   34 Se  -0.93734975E-03     -0.58819585
    78   34 Se  -0.93734975E-03     -0.58819585
    79   34 Se  -0.95082816E-03     -0.59665368
    80   34 Se  -0.95082816E-03     -0.59665368
    81   34 Se  -0.12540092E-02     -0.78690266
    82   34 Se  -0.10708202E-02     -0.67194984
    83   34 Se  -0.89482417E-03     -0.56151064
    84   34 Se  -0.95122428E-03     -0.59690225
    85   34 Se  -0.95122428E-03     -0.59690225
    86   34 Se  -0.96307019E-03     -0.60433567
    87   34 Se  -0.96307019E-03     -0.60433567
    88   34 Se  -0.12725849E-02     -0.79855910
    89   34 Se  -0.96153585E-03     -0.60337285
    90   34 Se  -0.12640518E-02     -0.79320445
    91   34 Se  -0.96153585E-03     -0.60337285
    92   34 Se  -0.94877913E-03     -0.59536789
    93   34 Se  -0.94877913E-03     -0.59536789
    94   34 Se  -0.96138087E-03     -0.60327560
    95   34 Se  -0.95691487E-03     -0.60047314
    96   34 Se  -0.12712608E-02     -0.79772822
    97   34 Se  -0.12508170E-02     -0.78489955
    98   34 Se  -0.12718074E-02     -0.79807117
    99   34 Se  -0.96699170E-03     -0.60679645
   100   34 Se  -0.96699170E-03     -0.60679645
   101   34 Se  -0.96075937E-03     -0.60288561
   102   34 Se  -0.96075937E-03     -0.60288561
   103   34 Se  -0.12503979E-02     -0.78463654
   104   34 Se  -0.10715270E-02     -0.67239334
   105   34 Se  -0.97073678E-03     -0.60914653
   106   34 Se  -0.97073678E-03     -0.60914653
   107   34 Se  -0.96350487E-03     -0.60460843
   108   34 Se  -0.96350487E-03     -0.60460843
   109   34 Se  -0.12742339E-02     -0.79959381
   110   34 Se  -0.96819595E-03     -0.60755213
   111   34 Se  -0.96819595E-03     -0.60755213
   112   34 Se  -0.12523925E-02     -0.78588814
   113   34 Se  -0.96535965E-03     -0.60577233
   114   34 Se  -0.96535965E-03     -0.60577233
   115   34 Se  -0.95018480E-03     -0.59624997
   116   34 Se  -0.95018480E-03     -0.59624997
   117   34 Se  -0.12736780E-02     -0.79924502
   118   34 Se  -0.95346599E-03     -0.59830894
   119   34 Se  -0.95346599E-03     -0.59830894
   120   34 Se  -0.12739672E-02     -0.79942647
   121   34 Se  -0.96631876E-03     -0.60637418
   122   34 Se  -0.96631876E-03     -0.60637418
   123   34 Se  -0.96661194E-03     -0.60655815
   124   34 Se  -0.96661194E-03     -0.60655815
   125   34 Se  -0.12687664E-02     -0.79616295
   126   34 Se  -0.12582882E-02     -0.78958778
   127   34 Se  -0.96207531E-03     -0.60371137
   128   34 Se  -0.96207531E-03     -0.60371137
   129   34 Se  -0.96323929E-03     -0.60444178
   130   34 Se  -0.96323929E-03     -0.60444178
   131   34 Se  -0.10660478E-02     -0.66895511
   132   34 Se  -0.12740276E-02     -0.79946438
   133   34 Se  -0.12452811E-02     -0.78142572
   134   34 Se  -0.96552455E-03     -0.60587580
   135   34 Se  -0.96552455E-03     -0.60587580
   136   34 Se  -0.96475010E-03     -0.60538983
   137   34 Se  -0.10708520E-02     -0.67196976
   138   34 Se  -0.96475010E-03     -0.60538983
   139   34 Se  -0.10683701E-02     -0.67041236
   140   34 Se  -0.95735208E-03     -0.60074750
   141   34 Se  -0.95735208E-03     -0.60074750
   142   34 Se  -0.96343605E-03     -0.60456525
   143   34 Se  -0.96343605E-03     -0.60456525
   144   34 Se  -0.12814998E-02     -0.80415328
   145   34 Se  -0.12617483E-02     -0.79175899
   146   34 Se  -0.10686529E-02     -0.67058982
   147   34 Se  -0.96738733E-03     -0.60704472
   148   34 Se  -0.96738733E-03     -0.60704472
   149   34 Se  -0.96418202E-03     -0.60503335
   150   34 Se  -0.96418202E-03     -0.60503335
   151   34 Se  -0.12581934E-02     -0.78952827
   152   34 Se  -0.96138087E-03     -0.60327560
   153   34 Se  -0.95691487E-03     -0.60047314
--------------------------------------------------

Dispersion energy:      -1.6357359283737E-01 Eh

[Info] Dispersion energy written to .EDISP
