-----------------------------------
 s i m p l e   D F T - D 3  v1.2.1
-----------------------------------

Zero (Chai-Head-Gordon) damping: pbe-D3(0)
--------------------
  s6         1.0000
  s8         0.7220
  s9         0.0000
 rs6         1.2170
 rs8         1.0000
 alp        14.0000
--------------------

Atomic radii (in Angstrom):
-------------------------------------------
   Z          R(cov)     R(vdw)      r4/r2
-------------------------------------------
   3 Li       1.6000     1.7478     2.6564
  82 Pb       1.7333     2.1382     3.8442
-------------------------------------------

Atomic reference systems (in atomic units):
----------------------------------------------------------------------------
   Z        #      CN    C6(AA)   #      CN    C6(AA)   #      CN    C6(AA)
----------------------------------------------------------------------------
   3 Li     1  0.0000 1163.4454   2  0.9865   85.3197
  82 Pb     1  0.0000  738.8156   2  0.9383  632.9991   3  1.9356  544.4563
            4  2.9081  524.1840   5  3.9098  455.2854
----------------------------------------------------------------------------

Dispersion properties (in atomic units):
--------------------------------------------------------
     #    Z                CN       C6(AA)       C8(AA)
--------------------------------------------------------
     1    3 Li        10.4973      85.3197    6449.9358
     2    3 Li        10.5122      85.3197    6449.9358
     3    3 Li        11.3718      85.3197    6449.9358
     4    3 Li        10.8147      85.3197    6449.9358
     5    3 Li        11.7380      85.3197    6449.9358
     6    3 Li        11.3718      85.3197    6449.9358
     7    3 Li        10.8147      85.3197    6449.9358
     8    3 Li        10.8147      85.3197    6449.9358
     9    3 Li        11.2047      85.3197    6449.9358
    10    3 Li        10.8147      85.3197    6449.9358
    11    3 Li        10.7239      85.3197    6449.9358
    12    3 Li        11.1043      85.3197    6449.9358
    13    3 Li        11.1043      85.3197    6449.9358
    14    3 Li        10.8147      85.3197    6449.9358
    15    3 Li        10.9307      85.3197    6449.9358
    16    3 Li        10.5122      85.3197    6449.9358
    17    3 Li        10.5122      85.3197    6449.9358
    18    3 Li        11.2683      85.3197    6449.9358
    19    3 Li        11.3718      85.3197    6449.9358
    20    3 Li        10.7239      85.3197    6449.9358
    21    3 Li        10.9760      85.3197    6449.9358
    22    3 Li        10.5122      85.3197    6449.9358
    23    3 Li        10.5122      85.3197    6449.9358
    24    3 Li        10.9307      85.3197    6449.9358
    25    3 Li        11.3718      85.3197    6449.9358
    26    3 Li        10.5122      85.3197    6449.9358
    27    3 Li        10.5122      85.3197    6449.9358
    28    3 Li        10.7238      85.3197    6449.9358
    29    3 Li        10.7238      85.3197    6449.9358
    30    3 Li        11.2683      85.3197    6449.9358
    31    3 Li        10.8147      85.3197    6449.9358
    32    3 Li        10.9760      85.3197    6449.9358
    33    3 Li        10.7239      85.3197    6449.9358
    34    3 Li        11.2683      85.3197    6449.9358
    35    3 Li        10.5584      85.3197    6449.9358
    36    3 Li        10.8147      85.3197    6449.9358
    37    3 Li        10.5584      85.3197    6449.9358
    38    3 Li        11.2048      85.3197    6449.9358
    39    3 Li        11.7380      85.3197    6449.9358
    40    3 Li        10.7239      85.3197    6449.9358
    41    3 Li        10.9537      85.3197    6449.9358
    42    3 Li        10.5122      85.3197    6449.9358
    43    3 Li        10.9760      85.3197    6449.9358
    44    3 Li        10.4973      85.3197    6449.9358
    45    3 Li        10.9760      85.3197    6449.9358
    46    3 Li        10.7239      85.3197    6449.9358
    47    3 Li        11.2047      85.3197    6449.9358
    48    3 Li        10.9760      85.3197    6449.9358
    49    3 Li        10.9760      85.3197    6449.9358
    50    3 Li        10.4973      85.3197    6449.9358
    51    3 Li        10.7239      85.3197    6449.9358
    52    3 Li        10.9307      85.3197    6449.9358
    53    3 Li        11.2683      85.3197    6449.9358
    54    3 Li        11.7380      85.3197    6449.9358
    55    3 Li        11.7380      85.3197    6449.9358
    56    3 Li        10.7239      85.3197    6449.9358
    57    3 Li        11.3718      85.3197    6449.9358
    58    3 Li        10.9760      85.3197    6449.9358
    59    3 Li        11.2683      85.3197    6449.9358
    60    3 Li        10.9307      85.3197    6449.9358
    61    3 Li        11.3718      85.3197    6449.9358
    62    3 Li        10.7239      85.3197    6449.9358
    63    3 Li        10.5584      85.3197    6449.9358
    64    3 Li        10.8147      85.3197    6449.9358
    65    3 Li        10.8746      85.3197    6449.9358
    66    3 Li        10.3295      85.3197    6449.9358
    67    3 Li        11.2683      85.3197    6449.9358
    68    3 Li        11.2047      85.3197    6449.9358
    69    3 Li        10.8147      85.3197    6449.9358
    70    3 Li        10.9760      85.3197    6449.9358
    71    3 Li        10.5122      85.3197    6449.9358
    72    3 Li        10.4973      85.3197    6449.9358
    73    3 Li        10.5122      85.3197    6449.9358
    74    3 Li        10.8147      85.3197    6449.9358
    75    3 Li        10.9760      85.3197    6449.9358
    76    3 Li        10.8147      85.3197    6449.9358
    77    3 Li        10.5122      85.3197    6449.9358
    78    3 Li        10.9760      85.3197    6449.9358
    79    3 Li        10.7239      85.3197    6449.9358
    80    3 Li        10.9760      85.3197    6449.9358
    81    3 Li        10.7238      85.3197    6449.9358
    82    3 Li        10.8147      85.3197    6449.9358
    83    3 Li        10.7048      85.3197    6449.9358
    84    3 Li        11.1043      85.3197    6449.9358
    85    3 Li        10.5122      85.3197    6449.9358
    86    3 Li        10.9760      85.3197    6449.9358
    87    3 Li        11.1043      85.3197    6449.9358
    88    3 Li        10.5584      85.3197    6449.9358
    89   82 Pb        12.7191     455.2854   72079.0562
    90   82 Pb        12.5332     455.2854   72079.0562
    91   82 Pb        12.9428     455.2854   72079.0562
    92   82 Pb        12.5332     455.2854   72079.0562
    93   82 Pb        12.9428     455.2854   72079.0562
    94   82 Pb        12.5990     455.2854   72079.0562
    95   82 Pb        12.7191     455.2854   72079.0562
    96   82 Pb        12.5990     455.2854   72079.0562
    97   82 Pb        12.5332     455.2854   72079.0562
    98   82 Pb        12.5990     455.2854   72079.0562
    99   82 Pb        12.9428     455.2854   72079.0562
   100   82 Pb        12.5332     455.2854   72079.0562
   101   82 Pb        12.5990     455.2854   72079.0562
   102   82 Pb        12.5332     455.2854   72079.0562
   103   82 Pb        12.5990     455.2854   72079.0562
   104   82 Pb        12.5332     455.2854   72079.0562
   105   82 Pb        12.5990     455.2854   72079.0562
   106   82 Pb        12.7191     455.2854   72079.0562
   107   82 Pb        12.9427     455.2854   72079.0562
   108   82 Pb        12.7191     455.2854   72079.0562
--------------------------------------------------------

Atom-resolved dispersion energies:
--------------------------------------------------
     #    Z           [Hartree]      [kcal/mol]
--------------------------------------------------
     1    3 Li  -0.54298712E-02     -3.40729562
     2    3 Li  -0.54197229E-02     -3.40092749
     3    3 Li  -0.52823060E-02     -3.31469707
     4    3 Li  -0.53145202E-02     -3.33491177
     5    3 Li  -0.52445953E-02     -3.29103326
     6    3 Li  -0.52823062E-02     -3.31469721
     7    3 Li  -0.53145202E-02     -3.33491177
     8    3 Li  -0.53145214E-02     -3.33491256
     9    3 Li  -0.53145062E-02     -3.33490301
    10    3 Li  -0.53145202E-02     -3.33491177
    11    3 Li  -0.54129160E-02     -3.39665605
    12    3 Li  -0.52809889E-02     -3.31387058
    13    3 Li  -0.52809865E-02     -3.31386906
    14    3 Li  -0.53145152E-02     -3.33490865
    15    3 Li  -0.53780411E-02     -3.37477177
    16    3 Li  -0.54197201E-02     -3.40092570
    17    3 Li  -0.54197229E-02     -3.40092749
    18    3 Li  -0.52545685E-02     -3.29729151
    19    3 Li  -0.52823062E-02     -3.31469721
    20    3 Li  -0.54129168E-02     -3.39665658
    21    3 Li  -0.53279879E-02     -3.34336289
    22    3 Li  -0.54197260E-02     -3.40092943
    23    3 Li  -0.54197229E-02     -3.40092749
    24    3 Li  -0.53780467E-02     -3.37477529
    25    3 Li  -0.52823062E-02     -3.31469721
    26    3 Li  -0.54197229E-02     -3.40092749
    27    3 Li  -0.54197201E-02     -3.40092570
    28    3 Li  -0.54129235E-02     -3.39666077
    29    3 Li  -0.54129235E-02     -3.39666077
    30    3 Li  -0.52545685E-02     -3.29729151
    31    3 Li  -0.53145202E-02     -3.33491177
    32    3 Li  -0.53279893E-02     -3.34336378
    33    3 Li  -0.54129160E-02     -3.39665605
    34    3 Li  -0.52545685E-02     -3.29729151
    35    3 Li  -0.53901514E-02     -3.38237105
    36    3 Li  -0.53145214E-02     -3.33491256
    37    3 Li  -0.53901556E-02     -3.38237372
    38    3 Li  -0.53144981E-02     -3.33489789
    39    3 Li  -0.52445920E-02     -3.29103119
    40    3 Li  -0.54129168E-02     -3.39665658
    41    3 Li  -0.50420680E-02     -3.16394545
    42    3 Li  -0.54197229E-02     -3.40092749
    43    3 Li  -0.53279893E-02     -3.34336378
    44    3 Li  -0.54298819E-02     -3.40730232
    45    3 Li  -0.53279893E-02     -3.34336378
    46    3 Li  -0.54129160E-02     -3.39665605
    47    3 Li  -0.53145062E-02     -3.33490301
    48    3 Li  -0.53279879E-02     -3.34336289
    49    3 Li  -0.53279893E-02     -3.34336378
    50    3 Li  -0.54298712E-02     -3.40729562
    51    3 Li  -0.54129168E-02     -3.39665658
    52    3 Li  -0.53780467E-02     -3.37477529
    53    3 Li  -0.52545681E-02     -3.29729125
    54    3 Li  -0.52445953E-02     -3.29103326
    55    3 Li  -0.52445953E-02     -3.29103326
    56    3 Li  -0.54129168E-02     -3.39665658
    57    3 Li  -0.52823060E-02     -3.31469707
    58    3 Li  -0.53279936E-02     -3.34336647
    59    3 Li  -0.52545681E-02     -3.29729125
    60    3 Li  -0.53780467E-02     -3.37477529
    61    3 Li  -0.52823060E-02     -3.31469707
    62    3 Li  -0.54129168E-02     -3.39665658
    63    3 Li  -0.53901514E-02     -3.38237105
    64    3 Li  -0.53145202E-02     -3.33491177
    65    3 Li  -0.51116065E-02     -3.20758151
    66    3 Li  -0.53028340E-02     -3.32757855
    67    3 Li  -0.52545681E-02     -3.29729125
    68    3 Li  -0.53145062E-02     -3.33490301
    69    3 Li  -0.53145202E-02     -3.33491177
    70    3 Li  -0.53279893E-02     -3.34336378
    71    3 Li  -0.54197260E-02     -3.40092943
    72    3 Li  -0.54298712E-02     -3.40729562
    73    3 Li  -0.54197229E-02     -3.40092749
    74    3 Li  -0.53145152E-02     -3.33490865
    75    3 Li  -0.53279893E-02     -3.34336378
    76    3 Li  -0.53145214E-02     -3.33491256
    77    3 Li  -0.54197260E-02     -3.40092943
    78    3 Li  -0.53279936E-02     -3.34336647
    79    3 Li  -0.54129168E-02     -3.39665658
    80    3 Li  -0.53279879E-02     -3.34336289
    81    3 Li  -0.54129235E-02     -3.39666077
    82    3 Li  -0.53145152E-02     -3.33490865
    83    3 Li  -0.53523850E-02     -3.35867229
    84    3 Li  -0.52809889E-02     -3.31387058
    85    3 Li  -0.54197201E-02     -3.40092570
    86    3 Li  -0.53279936E-02     -3.34336647
    87    3 Li  -0.52809889E-02     -3.31387058
    88    3 Li  -0.53901514E-02     -3.38237105
    89   82 Pb  -0.10446554E-01     -6.55531182
    90   82 Pb  -0.10377670E-01     -6.51208654
    91   82 Pb  -0.10204265E-01     -6.40327317
    92   82 Pb  -0.10377667E-01     -6.51208453
    93   82 Pb  -0.10204265E-01     -6.40327317
    94   82 Pb  -0.10463021E-01     -6.56564480
    95   82 Pb  -0.10446554E-01     -6.55531182
    96   82 Pb  -0.10463021E-01     -6.56564480
    97   82 Pb  -0.10377670E-01     -6.51208654
    98   82 Pb  -0.10463015E-01     -6.56564089
    99   82 Pb  -0.10204265E-01     -6.40327317
   100   82 Pb  -0.10377670E-01     -6.51208654
   101   82 Pb  -0.10463021E-01     -6.56564480
   102   82 Pb  -0.10377667E-01     -6.51208453
   103   82 Pb  -0.10463015E-01     -6.56564089
   104   82 Pb  -0.10377667E-01     -6.51208453
   105   82 Pb  -0.10463015E-01     -6.56564089
   106   82 Pb  -0.10446554E-01     -6.55531182
   107   82 Pb  -0.10204272E-01     -6.40327731
   108   82 Pb  -0.10446558E-01     -6.55531405
--------------------------------------------------

Dispersion energy:      -6.7753199082428E-01 Eh

[Info] Dispersion energy written to .EDISP
