-----------------------------------
 s i m p l e   D F T - D 3  v1.2.1
-----------------------------------

Zero (Chai-Head-Gordon) damping: pbe-D3(0)
--------------------
  s6         1.0000
  s8         0.7220
  s9         0.0000
 rs6         1.2170
 rs8         1.0000
 alp        14.0000
--------------------

Atomic radii (in Angstrom):
-------------------------------------------
   Z          R(cov)     R(vdw)      r4/r2
-------------------------------------------
  25 Mn       1.4267     1.7731     3.0718
   8 O        0.8400     1.2408     1.3725
-------------------------------------------

Atomic reference systems (in atomic units):
----------------------------------------------------------------------------
   Z        #      CN    C6(AA)   #      CN    C6(AA)   #      CN    C6(AA)
----------------------------------------------------------------------------
  25 Mn     1  0.0000  802.7484   2  1.6406  239.5554   3  9.8849  113.8463
   8 O      1  0.0000   15.5059   2  0.9925   12.8161   3  1.9887   10.3708
----------------------------------------------------------------------------

Dispersion properties (in atomic units):
--------------------------------------------------------
     #    Z                CN       C6(AA)       C8(AA)
--------------------------------------------------------
     1   25 Mn         7.2779     113.8463   11508.8363
     2   25 Mn         7.5582     113.8463   11508.8363
     3   25 Mn         7.2779     113.8463   11508.8363
     4   25 Mn         4.5936     239.5554   24216.8949
     5   25 Mn         7.0500     113.8463   11508.8363
     6   25 Mn         4.3145     239.5554   24216.8949
     7   25 Mn         4.5648     239.5554   24216.8949
     8   25 Mn         7.0500     113.8463   11508.8363
     9   25 Mn         6.5365     113.8463   11508.8363
    10   25 Mn         4.5582     239.5554   24216.8949
    11   25 Mn         6.5365     113.8463   11508.8363
    12   25 Mn         6.8463     113.8463   11508.8363
    13   25 Mn         6.8463     113.8463   11508.8363
    14   25 Mn         4.5723     239.5554   24216.8949
    15   25 Mn         7.5548     113.8463   11508.8363
    16   25 Mn         4.2537     239.5554   24216.8949
    17    8 O          1.9780      10.4164     210.2086
    18    8 O          1.9895      10.4125     210.1296
    19    8 O          1.9780      10.4164     210.2086
    20    8 O          2.8402      10.3708     209.2894
    21    8 O          3.4605      10.3708     209.2884
    22    8 O          1.9884      10.4128     210.1368
    23    8 O          2.8256      10.3709     209.2895
    24    8 O          2.8368      10.3708     209.2894
    25    8 O          1.9884      10.4128     210.1368
    26    8 O          2.7825      10.3709     209.2899
    27    8 O          2.8530      10.3708     209.2893
    28    8 O          2.8256      10.3709     209.2895
    29    8 O          1.9698      10.4194     210.2700
    30    8 O          2.8029      10.3709     209.2897
    31    8 O          1.9571      10.4245     210.3716
    32    8 O          2.8308      10.3709     209.2894
    33    8 O          1.9698      10.4194     210.2700
    34    8 O          2.8143      10.3709     209.2896
    35    8 O          2.8050      10.3709     209.2897
    36    8 O          1.9571      10.4245     210.3716
    37    8 O          2.7759      10.3709     209.2900
    38    8 O          1.9774      10.4166     210.2134
    39    8 O          1.9687      10.4199     210.2786
    40    8 O          1.9792      10.4160     210.1999
    41    8 O          1.9774      10.4166     210.2134
    42    8 O          2.7910      10.3709     209.2898
    43    8 O          2.8307      10.3709     209.2894
    44    8 O          1.9687      10.4199     210.2786
    45    8 O          3.5037      10.3708     209.2884
    46    8 O          2.8189      10.3709     209.2895
    47    8 O          2.7886      10.3709     209.2899
    48    8 O          2.8189      10.3709     209.2895
--------------------------------------------------------

Atom-resolved dispersion energies:
--------------------------------------------------
     #    Z           [Hartree]      [kcal/mol]
--------------------------------------------------
     1   25 Mn  -0.55909720E-02     -3.50838787
     2   25 Mn  -0.55445709E-02     -3.47927080
     3   25 Mn  -0.55909720E-02     -3.50838787
     4   25 Mn  -0.89934548E-02     -5.64347807
     5   25 Mn  -0.58518633E-02     -3.67209963
     6   25 Mn  -0.83790713E-02     -5.25794664
     7   25 Mn  -0.91779982E-02     -5.75928081
     8   25 Mn  -0.58518633E-02     -3.67209963
     9   25 Mn  -0.62729474E-02     -3.93633391
    10   25 Mn  -0.89751903E-02     -5.63201693
    11   25 Mn  -0.62729474E-02     -3.93633391
    12   25 Mn  -0.60472472E-02     -3.79470494
    13   25 Mn  -0.60472472E-02     -3.79470494
    14   25 Mn  -0.91243501E-02     -5.72561615
    15   25 Mn  -0.55817925E-02     -3.50262765
    16   25 Mn  -0.87602504E-02     -5.49714015
    17    8 O   -0.26618124E-02     -1.67031250
    18    8 O   -0.26977369E-02     -1.69285546
    19    8 O   -0.26618124E-02     -1.67031250
    20    8 O   -0.25145000E-02     -1.57787260
    21    8 O   -0.24086709E-02     -1.51146383
    22    8 O   -0.27374310E-02     -1.71776392
    23    8 O   -0.25682696E-02     -1.61161353
    24    8 O   -0.26359709E-02     -1.65409670
    25    8 O   -0.27374310E-02     -1.71776392
    26    8 O   -0.25498838E-02     -1.60007627
    27    8 O   -0.25474260E-02     -1.59853395
    28    8 O   -0.25682696E-02     -1.61161353
    29    8 O   -0.28934624E-02     -1.81567509
    30    8 O   -0.26996929E-02     -1.69408288
    31    8 O   -0.28217782E-02     -1.77069253
    32    8 O   -0.27517952E-02     -1.72677759
    33    8 O   -0.28934624E-02     -1.81567509
    34    8 O   -0.25967305E-02     -1.62947297
    35    8 O   -0.27325007E-02     -1.71467010
    36    8 O   -0.28217782E-02     -1.77069253
    37    8 O   -0.27335400E-02     -1.71532222
    38    8 O   -0.28664278E-02     -1.79871059
    39    8 O   -0.28911906E-02     -1.81424951
    40    8 O   -0.28414895E-02     -1.78306156
    41    8 O   -0.28664278E-02     -1.79871059
    42    8 O   -0.27406747E-02     -1.71979935
    43    8 O   -0.27037519E-02     -1.69662993
    44    8 O   -0.28911906E-02     -1.81424951
    45    8 O   -0.24619106E-02     -1.54487224
    46    8 O   -0.26643355E-02     -1.67189578
    47    8 O   -0.27347924E-02     -1.71610811
    48    8 O   -0.26643355E-02     -1.67189578
--------------------------------------------------

Dispersion energy:      -1.9862322040453E-01 Eh

[Info] Dispersion energy written to .EDISP
