-----------------------------------
 s i m p l e   D F T - D 3  v1.2.1
-----------------------------------

Zero (Chai-Head-Gordon) damping: pbe-D3(0)
--------------------
  s6         1.0000
  s8         0.7220
  s9         0.0000
 rs6         1.2170
 rs8         1.0000
 alp        14.0000
--------------------

Atomic radii (in Angstrom):
-------------------------------------------
   Z          R(cov)     R(vdw)      r4/r2
-------------------------------------------
  25 Mn       1.4267     1.7731     3.0718
   8 O        0.8400     1.2408     1.3725
-------------------------------------------

Atomic reference systems (in atomic units):
----------------------------------------------------------------------------
   Z        #      CN    C6(AA)   #      CN    C6(AA)   #      CN    C6(AA)
----------------------------------------------------------------------------
  25 Mn     1  0.0000  802.7484   2  1.6406  239.5554   3  9.8849  113.8463
   8 O      1  0.0000   15.5059   2  0.9925   12.8161   3  1.9887   10.3708
----------------------------------------------------------------------------

Dispersion properties (in atomic units):
--------------------------------------------------------
     #    Z                CN       C6(AA)       C8(AA)
--------------------------------------------------------
     1   25 Mn         0.0065     802.7308   81148.8625
     2   25 Mn         0.0067     802.7308   81148.8578
     3   25 Mn         0.0065     802.7308   81148.8625
     4   25 Mn         0.0080     802.7305   81148.8261
     5   25 Mn         0.0062     802.7309   81148.8690
     6   25 Mn         0.0041     802.7314   81148.9181
     7   25 Mn         0.0078     802.7305   81148.8329
     8   25 Mn         0.0062     802.7309   81148.8690
     9   25 Mn         0.0054     802.7311   81148.8888
    10   25 Mn         0.0082     802.7304   81148.8233
    11   25 Mn         0.0054     802.7311   81148.8888
    12   25 Mn         0.0060     802.7309   81148.8743
    13   25 Mn         0.0060     802.7309   81148.8743
    14   25 Mn         0.0078     802.7305   81148.8326
    15   25 Mn         0.0067     802.7308   81148.8583
    16   25 Mn         0.0040     802.7314   81148.9194
    17    8 O          0.0026      15.4503     311.7961
    18    8 O          0.0028      15.4503     311.7945
    19    8 O          0.0026      15.4503     311.7961
    20    8 O          0.0028      15.4502     311.7943
    21    8 O          0.0025      15.4504     311.7967
    22    8 O          0.0028      15.4502     311.7944
    23    8 O          0.0027      15.4503     311.7947
    24    8 O          0.0031      15.4501     311.7915
    25    8 O          0.0028      15.4502     311.7944
    26    8 O          0.0026      15.4503     311.7958
    27    8 O          0.0029      15.4502     311.7933
    28    8 O          0.0027      15.4503     311.7947
    29    8 O          0.0034      15.4500     311.7892
    30    8 O          0.0028      15.4502     311.7942
    31    8 O          0.0035      15.4499     311.7876
    32    8 O          0.0030      15.4502     311.7928
    33    8 O          0.0034      15.4500     311.7892
    34    8 O          0.0027      15.4503     311.7953
    35    8 O          0.0029      15.4502     311.7936
    36    8 O          0.0035      15.4499     311.7876
    37    8 O          0.0026      15.4503     311.7957
    38    8 O          0.0035      15.4499     311.7882
    39    8 O          0.0033      15.4500     311.7897
    40    8 O          0.0027      15.4503     311.7949
    41    8 O          0.0035      15.4499     311.7882
    42    8 O          0.0027      15.4503     311.7947
    43    8 O          0.0028      15.4502     311.7944
    44    8 O          0.0033      15.4500     311.7897
    45    8 O          0.0026      15.4503     311.7955
    46    8 O          0.0027      15.4503     311.7949
    47    8 O          0.0029      15.4502     311.7928
    48    8 O          0.0027      15.4503     311.7949
--------------------------------------------------------

Atom-resolved dispersion energies:
--------------------------------------------------
     #    Z           [Hartree]      [kcal/mol]
--------------------------------------------------
     1   25 Mn  -0.24793454E-02     -1.55581271
     2   25 Mn  -0.25945723E-02     -1.62811873
     3   25 Mn  -0.24793454E-02     -1.55581271
     4   25 Mn  -0.19375221E-02     -1.21581348
     5   25 Mn  -0.23797232E-02     -1.49329884
     6   25 Mn  -0.17284160E-02     -1.08459741
     7   25 Mn  -0.19108217E-02     -1.19905874
     8   25 Mn  -0.23797232E-02     -1.49329884
     9   25 Mn  -0.21994807E-02     -1.38019495
    10   25 Mn  -0.18804253E-02     -1.17998469
    11   25 Mn  -0.21994807E-02     -1.38019495
    12   25 Mn  -0.23373132E-02     -1.46668620
    13   25 Mn  -0.23373132E-02     -1.46668620
    14   25 Mn  -0.19249281E-02     -1.20791060
    15   25 Mn  -0.25853367E-02     -1.62232326
    16   25 Mn  -0.17210867E-02     -1.07999819
    17    8 O   -0.50168471E-03     -0.31481191
    18    8 O   -0.51009119E-03     -0.32008705
    19    8 O   -0.50168471E-03     -0.31481191
    20    8 O   -0.62211090E-03     -0.39038048
    21    8 O   -0.68701453E-03     -0.43110813
    22    8 O   -0.51282951E-03     -0.32180538
    23    8 O   -0.61415600E-03     -0.38538871
    24    8 O   -0.64017552E-03     -0.40171620
    25    8 O   -0.51282951E-03     -0.32180538
    26    8 O   -0.60360676E-03     -0.37876896
    27    8 O   -0.63306751E-03     -0.39725586
    28    8 O   -0.61415600E-03     -0.38538871
    29    8 O   -0.51933398E-03     -0.32588699
    30    8 O   -0.60875362E-03     -0.38199866
    31    8 O   -0.51296922E-03     -0.32189304
    32    8 O   -0.62727938E-03     -0.39362375
    33    8 O   -0.51933398E-03     -0.32588699
    34    8 O   -0.60618349E-03     -0.38038588
    35    8 O   -0.62085945E-03     -0.38959518
    36    8 O   -0.51296922E-03     -0.32189304
    37    8 O   -0.60781280E-03     -0.38140829
    38    8 O   -0.52207068E-03     -0.32760430
    39    8 O   -0.51848225E-03     -0.32535252
    40    8 O   -0.50053870E-03     -0.31409278
    41    8 O   -0.52207068E-03     -0.32760430
    42    8 O   -0.61265405E-03     -0.38444622
    43    8 O   -0.61980606E-03     -0.38893417
    44    8 O   -0.51848225E-03     -0.32535252
    45    8 O   -0.70759532E-03     -0.44402276
    46    8 O   -0.61484029E-03     -0.38581811
    47    8 O   -0.62647302E-03     -0.39311776
    48    8 O   -0.61484029E-03     -0.38581811
--------------------------------------------------

Dispersion energy:      -5.3541589394440E-02 Eh

[Info] Dispersion energy written to .EDISP
