-----------------------------------
 s i m p l e   D F T - D 3  v1.2.1
-----------------------------------

Zero (Chai-Head-Gordon) damping: pbe-D3(0)
--------------------
  s6         1.0000
  s8         0.7220
  s9         0.0000
 rs6         1.2170
 rs8         1.0000
 alp        14.0000
--------------------

Atomic radii (in Angstrom):
-------------------------------------------
   Z          R(cov)     R(vdw)      r4/r2
-------------------------------------------
  25 Mn       1.4267     1.7731     3.0718
   8 O        0.8400     1.2408     1.3725
-------------------------------------------

Atomic reference systems (in atomic units):
----------------------------------------------------------------------------
   Z        #      CN    C6(AA)   #      CN    C6(AA)   #      CN    C6(AA)
----------------------------------------------------------------------------
  25 Mn     1  0.0000  802.7484   2  1.6406  239.5554   3  9.8849  113.8463
   8 O      1  0.0000   15.5059   2  0.9925   12.8161   3  1.9887   10.3708
----------------------------------------------------------------------------

Dispersion properties (in atomic units):
--------------------------------------------------------
     #    Z                CN       C6(AA)       C8(AA)
--------------------------------------------------------
     1   25 Mn         0.0023     802.7318   81148.9578
     2   25 Mn         0.0024     802.7318   81148.9564
     3   25 Mn         0.0023     802.7318   81148.9578
     4   25 Mn         0.0026     802.7317   81148.9506
     5   25 Mn         0.0022     802.7318   81148.9596
     6   25 Mn         0.0015     802.7319   81148.9745
     7   25 Mn         0.0025     802.7317   81148.9524
     8   25 Mn         0.0022     802.7318   81148.9596
     9   25 Mn         0.0020     802.7318   81148.9649
    10   25 Mn         0.0026     802.7317   81148.9500
    11   25 Mn         0.0020     802.7318   81148.9649
    12   25 Mn         0.0021     802.7318   81148.9609
    13   25 Mn         0.0021     802.7318   81148.9609
    14   25 Mn         0.0025     802.7317   81148.9522
    15   25 Mn         0.0024     802.7318   81148.9565
    16   25 Mn         0.0015     802.7319   81148.9749
    17    8 O          0.0009      15.4510     311.8105
    18    8 O          0.0010      15.4510     311.8101
    19    8 O          0.0009      15.4510     311.8105
    20    8 O          0.0010      15.4510     311.8097
    21    8 O          0.0009      15.4510     311.8102
    22    8 O          0.0010      15.4510     311.8100
    23    8 O          0.0010      15.4510     311.8099
    24    8 O          0.0011      15.4510     311.8090
    25    8 O          0.0010      15.4510     311.8100
    26    8 O          0.0009      15.4510     311.8102
    27    8 O          0.0010      15.4510     311.8094
    28    8 O          0.0010      15.4510     311.8099
    29    8 O          0.0011      15.4510     311.8087
    30    8 O          0.0010      15.4510     311.8097
    31    8 O          0.0012      15.4509     311.8084
    32    8 O          0.0010      15.4510     311.8093
    33    8 O          0.0011      15.4510     311.8087
    34    8 O          0.0010      15.4510     311.8100
    35    8 O          0.0010      15.4510     311.8095
    36    8 O          0.0012      15.4509     311.8084
    37    8 O          0.0010      15.4510     311.8101
    38    8 O          0.0011      15.4509     311.8085
    39    8 O          0.0011      15.4510     311.8088
    40    8 O          0.0009      15.4510     311.8102
    41    8 O          0.0011      15.4509     311.8085
    42    8 O          0.0010      15.4510     311.8098
    43    8 O          0.0010      15.4510     311.8097
    44    8 O          0.0011      15.4510     311.8088
    45    8 O          0.0010      15.4510     311.8099
    46    8 O          0.0010      15.4510     311.8099
    47    8 O          0.0010      15.4510     311.8093
    48    8 O          0.0010      15.4510     311.8099
--------------------------------------------------------

Atom-resolved dispersion energies:
--------------------------------------------------
     #    Z           [Hartree]      [kcal/mol]
--------------------------------------------------
     1   25 Mn  -0.12697196E-02     -0.79676106
     2   25 Mn  -0.13267139E-02     -0.83252554
     3   25 Mn  -0.12697196E-02     -0.79676106
     4   25 Mn  -0.10492811E-02     -0.65843385
     5   25 Mn  -0.12222078E-02     -0.76694697
     6   25 Mn  -0.86427444E-03     -0.54234040
     7   25 Mn  -0.10293943E-02     -0.64595470
     8   25 Mn  -0.12222078E-02     -0.76694697
     9   25 Mn  -0.11197845E-02     -0.70267536
    10   25 Mn  -0.10249445E-02     -0.64316237
    11   25 Mn  -0.11197845E-02     -0.70267536
    12   25 Mn  -0.11958526E-02     -0.75040885
    13   25 Mn  -0.11958526E-02     -0.75040885
    14   25 Mn  -0.10380296E-02     -0.65137341
    15   25 Mn  -0.13249154E-02     -0.83139696
    16   25 Mn  -0.85818926E-03     -0.53852189
    17    8 O   -0.30442099E-03     -0.19102705
    18    8 O   -0.31303822E-03     -0.19643445
    19    8 O   -0.30442099E-03     -0.19102705
    20    8 O   -0.37440190E-03     -0.23494074
    21    8 O   -0.38906216E-03     -0.24414019
    22    8 O   -0.31381543E-03     -0.19692216
    23    8 O   -0.36930391E-03     -0.23174170
    24    8 O   -0.38649052E-03     -0.24252646
    25    8 O   -0.31381543E-03     -0.19692216
    26    8 O   -0.35770912E-03     -0.22446586
    27    8 O   -0.38200857E-03     -0.23971400
    28    8 O   -0.36930391E-03     -0.23174170
    29    8 O   -0.32168207E-03     -0.20185855
    30    8 O   -0.36624399E-03     -0.22982157
    31    8 O   -0.32020258E-03     -0.20093015
    32    8 O   -0.37911707E-03     -0.23789955
    33    8 O   -0.32168207E-03     -0.20185855
    34    8 O   -0.36367936E-03     -0.22821225
    35    8 O   -0.37149299E-03     -0.23311537
    36    8 O   -0.32020258E-03     -0.20093015
    37    8 O   -0.35843203E-03     -0.22491949
    38    8 O   -0.32547147E-03     -0.20423643
    39    8 O   -0.32012083E-03     -0.20087886
    40    8 O   -0.30800699E-03     -0.19327730
    41    8 O   -0.32547147E-03     -0.20423643
    42    8 O   -0.36440820E-03     -0.22866960
    43    8 O   -0.37222986E-03     -0.23357776
    44    8 O   -0.32012083E-03     -0.20087886
    45    8 O   -0.40310112E-03     -0.25294977
    46    8 O   -0.36803183E-03     -0.23094346
    47    8 O   -0.37323575E-03     -0.23420897
    48    8 O   -0.36803183E-03     -0.23094346
--------------------------------------------------

Dispersion energy:      -2.9279627506762E-02 Eh

[Info] Dispersion energy written to .EDISP
