-----------------------------------
 s i m p l e   D F T - D 3  v1.2.1
-----------------------------------

Zero (Chai-Head-Gordon) damping: pbe-D3(0)
--------------------
  s6         1.0000
  s8         0.7220
  s9         0.0000
 rs6         1.2170
 rs8         1.0000
 alp        14.0000
--------------------

Atomic radii (in Angstrom):
-------------------------------------------
   Z          R(cov)     R(vdw)      r4/r2
-------------------------------------------
  25 Mn       1.4267     1.7731     3.0718
   8 O        0.8400     1.2408     1.3725
-------------------------------------------

Atomic reference systems (in atomic units):
----------------------------------------------------------------------------
   Z        #      CN    C6(AA)   #      CN    C6(AA)   #      CN    C6(AA)
----------------------------------------------------------------------------
  25 Mn     1  0.0000  802.7484   2  1.6406  239.5554   3  9.8849  113.8463
   8 O      1  0.0000   15.5059   2  0.9925   12.8161   3  1.9887   10.3708
----------------------------------------------------------------------------

Dispersion properties (in atomic units):
--------------------------------------------------------
     #    Z                CN       C6(AA)       C8(AA)
--------------------------------------------------------
     1   25 Mn         1.7226     239.5580   24217.1579
     2   25 Mn         1.7905     239.5565   24217.0028
     3   25 Mn         1.7226     239.5580   24217.1579
     4   25 Mn         2.1709     239.5554   24216.8957
     5   25 Mn         1.6230     239.5650   24217.8671
     6   25 Mn         0.9485     301.2048   30449.0957
     7   25 Mn         2.0463     239.5554   24216.8987
     8   25 Mn         1.6230     239.5650   24217.8671
     9   25 Mn         1.3149     240.1034   24272.2917
    10   25 Mn         2.1363     239.5554   24216.8961
    11   25 Mn         1.3149     240.1034   24272.2917
    12   25 Mn         1.5410     239.5836   24219.7456
    13   25 Mn         1.5410     239.5836   24219.7456
    14   25 Mn         2.0912     239.5554   24216.8970
    15   25 Mn         1.7871     239.5565   24217.0078
    16   25 Mn         0.9218     323.8221   32735.5027
    17    8 O          0.7148      13.1924     266.2295
    18    8 O          0.7852      13.0390     263.1333
    19    8 O          0.7148      13.1924     266.2295
    20    8 O          0.7590      13.0888     264.1393
    21    8 O          0.5989      13.6032     274.5197
    22    8 O          0.7818      13.0450     263.2560
    23    8 O          0.7421      13.1253     264.8766
    24    8 O          0.8545      12.9388     261.1112
    25    8 O          0.7818      13.0450     263.2560
    26    8 O          0.6895      13.2643     267.6798
    27    8 O          0.7959      13.0207     262.7645
    28    8 O          0.7421      13.1253     264.8766
    29    8 O          0.8877      12.9028     260.3862
    30    8 O          0.7613      13.0842     264.0458
    31    8 O          0.9049      12.8864     260.0552
    32    8 O          0.8158      12.9896     262.1378
    33    8 O          0.8877      12.9028     260.3862
    34    8 O          0.7188      13.1819     266.0184
    35    8 O          0.7747      13.0581     263.5196
    36    8 O          0.9049      12.8864     260.0552
    37    8 O          0.6878      13.2693     267.7816
    38    8 O          0.9160      12.8765     259.8541
    39    8 O          0.8745      12.9163     260.6588
    40    8 O          0.7706      13.0658     263.6749
    41    8 O          0.9160      12.8765     259.8541
    42    8 O          0.7296      13.1548     265.4712
    43    8 O          0.7502      13.1074     264.5138
    44    8 O          0.8745      12.9163     260.6588
    45    8 O          0.6403      13.4322     271.0700
    46    8 O          0.7276      13.1597     265.5694
    47    8 O          0.7958      13.0208     262.7675
    48    8 O          0.7276      13.1597     265.5694
--------------------------------------------------------

Atom-resolved dispersion energies:
--------------------------------------------------
     #    Z           [Hartree]      [kcal/mol]
--------------------------------------------------
     1   25 Mn  -0.55752934E-02     -3.49854945
     2   25 Mn  -0.54870539E-02     -3.44317833
     3   25 Mn  -0.55752934E-02     -3.49854945
     4   25 Mn  -0.67713066E-02     -4.24905906
     5   25 Mn  -0.56428196E-02     -3.54092277
     6   25 Mn  -0.72527083E-02     -4.55114318
     7   25 Mn  -0.67819862E-02     -4.25576061
     8   25 Mn  -0.56428196E-02     -3.54092277
     9   25 Mn  -0.60871399E-02     -3.81973799
    10   25 Mn  -0.65056090E-02     -4.08233126
    11   25 Mn  -0.60871399E-02     -3.81973799
    12   25 Mn  -0.60629678E-02     -3.80456971
    13   25 Mn  -0.60629678E-02     -3.80456971
    14   25 Mn  -0.67960628E-02     -4.26459381
    15   25 Mn  -0.55595383E-02     -3.48866294
    16   25 Mn  -0.76892958E-02     -4.82510596
    17    8 O   -0.17253498E-02     -1.08267333
    18    8 O   -0.17149486E-02     -1.07614650
    19    8 O   -0.17253498E-02     -1.08267333
    20    8 O   -0.15355017E-02     -0.96354186
    21    8 O   -0.14034880E-02     -0.88070199
    22    8 O   -0.17444294E-02     -1.09464597
    23    8 O   -0.15494565E-02     -0.97229863
    24    8 O   -0.16135303E-02     -1.01250552
    25    8 O   -0.17444294E-02     -1.09464597
    26    8 O   -0.15549300E-02     -0.97573334
    27    8 O   -0.15513636E-02     -0.97349538
    28    8 O   -0.15494565E-02     -0.97229863
    29    8 O   -0.17669530E-02     -1.10877976
    30    8 O   -0.15035491E-02     -0.94349131
    31    8 O   -0.17139553E-02     -1.07552321
    32    8 O   -0.15664469E-02     -0.98296028
    33    8 O   -0.17669530E-02     -1.10877976
    34    8 O   -0.14990222E-02     -0.94065062
    35    8 O   -0.15800061E-02     -0.99146879
    36    8 O   -0.17139553E-02     -1.07552321
    37    8 O   -0.16010595E-02     -1.00467998
    38    8 O   -0.17590828E-02     -1.10384113
    39    8 O   -0.17673587E-02     -1.10903433
    40    8 O   -0.16794027E-02     -1.05384110
    41    8 O   -0.17590828E-02     -1.10384113
    42    8 O   -0.15824584E-02     -0.99300765
    43    8 O   -0.15793114E-02     -0.99103288
    44    8 O   -0.17673587E-02     -1.10903433
    45    8 O   -0.14797136E-02     -0.92853433
    46    8 O   -0.16031459E-02     -1.00598921
    47    8 O   -0.16437576E-02     -1.03147346
    48    8 O   -0.16031459E-02     -1.00598921
--------------------------------------------------

Dispersion energy:      -1.5192795497937E-01 Eh

[Info] Dispersion energy written to .EDISP
