-----------------------------------
 s i m p l e   D F T - D 3  v1.2.1
-----------------------------------

Zero (Chai-Head-Gordon) damping: pbe-D3(0)
--------------------
  s6         1.0000
  s8         0.7220
  s9         0.0000
 rs6         1.2170
 rs8         1.0000
 alp        14.0000
--------------------

Atomic radii (in Angstrom):
-------------------------------------------
   Z          R(cov)     R(vdw)      r4/r2
-------------------------------------------
  25 Mn       1.4267     1.7731     3.0718
   8 O        0.8400     1.2408     1.3725
-------------------------------------------

Atomic reference systems (in atomic units):
----------------------------------------------------------------------------
   Z        #      CN    C6(AA)   #      CN    C6(AA)   #      CN    C6(AA)
----------------------------------------------------------------------------
  25 Mn     1  0.0000  802.7484   2  1.6406  239.5554   3  9.8849  113.8463
   8 O      1  0.0000   15.5059   2  0.9925   12.8161   3  1.9887   10.3708
----------------------------------------------------------------------------

Dispersion properties (in atomic units):
--------------------------------------------------------
     #    Z                CN       C6(AA)       C8(AA)
--------------------------------------------------------
     1   25 Mn         6.4677     113.8463   11508.8363
     2   25 Mn         6.5449     113.8463   11508.8363
     3   25 Mn         6.4680     113.8463   11508.8363
     4   25 Mn         5.5173     239.5554   24216.8935
     5   25 Mn         6.4497     113.8463   11508.8363
     6   25 Mn         6.5370     113.8463   11508.8363
     7   25 Mn         6.4680     113.8463   11508.8363
     8   25 Mn         6.4632     113.8463   11508.8363
     9   25 Mn         6.4419     113.8463   11508.8363
    10   25 Mn         6.5370     113.8463   11508.8363
    11   25 Mn         6.4917     113.8463   11508.8363
    12   25 Mn         6.5025     113.8463   11508.8363
    13   25 Mn         6.4497     113.8463   11508.8363
    14   25 Mn         6.4419     113.8463   11508.8363
    15   25 Mn         3.3884     239.5554   24216.8949
    16   25 Mn         6.5025     113.8463   11508.8363
    17   25 Mn         6.4917     113.8463   11508.8363
    18   25 Mn         6.5449     113.8463   11508.8363
    19   25 Mn         6.4677     113.8463   11508.8363
    20   25 Mn         6.4632     113.8463   11508.8363
    21   25 Mn         5.5173     239.5554   24216.8935
    22    8 O          2.5514      10.3713     209.2981
    23    8 O          2.5458      10.3713     209.2986
    24    8 O          2.5431      10.3713     209.2988
    25    8 O          2.5522      10.3713     209.2980
    26    8 O          2.5449      10.3713     209.2986
    27    8 O          2.5280      10.3714     209.3001
    28    8 O          2.5411      10.3713     209.2989
    29    8 O          2.5380      10.3713     209.2992
    30    8 O          2.5437      10.3713     209.2987
    31    8 O          2.5575      10.3713     209.2976
    32    8 O          2.5208      10.3714     209.3008
    33    8 O          2.5449      10.3713     209.2986
    34    8 O          2.3170      10.3739     209.3512
    35    8 O          2.5458      10.3713     209.2986
    36    8 O          2.5586      10.3713     209.2976
    37    8 O          3.1765      10.3708     209.2885
    38    8 O          2.3170      10.3739     209.3512
    39    8 O          2.5466      10.3713     209.2985
    40    8 O          2.5208      10.3714     209.3008
    41    8 O          2.5411      10.3713     209.2989
    42    8 O          2.5575      10.3713     209.2976
    43    8 O          2.5506      10.3713     209.2982
    44    8 O          2.5208      10.3714     209.3008
    45    8 O          2.5499      10.3713     209.2982
    46    8 O          2.5437      10.3713     209.2987
    47    8 O          2.8978      10.3708     209.2890
    48    8 O          2.5499      10.3713     209.2982
    49    8 O          2.5506      10.3713     209.2982
    50    8 O          2.5208      10.3714     209.3008
    51    8 O          2.5466      10.3713     209.2985
    52    8 O          2.5514      10.3713     209.2981
    53    8 O          2.5472      10.3713     209.2984
    54    8 O          3.1765      10.3708     209.2885
    55    8 O          2.5522      10.3713     209.2980
    56    8 O          2.5431      10.3713     209.2988
    57    8 O          2.5586      10.3713     209.2976
    58    8 O          2.5280      10.3714     209.3001
    59    8 O          2.5472      10.3713     209.2984
    60    8 O          2.8978      10.3708     209.2890
    61    8 O          2.5380      10.3713     209.2992
--------------------------------------------------------

Atom-resolved dispersion energies:
--------------------------------------------------
     #    Z           [Hartree]      [kcal/mol]
--------------------------------------------------
     1   25 Mn  -0.41006545E-02     -2.57319955
     2   25 Mn  -0.42340465E-02     -2.65690432
     3   25 Mn  -0.40610640E-02     -2.54835614
     4   25 Mn  -0.69257783E-02     -4.34599149
     5   25 Mn  -0.40643706E-02     -2.55043107
     6   25 Mn  -0.47945762E-02     -3.00864196
     7   25 Mn  -0.40610640E-02     -2.54835614
     8   25 Mn  -0.46023127E-02     -2.88799482
     9   25 Mn  -0.45792044E-02     -2.87349417
    10   25 Mn  -0.47945762E-02     -3.00864196
    11   25 Mn  -0.40969818E-02     -2.57089491
    12   25 Mn  -0.42586088E-02     -2.67231738
    13   25 Mn  -0.40643706E-02     -2.55043107
    14   25 Mn  -0.45792044E-02     -2.87349417
    15   25 Mn  -0.89473604E-02     -5.61455339
    16   25 Mn  -0.42586088E-02     -2.67231738
    17   25 Mn  -0.40969818E-02     -2.57089491
    18   25 Mn  -0.42340465E-02     -2.65690432
    19   25 Mn  -0.41006545E-02     -2.57319955
    20   25 Mn  -0.46023127E-02     -2.88799482
    21   25 Mn  -0.69257783E-02     -4.34599149
    22    8 O   -0.21072177E-02     -1.32229908
    23    8 O   -0.21062256E-02     -1.32167649
    24    8 O   -0.20935895E-02     -1.31374724
    25    8 O   -0.22785773E-02     -1.42982886
    26    8 O   -0.20940990E-02     -1.31406693
    27    8 O   -0.22227330E-02     -1.39478601
    28    8 O   -0.20938877E-02     -1.31393440
    29    8 O   -0.23487224E-02     -1.47384559
    30    8 O   -0.21053068E-02     -1.32109995
    31    8 O   -0.21489428E-02     -1.34848197
    32    8 O   -0.22886527E-02     -1.43615124
    33    8 O   -0.20940990E-02     -1.31406693
    34    8 O   -0.24155641E-02     -1.51578934
    35    8 O   -0.21062256E-02     -1.32167649
    36    8 O   -0.21503172E-02     -1.34934444
    37    8 O   -0.22178312E-02     -1.39171011
    38    8 O   -0.24155641E-02     -1.51578934
    39    8 O   -0.20945952E-02     -1.31437832
    40    8 O   -0.22793467E-02     -1.43031163
    41    8 O   -0.20938877E-02     -1.31393440
    42    8 O   -0.21489428E-02     -1.34848197
    43    8 O   -0.21362700E-02     -1.34052969
    44    8 O   -0.22886527E-02     -1.43615124
    45    8 O   -0.21050447E-02     -1.32093551
    46    8 O   -0.21053068E-02     -1.32109995
    47    8 O   -0.22407941E-02     -1.40611952
    48    8 O   -0.21050447E-02     -1.32093551
    49    8 O   -0.21362700E-02     -1.34052969
    50    8 O   -0.22793467E-02     -1.43031163
    51    8 O   -0.20945952E-02     -1.31437832
    52    8 O   -0.21072177E-02     -1.32229908
    53    8 O   -0.21356723E-02     -1.34015463
    54    8 O   -0.22178312E-02     -1.39171011
    55    8 O   -0.22785773E-02     -1.42982886
    56    8 O   -0.20935895E-02     -1.31374724
    57    8 O   -0.21503172E-02     -1.34934444
    58    8 O   -0.22227330E-02     -1.39478601
    59    8 O   -0.21356723E-02     -1.34015463
    60    8 O   -0.22407941E-02     -1.40611952
    61    8 O   -0.23487224E-02     -1.47384559
--------------------------------------------------

Dispersion energy:      -1.8770933640135E-01 Eh

[Info] Dispersion energy written to .EDISP
