-----------------------------------
 s i m p l e   D F T - D 3  v1.2.1
-----------------------------------

Zero (Chai-Head-Gordon) damping: pbe-D3(0)
--------------------
  s6         1.0000
  s8         0.7220
  s9         0.0000
 rs6         1.2170
 rs8         1.0000
 alp        14.0000
--------------------

Atomic radii (in Angstrom):
-------------------------------------------
   Z          R(cov)     R(vdw)      r4/r2
-------------------------------------------
  25 Mn       1.4267     1.7731     3.0718
   8 O        0.8400     1.2408     1.3725
-------------------------------------------

Atomic reference systems (in atomic units):
----------------------------------------------------------------------------
   Z        #      CN    C6(AA)   #      CN    C6(AA)   #      CN    C6(AA)
----------------------------------------------------------------------------
  25 Mn     1  0.0000  802.7484   2  1.6406  239.5554   3  9.8849  113.8463
   8 O      1  0.0000   15.5059   2  0.9925   12.8161   3  1.9887   10.3708
----------------------------------------------------------------------------

Dispersion properties (in atomic units):
--------------------------------------------------------
     #    Z                CN       C6(AA)       C8(AA)
--------------------------------------------------------
     1   25 Mn         0.0031     802.7316   81148.9406
     2   25 Mn         0.0031     802.7316   81148.9396
     3   25 Mn         0.0031     802.7316   81148.9407
     4   25 Mn         0.0026     802.7317   81148.9516
     5   25 Mn         0.0031     802.7316   81148.9409
     6   25 Mn         0.0033     802.7316   81148.9365
     7   25 Mn         0.0031     802.7316   81148.9407
     8   25 Mn         0.0031     802.7316   81148.9392
     9   25 Mn         0.0031     802.7316   81148.9400
    10   25 Mn         0.0033     802.7316   81148.9365
    11   25 Mn         0.0031     802.7316   81148.9403
    12   25 Mn         0.0031     802.7316   81148.9401
    13   25 Mn         0.0031     802.7316   81148.9409
    14   25 Mn         0.0031     802.7316   81148.9400
    15   25 Mn         0.0019     802.7319   81148.9672
    16   25 Mn         0.0031     802.7316   81148.9401
    17   25 Mn         0.0031     802.7316   81148.9403
    18   25 Mn         0.0031     802.7316   81148.9396
    19   25 Mn         0.0031     802.7316   81148.9406
    20   25 Mn         0.0031     802.7316   81148.9392
    21   25 Mn         0.0026     802.7317   81148.9516
    22    8 O          0.0013      15.4509     311.8069
    23    8 O          0.0013      15.4509     311.8069
    24    8 O          0.0013      15.4509     311.8070
    25    8 O          0.0013      15.4509     311.8068
    26    8 O          0.0013      15.4509     311.8070
    27    8 O          0.0013      15.4509     311.8069
    28    8 O          0.0013      15.4509     311.8070
    29    8 O          0.0014      15.4508     311.8064
    30    8 O          0.0013      15.4509     311.8070
    31    8 O          0.0013      15.4509     311.8068
    32    8 O          0.0013      15.4509     311.8071
    33    8 O          0.0013      15.4509     311.8070
    34    8 O          0.0013      15.4509     311.8071
    35    8 O          0.0013      15.4509     311.8069
    36    8 O          0.0013      15.4509     311.8068
    37    8 O          0.0015      15.4508     311.8056
    38    8 O          0.0013      15.4509     311.8071
    39    8 O          0.0013      15.4509     311.8069
    40    8 O          0.0013      15.4509     311.8071
    41    8 O          0.0013      15.4509     311.8070
    42    8 O          0.0013      15.4509     311.8068
    43    8 O          0.0013      15.4509     311.8069
    44    8 O          0.0013      15.4509     311.8071
    45    8 O          0.0013      15.4509     311.8069
    46    8 O          0.0013      15.4509     311.8070
    47    8 O          0.0014      15.4508     311.8065
    48    8 O          0.0013      15.4509     311.8069
    49    8 O          0.0013      15.4509     311.8069
    50    8 O          0.0013      15.4509     311.8071
    51    8 O          0.0013      15.4509     311.8069
    52    8 O          0.0013      15.4509     311.8069
    53    8 O          0.0013      15.4509     311.8069
    54    8 O          0.0015      15.4508     311.8056
    55    8 O          0.0013      15.4509     311.8068
    56    8 O          0.0013      15.4509     311.8070
    57    8 O          0.0013      15.4509     311.8068
    58    8 O          0.0013      15.4509     311.8069
    59    8 O          0.0013      15.4509     311.8069
    60    8 O          0.0014      15.4508     311.8065
    61    8 O          0.0014      15.4508     311.8064
--------------------------------------------------------

Atom-resolved dispersion energies:
--------------------------------------------------
     #    Z           [Hartree]      [kcal/mol]
--------------------------------------------------
     1   25 Mn  -0.17123607E-02     -1.07452254
     2   25 Mn  -0.17376834E-02     -1.09041278
     3   25 Mn  -0.17113634E-02     -1.07389677
     4   25 Mn  -0.16245113E-02     -1.01939623
     5   25 Mn  -0.17061166E-02     -1.07060430
     6   25 Mn  -0.18030805E-02     -1.13145008
     7   25 Mn  -0.17113634E-02     -1.07389677
     8   25 Mn  -0.17404227E-02     -1.09213172
     9   25 Mn  -0.17385980E-02     -1.09098674
    10   25 Mn  -0.18030805E-02     -1.13145008
    11   25 Mn  -0.17192383E-02     -1.07883833
    12   25 Mn  -0.17256788E-02     -1.08287981
    13   25 Mn  -0.17061166E-02     -1.07060430
    14   25 Mn  -0.17385980E-02     -1.09098674
    15   25 Mn  -0.11179051E-02     -0.70149604
    16   25 Mn  -0.17256788E-02     -1.08287981
    17   25 Mn  -0.17192383E-02     -1.07883833
    18   25 Mn  -0.17376834E-02     -1.09041278
    19   25 Mn  -0.17123607E-02     -1.07452254
    20   25 Mn  -0.17404227E-02     -1.09213172
    21   25 Mn  -0.16245113E-02     -1.01939623
    22    8 O   -0.44271028E-03     -0.27780489
    23    8 O   -0.44151240E-03     -0.27705321
    24    8 O   -0.44074460E-03     -0.27657141
    25    8 O   -0.44682043E-03     -0.28038405
    26    8 O   -0.44107575E-03     -0.27677921
    27    8 O   -0.43923071E-03     -0.27562143
    28    8 O   -0.44030326E-03     -0.27629447
    29    8 O   -0.44867312E-03     -0.28154663
    30    8 O   -0.44103163E-03     -0.27675152
    31    8 O   -0.44463603E-03     -0.27901332
    32    8 O   -0.43849863E-03     -0.27516205
    33    8 O   -0.44107575E-03     -0.27677921
    34    8 O   -0.42550048E-03     -0.26700558
    35    8 O   -0.44151240E-03     -0.27705321
    36    8 O   -0.44482425E-03     -0.27913143
    37    8 O   -0.53092062E-03     -0.33315772
    38    8 O   -0.42550048E-03     -0.26700558
    39    8 O   -0.44143776E-03     -0.27700638
    40    8 O   -0.43999094E-03     -0.27609849
    41    8 O   -0.44030326E-03     -0.27629447
    42    8 O   -0.44463603E-03     -0.27901332
    43    8 O   -0.44298560E-03     -0.27797766
    44    8 O   -0.43849863E-03     -0.27516205
    45    8 O   -0.44254903E-03     -0.27770371
    46    8 O   -0.44103163E-03     -0.27675152
    47    8 O   -0.49713307E-03     -0.31195571
    48    8 O   -0.44254903E-03     -0.27770371
    49    8 O   -0.44298560E-03     -0.27797766
    50    8 O   -0.43999094E-03     -0.27609849
    51    8 O   -0.44143776E-03     -0.27700638
    52    8 O   -0.44271028E-03     -0.27780489
    53    8 O   -0.44210603E-03     -0.27742572
    54    8 O   -0.53092062E-03     -0.33315772
    55    8 O   -0.44682043E-03     -0.28038405
    56    8 O   -0.44074460E-03     -0.27657141
    57    8 O   -0.44482425E-03     -0.27913143
    58    8 O   -0.43923071E-03     -0.27562143
    59    8 O   -0.44210603E-03     -0.27742572
    60    8 O   -0.49713307E-03     -0.31195571
    61    8 O   -0.44867312E-03     -0.28154663
--------------------------------------------------

Dispersion energy:      -5.3501381619452E-02 Eh

[Info] Dispersion energy written to .EDISP
