-----------------------------------
 s i m p l e   D F T - D 3  v1.2.1
-----------------------------------

Zero (Chai-Head-Gordon) damping: pbe-D3(0)
--------------------
  s6         1.0000
  s8         0.7220
  s9         0.0000
 rs6         1.2170
 rs8         1.0000
 alp        14.0000
--------------------

Atomic radii (in Angstrom):
-------------------------------------------
   Z          R(cov)     R(vdw)      r4/r2
-------------------------------------------
  25 Mn       1.4267     1.7731     3.0718
   8 O        0.8400     1.2408     1.3725
-------------------------------------------

Atomic reference systems (in atomic units):
----------------------------------------------------------------------------
   Z        #      CN    C6(AA)   #      CN    C6(AA)   #      CN    C6(AA)
----------------------------------------------------------------------------
  25 Mn     1  0.0000  802.7484   2  1.6406  239.5554   3  9.8849  113.8463
   8 O      1  0.0000   15.5059   2  0.9925   12.8161   3  1.9887   10.3708
----------------------------------------------------------------------------

Dispersion properties (in atomic units):
--------------------------------------------------------
     #    Z                CN       C6(AA)       C8(AA)
--------------------------------------------------------
     1   25 Mn         0.0051     802.7311   81148.8936
     2   25 Mn         0.0052     802.7311   81148.8916
     3   25 Mn         0.0051     802.7311   81148.8936
     4   25 Mn         0.0042     802.7313   81148.9148
     5   25 Mn         0.0051     802.7311   81148.8940
     6   25 Mn         0.0055     802.7311   81148.8860
     7   25 Mn         0.0051     802.7311   81148.8936
     8   25 Mn         0.0053     802.7311   81148.8910
     9   25 Mn         0.0052     802.7311   81148.8926
    10   25 Mn         0.0055     802.7311   81148.8860
    11   25 Mn         0.0052     802.7311   81148.8929
    12   25 Mn         0.0052     802.7311   81148.8926
    13   25 Mn         0.0051     802.7311   81148.8940
    14   25 Mn         0.0052     802.7311   81148.8926
    15   25 Mn         0.0030     802.7316   81148.9426
    16   25 Mn         0.0052     802.7311   81148.8926
    17   25 Mn         0.0052     802.7311   81148.8929
    18   25 Mn         0.0052     802.7311   81148.8916
    19   25 Mn         0.0051     802.7311   81148.8936
    20   25 Mn         0.0053     802.7311   81148.8910
    21   25 Mn         0.0042     802.7313   81148.9148
    22    8 O          0.0022      15.4505     311.7991
    23    8 O          0.0022      15.4505     311.7992
    24    8 O          0.0022      15.4505     311.7993
    25    8 O          0.0022      15.4505     311.7990
    26    8 O          0.0022      15.4505     311.7992
    27    8 O          0.0022      15.4505     311.7993
    28    8 O          0.0022      15.4505     311.7993
    29    8 O          0.0023      15.4504     311.7983
    30    8 O          0.0022      15.4505     311.7993
    31    8 O          0.0022      15.4505     311.7989
    32    8 O          0.0022      15.4505     311.7995
    33    8 O          0.0022      15.4505     311.7992
    34    8 O          0.0022      15.4505     311.7996
    35    8 O          0.0022      15.4505     311.7992
    36    8 O          0.0022      15.4505     311.7989
    37    8 O          0.0025      15.4504     311.7971
    38    8 O          0.0022      15.4505     311.7996
    39    8 O          0.0022      15.4505     311.7992
    40    8 O          0.0022      15.4505     311.7996
    41    8 O          0.0022      15.4505     311.7993
    42    8 O          0.0022      15.4505     311.7989
    43    8 O          0.0022      15.4505     311.7991
    44    8 O          0.0022      15.4505     311.7995
    45    8 O          0.0022      15.4505     311.7991
    46    8 O          0.0022      15.4505     311.7993
    47    8 O          0.0023      15.4505     311.7987
    48    8 O          0.0022      15.4505     311.7991
    49    8 O          0.0022      15.4505     311.7991
    50    8 O          0.0022      15.4505     311.7996
    51    8 O          0.0022      15.4505     311.7992
    52    8 O          0.0022      15.4505     311.7991
    53    8 O          0.0022      15.4505     311.7992
    54    8 O          0.0025      15.4504     311.7971
    55    8 O          0.0022      15.4505     311.7990
    56    8 O          0.0022      15.4505     311.7993
    57    8 O          0.0022      15.4505     311.7989
    58    8 O          0.0022      15.4505     311.7993
    59    8 O          0.0022      15.4505     311.7992
    60    8 O          0.0023      15.4505     311.7987
    61    8 O          0.0023      15.4504     311.7983
--------------------------------------------------------

Atom-resolved dispersion energies:
--------------------------------------------------
     #    Z           [Hartree]      [kcal/mol]
--------------------------------------------------
     1   25 Mn  -0.24158378E-02     -1.51596111
     2   25 Mn  -0.24519190E-02     -1.53860237
     3   25 Mn  -0.24142520E-02     -1.51496597
     4   25 Mn  -0.23485974E-02     -1.47376713
     5   25 Mn  -0.24069350E-02     -1.51037455
     6   25 Mn  -0.25486989E-02     -1.59933270
     7   25 Mn  -0.24142520E-02     -1.51496597
     8   25 Mn  -0.24553448E-02     -1.54075215
     9   25 Mn  -0.24565481E-02     -1.54150720
    10   25 Mn  -0.25486989E-02     -1.59933270
    11   25 Mn  -0.24253387E-02     -1.52192301
    12   25 Mn  -0.24350438E-02     -1.52801307
    13   25 Mn  -0.24069350E-02     -1.51037455
    14   25 Mn  -0.24565481E-02     -1.54150720
    15   25 Mn  -0.16091534E-02     -1.00975900
    16   25 Mn  -0.24350438E-02     -1.52801307
    17   25 Mn  -0.24253387E-02     -1.52192301
    18   25 Mn  -0.24519190E-02     -1.53860237
    19   25 Mn  -0.24158378E-02     -1.51596111
    20   25 Mn  -0.24553448E-02     -1.54075215
    21   25 Mn  -0.23485974E-02     -1.47376713
    22    8 O   -0.56680623E-03     -0.35567628
    23    8 O   -0.56560542E-03     -0.35492276
    24    8 O   -0.56473052E-03     -0.35437375
    25    8 O   -0.57315658E-03     -0.35966119
    26    8 O   -0.56501363E-03     -0.35455141
    27    8 O   -0.56345675E-03     -0.35357445
    28    8 O   -0.56427650E-03     -0.35408885
    29    8 O   -0.57565421E-03     -0.36122847
    30    8 O   -0.56510932E-03     -0.35461145
    31    8 O   -0.56894529E-03     -0.35701856
    32    8 O   -0.56350154E-03     -0.35360256
    33    8 O   -0.56501363E-03     -0.35455141
    34    8 O   -0.55404344E-03     -0.34766751
    35    8 O   -0.56560542E-03     -0.35492276
    36    8 O   -0.56919603E-03     -0.35717590
    37    8 O   -0.68740743E-03     -0.43135467
    38    8 O   -0.55404344E-03     -0.34766751
    39    8 O   -0.56538540E-03     -0.35478469
    40    8 O   -0.56619367E-03     -0.35529189
    41    8 O   -0.56427650E-03     -0.35408885
    42    8 O   -0.56894529E-03     -0.35701856
    43    8 O   -0.56733608E-03     -0.35600877
    44    8 O   -0.56350154E-03     -0.35360256
    45    8 O   -0.56673396E-03     -0.35563093
    46    8 O   -0.56510932E-03     -0.35461145
    47    8 O   -0.65181647E-03     -0.40902101
    48    8 O   -0.56673396E-03     -0.35563093
    49    8 O   -0.56733608E-03     -0.35600877
    50    8 O   -0.56619367E-03     -0.35529189
    51    8 O   -0.56538540E-03     -0.35478469
    52    8 O   -0.56680623E-03     -0.35567628
    53    8 O   -0.56636584E-03     -0.35539993
    54    8 O   -0.68740743E-03     -0.43135467
    55    8 O   -0.57315658E-03     -0.35966119
    56    8 O   -0.56473052E-03     -0.35437375
    57    8 O   -0.56919603E-03     -0.35717590
    58    8 O   -0.56345675E-03     -0.35357445
    59    8 O   -0.56636584E-03     -0.35539993
    60    8 O   -0.65181647E-03     -0.40902101
    61    8 O   -0.57565421E-03     -0.36122847
--------------------------------------------------

Dispersion energy:      -7.3387653115318E-02 Eh

[Info] Dispersion energy written to .EDISP
