-----------------------------------
 s i m p l e   D F T - D 3  v1.2.1
-----------------------------------

Zero (Chai-Head-Gordon) damping: pbe-D3(0)
--------------------
  s6         1.0000
  s8         0.7220
  s9         0.0000
 rs6         1.2170
 rs8         1.0000
 alp        14.0000
--------------------

Atomic radii (in Angstrom):
-------------------------------------------
   Z          R(cov)     R(vdw)      r4/r2
-------------------------------------------
  12 Mg       1.6667     1.7420     2.8909
  26 Fe       1.3867     1.7210     2.9550
-------------------------------------------

Atomic reference systems (in atomic units):
----------------------------------------------------------------------------
   Z        #      CN    C6(AA)   #      CN    C6(AA)   #      CN    C6(AA)
----------------------------------------------------------------------------
  12 Mg     1  0.0000  683.3758   2  0.9628  451.2708   3  1.9496  175.5616
  26 Fe     1  0.0000  491.3349   2  1.6483  204.9925   3  9.1376  109.5041
----------------------------------------------------------------------------

Dispersion properties (in atomic units):
--------------------------------------------------------
     #    Z                CN       C6(AA)       C8(AA)
--------------------------------------------------------
     1   12 Mg         0.0200     676.2290   60543.9851
     2   12 Mg         0.0200     676.2290   60543.9851
     3   12 Mg         0.0234     676.0473   60527.7207
     4   12 Mg         0.0234     676.0473   60527.7213
     5   12 Mg         0.0234     676.0473   60527.7206
     6   12 Mg         0.0234     676.0473   60527.7211
     7   12 Mg         0.0205     676.2041   60541.7622
     8   12 Mg         0.0205     676.2041   60541.7624
     9   12 Mg         0.0203     676.2139   60542.6343
    10   12 Mg         0.0200     676.2289   60543.9844
    11   12 Mg         0.0200     676.2290   60543.9854
    12   12 Mg         0.0203     676.2133   60542.5836
    13   12 Mg         0.0203     676.2139   60542.6344
    14   12 Mg         0.0203     676.2139   60542.6356
    15   12 Mg         0.0202     676.2193   60543.1174
    16   12 Mg         0.0202     676.2193   60543.1174
    17   12 Mg         0.0205     676.2041   60541.7621
    18   12 Mg         0.0200     676.2290   60543.9849
    19   12 Mg         0.0200     676.2290   60543.9851
    20   12 Mg         0.0202     676.2193   60543.1182
    21   12 Mg         0.0203     676.2133   60542.5835
    22   12 Mg         0.0203     676.2133   60542.5835
    23   12 Mg         0.0234     676.0473   60527.7210
    24   12 Mg         0.0234     676.0473   60527.7211
    25   12 Mg         0.0230     676.0680   60529.5766
    26   12 Mg         0.0230     676.0680   60529.5765
    27   12 Mg         0.0230     676.0680   60529.5766
    28   12 Mg         0.0204     676.2112   60542.3984
    29   12 Mg         0.0204     676.2112   60542.3975
    30   12 Mg         0.0204     676.2112   60542.3977
    31   12 Mg         0.0204     676.2112   60542.3978
    32   12 Mg         0.0204     676.2112   60542.3978
    33   12 Mg         0.0204     676.2112   60542.3980
    34   12 Mg         0.0203     676.2163   60542.8528
    35   12 Mg         0.0203     676.2163   60542.8531
    36   12 Mg         0.0203     676.2163   60542.8531
    37   12 Mg         0.0208     676.1883   60540.3490
    38   12 Mg         0.0208     676.1883   60540.3490
    39   12 Mg         0.0208     676.1883   60540.3492
    40   12 Mg         0.0208     676.1883   60540.3494
    41   12 Mg         0.0208     676.1883   60540.3496
    42   12 Mg         0.0208     676.1883   60540.3496
    43   12 Mg         0.0208     676.1899   60540.4841
    44   12 Mg         0.0204     676.2096   60542.2517
    45   12 Mg         0.0204     676.2096   60542.2524
    46   12 Mg         0.0204     676.2096   60542.2526
    47   12 Mg         0.0213     676.1636   60538.1299
    48   12 Mg         0.0213     676.1636   60538.1301
    49   12 Mg         0.0213     676.1636   60538.1301
    50   12 Mg         0.0203     676.2139   60542.6360
    51   12 Mg         0.0203     676.2139   60542.6359
    52   12 Mg         0.0203     676.2139   60542.6363
    53   12 Mg         0.0203     676.2139   60542.6364
    54   12 Mg         0.0203     676.2139   60542.6361
    55   12 Mg         0.0203     676.2139   60542.6362
    56   12 Mg         0.0203     676.2152   60542.7521
    57   12 Mg         0.0205     676.2039   60541.7433
    58   12 Mg         0.0205     676.2039   60541.7427
    59   12 Mg         0.0205     676.2039   60541.7436
    60   12 Mg         0.0205     676.2039   60541.7420
    61   12 Mg         0.0205     676.2039   60541.7427
    62   12 Mg         0.0205     676.2040   60541.7499
    63   12 Mg         0.0207     676.1943   60540.8813
    64   12 Mg         0.0207     676.1942   60540.8745
    65   12 Mg         0.0207     676.1942   60540.8747
    66   12 Mg         0.0206     676.1995   60541.3517
    67   12 Mg         0.0206     676.1995   60541.3518
    68   12 Mg         0.0206     676.1995   60541.3516
    69   12 Mg         0.0207     676.1930   60540.7705
    70   12 Mg         0.0207     676.1930   60540.7629
    71   12 Mg         0.0207     676.1930   60540.7635
    72   12 Mg         0.0206     676.1969   60541.1134
    73   12 Mg         0.0206     676.1969   60541.1130
    74   12 Mg         0.0206     676.1969   60541.1135
    75   12 Mg         0.0202     676.2175   60542.9623
    76   12 Mg         0.0202     676.2177   60542.9762
    77   12 Mg         0.0203     676.2152   60542.7502
    78   12 Mg         0.0208     676.1899   60540.4874
    79   12 Mg         0.0208     676.1897   60540.4744
    80   12 Mg         0.0204     676.2089   60542.1866
    81   12 Mg         0.0204     676.2089   60542.1859
    82   12 Mg         0.0208     676.1896   60540.4662
    83   12 Mg         0.0208     676.1898   60540.4809
    84   12 Mg         0.0208     676.1866   60540.1941
    85   12 Mg         0.0208     676.1897   60540.4736
    86   12 Mg         0.0208     676.1896   60540.4598
    87   12 Mg         0.0206     676.2007   60541.4582
    88   12 Mg         0.0206     676.2009   60541.4728
    89   12 Mg         0.0206     676.1966   60541.0910
    90   12 Mg         0.0204     676.2089   60542.1923
    91   12 Mg         0.0204     676.2089   60542.1865
    92   12 Mg         0.0206     676.1966   60541.0915
    93   12 Mg         0.0206     676.1966   60541.0916
    94   12 Mg         0.0202     676.2176   60542.9689
    95   12 Mg         0.0203     676.2152   60542.7495
    96   12 Mg         0.0203     676.2152   60542.7499
    97   12 Mg         0.0206     676.2008   60541.4655
    98   12 Mg         0.0204     676.2088   60542.1798
    99   12 Mg         0.0204     676.2089   60542.1861
   100   12 Mg         0.0206     676.1969   60541.1129
   101   12 Mg         0.0206     676.1969   60541.1125
   102   12 Mg         0.0206     676.1969   60541.1129
   103   12 Mg         0.0207     676.1931   60540.7706
   104   12 Mg         0.0207     676.1930   60540.7630
   105   12 Mg         0.0207     676.1930   60540.7636
   106   12 Mg         0.0206     676.1995   60541.3514
   107   12 Mg         0.0206     676.1995   60541.3515
   108   12 Mg         0.0206     676.1995   60541.3513
   109   12 Mg         0.0207     676.1943   60540.8815
   110   12 Mg         0.0207     676.1942   60540.8748
   111   12 Mg         0.0207     676.1942   60540.8750
   112   12 Mg         0.0205     676.2039   60541.7434
   113   12 Mg         0.0205     676.2039   60541.7428
   114   12 Mg         0.0205     676.2039   60541.7437
   115   12 Mg         0.0205     676.2039   60541.7421
   116   12 Mg         0.0205     676.2039   60541.7428
   117   12 Mg         0.0205     676.2040   60541.7500
   118   12 Mg         0.0203     676.2152   60542.7528
   119   12 Mg         0.0203     676.2139   60542.6362
   120   12 Mg         0.0203     676.2139   60542.6362
   121   12 Mg         0.0203     676.2139   60542.6365
   122   12 Mg         0.0203     676.2139   60542.6367
   123   12 Mg         0.0203     676.2139   60542.6364
   124   12 Mg         0.0203     676.2139   60542.6365
   125   12 Mg         0.0213     676.1636   60538.1300
   126   12 Mg         0.0213     676.1636   60538.1303
   127   12 Mg         0.0213     676.1636   60538.1302
   128   12 Mg         0.0204     676.2096   60542.2517
   129   12 Mg         0.0204     676.2096   60542.2524
   130   12 Mg         0.0204     676.2096   60542.2526
   131   12 Mg         0.0208     676.1904   60540.5330
   132   12 Mg         0.0208     676.1885   60540.3662
   133   12 Mg         0.0208     676.1885   60540.3663
   134   12 Mg         0.0208     676.1885   60540.3664
   135   12 Mg         0.0208     676.1885   60540.3666
   136   12 Mg         0.0208     676.1885   60540.3668
   137   12 Mg         0.0208     676.1885   60540.3668
   138   12 Mg         0.0203     676.2163   60542.8532
   139   12 Mg         0.0203     676.2163   60542.8535
   140   12 Mg         0.0203     676.2163   60542.8535
   141   12 Mg         0.0204     676.2112   60542.3985
   142   12 Mg         0.0204     676.2112   60542.3976
   143   12 Mg         0.0204     676.2112   60542.3978
   144   12 Mg         0.0204     676.2112   60542.3978
   145   12 Mg         0.0204     676.2112   60542.3979
   146   12 Mg         0.0204     676.2112   60542.3981
   147   12 Mg         0.0230     676.0680   60529.5760
   148   12 Mg         0.0230     676.0680   60529.5759
   149   12 Mg         0.0230     676.0680   60529.5760
   150   26 Fe         0.0150     491.3261   45962.7731
--------------------------------------------------------

Atom-resolved dispersion energies:
--------------------------------------------------
     #    Z           [Hartree]      [kcal/mol]
--------------------------------------------------
     1   12 Mg  -0.48959454E-02     -3.07225212
     2   12 Mg  -0.48959440E-02     -3.07225127
     3   12 Mg  -0.53894450E-02     -3.38192777
     4   12 Mg  -0.53894289E-02     -3.38191771
     5   12 Mg  -0.53894384E-02     -3.38192365
     6   12 Mg  -0.53894334E-02     -3.38192053
     7   12 Mg  -0.49718433E-02     -3.11987876
     8   12 Mg  -0.49718372E-02     -3.11987497
     9   12 Mg  -0.49439841E-02     -3.10239684
    10   12 Mg  -0.48959629E-02     -3.07226309
    11   12 Mg  -0.48959351E-02     -3.07224569
    12   12 Mg  -0.49415392E-02     -3.10086267
    13   12 Mg  -0.49439824E-02     -3.10239582
    14   12 Mg  -0.49439492E-02     -3.10237494
    15   12 Mg  -0.49254221E-02     -3.09074906
    16   12 Mg  -0.49254205E-02     -3.09074804
    17   12 Mg  -0.49718466E-02     -3.11988085
    18   12 Mg  -0.48959505E-02     -3.07225532
    19   12 Mg  -0.48959446E-02     -3.07225162
    20   12 Mg  -0.49253954E-02     -3.09073227
    21   12 Mg  -0.49415426E-02     -3.10086480
    22   12 Mg  -0.49415432E-02     -3.10086516
    23   12 Mg  -0.53894418E-02     -3.38192579
    24   12 Mg  -0.53894381E-02     -3.38192345
    25   12 Mg  -0.53438995E-02     -3.35334757
    26   12 Mg  -0.53439081E-02     -3.35335295
    27   12 Mg  -0.53439031E-02     -3.35334980
    28   12 Mg  -0.49497168E-02     -3.10599421
    29   12 Mg  -0.49497400E-02     -3.10600873
    30   12 Mg  -0.49497348E-02     -3.10600548
    31   12 Mg  -0.49497322E-02     -3.10600388
    32   12 Mg  -0.49497330E-02     -3.10600435
    33   12 Mg  -0.49497252E-02     -3.10599944
    34   12 Mg  -0.49351087E-02     -3.09682748
    35   12 Mg  -0.49350971E-02     -3.09682016
    36   12 Mg  -0.49350968E-02     -3.09681997
    37   12 Mg  -0.50063330E-02     -3.14152141
    38   12 Mg  -0.50063305E-02     -3.14151982
    39   12 Mg  -0.50063286E-02     -3.14151865
    40   12 Mg  -0.50063199E-02     -3.14151319
    41   12 Mg  -0.50063168E-02     -3.14151124
    42   12 Mg  -0.50063189E-02     -3.14151253
    43   12 Mg  -0.50040799E-02     -3.14010752
    44   12 Mg  -0.49526414E-02     -3.10782943
    45   12 Mg  -0.49526203E-02     -3.10781613
    46   12 Mg  -0.49526166E-02     -3.10781387
    47   12 Mg  -0.50821303E-02     -3.18908492
    48   12 Mg  -0.50821222E-02     -3.18907980
    49   12 Mg  -0.50821241E-02     -3.18908104
    50   12 Mg  -0.49347801E-02     -3.09662128
    51   12 Mg  -0.49347669E-02     -3.09661300
    52   12 Mg  -0.49347558E-02     -3.09660600
    53   12 Mg  -0.49347591E-02     -3.09660809
    54   12 Mg  -0.49347632E-02     -3.09661063
    55   12 Mg  -0.49347629E-02     -3.09661045
    56   12 Mg  -0.49357060E-02     -3.09720227
    57   12 Mg  -0.49695106E-02     -3.11841497
    58   12 Mg  -0.49695117E-02     -3.11841569
    59   12 Mg  -0.49694854E-02     -3.11839918
    60   12 Mg  -0.49695498E-02     -3.11843960
    61   12 Mg  -0.49695305E-02     -3.11842744
    62   12 Mg  -0.49693160E-02     -3.11829287
    63   12 Mg  -0.49961971E-02     -3.13516099
    64   12 Mg  -0.49964070E-02     -3.13529274
    65   12 Mg  -0.49963811E-02     -3.13527646
    66   12 Mg  -0.49758532E-02     -3.12239501
    67   12 Mg  -0.49758497E-02     -3.12239282
    68   12 Mg  -0.49758574E-02     -3.12239769
    69   12 Mg  -0.49976909E-02     -3.13609842
    70   12 Mg  -0.49979182E-02     -3.13624101
    71   12 Mg  -0.49979002E-02     -3.13622970
    72   12 Mg  -0.49851179E-02     -3.12820871
    73   12 Mg  -0.49851250E-02     -3.12821319
    74   12 Mg  -0.49851140E-02     -3.12820625
    75   12 Mg  -0.49313312E-02     -3.09445703
    76   12 Mg  -0.49309255E-02     -3.09420248
    77   12 Mg  -0.49351482E-02     -3.09685224
    78   12 Mg  -0.50034854E-02     -3.13973450
    79   12 Mg  -0.50038698E-02     -3.13997572
    80   12 Mg  -0.49541040E-02     -3.10874722
    81   12 Mg  -0.49541331E-02     -3.10876548
    82   12 Mg  -0.50040929E-02     -3.14011569
    83   12 Mg  -0.50036644E-02     -3.13984684
    84   12 Mg  -0.50145034E-02     -3.14664836
    85   12 Mg  -0.50038704E-02     -3.13997606
    86   12 Mg  -0.50042673E-02     -3.14022514
    87   12 Mg  -0.49778532E-02     -3.12365007
    88   12 Mg  -0.49774367E-02     -3.12338871
    89   12 Mg  -0.49879452E-02     -3.12998284
    90   12 Mg  -0.49539426E-02     -3.10864589
    91   12 Mg  -0.49541176E-02     -3.10875575
    92   12 Mg  -0.49879258E-02     -3.12997067
    93   12 Mg  -0.49879274E-02     -3.12997169
    94   12 Mg  -0.49311375E-02     -3.09433552
    95   12 Mg  -0.49351730E-02     -3.09686781
    96   12 Mg  -0.49351586E-02     -3.09685879
    97   12 Mg  -0.49776430E-02     -3.12351817
    98   12 Mg  -0.49543034E-02     -3.10887232
    99   12 Mg  -0.49541204E-02     -3.10875746
   100   12 Mg  -0.49851338E-02     -3.12821870
   101   12 Mg  -0.49851410E-02     -3.12822319
   102   12 Mg  -0.49851299E-02     -3.12821624
   103   12 Mg  -0.49976819E-02     -3.13609274
   104   12 Mg  -0.49979091E-02     -3.13623533
   105   12 Mg  -0.49978911E-02     -3.13622402
   106   12 Mg  -0.49758604E-02     -3.12239952
   107   12 Mg  -0.49758569E-02     -3.12239732
   108   12 Mg  -0.49758646E-02     -3.12240220
   109   12 Mg  -0.49961713E-02     -3.13514482
   110   12 Mg  -0.49963816E-02     -3.13527676
   111   12 Mg  -0.49963556E-02     -3.13526046
   112   12 Mg  -0.49695046E-02     -3.11841121
   113   12 Mg  -0.49695057E-02     -3.11841193
   114   12 Mg  -0.49694794E-02     -3.11839542
   115   12 Mg  -0.49695438E-02     -3.11843584
   116   12 Mg  -0.49695245E-02     -3.11842369
   117   12 Mg  -0.49693100E-02     -3.11828912
   118   12 Mg  -0.49356821E-02     -3.09718729
   119   12 Mg  -0.49347714E-02     -3.09661582
   120   12 Mg  -0.49347582E-02     -3.09660754
   121   12 Mg  -0.49347471E-02     -3.09660053
   122   12 Mg  -0.49347504E-02     -3.09660262
   123   12 Mg  -0.49347544E-02     -3.09660517
   124   12 Mg  -0.49347542E-02     -3.09660498
   125   12 Mg  -0.50821180E-02     -3.18907717
   126   12 Mg  -0.50821098E-02     -3.18907206
   127   12 Mg  -0.50821118E-02     -3.18907330
   128   12 Mg  -0.49526405E-02     -3.10782886
   129   12 Mg  -0.49526194E-02     -3.10781557
   130   12 Mg  -0.49526157E-02     -3.10781330
   131   12 Mg  -0.50026472E-02     -3.13920850
   132   12 Mg  -0.50058134E-02     -3.14119531
   133   12 Mg  -0.50058108E-02     -3.14119373
   134   12 Mg  -0.50058090E-02     -3.14119256
   135   12 Mg  -0.50058003E-02     -3.14118710
   136   12 Mg  -0.50057972E-02     -3.14118514
   137   12 Mg  -0.50057992E-02     -3.14118644
   138   12 Mg  -0.49350779E-02     -3.09680814
   139   12 Mg  -0.49350663E-02     -3.09680083
   140   12 Mg  -0.49350659E-02     -3.09680063
   141   12 Mg  -0.49497103E-02     -3.10599009
   142   12 Mg  -0.49497334E-02     -3.10600461
   143   12 Mg  -0.49497282E-02     -3.10600136
   144   12 Mg  -0.49497257E-02     -3.10599976
   145   12 Mg  -0.49497264E-02     -3.10600023
   146   12 Mg  -0.49497186E-02     -3.10599532
   147   12 Mg  -0.53439065E-02     -3.35335195
   148   12 Mg  -0.53439151E-02     -3.35335733
   149   12 Mg  -0.53439100E-02     -3.35335418
   150   26 Fe  -0.56517966E-02     -3.54655591
--------------------------------------------------

Dispersion energy:      -7.5078221766138E-01 Eh

[Info] Dispersion energy written to .EDISP
