-----------------------------------
 s i m p l e   D F T - D 3  v1.2.1
-----------------------------------

Zero (Chai-Head-Gordon) damping: pbe-D3(0)
--------------------
  s6         1.0000
  s8         0.7220
  s9         0.0000
 rs6         1.2170
 rs8         1.0000
 alp        14.0000
--------------------

Atomic radii (in Angstrom):
-------------------------------------------
   Z          R(cov)     R(vdw)      r4/r2
-------------------------------------------
  12 Mg       1.6667     1.7420     2.8909
  43 Tc       1.5333     1.7845     3.1831
-------------------------------------------

Atomic reference systems (in atomic units):
----------------------------------------------------------------------------
   Z        #      CN    C6(AA)   #      CN    C6(AA)   #      CN    C6(AA)
----------------------------------------------------------------------------
  12 Mg     1  0.0000  683.3758   2  0.9628  451.2708   3  1.9496  175.5616
  43 Tc     1  0.0000 1067.0169   2  1.6682  649.7143   3  9.5402  265.8654
----------------------------------------------------------------------------

Dispersion properties (in atomic units):
--------------------------------------------------------
     #    Z                CN       C6(AA)       C8(AA)
--------------------------------------------------------
     1   12 Mg         0.8012     465.6880   41693.8815
     2   12 Mg         0.8011     465.6893   41693.9938
     3   12 Mg         1.0558     439.4748   39346.9635
     4   12 Mg         1.0558     439.4726   39346.7705
     5   12 Mg         1.0558     439.4748   39346.9624
     6   12 Mg         1.0558     439.4732   39346.8198
     7   12 Mg         0.8291     462.2068   41382.2027
     8   12 Mg         0.8291     462.2070   41382.2175
     9   12 Mg         0.8190     463.4097   41489.8959
    10   12 Mg         0.8012     465.6878   41693.8581
    11   12 Mg         0.8012     465.6874   41693.8284
    12   12 Mg         0.8180     463.5317   41500.8166
    13   12 Mg         0.8190     463.4092   41489.8519
    14   12 Mg         0.8190     463.4099   41489.9186
    15   12 Mg         0.8119     464.2969   41569.3332
    16   12 Mg         0.8119     464.2979   41569.4182
    17   12 Mg         0.8291     462.2068   41382.2041
    18   12 Mg         0.8011     465.6883   41693.9016
    19   12 Mg         0.8012     465.6873   41693.8181
    20   12 Mg         0.8119     464.2974   41569.3775
    21   12 Mg         0.8180     463.5325   41500.8913
    22   12 Mg         0.8180     463.5326   41500.9017
    23   12 Mg         1.0558     439.4725   39346.7609
    24   12 Mg         1.0558     439.4723   39346.7415
    25   12 Mg         1.0320     442.3003   39599.9345
    26   12 Mg         1.0320     442.2989   39599.8071
    27   12 Mg         1.0320     442.3003   39599.9346
    28   12 Mg         0.8214     463.1150   41463.5092
    29   12 Mg         0.8215     463.1140   41463.4252
    30   12 Mg         0.8215     463.1142   41463.4399
    31   12 Mg         0.8214     463.1150   41463.5093
    32   12 Mg         0.8214     463.1154   41463.5528
    33   12 Mg         0.8214     463.1151   41463.5194
    34   12 Mg         0.8137     464.0689   41548.9167
    35   12 Mg         0.8137     464.0682   41548.8498
    36   12 Mg         0.8137     464.0691   41548.9388
    37   12 Mg         0.8205     463.2326   41474.0378
    38   12 Mg         0.8205     463.2333   41474.1027
    39   12 Mg         0.8205     463.2328   41474.0612
    40   12 Mg         0.8475     460.1361   41196.8064
    41   12 Mg         0.8475     460.1356   41196.7623
    42   12 Mg         0.8475     460.1358   41196.7838
    43   12 Mg         0.8475     460.1354   41196.7450
    44   12 Mg         0.8475     460.1352   41196.7241
    45   12 Mg         0.8475     460.1359   41196.7894
    46   12 Mg         0.8438     460.5479   41233.6722
    47   12 Mg         0.8718     457.6187   40971.4178
    48   12 Mg         0.8719     457.6177   40971.3278
    49   12 Mg         0.8719     457.6174   40971.3067
    50   12 Mg         0.8181     463.5281   41500.4947
    51   12 Mg         0.8181     463.5272   41500.4201
    52   12 Mg         0.8181     463.5276   41500.4496
    53   12 Mg         0.8181     463.5265   41500.3505
    54   12 Mg         0.8181     463.5269   41500.3870
    55   12 Mg         0.8181     463.5277   41500.4619
    56   12 Mg         0.8218     463.0757   41459.9944
    57   12 Mg         0.8248     462.7117   41427.4058
    58   12 Mg         0.8248     462.7113   41427.3663
    59   12 Mg         0.8248     462.7112   41427.3621
    60   12 Mg         0.8248     462.7110   41427.3425
    61   12 Mg         0.8248     462.7117   41427.4059
    62   12 Mg         0.8248     462.7117   41427.4048
    63   12 Mg         0.8319     461.8777   41352.7327
    64   12 Mg         0.8319     461.8769   41352.6659
    65   12 Mg         0.8319     461.8779   41352.7559
    66   12 Mg         0.8383     461.1525   41287.8072
    67   12 Mg         0.8383     461.1530   41287.8506
    68   12 Mg         0.8383     461.1520   41287.7653
    69   12 Mg         0.8321     461.8559   41350.7829
    70   12 Mg         0.8321     461.8542   41350.6305
    71   12 Mg         0.8321     461.8549   41350.6970
    72   12 Mg         0.8405     460.9107   41266.1618
    73   12 Mg         0.8405     460.9105   41266.1415
    74   12 Mg         0.8405     460.9100   41266.0987
    75   12 Mg         0.8130     464.1524   41556.3898
    76   12 Mg         0.8130     464.1526   41556.4065
    77   12 Mg         0.8218     463.0721   41459.6672
    78   12 Mg         0.8422     460.7206   41249.1363
    79   12 Mg         0.8422     460.7199   41249.0730
    80   12 Mg         0.8179     463.5442   41501.9391
    81   12 Mg         0.8179     463.5444   41501.9608
    82   12 Mg         0.8422     460.7210   41249.1754
    83   12 Mg         0.8422     460.7199   41249.0736
    84   12 Mg         0.8470     460.1968   41202.2393
    85   12 Mg         0.8295     462.1626   41378.2395
    86   12 Mg         0.8232     462.9071   41444.8977
    87   12 Mg         0.8232     462.9093   41445.0959
    88   12 Mg         0.8422     460.7194   41249.0302
    89   12 Mg         0.8422     460.7205   41249.1323
    90   12 Mg         0.8295     462.1613   41378.1280
    91   12 Mg         0.8295     462.1631   41378.2864
    92   12 Mg         0.8179     463.5442   41501.9375
    93   12 Mg         0.8179     463.5436   41501.8869
    94   12 Mg         0.8130     464.1521   41556.3652
    95   12 Mg         0.8218     463.0721   41459.6700
    96   12 Mg         0.8218     463.0706   41459.5343
    97   12 Mg         0.8232     462.9083   41445.0067
    98   12 Mg         0.8179     463.5439   41501.9111
    99   12 Mg         0.8179     463.5442   41501.9377
   100   12 Mg         0.8405     460.9103   41266.1252
   101   12 Mg         0.8405     460.9101   41266.1049
   102   12 Mg         0.8405     460.9096   41266.0620
   103   12 Mg         0.8321     461.8570   41350.8840
   104   12 Mg         0.8321     461.8553   41350.7317
   105   12 Mg         0.8321     461.8561   41350.7981
   106   12 Mg         0.8383     461.1529   41287.8408
   107   12 Mg         0.8383     461.1534   41287.8842
   108   12 Mg         0.8383     461.1524   41287.7989
   109   12 Mg         0.8319     461.8773   41352.7013
   110   12 Mg         0.8319     461.8766   41352.6344
   111   12 Mg         0.8319     461.8776   41352.7244
   112   12 Mg         0.8248     462.7117   41427.4074
   113   12 Mg         0.8248     462.7113   41427.3679
   114   12 Mg         0.8248     462.7112   41427.3637
   115   12 Mg         0.8248     462.7110   41427.3441
   116   12 Mg         0.8248     462.7117   41427.4075
   117   12 Mg         0.8248     462.7117   41427.4064
   118   12 Mg         0.8218     463.0759   41460.0084
   119   12 Mg         0.8181     463.5271   41500.4118
   120   12 Mg         0.8181     463.5263   41500.3371
   121   12 Mg         0.8181     463.5266   41500.3666
   122   12 Mg         0.8181     463.5255   41500.2675
   123   12 Mg         0.8181     463.5259   41500.3041
   124   12 Mg         0.8181     463.5268   41500.3789
   125   12 Mg         0.8718     457.6187   40971.4153
   126   12 Mg         0.8719     457.6177   40971.3253
   127   12 Mg         0.8719     457.6174   40971.3042
   128   12 Mg         0.8438     460.5479   41233.6725
   129   12 Mg         0.8475     460.1361   41196.8064
   130   12 Mg         0.8475     460.1356   41196.7622
   131   12 Mg         0.8475     460.1358   41196.7837
   132   12 Mg         0.8475     460.1354   41196.7450
   133   12 Mg         0.8475     460.1352   41196.7241
   134   12 Mg         0.8475     460.1359   41196.7894
   135   12 Mg         0.8205     463.2330   41474.0753
   136   12 Mg         0.8205     463.2337   41474.1402
   137   12 Mg         0.8205     463.2332   41474.0988
   138   12 Mg         0.8137     464.0689   41548.9188
   139   12 Mg         0.8137     464.0682   41548.8519
   140   12 Mg         0.8137     464.0692   41548.9408
   141   12 Mg         0.8214     463.1153   41463.5422
   142   12 Mg         0.8215     463.1144   41463.4582
   143   12 Mg         0.8215     463.1146   41463.4729
   144   12 Mg         0.8214     463.1153   41463.5424
   145   12 Mg         0.8214     463.1158   41463.5858
   146   12 Mg         0.8214     463.1154   41463.5525
   147   12 Mg         1.0320     442.3001   39599.9139
   148   12 Mg         1.0320     442.2986   39599.7865
   149   12 Mg         1.0320     442.3001   39599.9139
   150   43 Tc         1.0278     675.1619   73286.7455
--------------------------------------------------------

Atom-resolved dispersion energies:
--------------------------------------------------
     #    Z           [Hartree]      [kcal/mol]
--------------------------------------------------
     1   12 Mg  -0.15320136E-01     -9.61353065
     2   12 Mg  -0.15320150E-01     -9.61353949
     3   12 Mg  -0.16376525E-01    -10.27642466
     4   12 Mg  -0.16376484E-01    -10.27639873
     5   12 Mg  -0.16376526E-01    -10.27642511
     6   12 Mg  -0.16376478E-01    -10.27639538
     7   12 Mg  -0.15326857E-01     -9.61774801
     8   12 Mg  -0.15326859E-01     -9.61774913
     9   12 Mg  -0.15343751E-01     -9.62834908
    10   12 Mg  -0.15320141E-01     -9.61353342
    11   12 Mg  -0.15320134E-01     -9.61352916
    12   12 Mg  -0.15321764E-01     -9.61455193
    13   12 Mg  -0.15343745E-01     -9.62834558
    14   12 Mg  -0.15343760E-01     -9.62835494
    15   12 Mg  -0.15332755E-01     -9.62144906
    16   12 Mg  -0.15332757E-01     -9.62145003
    17   12 Mg  -0.15326865E-01     -9.61775315
    18   12 Mg  -0.15320136E-01     -9.61353069
    19   12 Mg  -0.15320128E-01     -9.61352557
    20   12 Mg  -0.15332753E-01     -9.62144788
    21   12 Mg  -0.15321769E-01     -9.61455550
    22   12 Mg  -0.15321766E-01     -9.61455302
    23   12 Mg  -0.16376456E-01    -10.27638102
    24   12 Mg  -0.16376476E-01    -10.27639359
    25   12 Mg  -0.16444749E-01    -10.31923577
    26   12 Mg  -0.16444696E-01    -10.31920248
    27   12 Mg  -0.16444749E-01    -10.31923551
    28   12 Mg  -0.15325287E-01     -9.61676300
    29   12 Mg  -0.15325275E-01     -9.61675522
    30   12 Mg  -0.15325278E-01     -9.61675741
    31   12 Mg  -0.15325283E-01     -9.61676012
    32   12 Mg  -0.15325291E-01     -9.61676546
    33   12 Mg  -0.15325287E-01     -9.61676298
    34   12 Mg  -0.15339161E-01     -9.62546882
    35   12 Mg  -0.15339147E-01     -9.62546001
    36   12 Mg  -0.15339157E-01     -9.62546638
    37   12 Mg  -0.15333193E-01     -9.62172361
    38   12 Mg  -0.15333202E-01     -9.62172945
    39   12 Mg  -0.15333196E-01     -9.62172551
    40   12 Mg  -0.15270157E-01     -9.58216839
    41   12 Mg  -0.15270145E-01     -9.58216091
    42   12 Mg  -0.15270157E-01     -9.58216816
    43   12 Mg  -0.15270152E-01     -9.58216496
    44   12 Mg  -0.15270149E-01     -9.58216318
    45   12 Mg  -0.15270160E-01     -9.58216995
    46   12 Mg  -0.15292701E-01     -9.59631465
    47   12 Mg  -0.15347062E-01     -9.63042709
    48   12 Mg  -0.15347046E-01     -9.63041647
    49   12 Mg  -0.15347045E-01     -9.63041607
    50   12 Mg  -0.15293665E-01     -9.59691969
    51   12 Mg  -0.15293646E-01     -9.59690764
    52   12 Mg  -0.15293655E-01     -9.59691324
    53   12 Mg  -0.15293646E-01     -9.59690797
    54   12 Mg  -0.15293651E-01     -9.59691067
    55   12 Mg  -0.15293652E-01     -9.59691138
    56   12 Mg  -0.15304485E-01     -9.60370921
    57   12 Mg  -0.15332690E-01     -9.62140839
    58   12 Mg  -0.15332687E-01     -9.62140647
    59   12 Mg  -0.15332684E-01     -9.62140432
    60   12 Mg  -0.15332681E-01     -9.62140287
    61   12 Mg  -0.15332688E-01     -9.62140691
    62   12 Mg  -0.15332690E-01     -9.62140797
    63   12 Mg  -0.15285368E-01     -9.59171332
    64   12 Mg  -0.15285358E-01     -9.59170726
    65   12 Mg  -0.15285376E-01     -9.59171805
    66   12 Mg  -0.15319659E-01     -9.61323086
    67   12 Mg  -0.15319670E-01     -9.61323789
    68   12 Mg  -0.15319654E-01     -9.61322781
    69   12 Mg  -0.15303456E-01     -9.60306345
    70   12 Mg  -0.15303440E-01     -9.60305364
    71   12 Mg  -0.15303444E-01     -9.60305617
    72   12 Mg  -0.15308029E-01     -9.60593350
    73   12 Mg  -0.15308026E-01     -9.60593138
    74   12 Mg  -0.15308025E-01     -9.60593100
    75   12 Mg  -0.15337577E-01     -9.62447514
    76   12 Mg  -0.15337572E-01     -9.62447190
    77   12 Mg  -0.15308334E-01     -9.60612490
    78   12 Mg  -0.15287401E-01     -9.59298896
    79   12 Mg  -0.15287387E-01     -9.59298001
    80   12 Mg  -0.15329472E-01     -9.61938863
    81   12 Mg  -0.15329469E-01     -9.61938678
    82   12 Mg  -0.15287410E-01     -9.59299431
    83   12 Mg  -0.15287392E-01     -9.59298359
    84   12 Mg  -0.15303956E-01     -9.60337718
    85   12 Mg  -0.15321499E-01     -9.61438600
    86   12 Mg  -0.15334611E-01     -9.62261358
    87   12 Mg  -0.15334636E-01     -9.62262928
    88   12 Mg  -0.15287390E-01     -9.59298209
    89   12 Mg  -0.15287405E-01     -9.59299133
    90   12 Mg  -0.15321490E-01     -9.61437982
    91   12 Mg  -0.15321502E-01     -9.61438738
    92   12 Mg  -0.15329476E-01     -9.61939153
    93   12 Mg  -0.15329462E-01     -9.61938290
    94   12 Mg  -0.15337571E-01     -9.62447095
    95   12 Mg  -0.15308336E-01     -9.60612575
    96   12 Mg  -0.15308318E-01     -9.60611450
    97   12 Mg  -0.15334624E-01     -9.62262197
    98   12 Mg  -0.15329467E-01     -9.61938579
    99   12 Mg  -0.15329471E-01     -9.61938839
   100   12 Mg  -0.15308025E-01     -9.60593070
   101   12 Mg  -0.15308022E-01     -9.60592858
   102   12 Mg  -0.15308021E-01     -9.60592820
   103   12 Mg  -0.15303470E-01     -9.60307215
   104   12 Mg  -0.15303454E-01     -9.60306233
   105   12 Mg  -0.15303458E-01     -9.60306486
   106   12 Mg  -0.15319661E-01     -9.61323253
   107   12 Mg  -0.15319672E-01     -9.61323956
   108   12 Mg  -0.15319656E-01     -9.61322948
   109   12 Mg  -0.15285360E-01     -9.59170848
   110   12 Mg  -0.15285351E-01     -9.59170241
   111   12 Mg  -0.15285368E-01     -9.59171321
   112   12 Mg  -0.15332691E-01     -9.62140887
   113   12 Mg  -0.15332688E-01     -9.62140695
   114   12 Mg  -0.15332685E-01     -9.62140479
   115   12 Mg  -0.15332682E-01     -9.62140335
   116   12 Mg  -0.15332689E-01     -9.62140738
   117   12 Mg  -0.15332690E-01     -9.62140845
   118   12 Mg  -0.15304503E-01     -9.60372061
   119   12 Mg  -0.15293652E-01     -9.59691176
   120   12 Mg  -0.15293633E-01     -9.59689970
   121   12 Mg  -0.15293642E-01     -9.59690530
   122   12 Mg  -0.15293634E-01     -9.59690003
   123   12 Mg  -0.15293638E-01     -9.59690273
   124   12 Mg  -0.15293639E-01     -9.59690345
   125   12 Mg  -0.15347059E-01     -9.63042514
   126   12 Mg  -0.15347042E-01     -9.63041452
   127   12 Mg  -0.15347042E-01     -9.63041412
   128   12 Mg  -0.15292700E-01     -9.59631400
   129   12 Mg  -0.15270157E-01     -9.58216824
   130   12 Mg  -0.15270145E-01     -9.58216075
   131   12 Mg  -0.15270157E-01     -9.58216801
   132   12 Mg  -0.15270152E-01     -9.58216480
   133   12 Mg  -0.15270149E-01     -9.58216302
   134   12 Mg  -0.15270160E-01     -9.58216980
   135   12 Mg  -0.15333197E-01     -9.62172635
   136   12 Mg  -0.15333206E-01     -9.62173218
   137   12 Mg  -0.15333200E-01     -9.62172824
   138   12 Mg  -0.15339157E-01     -9.62546625
   139   12 Mg  -0.15339143E-01     -9.62545744
   140   12 Mg  -0.15339153E-01     -9.62546380
   141   12 Mg  -0.15325291E-01     -9.61676506
   142   12 Mg  -0.15325278E-01     -9.61675727
   143   12 Mg  -0.15325282E-01     -9.61675946
   144   12 Mg  -0.15325286E-01     -9.61676217
   145   12 Mg  -0.15325295E-01     -9.61676752
   146   12 Mg  -0.15325291E-01     -9.61676503
   147   12 Mg  -0.16444747E-01    -10.31923477
   148   12 Mg  -0.16444694E-01    -10.31920147
   149   12 Mg  -0.16444747E-01    -10.31923451
   150   43 Tc  -0.35511523E-01    -22.28381720
--------------------------------------------------

Dispersion energy:      -2.3305173826755E+00 Eh

[Info] Dispersion energy written to .EDISP
