-----------------------------------
 s i m p l e   D F T - D 3  v1.2.1
-----------------------------------

Zero (Chai-Head-Gordon) damping: pbe-D3(0)
--------------------
  s6         1.0000
  s8         0.7220
  s9         0.0000
 rs6         1.2170
 rs8         1.0000
 alp        14.0000
--------------------

Atomic radii (in Angstrom):
-------------------------------------------
   Z          R(cov)     R(vdw)      r4/r2
-------------------------------------------
  12 Mg       1.6667     1.7420     2.8909
  43 Tc       1.5333     1.7845     3.1831
-------------------------------------------

Atomic reference systems (in atomic units):
----------------------------------------------------------------------------
   Z        #      CN    C6(AA)   #      CN    C6(AA)   #      CN    C6(AA)
----------------------------------------------------------------------------
  12 Mg     1  0.0000  683.3758   2  0.9628  451.2708   3  1.9496  175.5616
  43 Tc     1  0.0000 1067.0169   2  1.6682  649.7143   3  9.5402  265.8654
----------------------------------------------------------------------------

Dispersion properties (in atomic units):
--------------------------------------------------------
     #    Z                CN       C6(AA)       C8(AA)
--------------------------------------------------------
     1   12 Mg         0.2052     656.2413   58754.4510
     2   12 Mg         0.2052     656.2417   58754.4879
     3   12 Mg         0.2668     642.6433   57537.0042
     4   12 Mg         0.2668     642.6422   57536.9041
     5   12 Mg         0.2668     642.6433   57537.0036
     6   12 Mg         0.2668     642.6425   57536.9300
     7   12 Mg         0.2119     654.9854   58642.0148
     8   12 Mg         0.2119     654.9855   58642.0205
     9   12 Mg         0.2095     655.4449   58683.1490
    10   12 Mg         0.2052     656.2412   58754.4432
    11   12 Mg         0.2052     656.2411   58754.4334
    12   12 Mg         0.2092     655.4908   58687.2628
    13   12 Mg         0.2095     655.4447   58683.1328
    14   12 Mg         0.2095     655.4450   58683.1572
    15   12 Mg         0.2077     655.7709   58712.3358
    16   12 Mg         0.2077     655.7712   58712.3658
    17   12 Mg         0.2119     654.9854   58642.0151
    18   12 Mg         0.2052     656.2413   58754.4576
    19   12 Mg         0.2052     656.2410   58754.4301
    20   12 Mg         0.2077     655.7710   58712.3515
    21   12 Mg         0.2092     655.4911   58687.2901
    22   12 Mg         0.2092     655.4912   58687.2940
    23   12 Mg         0.2668     642.6422   57536.8996
    24   12 Mg         0.2668     642.6421   57536.8900
    25   12 Mg         0.2609     644.1284   57669.9677
    26   12 Mg         0.2609     644.1277   57669.8985
    27   12 Mg         0.2609     644.1284   57669.9677
    28   12 Mg         0.2100     655.3350   58673.3132
    29   12 Mg         0.2100     655.3347   58673.2819
    30   12 Mg         0.2100     655.3347   58673.2873
    31   12 Mg         0.2100     655.3350   58673.3132
    32   12 Mg         0.2100     655.3352   58673.3294
    33   12 Mg         0.2100     655.3351   58673.3170
    34   12 Mg         0.2082     655.6867   58704.7975
    35   12 Mg         0.2082     655.6864   58704.7738
    36   12 Mg         0.2082     655.6868   58704.8055
    37   12 Mg         0.2098     655.3852   58677.8042
    38   12 Mg         0.2098     655.3854   58677.8282
    39   12 Mg         0.2098     655.3853   58677.8129
    40   12 Mg         0.2162     654.1484   58567.0773
    41   12 Mg         0.2162     654.1482   58567.0583
    42   12 Mg         0.2162     654.1483   58567.0674
    43   12 Mg         0.2162     654.1481   58567.0507
    44   12 Mg         0.2162     654.1480   58567.0417
    45   12 Mg         0.2162     654.1484   58567.0698
    46   12 Mg         0.2153     654.3208   58582.5125
    47   12 Mg         0.2220     652.9814   58462.5904
    48   12 Mg         0.2220     652.9809   58462.5467
    49   12 Mg         0.2220     652.9808   58462.5364
    50   12 Mg         0.2092     655.4935   58687.5009
    51   12 Mg         0.2092     655.4932   58687.4739
    52   12 Mg         0.2092     655.4933   58687.4845
    53   12 Mg         0.2092     655.4929   58687.4482
    54   12 Mg         0.2092     655.4930   58687.4616
    55   12 Mg         0.2092     655.4933   58687.4891
    56   12 Mg         0.2101     655.3244   58672.3589
    57   12 Mg         0.2108     655.1871   58660.0666
    58   12 Mg         0.2108     655.1869   58660.0516
    59   12 Mg         0.2108     655.1869   58660.0500
    60   12 Mg         0.2108     655.1868   58660.0425
    61   12 Mg         0.2108     655.1871   58660.0667
    62   12 Mg         0.2108     655.1871   58660.0662
    63   12 Mg         0.2125     654.8712   58631.7869
    64   12 Mg         0.2125     654.8709   58631.7605
    65   12 Mg         0.2125     654.8713   58631.7960
    66   12 Mg         0.2140     654.5688   58604.7119
    67   12 Mg         0.2140     654.5690   58604.7296
    68   12 Mg         0.2140     654.5686   58604.6946
    69   12 Mg         0.2125     654.8599   58630.7775
    70   12 Mg         0.2125     654.8592   58630.7170
    71   12 Mg         0.2125     654.8595   58630.7434
    72   12 Mg         0.2145     654.4710   58595.9541
    73   12 Mg         0.2145     654.4709   58595.9457
    74   12 Mg         0.2145     654.4707   58595.9278
    75   12 Mg         0.2080     655.7159   58707.4149
    76   12 Mg         0.2080     655.7160   58707.4208
    77   12 Mg         0.2101     655.3283   58672.7093
    78   12 Mg         0.2149     654.3960   58589.2420
    79   12 Mg         0.2149     654.3957   58589.2156
    80   12 Mg         0.2092     655.4991   58688.0017
    81   12 Mg         0.2092     655.4992   58688.0097
    82   12 Mg         0.2149     654.3962   58589.2583
    83   12 Mg         0.2149     654.3957   58589.2157
    84   12 Mg         0.2161     654.1677   58568.8053
    85   12 Mg         0.2119     654.9775   58641.3025
    86   12 Mg         0.2104     655.2614   58666.7223
    87   12 Mg         0.2104     655.2622   58666.7969
    88   12 Mg         0.2149     654.3955   58589.1975
    89   12 Mg         0.2149     654.3960   58589.2402
    90   12 Mg         0.2119     654.9770   58641.2589
    91   12 Mg         0.2119     654.9777   58641.3209
    92   12 Mg         0.2092     655.4991   58688.0010
    93   12 Mg         0.2092     655.4989   58687.9827
    94   12 Mg         0.2080     655.7158   58707.4061
    95   12 Mg         0.2101     655.3283   58672.7103
    96   12 Mg         0.2101     655.3277   58672.6597
    97   12 Mg         0.2104     655.2619   58666.7633
    98   12 Mg         0.2092     655.4990   58687.9915
    99   12 Mg         0.2092     655.4991   58688.0012
   100   12 Mg         0.2145     654.4708   58595.9388
   101   12 Mg         0.2145     654.4707   58595.9305
   102   12 Mg         0.2145     654.4705   58595.9125
   103   12 Mg         0.2125     654.8604   58630.8175
   104   12 Mg         0.2125     654.8597   58630.7570
   105   12 Mg         0.2125     654.8600   58630.7835
   106   12 Mg         0.2140     654.5689   58604.7256
   107   12 Mg         0.2140     654.5691   58604.7434
   108   12 Mg         0.2140     654.5688   58604.7084
   109   12 Mg         0.2125     654.8711   58631.7746
   110   12 Mg         0.2125     654.8708   58631.7481
   111   12 Mg         0.2125     654.8712   58631.7837
   112   12 Mg         0.2108     655.1871   58660.0672
   113   12 Mg         0.2108     655.1869   58660.0522
   114   12 Mg         0.2108     655.1869   58660.0506
   115   12 Mg         0.2108     655.1868   58660.0431
   116   12 Mg         0.2108     655.1871   58660.0673
   117   12 Mg         0.2108     655.1871   58660.0668
   118   12 Mg         0.2101     655.3244   58672.3638
   119   12 Mg         0.2092     655.4931   58687.4706
   120   12 Mg         0.2092     655.4928   58687.4435
   121   12 Mg         0.2092     655.4930   58687.4541
   122   12 Mg         0.2092     655.4925   58687.4178
   123   12 Mg         0.2092     655.4927   58687.4312
   124   12 Mg         0.2092     655.4930   58687.4588
   125   12 Mg         0.2220     652.9814   58462.5891
   126   12 Mg         0.2220     652.9809   58462.5454
   127   12 Mg         0.2220     652.9808   58462.5352
   128   12 Mg         0.2153     654.3208   58582.5127
   129   12 Mg         0.2162     654.1484   58567.0773
   130   12 Mg         0.2162     654.1482   58567.0583
   131   12 Mg         0.2162     654.1483   58567.0674
   132   12 Mg         0.2162     654.1481   58567.0507
   133   12 Mg         0.2162     654.1480   58567.0417
   134   12 Mg         0.2162     654.1484   58567.0698
   135   12 Mg         0.2098     655.3853   58677.8181
   136   12 Mg         0.2098     655.3856   58677.8421
   137   12 Mg         0.2098     655.3854   58677.8268
   138   12 Mg         0.2082     655.6867   58704.7983
   139   12 Mg         0.2082     655.6864   58704.7747
   140   12 Mg         0.2082     655.6868   58704.8063
   141   12 Mg         0.2100     655.3351   58673.3255
   142   12 Mg         0.2100     655.3348   58673.2942
   143   12 Mg         0.2100     655.3349   58673.2996
   144   12 Mg         0.2100     655.3351   58673.3256
   145   12 Mg         0.2100     655.3353   58673.3417
   146   12 Mg         0.2100     655.3352   58673.3293
   147   12 Mg         0.2609     644.1283   57669.9567
   148   12 Mg         0.2609     644.1275   57669.8875
   149   12 Mg         0.2609     644.1283   57669.9568
   150   43 Tc         0.2582    1066.7985  115797.6929
--------------------------------------------------------

Atom-resolved dispersion energies:
--------------------------------------------------
     #    Z           [Hartree]      [kcal/mol]
--------------------------------------------------
     1   12 Mg  -0.14384834E-01     -9.02661941
     2   12 Mg  -0.14384801E-01     -9.02659865
     3   12 Mg  -0.16413474E-01    -10.29961056
     4   12 Mg  -0.16413514E-01    -10.29963548
     5   12 Mg  -0.16413476E-01    -10.29961181
     6   12 Mg  -0.16413488E-01    -10.29961891
     7   12 Mg  -0.14532494E-01     -9.11927771
     8   12 Mg  -0.14532491E-01     -9.11927601
     9   12 Mg  -0.14478608E-01     -9.08546373
    10   12 Mg  -0.14384849E-01     -9.02662905
    11   12 Mg  -0.14384858E-01     -9.02663446
    12   12 Mg  -0.14470930E-01     -9.08064563
    13   12 Mg  -0.14478625E-01     -9.08547409
    14   12 Mg  -0.14478606E-01     -9.08546269
    15   12 Mg  -0.14425377E-01     -9.05206063
    16   12 Mg  -0.14425342E-01     -9.05203895
    17   12 Mg  -0.14532503E-01     -9.11928334
    18   12 Mg  -0.14384829E-01     -9.02661624
    19   12 Mg  -0.14384859E-01     -9.02663509
    20   12 Mg  -0.14425355E-01     -9.05204675
    21   12 Mg  -0.14470903E-01     -9.08062876
    22   12 Mg  -0.14470892E-01     -9.08062202
    23   12 Mg  -0.16413488E-01    -10.29961899
    24   12 Mg  -0.16413519E-01    -10.29963871
    25   12 Mg  -0.16372920E-01    -10.27416213
    26   12 Mg  -0.16372926E-01    -10.27416633
    27   12 Mg  -0.16372919E-01    -10.27416171
    28   12 Mg  -0.14491833E-01     -9.09376232
    29   12 Mg  -0.14491861E-01     -9.09378032
    30   12 Mg  -0.14491859E-01     -9.09377864
    31   12 Mg  -0.14491830E-01     -9.09376050
    32   12 Mg  -0.14491815E-01     -9.09375141
    33   12 Mg  -0.14491829E-01     -9.09375971
    34   12 Mg  -0.14444007E-01     -9.06375131
    35   12 Mg  -0.14444026E-01     -9.06376297
    36   12 Mg  -0.14443993E-01     -9.06374222
    37   12 Mg  -0.14470408E-01     -9.08031837
    38   12 Mg  -0.14470386E-01     -9.08030443
    39   12 Mg  -0.14470399E-01     -9.08031270
    40   12 Mg  -0.14560049E-01     -9.13656861
    41   12 Mg  -0.14560061E-01     -9.13657646
    42   12 Mg  -0.14560060E-01     -9.13657589
    43   12 Mg  -0.14560076E-01     -9.13658544
    44   12 Mg  -0.14560084E-01     -9.13659092
    45   12 Mg  -0.14560061E-01     -9.13657609
    46   12 Mg  -0.14558913E-01     -9.13585553
    47   12 Mg  -0.14751232E-01     -9.25653771
    48   12 Mg  -0.14751267E-01     -9.25655968
    49   12 Mg  -0.14751278E-01     -9.25656668
    50   12 Mg  -0.14447403E-01     -9.06588208
    51   12 Mg  -0.14447420E-01     -9.06589296
    52   12 Mg  -0.14447416E-01     -9.06589024
    53   12 Mg  -0.14447453E-01     -9.06591381
    54   12 Mg  -0.14447439E-01     -9.06590477
    55   12 Mg  -0.14447407E-01     -9.06588468
    56   12 Mg  -0.14481098E-01     -9.08702608
    57   12 Mg  -0.14495848E-01     -9.09628189
    58   12 Mg  -0.14495864E-01     -9.09629215
    59   12 Mg  -0.14495863E-01     -9.09629167
    60   12 Mg  -0.14495871E-01     -9.09629660
    61   12 Mg  -0.14495846E-01     -9.09628067
    62   12 Mg  -0.14495848E-01     -9.09628192
    63   12 Mg  -0.14492333E-01     -9.09407647
    64   12 Mg  -0.14492357E-01     -9.09409155
    65   12 Mg  -0.14492329E-01     -9.09407354
    66   12 Mg  -0.14554196E-01     -9.13289599
    67   12 Mg  -0.14554185E-01     -9.13288903
    68   12 Mg  -0.14554213E-01     -9.13290643
    69   12 Mg  -0.14504652E-01     -9.10180632
    70   12 Mg  -0.14504711E-01     -9.10184363
    71   12 Mg  -0.14504682E-01     -9.10182555
    72   12 Mg  -0.14554702E-01     -9.13321332
    73   12 Mg  -0.14554709E-01     -9.13321749
    74   12 Mg  -0.14554730E-01     -9.13323106
    75   12 Mg  -0.14441479E-01     -9.06216491
    76   12 Mg  -0.14441469E-01     -9.06215832
    77   12 Mg  -0.14460055E-01     -9.07382177
    78   12 Mg  -0.14544376E-01     -9.12673398
    79   12 Mg  -0.14544395E-01     -9.12674559
    80   12 Mg  -0.14457697E-01     -9.07234177
    81   12 Mg  -0.14457686E-01     -9.07233490
    82   12 Mg  -0.14544365E-01     -9.12672654
    83   12 Mg  -0.14544399E-01     -9.12674842
    84   12 Mg  -0.14583346E-01     -9.15118750
    85   12 Mg  -0.14506772E-01     -9.10313663
    86   12 Mg  -0.14487631E-01     -9.09112579
    87   12 Mg  -0.14487560E-01     -9.09108103
    88   12 Mg  -0.14544419E-01     -9.12676075
    89   12 Mg  -0.14544383E-01     -9.12673784
    90   12 Mg  -0.14506816E-01     -9.10316460
    91   12 Mg  -0.14506751E-01     -9.10312386
    92   12 Mg  -0.14457703E-01     -9.07234552
    93   12 Mg  -0.14457716E-01     -9.07235369
    94   12 Mg  -0.14441487E-01     -9.06216984
    95   12 Mg  -0.14460056E-01     -9.07382221
    96   12 Mg  -0.14460103E-01     -9.07385161
    97   12 Mg  -0.14487591E-01     -9.09110077
    98   12 Mg  -0.14457707E-01     -9.07234821
    99   12 Mg  -0.14457698E-01     -9.07234270
   100   12 Mg  -0.14554716E-01     -9.13322228
   101   12 Mg  -0.14554723E-01     -9.13322645
   102   12 Mg  -0.14554744E-01     -9.13324002
   103   12 Mg  -0.14504615E-01     -9.10178316
   104   12 Mg  -0.14504674E-01     -9.10182047
   105   12 Mg  -0.14504645E-01     -9.10180240
   106   12 Mg  -0.14554183E-01     -9.13288742
   107   12 Mg  -0.14554171E-01     -9.13288046
   108   12 Mg  -0.14554199E-01     -9.13289785
   109   12 Mg  -0.14492341E-01     -9.09408157
   110   12 Mg  -0.14492366E-01     -9.09409666
   111   12 Mg  -0.14492337E-01     -9.09407864
   112   12 Mg  -0.14495848E-01     -9.09628171
   113   12 Mg  -0.14495864E-01     -9.09629196
   114   12 Mg  -0.14495863E-01     -9.09629149
   115   12 Mg  -0.14495871E-01     -9.09629641
   116   12 Mg  -0.14495846E-01     -9.09628049
   117   12 Mg  -0.14495848E-01     -9.09628174
   118   12 Mg  -0.14481106E-01     -9.08703121
   119   12 Mg  -0.14447431E-01     -9.06589958
   120   12 Mg  -0.14447448E-01     -9.06591047
   121   12 Mg  -0.14447444E-01     -9.06590774
   122   12 Mg  -0.14447481E-01     -9.06593131
   123   12 Mg  -0.14447467E-01     -9.06592228
   124   12 Mg  -0.14447435E-01     -9.06590218
   125   12 Mg  -0.14751232E-01     -9.25653777
   126   12 Mg  -0.14751267E-01     -9.25655974
   127   12 Mg  -0.14751278E-01     -9.25656674
   128   12 Mg  -0.14558911E-01     -9.13585483
   129   12 Mg  -0.14560049E-01     -9.13656846
   130   12 Mg  -0.14560061E-01     -9.13657631
   131   12 Mg  -0.14560060E-01     -9.13657574
   132   12 Mg  -0.14560075E-01     -9.13658529
   133   12 Mg  -0.14560084E-01     -9.13659077
   134   12 Mg  -0.14560061E-01     -9.13657594
   135   12 Mg  -0.14470394E-01     -9.08030918
   136   12 Mg  -0.14470372E-01     -9.08029524
   137   12 Mg  -0.14470385E-01     -9.08030351
   138   12 Mg  -0.14444002E-01     -9.06374823
   139   12 Mg  -0.14444021E-01     -9.06375989
   140   12 Mg  -0.14443988E-01     -9.06373914
   141   12 Mg  -0.14491821E-01     -9.09375497
   142   12 Mg  -0.14491850E-01     -9.09377296
   143   12 Mg  -0.14491847E-01     -9.09377129
   144   12 Mg  -0.14491818E-01     -9.09375314
   145   12 Mg  -0.14491804E-01     -9.09374405
   146   12 Mg  -0.14491817E-01     -9.09375235
   147   12 Mg  -0.16372928E-01    -10.27416753
   148   12 Mg  -0.16372935E-01    -10.27417174
   149   12 Mg  -0.16372927E-01    -10.27416711
   150   43 Tc  -0.32602411E-01    -20.45832190
--------------------------------------------------

Dispersion energy:      -2.2162875011172E+00 Eh

[Info] Dispersion energy written to .EDISP
