-----------------------------------
 s i m p l e   D F T - D 3  v1.2.1
-----------------------------------

Zero (Chai-Head-Gordon) damping: pbe-D3(0)
--------------------
  s6         1.0000
  s8         0.7220
  s9         0.0000
 rs6         1.2170
 rs8         1.0000
 alp        14.0000
--------------------

Atomic radii (in Angstrom):
-------------------------------------------
   Z          R(cov)     R(vdw)      r4/r2
-------------------------------------------
  12 Mg       1.6667     1.7420     2.8909
  31 Ga       1.4933     1.9789     3.2394
-------------------------------------------

Atomic reference systems (in atomic units):
----------------------------------------------------------------------------
   Z        #      CN    C6(AA)   #      CN    C6(AA)   #      CN    C6(AA)
----------------------------------------------------------------------------
  12 Mg     1  0.0000  683.3758   2  0.9628  451.2708   3  1.9496  175.5616
  31 Ga     1  0.0000  483.7516   2  0.9601  421.6497   3  1.9315  257.8727
            4  2.9233  172.3153
----------------------------------------------------------------------------

Dispersion properties (in atomic units):
--------------------------------------------------------
     #    Z                CN       C6(AA)       C8(AA)
--------------------------------------------------------
     1   12 Mg         0.0018     677.1419   60625.7203
     2   12 Mg         0.0018     677.1419   60625.7203
     3   12 Mg         0.0018     677.1419   60625.7203
     4   12 Mg         0.0018     677.1419   60625.7203
     5   12 Mg         0.0018     677.1418   60625.7113
     6   12 Mg         0.0018     677.1418   60625.7113
     7   12 Mg         0.0018     677.1420   60625.7284
     8   12 Mg         0.0018     677.1421   60625.7377
     9   12 Mg         0.0018     677.1420   60625.7303
    10   12 Mg         0.0018     677.1420   60625.7304
    11   12 Mg         0.0018     677.1420   60625.7284
    12   12 Mg         0.0018     677.1420   60625.7284
    13   12 Mg         0.0018     677.1423   60625.7550
    14   12 Mg         0.0018     677.1423   60625.7551
    15   12 Mg         0.0018     677.1420   60625.7303
    16   12 Mg         0.0018     677.1420   60625.7303
    17   12 Mg         0.0018     677.1418   60625.7113
    18   12 Mg         0.0018     677.1423   60625.7550
    19   12 Mg         0.0018     677.1421   60625.7376
    20   12 Mg         0.0018     677.1421   60625.7377
    21   12 Mg         0.0018     677.1419   60625.7203
    22   12 Mg         0.0018     677.1419   60625.7204
    23   12 Mg         0.0018     677.1420   60625.7303
    24   12 Mg         0.0018     677.1420   60625.7303
    25   12 Mg         0.0018     677.1420   60625.7361
    26   12 Mg         0.0018     677.1420   60625.7361
    27   12 Mg         0.0018     677.1420   60625.7361
    28   12 Mg         0.0018     677.1420   60625.7349
    29   12 Mg         0.0018     677.1420   60625.7349
    30   12 Mg         0.0018     677.1420   60625.7349
    31   12 Mg         0.0018     677.1420   60625.7349
    32   12 Mg         0.0018     677.1420   60625.7349
    33   12 Mg         0.0018     677.1420   60625.7349
    34   12 Mg         0.0018     677.1417   60625.7005
    35   12 Mg         0.0018     677.1417   60625.7005
    36   12 Mg         0.0018     677.1417   60625.7005
    37   12 Mg         0.0018     677.1417   60625.7006
    38   12 Mg         0.0018     677.1417   60625.7005
    39   12 Mg         0.0018     677.1417   60625.7005
    40   12 Mg         0.0018     677.1417   60625.7054
    41   12 Mg         0.0018     677.1421   60625.7382
    42   12 Mg         0.0018     677.1421   60625.7382
    43   12 Mg         0.0018     677.1421   60625.7382
    44   12 Mg         0.0018     677.1422   60625.7517
    45   12 Mg         0.0018     677.1422   60625.7516
    46   12 Mg         0.0018     677.1422   60625.7517
    47   12 Mg         0.0018     677.1413   60625.6703
    48   12 Mg         0.0018     677.1413   60625.6702
    49   12 Mg         0.0018     677.1413   60625.6702
    50   12 Mg         0.0018     677.1415   60625.6833
    51   12 Mg         0.0018     677.1419   60625.7232
    52   12 Mg         0.0018     677.1419   60625.7232
    53   12 Mg         0.0018     677.1419   60625.7232
    54   12 Mg         0.0018     677.1419   60625.7233
    55   12 Mg         0.0018     677.1419   60625.7232
    56   12 Mg         0.0018     677.1419   60625.7233
    57   12 Mg         0.0018     677.1421   60625.7364
    58   12 Mg         0.0018     677.1421   60625.7364
    59   12 Mg         0.0018     677.1421   60625.7364
    60   12 Mg         0.0018     677.1421   60625.7432
    61   12 Mg         0.0018     677.1421   60625.7432
    62   12 Mg         0.0018     677.1421   60625.7432
    63   12 Mg         0.0018     677.1421   60625.7432
    64   12 Mg         0.0018     677.1421   60625.7432
    65   12 Mg         0.0018     677.1421   60625.7432
    66   12 Mg         0.0018     677.1419   60625.7224
    67   12 Mg         0.0018     677.1419   60625.7224
    68   12 Mg         0.0018     677.1419   60625.7224
    69   12 Mg         0.0018     677.1418   60625.7181
    70   12 Mg         0.0018     677.1418   60625.7181
    71   12 Mg         0.0018     677.1418   60625.7181
    72   12 Mg         0.0018     677.1420   60625.7351
    73   12 Mg         0.0018     677.1420   60625.7351
    74   12 Mg         0.0018     677.1420   60625.7351
    75   12 Mg         0.0018     677.1416   60625.6978
    76   12 Mg         0.0018     677.1419   60625.7188
    77   12 Mg         0.0018     677.1419   60625.7188
    78   12 Mg         0.0018     677.1419   60625.7256
    79   12 Mg         0.0018     677.1419   60625.7257
    80   12 Mg         0.0018     677.1420   60625.7330
    81   12 Mg         0.0018     677.1420   60625.7330
    82   12 Mg         0.0018     677.1420   60625.7309
    83   12 Mg         0.0018     677.1419   60625.7257
    84   12 Mg         0.0018     677.1419   60625.7256
    85   12 Mg         0.0018     677.1419   60625.7256
    86   12 Mg         0.0018     677.1419   60625.7257
    87   12 Mg         0.0018     677.1422   60625.7496
    88   12 Mg         0.0018     677.1421   60625.7379
    89   12 Mg         0.0018     677.1421   60625.7379
    90   12 Mg         0.0018     677.1422   60625.7495
    91   12 Mg         0.0018     677.1422   60625.7495
    92   12 Mg         0.0018     677.1420   60625.7330
    93   12 Mg         0.0018     677.1420   60625.7330
    94   12 Mg         0.0018     677.1419   60625.7188
    95   12 Mg         0.0018     677.1421   60625.7379
    96   12 Mg         0.0018     677.1416   60625.6978
    97   12 Mg         0.0018     677.1416   60625.6978
    98   12 Mg         0.0018     677.1420   60625.7330
    99   12 Mg         0.0018     677.1420   60625.7330
   100   12 Mg         0.0018     677.1420   60625.7351
   101   12 Mg         0.0018     677.1420   60625.7351
   102   12 Mg         0.0018     677.1420   60625.7351
   103   12 Mg         0.0018     677.1418   60625.7181
   104   12 Mg         0.0018     677.1418   60625.7181
   105   12 Mg         0.0018     677.1418   60625.7181
   106   12 Mg         0.0018     677.1419   60625.7224
   107   12 Mg         0.0018     677.1419   60625.7224
   108   12 Mg         0.0018     677.1419   60625.7224
   109   12 Mg         0.0018     677.1421   60625.7432
   110   12 Mg         0.0018     677.1421   60625.7432
   111   12 Mg         0.0018     677.1421   60625.7432
   112   12 Mg         0.0018     677.1421   60625.7432
   113   12 Mg         0.0018     677.1421   60625.7432
   114   12 Mg         0.0018     677.1421   60625.7432
   115   12 Mg         0.0018     677.1421   60625.7364
   116   12 Mg         0.0018     677.1421   60625.7364
   117   12 Mg         0.0018     677.1421   60625.7364
   118   12 Mg         0.0018     677.1419   60625.7233
   119   12 Mg         0.0018     677.1419   60625.7232
   120   12 Mg         0.0018     677.1419   60625.7233
   121   12 Mg         0.0018     677.1419   60625.7233
   122   12 Mg         0.0018     677.1419   60625.7232
   123   12 Mg         0.0018     677.1419   60625.7233
   124   12 Mg         0.0018     677.1415   60625.6833
   125   12 Mg         0.0018     677.1413   60625.6710
   126   12 Mg         0.0018     677.1413   60625.6710
   127   12 Mg         0.0018     677.1413   60625.6710
   128   12 Mg         0.0018     677.1422   60625.7517
   129   12 Mg         0.0018     677.1422   60625.7517
   130   12 Mg         0.0018     677.1422   60625.7517
   131   12 Mg         0.0018     677.1421   60625.7382
   132   12 Mg         0.0018     677.1421   60625.7382
   133   12 Mg         0.0018     677.1421   60625.7382
   134   12 Mg         0.0018     677.1417   60625.7055
   135   12 Mg         0.0018     677.1417   60625.7012
   136   12 Mg         0.0018     677.1417   60625.7012
   137   12 Mg         0.0018     677.1417   60625.7012
   138   12 Mg         0.0018     677.1417   60625.7013
   139   12 Mg         0.0018     677.1417   60625.7012
   140   12 Mg         0.0018     677.1417   60625.7012
   141   12 Mg         0.0018     677.1420   60625.7349
   142   12 Mg         0.0018     677.1420   60625.7350
   143   12 Mg         0.0018     677.1420   60625.7349
   144   12 Mg         0.0018     677.1420   60625.7349
   145   12 Mg         0.0018     677.1420   60625.7349
   146   12 Mg         0.0018     677.1420   60625.7349
   147   12 Mg         0.0018     677.1420   60625.7361
   148   12 Mg         0.0018     677.1420   60625.7361
   149   12 Mg         0.0018     677.1420   60625.7361
   150   31 Ga         0.0014     482.1563   54203.1264
--------------------------------------------------------

Atom-resolved dispersion energies:
--------------------------------------------------
     #    Z           [Hartree]      [kcal/mol]
--------------------------------------------------
     1   12 Mg  -0.69980493E-03     -0.43913422
     2   12 Mg  -0.69980684E-03     -0.43913542
     3   12 Mg  -0.69980960E-03     -0.43913716
     4   12 Mg  -0.69980686E-03     -0.43913543
     5   12 Mg  -0.69336430E-03     -0.43509267
     6   12 Mg  -0.69336485E-03     -0.43509301
     7   12 Mg  -0.69155285E-03     -0.43395597
     8   12 Mg  -0.69093997E-03     -0.43357138
     9   12 Mg  -0.69153722E-03     -0.43394616
    10   12 Mg  -0.69153308E-03     -0.43394356
    11   12 Mg  -0.69155141E-03     -0.43395506
    12   12 Mg  -0.69155427E-03     -0.43395686
    13   12 Mg  -0.68910654E-03     -0.43242088
    14   12 Mg  -0.68910061E-03     -0.43241716
    15   12 Mg  -0.69153622E-03     -0.43394553
    16   12 Mg  -0.69153501E-03     -0.43394477
    17   12 Mg  -0.69336344E-03     -0.43509213
    18   12 Mg  -0.68910727E-03     -0.43242134
    19   12 Mg  -0.69094560E-03     -0.43357491
    20   12 Mg  -0.69093810E-03     -0.43357020
    21   12 Mg  -0.69980676E-03     -0.43913537
    22   12 Mg  -0.69980387E-03     -0.43913356
    23   12 Mg  -0.69153585E-03     -0.43394529
    24   12 Mg  -0.69153862E-03     -0.43394704
    25   12 Mg  -0.69858621E-03     -0.43836947
    26   12 Mg  -0.69858460E-03     -0.43836845
    27   12 Mg  -0.69858385E-03     -0.43836799
    28   12 Mg  -0.69120761E-03     -0.43373933
    29   12 Mg  -0.69120220E-03     -0.43373593
    30   12 Mg  -0.69120470E-03     -0.43373750
    31   12 Mg  -0.69120462E-03     -0.43373744
    32   12 Mg  -0.69120693E-03     -0.43373890
    33   12 Mg  -0.69120529E-03     -0.43373787
    34   12 Mg  -0.69395678E-03     -0.43546445
    35   12 Mg  -0.69395682E-03     -0.43546448
    36   12 Mg  -0.69395906E-03     -0.43546588
    37   12 Mg  -0.69395444E-03     -0.43546298
    38   12 Mg  -0.69395672E-03     -0.43546442
    39   12 Mg  -0.69395762E-03     -0.43546498
    40   12 Mg  -0.69353359E-03     -0.43519890
    41   12 Mg  -0.69064622E-03     -0.43338705
    42   12 Mg  -0.69064937E-03     -0.43338903
    43   12 Mg  -0.69064868E-03     -0.43338859
    44   12 Mg  -0.68945213E-03     -0.43263774
    45   12 Mg  -0.68946003E-03     -0.43264270
    46   12 Mg  -0.68945201E-03     -0.43263767
    47   12 Mg  -0.69727929E-03     -0.43754936
    48   12 Mg  -0.69727937E-03     -0.43754941
    49   12 Mg  -0.69728009E-03     -0.43754986
    50   12 Mg  -0.69583660E-03     -0.43664406
    51   12 Mg  -0.69216688E-03     -0.43434127
    52   12 Mg  -0.69216756E-03     -0.43434170
    53   12 Mg  -0.69216677E-03     -0.43434121
    54   12 Mg  -0.69216467E-03     -0.43433989
    55   12 Mg  -0.69216915E-03     -0.43434270
    56   12 Mg  -0.69216605E-03     -0.43434076
    57   12 Mg  -0.69075629E-03     -0.43345611
    58   12 Mg  -0.69075885E-03     -0.43345772
    59   12 Mg  -0.69075552E-03     -0.43345563
    60   12 Mg  -0.69022584E-03     -0.43312326
    61   12 Mg  -0.69022845E-03     -0.43312489
    62   12 Mg  -0.69022901E-03     -0.43312524
    63   12 Mg  -0.69022743E-03     -0.43312425
    64   12 Mg  -0.69022905E-03     -0.43312527
    65   12 Mg  -0.69022994E-03     -0.43312582
    66   12 Mg  -0.69206477E-03     -0.43427720
    67   12 Mg  -0.69206428E-03     -0.43427689
    68   12 Mg  -0.69206572E-03     -0.43427779
    69   12 Mg  -0.69244830E-03     -0.43451787
    70   12 Mg  -0.69245163E-03     -0.43451996
    71   12 Mg  -0.69245153E-03     -0.43451990
    72   12 Mg  -0.69086309E-03     -0.43352314
    73   12 Mg  -0.69086278E-03     -0.43352294
    74   12 Mg  -0.69086303E-03     -0.43352309
    75   12 Mg  -0.69427248E-03     -0.43566256
    76   12 Mg  -0.69240221E-03     -0.43448895
    77   12 Mg  -0.69240161E-03     -0.43448857
    78   12 Mg  -0.69173642E-03     -0.43407116
    79   12 Mg  -0.69173231E-03     -0.43406858
    80   12 Mg  -0.69113455E-03     -0.43369348
    81   12 Mg  -0.69113745E-03     -0.43369530
    82   12 Mg  -0.69129752E-03     -0.43379574
    83   12 Mg  -0.69173420E-03     -0.43406976
    84   12 Mg  -0.69173570E-03     -0.43407070
    85   12 Mg  -0.69173651E-03     -0.43407122
    86   12 Mg  -0.69173426E-03     -0.43406980
    87   12 Mg  -0.68962301E-03     -0.43274497
    88   12 Mg  -0.69067056E-03     -0.43340232
    89   12 Mg  -0.69066828E-03     -0.43340089
    90   12 Mg  -0.68962591E-03     -0.43274679
    91   12 Mg  -0.68962758E-03     -0.43274784
    92   12 Mg  -0.69113546E-03     -0.43369405
    93   12 Mg  -0.69113401E-03     -0.43369314
    94   12 Mg  -0.69240153E-03     -0.43448852
    95   12 Mg  -0.69066577E-03     -0.43339931
    96   12 Mg  -0.69427185E-03     -0.43566216
    97   12 Mg  -0.69427250E-03     -0.43566257
    98   12 Mg  -0.69113844E-03     -0.43369592
    99   12 Mg  -0.69113517E-03     -0.43369387
   100   12 Mg  -0.69086293E-03     -0.43352303
   101   12 Mg  -0.69086261E-03     -0.43352284
   102   12 Mg  -0.69086286E-03     -0.43352299
   103   12 Mg  -0.69244672E-03     -0.43451688
   104   12 Mg  -0.69245006E-03     -0.43451897
   105   12 Mg  -0.69244996E-03     -0.43451891
   106   12 Mg  -0.69206620E-03     -0.43427809
   107   12 Mg  -0.69206570E-03     -0.43427778
   108   12 Mg  -0.69206714E-03     -0.43427868
   109   12 Mg  -0.69022649E-03     -0.43312366
   110   12 Mg  -0.69022909E-03     -0.43312529
   111   12 Mg  -0.69022966E-03     -0.43312565
   112   12 Mg  -0.69022807E-03     -0.43312466
   113   12 Mg  -0.69022970E-03     -0.43312567
   114   12 Mg  -0.69023058E-03     -0.43312623
   115   12 Mg  -0.69075609E-03     -0.43345599
   116   12 Mg  -0.69075865E-03     -0.43345759
   117   12 Mg  -0.69075532E-03     -0.43345550
   118   12 Mg  -0.69216629E-03     -0.43434091
   119   12 Mg  -0.69216698E-03     -0.43434133
   120   12 Mg  -0.69216619E-03     -0.43434084
   121   12 Mg  -0.69216408E-03     -0.43433952
   122   12 Mg  -0.69216856E-03     -0.43434233
   123   12 Mg  -0.69216547E-03     -0.43434039
   124   12 Mg  -0.69583633E-03     -0.43664389
   125   12 Mg  -0.69721491E-03     -0.43750896
   126   12 Mg  -0.69721499E-03     -0.43750901
   127   12 Mg  -0.69721571E-03     -0.43750946
   128   12 Mg  -0.68944931E-03     -0.43263597
   129   12 Mg  -0.68945720E-03     -0.43264093
   130   12 Mg  -0.68944919E-03     -0.43263590
   131   12 Mg  -0.69064369E-03     -0.43338546
   132   12 Mg  -0.69064684E-03     -0.43338744
   133   12 Mg  -0.69064615E-03     -0.43338700
   134   12 Mg  -0.69352371E-03     -0.43519270
   135   12 Mg  -0.69389416E-03     -0.43542516
   136   12 Mg  -0.69389420E-03     -0.43542519
   137   12 Mg  -0.69389644E-03     -0.43542659
   138   12 Mg  -0.69389182E-03     -0.43542369
   139   12 Mg  -0.69389410E-03     -0.43542512
   140   12 Mg  -0.69389500E-03     -0.43542569
   141   12 Mg  -0.69120409E-03     -0.43373711
   142   12 Mg  -0.69119868E-03     -0.43373372
   143   12 Mg  -0.69120118E-03     -0.43373529
   144   12 Mg  -0.69120109E-03     -0.43373523
   145   12 Mg  -0.69120340E-03     -0.43373668
   146   12 Mg  -0.69120177E-03     -0.43373566
   147   12 Mg  -0.69858495E-03     -0.43836868
   148   12 Mg  -0.69858334E-03     -0.43836766
   149   12 Mg  -0.69858260E-03     -0.43836720
   150   31 Ga  -0.63454569E-03     -0.39818343
--------------------------------------------------

Dispersion energy:      -1.0380833669648E-01 Eh

[Info] Dispersion energy written to .EDISP
