-----------------------------------
 s i m p l e   D F T - D 3  v1.2.1
-----------------------------------

Zero (Chai-Head-Gordon) damping: pbe-D3(0)
--------------------
  s6         1.0000
  s8         0.7220
  s9         0.0000
 rs6         1.2170
 rs8         1.0000
 alp        14.0000
--------------------

Atomic radii (in Angstrom):
-------------------------------------------
   Z          R(cov)     R(vdw)      r4/r2
-------------------------------------------
  12 Mg       1.6667     1.7420     2.8909
  31 Ga       1.4933     1.9789     3.2394
-------------------------------------------

Atomic reference systems (in atomic units):
----------------------------------------------------------------------------
   Z        #      CN    C6(AA)   #      CN    C6(AA)   #      CN    C6(AA)
----------------------------------------------------------------------------
  12 Mg     1  0.0000  683.3758   2  0.9628  451.2708   3  1.9496  175.5616
  31 Ga     1  0.0000  483.7516   2  0.9601  421.6497   3  1.9315  257.8727
            4  2.9233  172.3153
----------------------------------------------------------------------------

Dispersion properties (in atomic units):
--------------------------------------------------------
     #    Z                CN       C6(AA)       C8(AA)
--------------------------------------------------------
     1   12 Mg         0.0027     677.0964   60621.6451
     2   12 Mg         0.0027     677.0964   60621.6451
     3   12 Mg         0.0027     677.0964   60621.6450
     4   12 Mg         0.0027     677.0964   60621.6451
     5   12 Mg         0.0027     677.0962   60621.6292
     6   12 Mg         0.0027     677.0962   60621.6292
     7   12 Mg         0.0027     677.0965   60621.6590
     8   12 Mg         0.0027     677.0967   60621.6733
     9   12 Mg         0.0027     677.0965   60621.6612
    10   12 Mg         0.0027     677.0965   60621.6613
    11   12 Mg         0.0027     677.0965   60621.6590
    12   12 Mg         0.0027     677.0965   60621.6590
    13   12 Mg         0.0027     677.0970   60621.7035
    14   12 Mg         0.0027     677.0970   60621.7036
    15   12 Mg         0.0027     677.0965   60621.6612
    16   12 Mg         0.0027     677.0965   60621.6613
    17   12 Mg         0.0027     677.0962   60621.6293
    18   12 Mg         0.0027     677.0970   60621.7035
    19   12 Mg         0.0027     677.0967   60621.6732
    20   12 Mg         0.0027     677.0967   60621.6733
    21   12 Mg         0.0027     677.0964   60621.6451
    22   12 Mg         0.0027     677.0964   60621.6451
    23   12 Mg         0.0027     677.0965   60621.6612
    24   12 Mg         0.0027     677.0965   60621.6612
    25   12 Mg         0.0027     677.0967   60621.6724
    26   12 Mg         0.0027     677.0967   60621.6725
    27   12 Mg         0.0027     677.0967   60621.6725
    28   12 Mg         0.0027     677.0966   60621.6689
    29   12 Mg         0.0027     677.0966   60621.6690
    30   12 Mg         0.0027     677.0966   60621.6690
    31   12 Mg         0.0027     677.0966   60621.6690
    32   12 Mg         0.0027     677.0966   60621.6689
    33   12 Mg         0.0027     677.0966   60621.6689
    34   12 Mg         0.0027     677.0960   60621.6109
    35   12 Mg         0.0027     677.0960   60621.6109
    36   12 Mg         0.0027     677.0960   60621.6108
    37   12 Mg         0.0027     677.0960   60621.6109
    38   12 Mg         0.0027     677.0960   60621.6109
    39   12 Mg         0.0027     677.0960   60621.6109
    40   12 Mg         0.0027     677.0961   60621.6194
    41   12 Mg         0.0027     677.0967   60621.6750
    42   12 Mg         0.0027     677.0967   60621.6750
    43   12 Mg         0.0027     677.0967   60621.6750
    44   12 Mg         0.0027     677.0969   60621.6980
    45   12 Mg         0.0027     677.0969   60621.6979
    46   12 Mg         0.0027     677.0969   60621.6980
    47   12 Mg         0.0028     677.0954   60621.5574
    48   12 Mg         0.0028     677.0954   60621.5574
    49   12 Mg         0.0028     677.0954   60621.5574
    50   12 Mg         0.0028     677.0956   60621.5807
    51   12 Mg         0.0027     677.0964   60621.6493
    52   12 Mg         0.0027     677.0964   60621.6493
    53   12 Mg         0.0027     677.0964   60621.6493
    54   12 Mg         0.0027     677.0964   60621.6493
    55   12 Mg         0.0027     677.0964   60621.6492
    56   12 Mg         0.0027     677.0964   60621.6493
    57   12 Mg         0.0027     677.0967   60621.6717
    58   12 Mg         0.0027     677.0967   60621.6717
    59   12 Mg         0.0027     677.0967   60621.6717
    60   12 Mg         0.0027     677.0968   60621.6840
    61   12 Mg         0.0027     677.0968   60621.6839
    62   12 Mg         0.0027     677.0968   60621.6839
    63   12 Mg         0.0027     677.0968   60621.6839
    64   12 Mg         0.0027     677.0968   60621.6839
    65   12 Mg         0.0027     677.0968   60621.6839
    66   12 Mg         0.0027     677.0964   60621.6483
    67   12 Mg         0.0027     677.0964   60621.6483
    68   12 Mg         0.0027     677.0964   60621.6483
    69   12 Mg         0.0027     677.0963   60621.6411
    70   12 Mg         0.0027     677.0963   60621.6410
    71   12 Mg         0.0027     677.0963   60621.6410
    72   12 Mg         0.0027     677.0966   60621.6693
    73   12 Mg         0.0027     677.0966   60621.6693
    74   12 Mg         0.0027     677.0966   60621.6693
    75   12 Mg         0.0027     677.0959   60621.6064
    76   12 Mg         0.0027     677.0963   60621.6424
    77   12 Mg         0.0027     677.0963   60621.6424
    78   12 Mg         0.0027     677.0965   60621.6536
    79   12 Mg         0.0027     677.0965   60621.6537
    80   12 Mg         0.0027     677.0966   60621.6663
    81   12 Mg         0.0027     677.0966   60621.6663
    82   12 Mg         0.0027     677.0966   60621.6628
    83   12 Mg         0.0027     677.0965   60621.6536
    84   12 Mg         0.0027     677.0965   60621.6536
    85   12 Mg         0.0027     677.0965   60621.6536
    86   12 Mg         0.0027     677.0965   60621.6536
    87   12 Mg         0.0027     677.0969   60621.6944
    88   12 Mg         0.0027     677.0967   60621.6743
    89   12 Mg         0.0027     677.0967   60621.6744
    90   12 Mg         0.0027     677.0969   60621.6944
    91   12 Mg         0.0027     677.0969   60621.6944
    92   12 Mg         0.0027     677.0966   60621.6663
    93   12 Mg         0.0027     677.0966   60621.6663
    94   12 Mg         0.0027     677.0963   60621.6424
    95   12 Mg         0.0027     677.0967   60621.6744
    96   12 Mg         0.0027     677.0959   60621.6064
    97   12 Mg         0.0027     677.0959   60621.6064
    98   12 Mg         0.0027     677.0966   60621.6662
    99   12 Mg         0.0027     677.0966   60621.6663
   100   12 Mg         0.0027     677.0966   60621.6693
   101   12 Mg         0.0027     677.0966   60621.6693
   102   12 Mg         0.0027     677.0966   60621.6693
   103   12 Mg         0.0027     677.0963   60621.6411
   104   12 Mg         0.0027     677.0963   60621.6411
   105   12 Mg         0.0027     677.0963   60621.6411
   106   12 Mg         0.0027     677.0964   60621.6483
   107   12 Mg         0.0027     677.0964   60621.6483
   108   12 Mg         0.0027     677.0964   60621.6483
   109   12 Mg         0.0027     677.0968   60621.6840
   110   12 Mg         0.0027     677.0968   60621.6839
   111   12 Mg         0.0027     677.0968   60621.6839
   112   12 Mg         0.0027     677.0968   60621.6839
   113   12 Mg         0.0027     677.0968   60621.6839
   114   12 Mg         0.0027     677.0968   60621.6839
   115   12 Mg         0.0027     677.0967   60621.6717
   116   12 Mg         0.0027     677.0967   60621.6717
   117   12 Mg         0.0027     677.0967   60621.6717
   118   12 Mg         0.0027     677.0964   60621.6493
   119   12 Mg         0.0027     677.0964   60621.6493
   120   12 Mg         0.0027     677.0964   60621.6493
   121   12 Mg         0.0027     677.0964   60621.6493
   122   12 Mg         0.0027     677.0964   60621.6492
   123   12 Mg         0.0027     677.0964   60621.6493
   124   12 Mg         0.0028     677.0956   60621.5807
   125   12 Mg         0.0028     677.0954   60621.5586
   126   12 Mg         0.0028     677.0954   60621.5586
   127   12 Mg         0.0028     677.0954   60621.5586
   128   12 Mg         0.0027     677.0969   60621.6981
   129   12 Mg         0.0027     677.0969   60621.6979
   130   12 Mg         0.0027     677.0969   60621.6981
   131   12 Mg         0.0027     677.0967   60621.6751
   132   12 Mg         0.0027     677.0967   60621.6750
   133   12 Mg         0.0027     677.0967   60621.6750
   134   12 Mg         0.0027     677.0961   60621.6195
   135   12 Mg         0.0027     677.0960   60621.6121
   136   12 Mg         0.0027     677.0960   60621.6121
   137   12 Mg         0.0027     677.0960   60621.6120
   138   12 Mg         0.0027     677.0960   60621.6121
   139   12 Mg         0.0027     677.0960   60621.6121
   140   12 Mg         0.0027     677.0960   60621.6121
   141   12 Mg         0.0027     677.0966   60621.6690
   142   12 Mg         0.0027     677.0966   60621.6691
   143   12 Mg         0.0027     677.0966   60621.6690
   144   12 Mg         0.0027     677.0966   60621.6690
   145   12 Mg         0.0027     677.0966   60621.6690
   146   12 Mg         0.0027     677.0966   60621.6690
   147   12 Mg         0.0027     677.0967   60621.6725
   148   12 Mg         0.0027     677.0967   60621.6725
   149   12 Mg         0.0027     677.0967   60621.6725
   150   31 Ga         0.0021     482.1479   54202.1845
--------------------------------------------------------

Atom-resolved dispersion energies:
--------------------------------------------------
     #    Z           [Hartree]      [kcal/mol]
--------------------------------------------------
     1   12 Mg  -0.10611668E-02     -0.66589223
     2   12 Mg  -0.10611697E-02     -0.66589405
     3   12 Mg  -0.10611740E-02     -0.66589671
     4   12 Mg  -0.10611698E-02     -0.66589408
     5   12 Mg  -0.10510909E-02     -0.65956951
     6   12 Mg  -0.10510918E-02     -0.65957004
     7   12 Mg  -0.10483299E-02     -0.65783691
     8   12 Mg  -0.10474027E-02     -0.65725513
     9   12 Mg  -0.10483056E-02     -0.65782171
    10   12 Mg  -0.10482993E-02     -0.65781775
    11   12 Mg  -0.10483276E-02     -0.65783553
    12   12 Mg  -0.10483320E-02     -0.65783827
    13   12 Mg  -0.10446097E-02     -0.65550246
    14   12 Mg  -0.10446006E-02     -0.65549679
    15   12 Mg  -0.10483041E-02     -0.65782075
    16   12 Mg  -0.10483023E-02     -0.65781960
    17   12 Mg  -0.10510896E-02     -0.65956869
    18   12 Mg  -0.10446108E-02     -0.65550316
    19   12 Mg  -0.10474113E-02     -0.65726051
    20   12 Mg  -0.10473999E-02     -0.65725334
    21   12 Mg  -0.10611696E-02     -0.66589398
    22   12 Mg  -0.10611652E-02     -0.66589122
    23   12 Mg  -0.10483035E-02     -0.65782039
    24   12 Mg  -0.10483078E-02     -0.65782305
    25   12 Mg  -0.10593137E-02     -0.66472937
    26   12 Mg  -0.10593112E-02     -0.66472783
    27   12 Mg  -0.10593101E-02     -0.66472712
    28   12 Mg  -0.10477988E-02     -0.65750367
    29   12 Mg  -0.10477905E-02     -0.65749849
    30   12 Mg  -0.10477944E-02     -0.65750088
    31   12 Mg  -0.10477942E-02     -0.65750080
    32   12 Mg  -0.10477977E-02     -0.65750301
    33   12 Mg  -0.10477953E-02     -0.65750145
    34   12 Mg  -0.10519991E-02     -0.66013943
    35   12 Mg  -0.10519992E-02     -0.66013946
    36   12 Mg  -0.10520026E-02     -0.66014160
    37   12 Mg  -0.10519956E-02     -0.66013718
    38   12 Mg  -0.10519990E-02     -0.66013937
    39   12 Mg  -0.10520004E-02     -0.66014023
    40   12 Mg  -0.10513523E-02     -0.65973350
    41   12 Mg  -0.10469549E-02     -0.65697411
    42   12 Mg  -0.10469597E-02     -0.65697713
    43   12 Mg  -0.10469586E-02     -0.65697646
    44   12 Mg  -0.10451365E-02     -0.65583306
    45   12 Mg  -0.10451485E-02     -0.65584062
    46   12 Mg  -0.10451363E-02     -0.65583295
    47   12 Mg  -0.10570763E-02     -0.66332541
    48   12 Mg  -0.10570765E-02     -0.66332549
    49   12 Mg  -0.10570776E-02     -0.66332618
    50   12 Mg  -0.10548656E-02     -0.66193814
    51   12 Mg  -0.10492598E-02     -0.65842048
    52   12 Mg  -0.10492609E-02     -0.65842113
    53   12 Mg  -0.10492597E-02     -0.65842038
    54   12 Mg  -0.10492565E-02     -0.65841836
    55   12 Mg  -0.10492633E-02     -0.65842265
    56   12 Mg  -0.10492586E-02     -0.65841969
    57   12 Mg  -0.10471263E-02     -0.65708165
    58   12 Mg  -0.10471302E-02     -0.65708410
    59   12 Mg  -0.10471251E-02     -0.65708092
    60   12 Mg  -0.10463114E-02     -0.65657029
    61   12 Mg  -0.10463153E-02     -0.65657278
    62   12 Mg  -0.10463162E-02     -0.65657332
    63   12 Mg  -0.10463138E-02     -0.65657181
    64   12 Mg  -0.10463162E-02     -0.65657336
    65   12 Mg  -0.10463176E-02     -0.65657420
    66   12 Mg  -0.10491116E-02     -0.65832748
    67   12 Mg  -0.10491109E-02     -0.65832700
    68   12 Mg  -0.10491131E-02     -0.65832838
    69   12 Mg  -0.10496990E-02     -0.65869606
    70   12 Mg  -0.10497041E-02     -0.65869925
    71   12 Mg  -0.10497039E-02     -0.65869915
    72   12 Mg  -0.10472877E-02     -0.65718294
    73   12 Mg  -0.10472872E-02     -0.65718265
    74   12 Mg  -0.10472876E-02     -0.65718288
    75   12 Mg  -0.10524772E-02     -0.66043939
    76   12 Mg  -0.10496277E-02     -0.65865130
    77   12 Mg  -0.10496267E-02     -0.65865072
    78   12 Mg  -0.10486181E-02     -0.65801779
    79   12 Mg  -0.10486118E-02     -0.65801386
    80   12 Mg  -0.10476956E-02     -0.65743891
    81   12 Mg  -0.10477000E-02     -0.65744169
    82   12 Mg  -0.10479474E-02     -0.65759695
    83   12 Mg  -0.10486147E-02     -0.65801567
    84   12 Mg  -0.10486170E-02     -0.65801710
    85   12 Mg  -0.10486182E-02     -0.65801788
    86   12 Mg  -0.10486148E-02     -0.65801573
    87   12 Mg  -0.10453989E-02     -0.65599769
    88   12 Mg  -0.10469961E-02     -0.65699997
    89   12 Mg  -0.10469926E-02     -0.65699779
    90   12 Mg  -0.10454033E-02     -0.65600047
    91   12 Mg  -0.10454058E-02     -0.65600206
    92   12 Mg  -0.10476970E-02     -0.65743978
    93   12 Mg  -0.10476948E-02     -0.65743839
    94   12 Mg  -0.10496266E-02     -0.65865064
    95   12 Mg  -0.10469888E-02     -0.65699538
    96   12 Mg  -0.10524762E-02     -0.66043878
    97   12 Mg  -0.10524772E-02     -0.66043941
    98   12 Mg  -0.10477015E-02     -0.65744263
    99   12 Mg  -0.10476965E-02     -0.65743950
   100   12 Mg  -0.10472874E-02     -0.65718280
   101   12 Mg  -0.10472870E-02     -0.65718250
   102   12 Mg  -0.10472873E-02     -0.65718273
   103   12 Mg  -0.10496966E-02     -0.65869459
   104   12 Mg  -0.10497017E-02     -0.65869778
   105   12 Mg  -0.10497016E-02     -0.65869768
   106   12 Mg  -0.10491138E-02     -0.65832886
   107   12 Mg  -0.10491131E-02     -0.65832838
   108   12 Mg  -0.10491153E-02     -0.65832976
   109   12 Mg  -0.10463124E-02     -0.65657092
   110   12 Mg  -0.10463163E-02     -0.65657341
   111   12 Mg  -0.10463172E-02     -0.65657395
   112   12 Mg  -0.10463148E-02     -0.65657244
   113   12 Mg  -0.10463173E-02     -0.65657399
   114   12 Mg  -0.10463186E-02     -0.65657483
   115   12 Mg  -0.10471260E-02     -0.65708147
   116   12 Mg  -0.10471299E-02     -0.65708392
   117   12 Mg  -0.10471248E-02     -0.65708073
   118   12 Mg  -0.10492589E-02     -0.65841993
   119   12 Mg  -0.10492600E-02     -0.65842059
   120   12 Mg  -0.10492588E-02     -0.65841983
   121   12 Mg  -0.10492556E-02     -0.65841782
   122   12 Mg  -0.10492624E-02     -0.65842210
   123   12 Mg  -0.10492577E-02     -0.65841914
   124   12 Mg  -0.10548652E-02     -0.66193789
   125   12 Mg  -0.10569782E-02     -0.66326384
   126   12 Mg  -0.10569783E-02     -0.66326392
   127   12 Mg  -0.10569794E-02     -0.66326461
   128   12 Mg  -0.10451322E-02     -0.65583037
   129   12 Mg  -0.10451443E-02     -0.65583792
   130   12 Mg  -0.10451320E-02     -0.65583026
   131   12 Mg  -0.10469511E-02     -0.65697171
   132   12 Mg  -0.10469559E-02     -0.65697473
   133   12 Mg  -0.10469548E-02     -0.65697406
   134   12 Mg  -0.10513374E-02     -0.65972417
   135   12 Mg  -0.10519037E-02     -0.66007955
   136   12 Mg  -0.10519038E-02     -0.66007958
   137   12 Mg  -0.10519072E-02     -0.66008173
   138   12 Mg  -0.10519001E-02     -0.66007731
   139   12 Mg  -0.10519036E-02     -0.66007949
   140   12 Mg  -0.10519050E-02     -0.66008035
   141   12 Mg  -0.10477935E-02     -0.65750034
   142   12 Mg  -0.10477852E-02     -0.65749516
   143   12 Mg  -0.10477890E-02     -0.65749755
   144   12 Mg  -0.10477889E-02     -0.65749747
   145   12 Mg  -0.10477924E-02     -0.65749968
   146   12 Mg  -0.10477900E-02     -0.65749812
   147   12 Mg  -0.10593118E-02     -0.66472819
   148   12 Mg  -0.10593093E-02     -0.66472665
   149   12 Mg  -0.10593082E-02     -0.66472594
   150   31 Ga  -0.96561273E-03     -0.60593113
--------------------------------------------------

Dispersion energy:      -1.5737228701972E-01 Eh

[Info] Dispersion energy written to .EDISP
