-----------------------------------
 s i m p l e   D F T - D 3  v1.2.1
-----------------------------------

Zero (Chai-Head-Gordon) damping: pbe-D3(0)
--------------------
  s6         1.0000
  s8         0.7220
  s9         0.0000
 rs6         1.2170
 rs8         1.0000
 alp        14.0000
--------------------

Atomic radii (in Angstrom):
-------------------------------------------
   Z          R(cov)     R(vdw)      r4/r2
-------------------------------------------
   3 Li       1.6000     1.7478     2.6564
  33 As       1.5333     1.8313     2.6813
-------------------------------------------

Atomic reference systems (in atomic units):
----------------------------------------------------------------------------
   Z        #      CN    C6(AA)   #      CN    C6(AA)   #      CN    C6(AA)
----------------------------------------------------------------------------
   3 Li     1  0.0000 1163.4454   2  0.9865   85.3197
  33 As     1  0.0000  262.9498   2  0.9889  254.1924   3  1.9793  241.2494
            4  2.9709  224.2851
----------------------------------------------------------------------------

Dispersion properties (in atomic units):
--------------------------------------------------------
     #    Z                CN       C6(AA)       C8(AA)
--------------------------------------------------------
     1    3 Li         0.0052    1127.0695   85203.3663
     2    3 Li         0.0041    1127.3918   85227.7326
     3    3 Li         0.0053    1127.0548   85202.2591
     4    3 Li         0.0052    1127.0695   85203.3667
     5    3 Li         0.0040    1127.4093   85229.0602
     6    3 Li         0.0040    1127.4093   85229.0602
     7    3 Li         0.0052    1127.0695   85203.3663
     8    3 Li         0.0040    1127.4093   85229.0597
     9    3 Li         0.0041    1127.3918   85227.7326
    10    3 Li         0.0040    1127.4093   85229.0597
    11    3 Li         0.0041    1127.3918   85227.7326
    12    3 Li         0.0055    1126.9953   85197.7628
    13    3 Li         0.0055    1126.9953   85197.7628
    14    3 Li         0.0053    1127.0548   85202.2591
    15    3 Li         0.0037    1127.4977   85235.7406
    16    3 Li         0.0040    1127.4093   85229.0602
    17    3 Li         0.0055    1126.9953   85197.7628
    18    3 Li         0.0037    1127.4977   85235.7406
    19    3 Li         0.0055    1126.9953   85197.7628
    20    3 Li         0.0055    1126.9953   85197.7628
    21    3 Li         0.0040    1127.4093   85229.0597
    22    3 Li         0.0041    1127.3918   85227.7326
    23    3 Li         0.0052    1127.0695   85203.3663
    24    3 Li         0.0040    1127.4093   85229.0597
    25    3 Li         0.0055    1126.9953   85197.7628
    26    3 Li         0.0041    1127.3918   85227.7326
    27    3 Li         0.0041    1127.3918   85227.7326
    28    3 Li         0.0040    1127.4093   85229.0602
    29    3 Li         0.0052    1127.0695   85203.3667
    30    3 Li         0.0037    1127.4977   85235.7406
    31    3 Li         0.0053    1127.0548   85202.2591
    32    3 Li         0.0052    1127.0695   85203.3663
    33    3 Li         0.0037    1127.4977   85235.7406
    34    3 Li         0.0052    1127.0695   85203.3667
    35    3 Li         0.0055    1126.9953   85197.7628
    36    3 Li         0.0053    1127.0548   85202.2591
    37    3 Li         0.0053    1127.0548   85202.2591
    38    3 Li         0.0041    1127.3918   85227.7326
    39    3 Li         0.0053    1127.0548   85202.2591
    40    3 Li         0.0037    1127.4977   85235.7406
    41    3 Li         0.0053    1127.0548   85202.2591
    42    3 Li         0.0037    1127.4977   85235.7406
    43    3 Li         0.0052    1127.0695   85203.3667
    44    3 Li         0.0055    1126.9953   85197.7628
    45    3 Li         0.0053    1127.0548   85202.2591
    46    3 Li         0.0037    1127.4977   85235.7406
    47    3 Li         0.0041    1127.3918   85227.7326
    48    3 Li         0.0037    1127.4977   85235.7406
    49   33 As         0.0061     262.7679   20239.0439
    50   33 As         0.0053     262.7690   20239.1324
    51   33 As         0.0053     262.7690   20239.1324
    52   33 As         0.0066     262.7672   20238.9895
    53   33 As         0.0052     262.7691   20239.1411
    54   33 As         0.0053     262.7691   20239.1357
    55   33 As         0.0056     262.7686   20239.1021
    56   33 As         0.0053     262.7690   20239.1324
    57   33 As         0.0055     262.7688   20239.1135
    58   33 As         0.0054     262.7689   20239.1229
    59   33 As         0.0054     262.7689   20239.1229
    60   33 As         0.0066     262.7672   20238.9895
    61   33 As         0.0056     262.7686   20239.1021
    62   33 As         0.0056     262.7686   20239.1021
    63   33 As         0.0065     262.7674   20239.0043
    64   33 As         0.0064     262.7674   20239.0096
    65   33 As         0.0061     262.7679   20239.0439
    66   33 As         0.0053     262.7690   20239.1324
    67   33 As         0.0064     262.7674   20239.0096
    68   33 As         0.0066     262.7672   20238.9895
    69   33 As         0.0053     262.7691   20239.1361
    70   33 As         0.0061     262.7679   20239.0439
    71   33 As         0.0056     262.7686   20239.1021
    72   33 As         0.0061     262.7678   20239.0415
    73   33 As         0.0056     262.7686   20239.1021
    74   33 As         0.0052     262.7691   20239.1411
    75   33 As         0.0052     262.7691   20239.1411
    76   33 As         0.0053     262.7691   20239.1361
    77   33 As         0.0062     262.7677   20239.0329
    78   33 As         0.0062     262.7677   20239.0329
    79   33 As         0.0064     262.7674   20239.0096
    80   33 As         0.0062     262.7677   20239.0329
    81   33 As         0.0053     262.7691   20239.1361
    82   33 As         0.0062     262.7677   20239.0329
    83   33 As         0.0061     262.7679   20239.0439
    84   33 As         0.0064     262.7674   20239.0096
    85   33 As         0.0062     262.7678   20239.0378
    86   33 As         0.0066     262.7672   20238.9895
    87   33 As         0.0054     262.7689   20239.1229
    88   33 As         0.0061     262.7678   20239.0415
    89   33 As         0.0062     262.7677   20239.0329
    90   33 As         0.0055     262.7688   20239.1135
    91   33 As         0.0066     262.7672   20238.9895
    92   33 As         0.0062     262.7678   20239.0378
    93   33 As         0.0055     262.7688   20239.1135
    94   33 As         0.0056     262.7686   20239.1021
    95   33 As         0.0064     262.7674   20239.0096
    96   33 As         0.0053     262.7691   20239.1361
    97   33 As         0.0052     262.7691   20239.1411
    98   33 As         0.0053     262.7691   20239.1361
    99   33 As         0.0066     262.7672   20238.9895
   100   33 As         0.0053     262.7691   20239.1357
   101   33 As         0.0056     262.7686   20239.1021
   102   33 As         0.0061     262.7679   20239.0439
   103   33 As         0.0061     262.7678   20239.0415
   104   33 As         0.0061     262.7679   20239.0439
   105   33 As         0.0053     262.7691   20239.1361
   106   33 As         0.0055     262.7688   20239.1135
   107   33 As         0.0062     262.7678   20239.0378
   108   33 As         0.0062     262.7677   20239.0329
   109   33 As         0.0053     262.7691   20239.1361
   110   33 As         0.0064     262.7674   20239.0096
   111   33 As         0.0062     262.7678   20239.0378
   112   33 As         0.0065     262.7674   20239.0043
   113   33 As         0.0062     262.7677   20239.0329
   114   33 As         0.0055     262.7688   20239.1135
   115   33 As         0.0052     262.7691   20239.1411
   116   33 As         0.0061     262.7678   20239.0415
   117   33 As         0.0053     262.7690   20239.1324
   118   33 As         0.0061     262.7678   20239.0415
   119   33 As         0.0053     262.7690   20239.1324
   120   33 As         0.0061     262.7678   20239.0415
   121   33 As         0.0064     262.7674   20239.0096
   122   33 As         0.0053     262.7691   20239.1357
   123   33 As         0.0064     262.7674   20239.0096
   124   33 As         0.0054     262.7689   20239.1229
   125   33 As         0.0053     262.7691   20239.1357
   126   33 As         0.0065     262.7674   20239.0043
   127   33 As         0.0061     262.7678   20239.0415
   128   33 As         0.0065     262.7674   20239.0043
   129   33 As         0.0052     262.7691   20239.1411
   130   33 As         0.0066     262.7672   20238.9895
   131   33 As         0.0061     262.7679   20239.0439
   132   33 As         0.0055     262.7688   20239.1135
   133   33 As         0.0061     262.7678   20239.0415
   134   33 As         0.0053     262.7690   20239.1324
   135   33 As         0.0053     262.7691   20239.1357
   136   33 As         0.0054     262.7689   20239.1229
   137   33 As         0.0065     262.7674   20239.0043
   138   33 As         0.0054     262.7689   20239.1229
   139   33 As         0.0065     262.7674   20239.0043
   140   33 As         0.0052     262.7691   20239.1411
   141   33 As         0.0066     262.7672   20238.9895
   142   33 As         0.0055     262.7688   20239.1135
   143   33 As         0.0061     262.7679   20239.0439
   144   33 As         0.0062     262.7678   20239.0378
   145   33 As         0.0054     262.7689   20239.1229
   146   33 As         0.0052     262.7691   20239.1411
   147   33 As         0.0053     262.7691   20239.1361
   148   33 As         0.0062     262.7677   20239.0329
   149   33 As         0.0062     262.7678   20239.0378
   150   33 As         0.0062     262.7678   20239.0378
   151   33 As         0.0062     262.7678   20239.0378
   152   33 As         0.0053     262.7691   20239.1357
   153   33 As         0.0053     262.7691   20239.1357
   154   33 As         0.0065     262.7674   20239.0043
   155   33 As         0.0056     262.7686   20239.1021
   156   33 As         0.0053     262.7690   20239.1324
   157   33 As         0.0053     262.7691   20239.1357
   158   33 As         0.0055     262.7688   20239.1135
   159   33 As         0.0054     262.7689   20239.1229
   160   33 As         0.0065     262.7674   20239.0043
--------------------------------------------------------

Atom-resolved dispersion energies:
--------------------------------------------------
     #    Z           [Hartree]      [kcal/mol]
--------------------------------------------------
     1    3 Li  -0.18496594E-02     -1.16067877
     2    3 Li  -0.14973505E-02     -0.93960163
     3    3 Li  -0.16531369E-02     -1.03735904
     4    3 Li  -0.18496493E-02     -1.16067244
     5    3 Li  -0.13759612E-02     -0.86342871
     6    3 Li  -0.13759612E-02     -0.86342871
     7    3 Li  -0.18496594E-02     -1.16067877
     8    3 Li  -0.13759715E-02     -0.86343516
     9    3 Li  -0.14973508E-02     -0.93960179
    10    3 Li  -0.13759715E-02     -0.86343516
    11    3 Li  -0.14973508E-02     -0.93960179
    12    3 Li  -0.19515194E-02     -1.22459690
    13    3 Li  -0.19515194E-02     -1.22459690
    14    3 Li  -0.16531365E-02     -1.03735880
    15    3 Li  -0.12794940E-02     -0.80289460
    16    3 Li  -0.13759612E-02     -0.86342871
    17    3 Li  -0.19515190E-02     -1.22459667
    18    3 Li  -0.12794940E-02     -0.80289460
    19    3 Li  -0.19515194E-02     -1.22459690
    20    3 Li  -0.19515194E-02     -1.22459690
    21    3 Li  -0.13759715E-02     -0.86343516
    22    3 Li  -0.14973505E-02     -0.93960163
    23    3 Li  -0.18496594E-02     -1.16067877
    24    3 Li  -0.13759715E-02     -0.86343516
    25    3 Li  -0.19515190E-02     -1.22459667
    26    3 Li  -0.14973505E-02     -0.93960163
    27    3 Li  -0.14973505E-02     -0.93960163
    28    3 Li  -0.13759612E-02     -0.86342871
    29    3 Li  -0.18496493E-02     -1.16067244
    30    3 Li  -0.12794940E-02     -0.80289460
    31    3 Li  -0.16531365E-02     -1.03735880
    32    3 Li  -0.18496594E-02     -1.16067877
    33    3 Li  -0.12794947E-02     -0.80289508
    34    3 Li  -0.18496493E-02     -1.16067244
    35    3 Li  -0.19515190E-02     -1.22459667
    36    3 Li  -0.16531365E-02     -1.03735880
    37    3 Li  -0.16531365E-02     -1.03735880
    38    3 Li  -0.14973508E-02     -0.93960179
    39    3 Li  -0.16531369E-02     -1.03735904
    40    3 Li  -0.12794940E-02     -0.80289460
    41    3 Li  -0.16531369E-02     -1.03735904
    42    3 Li  -0.12794947E-02     -0.80289508
    43    3 Li  -0.18496493E-02     -1.16067244
    44    3 Li  -0.19515190E-02     -1.22459667
    45    3 Li  -0.16531369E-02     -1.03735904
    46    3 Li  -0.12794947E-02     -0.80289508
    47    3 Li  -0.14973508E-02     -0.93960179
    48    3 Li  -0.12794947E-02     -0.80289508
    49   33 As  -0.11567895E-02     -0.72589635
    50   33 As  -0.90052702E-03     -0.56508924
    51   33 As  -0.90052702E-03     -0.56508924
    52   33 As  -0.12125599E-02     -0.76089281
    53   33 As  -0.86663022E-03     -0.54381867
    54   33 As  -0.89637338E-03     -0.56248279
    55   33 As  -0.87893330E-03     -0.55153898
    56   33 As  -0.90052611E-03     -0.56508867
    57   33 As  -0.83462526E-03     -0.52373526
    58   33 As  -0.89154448E-03     -0.55945261
    59   33 As  -0.89154448E-03     -0.55945261
    60   33 As  -0.12125535E-02     -0.76088879
    61   33 As  -0.87893330E-03     -0.55153898
    62   33 As  -0.87893201E-03     -0.55153816
    63   33 As  -0.11863516E-02     -0.74444684
    64   33 As  -0.12114875E-02     -0.76021990
    65   33 As  -0.11567895E-02     -0.72589635
    66   33 As  -0.90052611E-03     -0.56508867
    67   33 As  -0.12114878E-02     -0.76022007
    68   33 As  -0.12125599E-02     -0.76089281
    69   33 As  -0.89473712E-03     -0.56145602
    70   33 As  -0.11567911E-02     -0.72589736
    71   33 As  -0.87893201E-03     -0.55153816
    72   33 As  -0.10813338E-02     -0.67854721
    73   33 As  -0.87893201E-03     -0.55153816
    74   33 As  -0.86663022E-03     -0.54381867
    75   33 As  -0.86663007E-03     -0.54381858
    76   33 As  -0.89473731E-03     -0.56145614
    77   33 As  -0.11270427E-02     -0.70722998
    78   33 As  -0.11270427E-02     -0.70722998
    79   33 As  -0.12114875E-02     -0.76021990
    80   33 As  -0.11270427E-02     -0.70722998
    81   33 As  -0.89473712E-03     -0.56145602
    82   33 As  -0.11270427E-02     -0.70722998
    83   33 As  -0.11567911E-02     -0.72589736
    84   33 As  -0.12114875E-02     -0.76021990
    85   33 As  -0.11341237E-02     -0.71167336
    86   33 As  -0.12125535E-02     -0.76088879
    87   33 As  -0.89154418E-03     -0.55945242
    88   33 As  -0.10813410E-02     -0.67855170
    89   33 As  -0.11270427E-02     -0.70722998
    90   33 As  -0.83462526E-03     -0.52373526
    91   33 As  -0.12125535E-02     -0.76088879
    92   33 As  -0.11341237E-02     -0.71167336
    93   33 As  -0.83462506E-03     -0.52373513
    94   33 As  -0.87893330E-03     -0.55153898
    95   33 As  -0.12114878E-02     -0.76022007
    96   33 As  -0.89473731E-03     -0.56145614
    97   33 As  -0.86663007E-03     -0.54381858
    98   33 As  -0.89473731E-03     -0.56145614
    99   33 As  -0.12125535E-02     -0.76088879
   100   33 As  -0.89637338E-03     -0.56248279
   101   33 As  -0.87893330E-03     -0.55153898
   102   33 As  -0.11567911E-02     -0.72589736
   103   33 As  -0.10813410E-02     -0.67855170
   104   33 As  -0.11567911E-02     -0.72589736
   105   33 As  -0.89473712E-03     -0.56145602
   106   33 As  -0.83462506E-03     -0.52373513
   107   33 As  -0.11341236E-02     -0.71167332
   108   33 As  -0.11270427E-02     -0.70722998
   109   33 As  -0.89473712E-03     -0.56145602
   110   33 As  -0.12114875E-02     -0.76021990
   111   33 As  -0.11341236E-02     -0.71167332
   112   33 As  -0.11863516E-02     -0.74444684
   113   33 As  -0.11270427E-02     -0.70722998
   114   33 As  -0.83462506E-03     -0.52373513
   115   33 As  -0.86663022E-03     -0.54381867
   116   33 As  -0.10813410E-02     -0.67855170
   117   33 As  -0.90052702E-03     -0.56508924
   118   33 As  -0.10813338E-02     -0.67854721
   119   33 As  -0.90052702E-03     -0.56508924
   120   33 As  -0.10813338E-02     -0.67854721
   121   33 As  -0.12114878E-02     -0.76022007
   122   33 As  -0.89637346E-03     -0.56248284
   123   33 As  -0.12114878E-02     -0.76022007
   124   33 As  -0.89154418E-03     -0.55945242
   125   33 As  -0.89637346E-03     -0.56248284
   126   33 As  -0.11863516E-02     -0.74444686
   127   33 As  -0.10813410E-02     -0.67855170
   128   33 As  -0.11863516E-02     -0.74444686
   129   33 As  -0.86663022E-03     -0.54381867
   130   33 As  -0.12125599E-02     -0.76089281
   131   33 As  -0.11567895E-02     -0.72589635
   132   33 As  -0.83462526E-03     -0.52373526
   133   33 As  -0.10813338E-02     -0.67854721
   134   33 As  -0.90052611E-03     -0.56508867
   135   33 As  -0.89637338E-03     -0.56248279
   136   33 As  -0.89154448E-03     -0.55945261
   137   33 As  -0.11863516E-02     -0.74444684
   138   33 As  -0.89154448E-03     -0.55945261
   139   33 As  -0.11863516E-02     -0.74444686
   140   33 As  -0.86663007E-03     -0.54381858
   141   33 As  -0.12125599E-02     -0.76089281
   142   33 As  -0.83462526E-03     -0.52373526
   143   33 As  -0.11567895E-02     -0.72589635
   144   33 As  -0.11341236E-02     -0.71167332
   145   33 As  -0.89154418E-03     -0.55945242
   146   33 As  -0.86663007E-03     -0.54381858
   147   33 As  -0.89473731E-03     -0.56145614
   148   33 As  -0.11270427E-02     -0.70722998
   149   33 As  -0.11341236E-02     -0.71167332
   150   33 As  -0.11341237E-02     -0.71167336
   151   33 As  -0.11341237E-02     -0.71167336
   152   33 As  -0.89637338E-03     -0.56248279
   153   33 As  -0.89637346E-03     -0.56248284
   154   33 As  -0.11863516E-02     -0.74444686
   155   33 As  -0.87893201E-03     -0.55153816
   156   33 As  -0.90052611E-03     -0.56508867
   157   33 As  -0.89637346E-03     -0.56248284
   158   33 As  -0.83462506E-03     -0.52373513
   159   33 As  -0.89154418E-03     -0.55945242
   160   33 As  -0.11863516E-02     -0.74444684
--------------------------------------------------

Dispersion energy:      -1.9104144788798E-01 Eh

[Info] Dispersion energy written to .EDISP
