-----------------------------------
 s i m p l e   D F T - D 3  v1.2.1
-----------------------------------

Zero (Chai-Head-Gordon) damping: pbe-D3(0)
--------------------
  s6         1.0000
  s8         0.7220
  s9         0.0000
 rs6         1.2170
 rs8         1.0000
 alp        14.0000
--------------------

Atomic radii (in Angstrom):
-------------------------------------------
   Z          R(cov)     R(vdw)      r4/r2
-------------------------------------------
   3 Li       1.6000     1.7478     2.6564
  14 Si       1.3867     1.8959     2.5839
-------------------------------------------

Atomic reference systems (in atomic units):
----------------------------------------------------------------------------
   Z        #      CN    C6(AA)   #      CN    C6(AA)   #      CN    C6(AA)
----------------------------------------------------------------------------
   3 Li     1  0.0000 1163.4454   2  0.9865   85.3197
  14 Si     1  0.0000  317.8574   2  0.9507  270.2650   3  1.9435  233.1254
            4  2.9407  221.5046   5  3.8677  149.7734
----------------------------------------------------------------------------

Dispersion properties (in atomic units):
--------------------------------------------------------
     #    Z                CN       C6(AA)       C8(AA)
--------------------------------------------------------
     1    3 Li         0.4500     549.3151   41526.7169
     2    3 Li         0.4548     538.2753   40692.1367
     3    3 Li         0.4518     545.1078   41208.6561
     4    3 Li         0.4512     546.5727   41319.4024
     5    3 Li         0.4508     547.4896   41388.7175
     6    3 Li         0.4508     547.4282   41384.0762
     7    3 Li         0.3985     667.7950   50483.4722
     8    3 Li         0.3982     668.4761   50534.9659
     9    3 Li         0.3977     669.5460   50615.8419
    10    3 Li         0.3982     668.5907   50543.6258
    11    3 Li         0.3976     669.9101   50643.3726
    12    3 Li         0.3981     668.6322   50546.7616
    13    3 Li         0.3459     782.6039   59162.7113
    14    3 Li         0.3463     781.6935   59093.8897
    15    3 Li         0.3494     775.3888   58617.2712
    16    3 Li         0.3461     782.2265   59134.1786
    17    3 Li         0.3490     776.0360   58666.1994
    18    3 Li         0.3456     783.0570   59196.9692
    19    3 Li         0.5491     344.4857   26042.1762
    20    3 Li         0.5475     347.2432   26250.6342
    21    3 Li         0.5543     335.4066   25355.8241
    22    3 Li         0.5484     345.7199   26135.4777
    23    3 Li         0.5535     336.7574   25457.9410
    24    3 Li         0.5494     343.9799   26003.9421
    25    3 Li         0.4490     551.7028   41707.2224
    26    3 Li         0.4471     555.9640   42029.3533
    27    3 Li         0.4527     543.1013   41056.9754
    28    3 Li         0.4460     558.4455   42216.9548
    29    3 Li         0.4530     542.4233   41005.7199
    30    3 Li         0.4486     552.4883   41766.6023
    31    3 Li         0.5439     353.6214   26732.8082
    32    3 Li         0.5463     349.4242   26415.5143
    33    3 Li         0.5447     352.2149   26626.4858
    34    3 Li         0.5456     350.6603   26508.9610
    35    3 Li         0.5440     353.4772   26721.9093
    36    3 Li         0.5436     354.1546   26773.1170
    37    3 Li         0.4440     563.0561   42565.5020
    38    3 Li         0.4441     562.9098   42554.4406
    39    3 Li         0.4431     565.1345   42722.6223
    40    3 Li         0.4440     563.0495   42564.9987
    41    3 Li         0.4429     565.5508   42754.0956
    42    3 Li         0.4431     565.2171   42728.8659
    43   14 Si         0.2741     309.0788   22107.3717
    44   14 Si         0.2766     308.9422   22097.6012
    45   14 Si         0.2767     308.9362   22097.1673
    46   14 Si         0.2765     308.9464   22097.9022
    47   14 Si         0.2766     308.9429   22097.6489
    48   14 Si         0.2744     309.0646   22106.3523
    49   14 Si         0.2910     308.1206   22038.8319
    50   14 Si         0.2910     308.1195   22038.7551
    51   14 Si         0.2896     308.2027   22044.7026
    52   14 Si         0.2904     308.1571   22041.4457
    53   14 Si         0.2898     308.1915   22043.9041
    54   14 Si         0.2912     308.1096   22038.0458
    55   14 Si         0.2894     308.2136   22045.4865
    56   14 Si         0.2888     308.2486   22047.9867
    57   14 Si         0.2897     308.1969   22044.2920
    58   14 Si         0.2893     308.2184   22045.8246
    59   14 Si         0.2898     308.1882   22043.6676
    60   14 Si         0.2897     308.1979   22044.3584
--------------------------------------------------------

Atom-resolved dispersion energies:
--------------------------------------------------
     #    Z           [Hartree]      [kcal/mol]
--------------------------------------------------
     1    3 Li  -0.12852249E-01     -8.06490786
     2    3 Li  -0.12729121E-01     -7.98764383
     3    3 Li  -0.12799947E-01     -8.03208773
     4    3 Li  -0.12837899E-01     -8.05590328
     5    3 Li  -0.12846432E-01     -8.06125793
     6    3 Li  -0.12845964E-01     -8.06096403
     7    3 Li  -0.13200703E-01     -8.28356649
     8    3 Li  -0.13183959E-01     -8.27305897
     9    3 Li  -0.13221150E-01     -8.29639679
    10    3 Li  -0.13185050E-01     -8.27374375
    11    3 Li  -0.13218641E-01     -8.29482254
    12    3 Li  -0.13207967E-01     -8.28812452
    13    3 Li  -0.14603579E-01     -9.16388407
    14    3 Li  -0.14594179E-01     -9.15798583
    15    3 Li  -0.14543393E-01     -9.12611671
    16    3 Li  -0.14594825E-01     -9.15839087
    17    3 Li  -0.14547249E-01     -9.12853632
    18    3 Li  -0.14610370E-01     -9.16814562
    19    3 Li  -0.90854704E-02     -5.70121878
    20    3 Li  -0.91177763E-02     -5.72149099
    21    3 Li  -0.89388118E-02     -5.60918911
    22    3 Li  -0.90993971E-02     -5.70995787
    23    3 Li  -0.89569321E-02     -5.62055974
    24    3 Li  -0.90774414E-02     -5.69618047
    25    3 Li  -0.11877787E-01     -7.45342401
    26    3 Li  -0.11918693E-01     -7.47909303
    27    3 Li  -0.11777378E-01     -7.39041603
    28    3 Li  -0.11946012E-01     -7.49623592
    29    3 Li  -0.11764532E-01     -7.38235508
    30    3 Li  -0.11887476E-01     -7.45950380
    31    3 Li  -0.91975265E-02     -5.77153504
    32    3 Li  -0.91564194E-02     -5.74573991
    33    3 Li  -0.91899462E-02     -5.76677833
    34    3 Li  -0.91714456E-02     -5.75516904
    35    3 Li  -0.92085314E-02     -5.77844068
    36    3 Li  -0.92061326E-02     -5.77693541
    37    3 Li  -0.12050947E-01     -7.56208349
    38    3 Li  -0.12044806E-01     -7.55822982
    39    3 Li  -0.12071430E-01     -7.57493660
    40    3 Li  -0.12046091E-01     -7.55903625
    41    3 Li  -0.12080057E-01     -7.58035030
    42    3 Li  -0.12071419E-01     -7.57492961
    43   14 Si  -0.59151457E-02     -3.71180998
    44   14 Si  -0.59139370E-02     -3.71105149
    45   14 Si  -0.59097611E-02     -3.70843108
    46   14 Si  -0.59129246E-02     -3.71041621
    47   14 Si  -0.59106162E-02     -3.70896768
    48   14 Si  -0.59145157E-02     -3.71141461
    49   14 Si  -0.58653486E-02     -3.68056180
    50   14 Si  -0.58636763E-02     -3.67951245
    51   14 Si  -0.58706087E-02     -3.68386255
    52   14 Si  -0.58657945E-02     -3.68084165
    53   14 Si  -0.58687619E-02     -3.68270369
    54   14 Si  -0.58631010E-02     -3.67915140
    55   14 Si  -0.58734522E-02     -3.68564691
    56   14 Si  -0.58722734E-02     -3.68490720
    57   14 Si  -0.58642218E-02     -3.67985474
    58   14 Si  -0.58704636E-02     -3.68377150
    59   14 Si  -0.58635673E-02     -3.67944404
    60   14 Si  -0.58719932E-02     -3.68473138
--------------------------------------------------

Dispersion energy:      -6.0245529736505E-01 Eh

[Info] Dispersion energy written to .EDISP
