-----------------------------------
 s i m p l e   D F T - D 3  v1.2.1
-----------------------------------

Zero (Chai-Head-Gordon) damping: pbe-D3(0)
--------------------
  s6         1.0000
  s8         0.7220
  s9         0.0000
 rs6         1.2170
 rs8         1.0000
 alp        14.0000
--------------------

Atomic radii (in Angstrom):
-------------------------------------------
   Z          R(cov)     R(vdw)      r4/r2
-------------------------------------------
  25 Mn       1.4267     1.7731     3.0718
   8 O        0.8400     1.2408     1.3725
-------------------------------------------

Atomic reference systems (in atomic units):
----------------------------------------------------------------------------
   Z        #      CN    C6(AA)   #      CN    C6(AA)   #      CN    C6(AA)
----------------------------------------------------------------------------
  25 Mn     1  0.0000  802.7484   2  1.6406  239.5554   3  9.8849  113.8463
   8 O      1  0.0000   15.5059   2  0.9925   12.8161   3  1.9887   10.3708
----------------------------------------------------------------------------

Dispersion properties (in atomic units):
--------------------------------------------------------
     #    Z                CN       C6(AA)       C8(AA)
--------------------------------------------------------
     1   25 Mn        12.3818     113.8463   11508.8363
     2   25 Mn        12.3818     113.8463   11508.8363
     3   25 Mn        12.3818     113.8463   11508.8363
     4   25 Mn        11.9018     113.8463   11508.8363
     5   25 Mn        11.9018     113.8463   11508.8363
     6   25 Mn        11.9018     113.8463   11508.8363
     7   25 Mn        12.3313     113.8463   11508.8363
     8   25 Mn        10.7978     113.8463   11508.8363
     9   25 Mn        12.3059     113.8463   11508.8363
    10   25 Mn        12.3313     113.8463   11508.8363
    11   25 Mn        12.3375     113.8463   11508.8363
    12   25 Mn        12.3313     113.8463   11508.8363
    13   25 Mn        12.3375     113.8463   11508.8363
    14   25 Mn        12.3339     113.8463   11508.8363
    15   25 Mn        12.3384     113.8463   11508.8363
    16   25 Mn        12.3375     113.8463   11508.8363
    17   25 Mn        12.3383     113.8463   11508.8363
    18   25 Mn        12.3384     113.8463   11508.8363
    19   25 Mn        12.3384     113.8463   11508.8363
    20   25 Mn        12.7035     113.8463   11508.8363
    21   25 Mn        12.7035     113.8463   11508.8363
    22   25 Mn        12.3425     113.8463   11508.8363
    23   25 Mn        12.7035     113.8463   11508.8363
    24   25 Mn        10.5657     113.8463   11508.8363
    25    8 O          2.6092      10.3711     209.2945
    26    8 O          2.6092      10.3711     209.2945
    27    8 O          3.4752      10.3708     209.2884
    28    8 O          2.6092      10.3711     209.2945
    29    8 O          3.3737      10.3708     209.2884
    30    8 O          2.4518      10.3719     209.3099
    31    8 O          4.2608      10.3708     209.2884
    32    8 O          2.4518      10.3719     209.3099
    33    8 O          3.3927      10.3708     209.2884
    34    8 O          3.3737      10.3708     209.2884
    35    8 O          2.4518      10.3719     209.3099
    36    8 O          3.3737      10.3708     209.2884
    37    8 O          3.4163      10.3708     209.2884
    38    8 O          3.4299      10.3708     209.2884
    39    8 O          3.4123      10.3708     209.2884
    40    8 O          4.2891      10.3708     209.2884
    41    8 O          3.4163      10.3708     209.2884
    42    8 O          3.4299      10.3708     209.2884
    43    8 O          3.4163      10.3708     209.2884
    44    8 O          3.4299      10.3708     209.2884
    45    8 O          3.4177      10.3708     209.2884
    46    8 O          3.4179      10.3708     209.2884
    47    8 O          3.4137      10.3708     209.2884
    48    8 O          3.4179      10.3708     209.2884
    49    8 O          3.4179      10.3708     209.2884
    50    8 O          3.4177      10.3708     209.2884
    51    8 O          3.4179      10.3708     209.2884
    52    8 O          3.4177      10.3708     209.2884
    53    8 O          3.4188      10.3708     209.2884
    54    8 O          3.4186      10.3708     209.2884
    55    8 O          3.4173      10.3708     209.2884
    56    8 O          3.4188      10.3708     209.2884
    57    8 O          3.4186      10.3708     209.2884
    58    8 O          3.4184      10.3708     209.2884
    59    8 O          3.4188      10.3708     209.2884
    60    8 O          3.4186      10.3708     209.2884
    61    8 O          3.4804      10.3708     209.2884
    62    8 O          3.4187      10.3708     209.2884
    63    8 O          3.4829      10.3708     209.2884
    64    8 O          3.4171      10.3708     209.2884
    65    8 O          3.4187      10.3708     209.2884
    66    8 O          3.4804      10.3708     209.2884
    67    8 O          3.4187      10.3708     209.2884
    68    8 O          3.4804      10.3708     209.2884
    69    8 O          3.3758      10.3708     209.2884
    70    8 O          3.3758      10.3708     209.2884
    71    8 O          3.3820      10.3708     209.2884
    72    8 O          3.3758      10.3708     209.2884
--------------------------------------------------------

Atom-resolved dispersion energies:
--------------------------------------------------
     #    Z           [Hartree]      [kcal/mol]
--------------------------------------------------
     1   25 Mn  -0.11812353E-01     -7.41236362
     2   25 Mn  -0.11812353E-01     -7.41236351
     3   25 Mn  -0.11812353E-01     -7.41236362
     4   25 Mn  -0.11930130E-01     -7.48626946
     5   25 Mn  -0.11930130E-01     -7.48626939
     6   25 Mn  -0.11930130E-01     -7.48626946
     7   25 Mn  -0.11998421E-01     -7.52912274
     8   25 Mn  -0.11127902E-01     -6.98286392
     9   25 Mn  -0.11866138E-01     -7.44611430
    10   25 Mn  -0.11998421E-01     -7.52912265
    11   25 Mn  -0.12031075E-01     -7.54961362
    12   25 Mn  -0.11998421E-01     -7.52912274
    13   25 Mn  -0.12031075E-01     -7.54961359
    14   25 Mn  -0.12016381E-01     -7.54039314
    15   25 Mn  -0.12114330E-01     -7.60185715
    16   25 Mn  -0.12031075E-01     -7.54961362
    17   25 Mn  -0.12047728E-01     -7.56006369
    18   25 Mn  -0.12114331E-01     -7.60185733
    19   25 Mn  -0.12114330E-01     -7.60185715
    20   25 Mn  -0.11956737E-01     -7.50296574
    21   25 Mn  -0.11956737E-01     -7.50296570
    22   25 Mn  -0.12256427E-01     -7.69102435
    23   25 Mn  -0.11956737E-01     -7.50296574
    24   25 Mn  -0.11511267E-01     -7.22342914
    25    8 O   -0.43097308E-02     -2.70439691
    26    8 O   -0.43097312E-02     -2.70439713
    27    8 O   -0.44453204E-02     -2.78948065
    28    8 O   -0.43097308E-02     -2.70439691
    29    8 O   -0.43565589E-02     -2.73378197
    30    8 O   -0.43798825E-02     -2.74841779
    31    8 O   -0.45749083E-02     -2.87079833
    32    8 O   -0.43798824E-02     -2.74841769
    33    8 O   -0.44824815E-02     -2.81279963
    34    8 O   -0.43565597E-02     -2.73378248
    35    8 O   -0.43798825E-02     -2.74841779
    36    8 O   -0.43565589E-02     -2.73378197
    37    8 O   -0.44014167E-02     -2.76193071
    38    8 O   -0.43319945E-02     -2.71836757
    39    8 O   -0.44060820E-02     -2.76485818
    40    8 O   -0.44060001E-02     -2.76480680
    41    8 O   -0.44014161E-02     -2.76193027
    42    8 O   -0.43319943E-02     -2.71836748
    43    8 O   -0.44014167E-02     -2.76193071
    44    8 O   -0.43319945E-02     -2.71836757
    45    8 O   -0.44058515E-02     -2.76471355
    46    8 O   -0.44107429E-02     -2.76778296
    47    8 O   -0.44117975E-02     -2.76844474
    48    8 O   -0.44140430E-02     -2.76985378
    49    8 O   -0.44107432E-02     -2.76778316
    50    8 O   -0.44058509E-02     -2.76471317
    51    8 O   -0.44107429E-02     -2.76778296
    52    8 O   -0.44058515E-02     -2.76471355
    53    8 O   -0.44139948E-02     -2.76982358
    54    8 O   -0.44218783E-02     -2.77477055
    55    8 O   -0.44104151E-02     -2.76757725
    56    8 O   -0.44139948E-02     -2.76982357
    57    8 O   -0.44218783E-02     -2.77477053
    58    8 O   -0.44596516E-02     -2.79847363
    59    8 O   -0.44139948E-02     -2.76982358
    60    8 O   -0.44218783E-02     -2.77477055
    61    8 O   -0.43524212E-02     -2.73118554
    62    8 O   -0.44592711E-02     -2.79823487
    63    8 O   -0.44188839E-02     -2.77289150
    64    8 O   -0.44226516E-02     -2.77525576
    65    8 O   -0.44592710E-02     -2.79823482
    66    8 O   -0.43524211E-02     -2.73118550
    67    8 O   -0.44592711E-02     -2.79823487
    68    8 O   -0.43524212E-02     -2.73118554
    69    8 O   -0.44754959E-02     -2.80841610
    70    8 O   -0.44754955E-02     -2.80841580
    71    8 O   -0.45854933E-02     -2.87744048
    72    8 O   -0.44754959E-02     -2.80841610
--------------------------------------------------

Dispersion energy:      -4.9795042910316E-01 Eh

[Info] Dispersion energy written to .EDISP
