-----------------------------------
 s i m p l e   D F T - D 3  v1.2.1
-----------------------------------

Zero (Chai-Head-Gordon) damping: pbe-D3(0)
--------------------
  s6         1.0000
  s8         0.7220
  s9         0.0000
 rs6         1.2170
 rs8         1.0000
 alp        14.0000
--------------------

Atomic radii (in Angstrom):
-------------------------------------------
   Z          R(cov)     R(vdw)      r4/r2
-------------------------------------------
  25 Mn       1.4267     1.7731     3.0718
   8 O        0.8400     1.2408     1.3725
-------------------------------------------

Atomic reference systems (in atomic units):
----------------------------------------------------------------------------
   Z        #      CN    C6(AA)   #      CN    C6(AA)   #      CN    C6(AA)
----------------------------------------------------------------------------
  25 Mn     1  0.0000  802.7484   2  1.6406  239.5554   3  9.8849  113.8463
   8 O      1  0.0000   15.5059   2  0.9925   12.8161   3  1.9887   10.3708
----------------------------------------------------------------------------

Dispersion properties (in atomic units):
--------------------------------------------------------
     #    Z                CN       C6(AA)       C8(AA)
--------------------------------------------------------
     1   25 Mn         0.0024     802.7318   81148.9556
     2   25 Mn         0.0024     802.7318   81148.9556
     3   25 Mn         0.0024     802.7318   81148.9556
     4   25 Mn         0.0024     802.7318   81148.9559
     5   25 Mn         0.0024     802.7318   81148.9559
     6   25 Mn         0.0024     802.7318   81148.9559
     7   25 Mn         0.0023     802.7318   81148.9575
     8   25 Mn         0.0017     802.7319   81148.9712
     9   25 Mn         0.0023     802.7318   81148.9577
    10   25 Mn         0.0023     802.7318   81148.9575
    11   25 Mn         0.0023     802.7318   81148.9573
    12   25 Mn         0.0023     802.7318   81148.9575
    13   25 Mn         0.0023     802.7318   81148.9573
    14   25 Mn         0.0023     802.7318   81148.9574
    15   25 Mn         0.0023     802.7318   81148.9573
    16   25 Mn         0.0023     802.7318   81148.9573
    17   25 Mn         0.0023     802.7318   81148.9572
    18   25 Mn         0.0023     802.7318   81148.9573
    19   25 Mn         0.0023     802.7318   81148.9573
    20   25 Mn         0.0023     802.7318   81148.9567
    21   25 Mn         0.0023     802.7318   81148.9567
    22   25 Mn         0.0023     802.7318   81148.9570
    23   25 Mn         0.0023     802.7318   81148.9567
    24   25 Mn         0.0015     802.7319   81148.9743
    25    8 O          0.0010      15.4510     311.8100
    26    8 O          0.0010      15.4510     311.8100
    27    8 O          0.0011      15.4510     311.8092
    28    8 O          0.0010      15.4510     311.8100
    29    8 O          0.0010      15.4510     311.8098
    30    8 O          0.0009      15.4510     311.8103
    31    8 O          0.0010      15.4510     311.8093
    32    8 O          0.0009      15.4510     311.8103
    33    8 O          0.0010      15.4510     311.8093
    34    8 O          0.0010      15.4510     311.8098
    35    8 O          0.0009      15.4510     311.8103
    36    8 O          0.0010      15.4510     311.8098
    37    8 O          0.0010      15.4510     311.8098
    38    8 O          0.0010      15.4510     311.8099
    39    8 O          0.0010      15.4510     311.8098
    40    8 O          0.0010      15.4510     311.8098
    41    8 O          0.0010      15.4510     311.8098
    42    8 O          0.0010      15.4510     311.8099
    43    8 O          0.0010      15.4510     311.8098
    44    8 O          0.0010      15.4510     311.8099
    45    8 O          0.0010      15.4510     311.8098
    46    8 O          0.0010      15.4510     311.8098
    47    8 O          0.0010      15.4510     311.8098
    48    8 O          0.0010      15.4510     311.8098
    49    8 O          0.0010      15.4510     311.8098
    50    8 O          0.0010      15.4510     311.8098
    51    8 O          0.0010      15.4510     311.8098
    52    8 O          0.0010      15.4510     311.8098
    53    8 O          0.0010      15.4510     311.8097
    54    8 O          0.0010      15.4510     311.8098
    55    8 O          0.0010      15.4510     311.8098
    56    8 O          0.0010      15.4510     311.8097
    57    8 O          0.0010      15.4510     311.8098
    58    8 O          0.0010      15.4510     311.8098
    59    8 O          0.0010      15.4510     311.8097
    60    8 O          0.0010      15.4510     311.8098
    61    8 O          0.0010      15.4510     311.8097
    62    8 O          0.0010      15.4510     311.8097
    63    8 O          0.0010      15.4510     311.8100
    64    8 O          0.0010      15.4510     311.8098
    65    8 O          0.0010      15.4510     311.8097
    66    8 O          0.0010      15.4510     311.8097
    67    8 O          0.0010      15.4510     311.8097
    68    8 O          0.0010      15.4510     311.8097
    69    8 O          0.0010      15.4510     311.8093
    70    8 O          0.0010      15.4510     311.8093
    71    8 O          0.0010      15.4510     311.8095
    72    8 O          0.0010      15.4510     311.8093
--------------------------------------------------------

Atom-resolved dispersion energies:
--------------------------------------------------
     #    Z           [Hartree]      [kcal/mol]
--------------------------------------------------
     1   25 Mn  -0.13248243E-02     -0.83133979
     2   25 Mn  -0.13248254E-02     -0.83134047
     3   25 Mn  -0.13248243E-02     -0.83133979
     4   25 Mn  -0.13363353E-02     -0.83856306
     5   25 Mn  -0.13363339E-02     -0.83856221
     6   25 Mn  -0.13363353E-02     -0.83856306
     7   25 Mn  -0.13865936E-02     -0.87010061
     8   25 Mn  -0.90445248E-03     -0.56755250
     9   25 Mn  -0.13705565E-02     -0.86003719
    10   25 Mn  -0.13865909E-02     -0.87009895
    11   25 Mn  -0.13913860E-02     -0.87310793
    12   25 Mn  -0.13865936E-02     -0.87010061
    13   25 Mn  -0.13913858E-02     -0.87310780
    14   25 Mn  -0.13889500E-02     -0.87157930
    15   25 Mn  -0.13918700E-02     -0.87341160
    16   25 Mn  -0.13913860E-02     -0.87310793
    17   25 Mn  -0.13930201E-02     -0.87413333
    18   25 Mn  -0.13918698E-02     -0.87341147
    19   25 Mn  -0.13918700E-02     -0.87341160
    20   25 Mn  -0.13725383E-02     -0.86128076
    21   25 Mn  -0.13725374E-02     -0.86128025
    22   25 Mn  -0.13954319E-02     -0.87564672
    23   25 Mn  -0.13725383E-02     -0.86128076
    24   25 Mn  -0.86837155E-03     -0.54491137
    25    8 O   -0.31495590E-03     -0.19763781
    26    8 O   -0.31495693E-03     -0.19763846
    27    8 O   -0.38629416E-03     -0.24240325
    28    8 O   -0.31495590E-03     -0.19763781
    29    8 O   -0.36993955E-03     -0.23214057
    30    8 O   -0.30510705E-03     -0.19145756
    31    8 O   -0.41951751E-03     -0.26325121
    32    8 O   -0.30510603E-03     -0.19145692
    33    8 O   -0.38208262E-03     -0.23976046
    34    8 O   -0.36993953E-03     -0.23214056
    35    8 O   -0.30510705E-03     -0.19145756
    36    8 O   -0.36993955E-03     -0.23214057
    37    8 O   -0.37020443E-03     -0.23230679
    38    8 O   -0.37003058E-03     -0.23219770
    39    8 O   -0.37235146E-03     -0.23365407
    40    8 O   -0.40435800E-03     -0.25373848
    41    8 O   -0.37020267E-03     -0.23230569
    42    8 O   -0.37003060E-03     -0.23219771
    43    8 O   -0.37020443E-03     -0.23230679
    44    8 O   -0.37003058E-03     -0.23219770
    45    8 O   -0.37199790E-03     -0.23343221
    46    8 O   -0.37257028E-03     -0.23379138
    47    8 O   -0.37169228E-03     -0.23324042
    48    8 O   -0.37242870E-03     -0.23370254
    49    8 O   -0.37257029E-03     -0.23379138
    50    8 O   -0.37199613E-03     -0.23343110
    51    8 O   -0.37257028E-03     -0.23379138
    52    8 O   -0.37199790E-03     -0.23343221
    53    8 O   -0.37291549E-03     -0.23400800
    54    8 O   -0.37280735E-03     -0.23394015
    55    8 O   -0.37211310E-03     -0.23350449
    56    8 O   -0.37291550E-03     -0.23400801
    57    8 O   -0.37280737E-03     -0.23394016
    58    8 O   -0.37250404E-03     -0.23374981
    59    8 O   -0.37291549E-03     -0.23400800
    60    8 O   -0.37280735E-03     -0.23394015
    61    8 O   -0.37580294E-03     -0.23581990
    62    8 O   -0.37280123E-03     -0.23393630
    63    8 O   -0.36787052E-03     -0.23084223
    64    8 O   -0.37227948E-03     -0.23360890
    65    8 O   -0.37280124E-03     -0.23393631
    66    8 O   -0.37580213E-03     -0.23581939
    67    8 O   -0.37280123E-03     -0.23393630
    68    8 O   -0.37580294E-03     -0.23581990
    69    8 O   -0.38435552E-03     -0.24118673
    70    8 O   -0.38435649E-03     -0.24118734
    71    8 O   -0.37759019E-03     -0.23694142
    72    8 O   -0.38435552E-03     -0.24118673
--------------------------------------------------

Dispersion energy:      -4.9562964189246E-02 Eh

[Info] Dispersion energy written to .EDISP
