-----------------------------------
 s i m p l e   D F T - D 3  v1.2.1
-----------------------------------

Zero (Chai-Head-Gordon) damping: pbe-D3(0)
--------------------
  s6         1.0000
  s8         0.7220
  s9         0.0000
 rs6         1.2170
 rs8         1.0000
 alp        14.0000
--------------------

Atomic radii (in Angstrom):
-------------------------------------------
   Z          R(cov)     R(vdw)      r4/r2
-------------------------------------------
  25 Mn       1.4267     1.7731     3.0718
  51 Sb       1.6800     2.0075     3.1650
-------------------------------------------

Atomic reference systems (in atomic units):
----------------------------------------------------------------------------
   Z        #      CN    C6(AA)   #      CN    C6(AA)   #      CN    C6(AA)
----------------------------------------------------------------------------
  25 Mn     1  0.0000  802.7484   2  1.6406  239.5554   3  9.8849  113.8463
  51 Sb     1  0.0000  492.9379   2  0.9749  473.4703   3  1.9523  448.0573
            4  2.9315  417.3790
----------------------------------------------------------------------------

Dispersion properties (in atomic units):
--------------------------------------------------------
     #    Z                CN       C6(AA)       C8(AA)
--------------------------------------------------------
     1   25 Mn        10.2595     113.8463   11508.8363
     2   25 Mn         9.2930     113.8463   11508.8363
     3   25 Mn         9.2930     113.8463   11508.8363
     4   25 Mn         9.3109     113.8463   11508.8363
     5   25 Mn        10.2595     113.8463   11508.8363
     6   25 Mn         9.2942     113.8463   11508.8363
     7   25 Mn        10.2513     113.8463   11508.8363
     8   25 Mn         9.3109     113.8463   11508.8363
     9   25 Mn        10.2611     113.8463   11508.8363
    10   25 Mn         9.2922     113.8463   11508.8363
    11   25 Mn         9.2922     113.8463   11508.8363
    12   25 Mn        10.2611     113.8463   11508.8363
    13   25 Mn         9.3109     113.8463   11508.8363
    14   25 Mn        10.2513     113.8463   11508.8363
    15   25 Mn        11.7327     113.8463   11508.8363
    16   25 Mn         9.2942     113.8463   11508.8363
    17   25 Mn        10.2595     113.8463   11508.8363
    18   25 Mn         9.3109     113.8463   11508.8363
    19   25 Mn         9.2930     113.8463   11508.8363
    20   25 Mn         9.2922     113.8463   11508.8363
    21   25 Mn         9.2930     113.8463   11508.8363
    22   25 Mn        10.2611     113.8463   11508.8363
    23   25 Mn        10.2595     113.8463   11508.8363
    24   25 Mn        10.2513     113.8463   11508.8363
    25   25 Mn        10.2513     113.8463   11508.8363
    26   25 Mn        11.7327     113.8463   11508.8363
    27   25 Mn        10.2611     113.8463   11508.8363
    28   25 Mn         9.2922     113.8463   11508.8363
    29   51 Sb        15.8592     417.3790   44790.2652
    30   51 Sb        15.8721     417.3790   44790.2652
    31   51 Sb        15.7873     417.3790   44790.2652
    32   51 Sb        15.7873     417.3790   44790.2652
    33   51 Sb        15.8721     417.3790   44790.2652
    34   51 Sb        16.6086     417.3790   44790.2652
    35   51 Sb        15.8592     417.3790   44790.2652
    36   51 Sb        15.8346     417.3790   44790.2652
    37   51 Sb        16.6319     417.3790   44790.2652
    38   51 Sb        15.8346     417.3790   44790.2652
    39   51 Sb        16.5969     417.3790   44790.2652
    40   51 Sb        16.6086     417.3790   44790.2652
    41   51 Sb        16.6319     417.3790   44790.2652
    42   51 Sb        15.7873     417.3790   44790.2652
    43   51 Sb        15.8592     417.3790   44790.2652
    44   51 Sb        15.8721     417.3790   44790.2652
    45   51 Sb        15.8721     417.3790   44790.2652
    46   51 Sb        15.8592     417.3790   44790.2652
    47   51 Sb        15.7873     417.3790   44790.2652
    48   51 Sb        16.6319     417.3790   44790.2652
    49   51 Sb        16.6086     417.3790   44790.2652
    50   51 Sb        16.5969     417.3790   44790.2652
    51   51 Sb        15.8346     417.3790   44790.2652
    52   51 Sb        16.6319     417.3790   44790.2652
    53   51 Sb        15.8346     417.3790   44790.2652
    54   51 Sb        16.6086     417.3790   44790.2652
--------------------------------------------------------

Atom-resolved dispersion energies:
--------------------------------------------------
     #    Z           [Hartree]      [kcal/mol]
--------------------------------------------------
     1   25 Mn  -0.18358058E-01    -11.51985542
     2   25 Mn  -0.18640312E-01    -11.69697207
     3   25 Mn  -0.18640312E-01    -11.69697207
     4   25 Mn  -0.18659025E-01    -11.70871511
     5   25 Mn  -0.18358058E-01    -11.51985542
     6   25 Mn  -0.18737412E-01    -11.75790338
     7   25 Mn  -0.18438368E-01    -11.57025037
     8   25 Mn  -0.18659025E-01    -11.70871511
     9   25 Mn  -0.18374865E-01    -11.53040174
    10   25 Mn  -0.18734762E-01    -11.75624049
    11   25 Mn  -0.18734762E-01    -11.75624049
    12   25 Mn  -0.18374865E-01    -11.53040174
    13   25 Mn  -0.18659025E-01    -11.70871511
    14   25 Mn  -0.18438368E-01    -11.57025037
    15   25 Mn  -0.18919239E-01    -11.87200199
    16   25 Mn  -0.18737412E-01    -11.75790338
    17   25 Mn  -0.18358058E-01    -11.51985542
    18   25 Mn  -0.18659025E-01    -11.70871511
    19   25 Mn  -0.18640312E-01    -11.69697207
    20   25 Mn  -0.18734762E-01    -11.75624049
    21   25 Mn  -0.18640312E-01    -11.69697207
    22   25 Mn  -0.18374865E-01    -11.53040174
    23   25 Mn  -0.18358058E-01    -11.51985542
    24   25 Mn  -0.18438368E-01    -11.57025037
    25   25 Mn  -0.18438368E-01    -11.57025037
    26   25 Mn  -0.18919239E-01    -11.87200199
    27   25 Mn  -0.18374865E-01    -11.53040174
    28   25 Mn  -0.18734762E-01    -11.75624049
    29   51 Sb  -0.25769395E-01    -16.17053981
    30   51 Sb  -0.25862364E-01    -16.22887819
    31   51 Sb  -0.25999516E-01    -16.31494277
    32   51 Sb  -0.25999516E-01    -16.31494277
    33   51 Sb  -0.25862364E-01    -16.22887819
    34   51 Sb  -0.25155603E-01    -15.78537904
    35   51 Sb  -0.25769395E-01    -16.17053981
    36   51 Sb  -0.26134313E-01    -16.39952882
    37   51 Sb  -0.25236758E-01    -15.83630447
    38   51 Sb  -0.26134313E-01    -16.39952882
    39   51 Sb  -0.25257982E-01    -15.84962319
    40   51 Sb  -0.25155603E-01    -15.78537904
    41   51 Sb  -0.25236758E-01    -15.83630447
    42   51 Sb  -0.25999516E-01    -16.31494277
    43   51 Sb  -0.25769395E-01    -16.17053981
    44   51 Sb  -0.25862364E-01    -16.22887819
    45   51 Sb  -0.25862364E-01    -16.22887819
    46   51 Sb  -0.25769395E-01    -16.17053981
    47   51 Sb  -0.25999516E-01    -16.31494277
    48   51 Sb  -0.25236758E-01    -15.83630447
    49   51 Sb  -0.25155603E-01    -15.78537904
    50   51 Sb  -0.25257982E-01    -15.84962319
    51   51 Sb  -0.26134313E-01    -16.39952882
    52   51 Sb  -0.25236758E-01    -15.83630447
    53   51 Sb  -0.26134313E-01    -16.39952882
    54   51 Sb  -0.25155603E-01    -15.78537904
--------------------------------------------------

Dispersion energy:      -1.1872826166552E+00 Eh

[Info] Dispersion energy written to .EDISP
