-----------------------------------
 s i m p l e   D F T - D 3  v1.2.1
-----------------------------------

Zero (Chai-Head-Gordon) damping: pbe-D3(0)
--------------------
  s6         1.0000
  s8         0.7220
  s9         0.0000
 rs6         1.2170
 rs8         1.0000
 alp        14.0000
--------------------

Atomic radii (in Angstrom):
-------------------------------------------
   Z          R(cov)     R(vdw)      r4/r2
-------------------------------------------
  25 Mn       1.4267     1.7731     3.0718
  51 Sb       1.6800     2.0075     3.1650
-------------------------------------------

Atomic reference systems (in atomic units):
----------------------------------------------------------------------------
   Z        #      CN    C6(AA)   #      CN    C6(AA)   #      CN    C6(AA)
----------------------------------------------------------------------------
  25 Mn     1  0.0000  802.7484   2  1.6406  239.5554   3  9.8849  113.8463
  51 Sb     1  0.0000  492.9379   2  0.9749  473.4703   3  1.9523  448.0573
            4  2.9315  417.3790
----------------------------------------------------------------------------

Dispersion properties (in atomic units):
--------------------------------------------------------
     #    Z                CN       C6(AA)       C8(AA)
--------------------------------------------------------
     1   25 Mn         9.5024     113.8463   11508.8363
     2   25 Mn         8.5308     113.8463   11508.8363
     3   25 Mn         8.5308     113.8463   11508.8363
     4   25 Mn         8.5496     113.8463   11508.8363
     5   25 Mn         9.5024     113.8463   11508.8363
     6   25 Mn         8.5324     113.8463   11508.8363
     7   25 Mn         9.5048     113.8463   11508.8363
     8   25 Mn         8.5496     113.8463   11508.8363
     9   25 Mn         9.5088     113.8463   11508.8363
    10   25 Mn         8.5277     113.8463   11508.8363
    11   25 Mn         8.5277     113.8463   11508.8363
    12   25 Mn         9.5088     113.8463   11508.8363
    13   25 Mn         8.5496     113.8463   11508.8363
    14   25 Mn         9.5048     113.8463   11508.8363
    15   25 Mn        11.2212     113.8463   11508.8363
    16   25 Mn         8.5324     113.8463   11508.8363
    17   25 Mn         9.5024     113.8463   11508.8363
    18   25 Mn         8.5496     113.8463   11508.8363
    19   25 Mn         8.5308     113.8463   11508.8363
    20   25 Mn         8.5277     113.8463   11508.8363
    21   25 Mn         8.5308     113.8463   11508.8363
    22   25 Mn         9.5088     113.8463   11508.8363
    23   25 Mn         9.5024     113.8463   11508.8363
    24   25 Mn         9.5048     113.8463   11508.8363
    25   25 Mn         9.5048     113.8463   11508.8363
    26   25 Mn        11.2212     113.8463   11508.8363
    27   25 Mn         9.5088     113.8463   11508.8363
    28   25 Mn         8.5277     113.8463   11508.8363
    29   51 Sb        13.2212     417.3790   44790.2652
    30   51 Sb        13.2782     417.3790   44790.2652
    31   51 Sb        13.1795     417.3790   44790.2652
    32   51 Sb        13.1795     417.3790   44790.2652
    33   51 Sb        13.2782     417.3790   44790.2652
    34   51 Sb        13.8685     417.3790   44790.2652
    35   51 Sb        13.2212     417.3790   44790.2652
    36   51 Sb        13.2537     417.3790   44790.2652
    37   51 Sb        14.1930     417.3790   44790.2652
    38   51 Sb        13.2537     417.3790   44790.2652
    39   51 Sb        14.1383     417.3790   44790.2652
    40   51 Sb        13.8685     417.3790   44790.2652
    41   51 Sb        14.1930     417.3790   44790.2652
    42   51 Sb        13.1795     417.3790   44790.2652
    43   51 Sb        13.2212     417.3790   44790.2652
    44   51 Sb        13.2782     417.3790   44790.2652
    45   51 Sb        13.2782     417.3790   44790.2652
    46   51 Sb        13.2212     417.3790   44790.2652
    47   51 Sb        13.1795     417.3790   44790.2652
    48   51 Sb        14.1930     417.3790   44790.2652
    49   51 Sb        13.8685     417.3790   44790.2652
    50   51 Sb        14.1383     417.3790   44790.2652
    51   51 Sb        13.2537     417.3790   44790.2652
    52   51 Sb        14.1930     417.3790   44790.2652
    53   51 Sb        13.2537     417.3790   44790.2652
    54   51 Sb        13.8685     417.3790   44790.2652
--------------------------------------------------------

Atom-resolved dispersion energies:
--------------------------------------------------
     #    Z           [Hartree]      [kcal/mol]
--------------------------------------------------
     1   25 Mn  -0.15499802E-01     -9.72627247
     2   25 Mn  -0.15767364E-01     -9.89417040
     3   25 Mn  -0.15767364E-01     -9.89417040
     4   25 Mn  -0.15820817E-01     -9.92771284
     5   25 Mn  -0.15499802E-01     -9.72627247
     6   25 Mn  -0.15889506E-01     -9.97081565
     7   25 Mn  -0.15616294E-01     -9.79937260
     8   25 Mn  -0.15820817E-01     -9.92771284
     9   25 Mn  -0.15545533E-01     -9.75496913
    10   25 Mn  -0.15910819E-01     -9.98418956
    11   25 Mn  -0.15910819E-01     -9.98418956
    12   25 Mn  -0.15545533E-01     -9.75496913
    13   25 Mn  -0.15820817E-01     -9.92771284
    14   25 Mn  -0.15616294E-01     -9.79937260
    15   25 Mn  -0.15869417E-01     -9.95820951
    16   25 Mn  -0.15889506E-01     -9.97081565
    17   25 Mn  -0.15499802E-01     -9.72627247
    18   25 Mn  -0.15820817E-01     -9.92771284
    19   25 Mn  -0.15767364E-01     -9.89417040
    20   25 Mn  -0.15910819E-01     -9.98418956
    21   25 Mn  -0.15767364E-01     -9.89417040
    22   25 Mn  -0.15545533E-01     -9.75496913
    23   25 Mn  -0.15499802E-01     -9.72627247
    24   25 Mn  -0.15616294E-01     -9.79937260
    25   25 Mn  -0.15616294E-01     -9.79937260
    26   25 Mn  -0.15869417E-01     -9.95820951
    27   25 Mn  -0.15545533E-01     -9.75496913
    28   25 Mn  -0.15910819E-01     -9.98418956
    29   51 Sb  -0.21264366E-01    -13.34359132
    30   51 Sb  -0.21268893E-01    -13.34643210
    31   51 Sb  -0.21472148E-01    -13.47397633
    32   51 Sb  -0.21472148E-01    -13.47397633
    33   51 Sb  -0.21268893E-01    -13.34643210
    34   51 Sb  -0.20722374E-01    -13.00348607
    35   51 Sb  -0.21264366E-01    -13.34359132
    36   51 Sb  -0.21651402E-01    -13.58645968
    37   51 Sb  -0.20774877E-01    -13.03643223
    38   51 Sb  -0.21651402E-01    -13.58645968
    39   51 Sb  -0.20953578E-01    -13.14856854
    40   51 Sb  -0.20722374E-01    -13.00348607
    41   51 Sb  -0.20774877E-01    -13.03643223
    42   51 Sb  -0.21472148E-01    -13.47397633
    43   51 Sb  -0.21264366E-01    -13.34359132
    44   51 Sb  -0.21268893E-01    -13.34643210
    45   51 Sb  -0.21268893E-01    -13.34643210
    46   51 Sb  -0.21264366E-01    -13.34359132
    47   51 Sb  -0.21472148E-01    -13.47397633
    48   51 Sb  -0.20774877E-01    -13.03643223
    49   51 Sb  -0.20722374E-01    -13.00348607
    50   51 Sb  -0.20953578E-01    -13.14856854
    51   51 Sb  -0.21651402E-01    -13.58645968
    52   51 Sb  -0.20774877E-01    -13.03643223
    53   51 Sb  -0.21651402E-01    -13.58645968
    54   51 Sb  -0.20722374E-01    -13.00348607
--------------------------------------------------

Dispersion energy:      -9.9068376192003E-01 Eh

[Info] Dispersion energy written to .EDISP
