-----------------------------------
 s i m p l e   D F T - D 3  v1.2.1
-----------------------------------

Zero (Chai-Head-Gordon) damping: pbe-D3(0)
--------------------
  s6         1.0000
  s8         0.7220
  s9         0.0000
 rs6         1.2170
 rs8         1.0000
 alp        14.0000
--------------------

Atomic radii (in Angstrom):
-------------------------------------------
   Z          R(cov)     R(vdw)      r4/r2
-------------------------------------------
  25 Mn       1.4267     1.7731     3.0718
  51 Sb       1.6800     2.0075     3.1650
-------------------------------------------

Atomic reference systems (in atomic units):
----------------------------------------------------------------------------
   Z        #      CN    C6(AA)   #      CN    C6(AA)   #      CN    C6(AA)
----------------------------------------------------------------------------
  25 Mn     1  0.0000  802.7484   2  1.6406  239.5554   3  9.8849  113.8463
  51 Sb     1  0.0000  492.9379   2  0.9749  473.4703   3  1.9523  448.0573
            4  2.9315  417.3790
----------------------------------------------------------------------------

Dispersion properties (in atomic units):
--------------------------------------------------------
     #    Z                CN       C6(AA)       C8(AA)
--------------------------------------------------------
     1   25 Mn         0.0021     802.7318   81148.9614
     2   25 Mn         0.0021     802.7318   81148.9616
     3   25 Mn         0.0021     802.7318   81148.9616
     4   25 Mn         0.0020     802.7318   81148.9644
     5   25 Mn         0.0021     802.7318   81148.9614
     6   25 Mn         0.0020     802.7318   81148.9647
     7   25 Mn         0.0022     802.7318   81148.9597
     8   25 Mn         0.0020     802.7318   81148.9644
     9   25 Mn         0.0021     802.7318   81148.9616
    10   25 Mn         0.0021     802.7318   81148.9625
    11   25 Mn         0.0021     802.7318   81148.9625
    12   25 Mn         0.0021     802.7318   81148.9616
    13   25 Mn         0.0020     802.7318   81148.9644
    14   25 Mn         0.0022     802.7318   81148.9597
    15   25 Mn         0.0031     802.7316   81148.9399
    16   25 Mn         0.0020     802.7318   81148.9647
    17   25 Mn         0.0021     802.7318   81148.9614
    18   25 Mn         0.0020     802.7318   81148.9644
    19   25 Mn         0.0021     802.7318   81148.9616
    20   25 Mn         0.0021     802.7318   81148.9625
    21   25 Mn         0.0021     802.7318   81148.9616
    22   25 Mn         0.0021     802.7318   81148.9616
    23   25 Mn         0.0021     802.7318   81148.9614
    24   25 Mn         0.0022     802.7318   81148.9597
    25   25 Mn         0.0022     802.7318   81148.9597
    26   25 Mn         0.0031     802.7316   81148.9399
    27   25 Mn         0.0021     802.7318   81148.9616
    28   25 Mn         0.0021     802.7318   81148.9625
    29   51 Sb         0.0023     492.4989   52851.6169
    30   51 Sb         0.0022     492.4992   52851.6489
    31   51 Sb         0.0022     492.4991   52851.6384
    32   51 Sb         0.0022     492.4991   52851.6384
    33   51 Sb         0.0022     492.4992   52851.6489
    34   51 Sb         0.0025     492.4982   52851.5470
    35   51 Sb         0.0023     492.4989   52851.6169
    36   51 Sb         0.0022     492.4991   52851.6423
    37   51 Sb         0.0027     492.4975   52851.4667
    38   51 Sb         0.0022     492.4991   52851.6423
    39   51 Sb         0.0028     492.4972   52851.4426
    40   51 Sb         0.0025     492.4982   52851.5470
    41   51 Sb         0.0027     492.4975   52851.4667
    42   51 Sb         0.0022     492.4991   52851.6384
    43   51 Sb         0.0023     492.4989   52851.6169
    44   51 Sb         0.0022     492.4992   52851.6489
    45   51 Sb         0.0022     492.4992   52851.6489
    46   51 Sb         0.0023     492.4989   52851.6169
    47   51 Sb         0.0022     492.4991   52851.6384
    48   51 Sb         0.0027     492.4975   52851.4667
    49   51 Sb         0.0025     492.4982   52851.5470
    50   51 Sb         0.0028     492.4972   52851.4426
    51   51 Sb         0.0022     492.4991   52851.6423
    52   51 Sb         0.0027     492.4975   52851.4667
    53   51 Sb         0.0022     492.4991   52851.6423
    54   51 Sb         0.0025     492.4982   52851.5470
--------------------------------------------------------

Atom-resolved dispersion energies:
--------------------------------------------------
     #    Z           [Hartree]      [kcal/mol]
--------------------------------------------------
     1   25 Mn  -0.15144596E-02     -0.95033774
     2   25 Mn  -0.13734364E-02     -0.86184434
     3   25 Mn  -0.13734364E-02     -0.86184434
     4   25 Mn  -0.13309463E-02     -0.83518142
     5   25 Mn  -0.15144596E-02     -0.95033774
     6   25 Mn  -0.13154877E-02     -0.82548097
     7   25 Mn  -0.15545518E-02     -0.97549601
     8   25 Mn  -0.13309463E-02     -0.83518142
     9   25 Mn  -0.15175955E-02     -0.95230553
    10   25 Mn  -0.13545354E-02     -0.84998382
    11   25 Mn  -0.13545354E-02     -0.84998382
    12   25 Mn  -0.15175955E-02     -0.95230553
    13   25 Mn  -0.13309463E-02     -0.83518142
    14   25 Mn  -0.15545518E-02     -0.97549601
    15   25 Mn  -0.22203129E-02     -1.39326740
    16   25 Mn  -0.13154877E-02     -0.82548097
    17   25 Mn  -0.15144596E-02     -0.95033774
    18   25 Mn  -0.13309463E-02     -0.83518142
    19   25 Mn  -0.13734364E-02     -0.86184434
    20   25 Mn  -0.13545354E-02     -0.84998382
    21   25 Mn  -0.13734364E-02     -0.86184434
    22   25 Mn  -0.15175955E-02     -0.95230553
    23   25 Mn  -0.15144596E-02     -0.95033774
    24   25 Mn  -0.15545518E-02     -0.97549601
    25   25 Mn  -0.15545518E-02     -0.97549601
    26   25 Mn  -0.22203129E-02     -1.39326740
    27   25 Mn  -0.15175955E-02     -0.95230553
    28   25 Mn  -0.13545354E-02     -0.84998382
    29   51 Sb  -0.10683912E-02     -0.67042562
    30   51 Sb  -0.10266793E-02     -0.64425100
    31   51 Sb  -0.10408942E-02     -0.65317099
    32   51 Sb  -0.10408942E-02     -0.65317099
    33   51 Sb  -0.10266793E-02     -0.64425100
    34   51 Sb  -0.11851268E-02     -0.74367828
    35   51 Sb  -0.10683912E-02     -0.67042562
    36   51 Sb  -0.10346620E-02     -0.64926022
    37   51 Sb  -0.12609589E-02     -0.79126366
    38   51 Sb  -0.10346620E-02     -0.64926022
    39   51 Sb  -0.12880559E-02     -0.80826729
    40   51 Sb  -0.11851268E-02     -0.74367828
    41   51 Sb  -0.12609589E-02     -0.79126366
    42   51 Sb  -0.10408942E-02     -0.65317099
    43   51 Sb  -0.10683912E-02     -0.67042562
    44   51 Sb  -0.10266793E-02     -0.64425100
    45   51 Sb  -0.10266793E-02     -0.64425100
    46   51 Sb  -0.10683912E-02     -0.67042562
    47   51 Sb  -0.10408942E-02     -0.65317099
    48   51 Sb  -0.12609589E-02     -0.79126366
    49   51 Sb  -0.11851268E-02     -0.74367828
    50   51 Sb  -0.12880559E-02     -0.80826729
    51   51 Sb  -0.10346620E-02     -0.64926022
    52   51 Sb  -0.12609589E-02     -0.79126366
    53   51 Sb  -0.10346620E-02     -0.64926022
    54   51 Sb  -0.11851268E-02     -0.74367828
--------------------------------------------------

Dispersion energy:      -7.0696663085185E-02 Eh

[Info] Dispersion energy written to .EDISP
