-----------------------------------
 s i m p l e   D F T - D 3  v1.2.1
-----------------------------------

Zero (Chai-Head-Gordon) damping: pbe-D3(0)
--------------------
  s6         1.0000
  s8         0.7220
  s9         0.0000
 rs6         1.2170
 rs8         1.0000
 alp        14.0000
--------------------

Atomic radii (in Angstrom):
-------------------------------------------
   Z          R(cov)     R(vdw)      r4/r2
-------------------------------------------
  25 Mn       1.4267     1.7731     3.0718
   8 O        0.8400     1.2408     1.3725
-------------------------------------------

Atomic reference systems (in atomic units):
----------------------------------------------------------------------------
   Z        #      CN    C6(AA)   #      CN    C6(AA)   #      CN    C6(AA)
----------------------------------------------------------------------------
  25 Mn     1  0.0000  802.7484   2  1.6406  239.5554   3  9.8849  113.8463
   8 O      1  0.0000   15.5059   2  0.9925   12.8161   3  1.9887   10.3708
----------------------------------------------------------------------------

Dispersion properties (in atomic units):
--------------------------------------------------------
     #    Z                CN       C6(AA)       C8(AA)
--------------------------------------------------------
     1   25 Mn         0.0415     802.7206   81147.8274
     2   25 Mn         0.0415     802.7206   81147.8274
     3   25 Mn         0.0415     802.7206   81147.8274
     4   25 Mn         0.0415     802.7206   81147.8274
     5   25 Mn         0.0415     802.7206   81147.8262
     6   25 Mn         0.0415     802.7206   81147.8262
     7   25 Mn         0.0415     802.7206   81147.8262
     8   25 Mn         0.0415     802.7206   81147.8262
     9   25 Mn         0.0400     802.7211   81147.8831
    10   25 Mn         0.0400     802.7211   81147.8831
    11   25 Mn         0.0400     802.7211   81147.8831
    12   25 Mn         0.0400     802.7211   81147.8831
    13   25 Mn         0.0400     802.7211   81147.8831
    14   25 Mn         0.0400     802.7211   81147.8831
    15   25 Mn         0.0400     802.7211   81147.8831
    16   25 Mn         0.0400     802.7211   81147.8831
    17   25 Mn         0.0406     802.7209   81147.8594
    18   25 Mn         0.0406     802.7209   81147.8594
    19   25 Mn         0.0406     802.7209   81147.8594
    20   25 Mn         0.0406     802.7209   81147.8594
    21   25 Mn         0.0406     802.7209   81147.8594
    22   25 Mn         0.0406     802.7209   81147.8594
    23   25 Mn         0.0406     802.7209   81147.8594
    24   25 Mn         0.0406     802.7209   81147.8594
    25   25 Mn         0.0394     802.7213   81147.9023
    26   25 Mn         0.0394     802.7213   81147.9023
    27   25 Mn         0.0394     802.7213   81147.9023
    28   25 Mn         0.0394     802.7213   81147.9023
    29   25 Mn         0.0394     802.7213   81147.9023
    30   25 Mn         0.0394     802.7213   81147.9023
    31   25 Mn         0.0394     802.7213   81147.9023
    32   25 Mn         0.0394     802.7213   81147.9023
    33    8 O          0.0236      15.4405     311.5977
    34    8 O          0.0236      15.4405     311.5977
    35    8 O          0.0236      15.4405     311.5977
    36    8 O          0.0236      15.4405     311.5977
    37    8 O          0.0236      15.4405     311.5977
    38    8 O          0.0236      15.4405     311.5977
    39    8 O          0.0236      15.4405     311.5977
    40    8 O          0.0236      15.4405     311.5977
    41    8 O          0.0232      15.4407     311.6014
    42    8 O          0.0232      15.4407     311.6014
    43    8 O          0.0232      15.4407     311.6014
    44    8 O          0.0232      15.4407     311.6014
    45    8 O          0.0232      15.4407     311.6014
    46    8 O          0.0232      15.4407     311.6014
    47    8 O          0.0232      15.4407     311.6014
    48    8 O          0.0232      15.4407     311.6014
    49    8 O          0.0230      15.4408     311.6035
    50    8 O          0.0230      15.4408     311.6035
    51    8 O          0.0230      15.4408     311.6035
    52    8 O          0.0230      15.4408     311.6035
    53    8 O          0.0230      15.4408     311.6035
    54    8 O          0.0230      15.4408     311.6035
    55    8 O          0.0230      15.4408     311.6035
    56    8 O          0.0230      15.4408     311.6035
    57    8 O          0.0236      15.4405     311.5975
    58    8 O          0.0236      15.4405     311.5975
    59    8 O          0.0236      15.4405     311.5975
    60    8 O          0.0236      15.4405     311.5975
    61    8 O          0.0236      15.4405     311.5975
    62    8 O          0.0236      15.4405     311.5975
    63    8 O          0.0236      15.4405     311.5975
    64    8 O          0.0236      15.4405     311.5975
    65    8 O          0.0227      15.4410     311.6069
    66    8 O          0.0227      15.4410     311.6069
    67    8 O          0.0227      15.4410     311.6069
    68    8 O          0.0227      15.4410     311.6069
    69    8 O          0.0227      15.4410     311.6069
    70    8 O          0.0227      15.4410     311.6069
    71    8 O          0.0227      15.4410     311.6069
    72    8 O          0.0227      15.4410     311.6069
    73    8 O          0.0239      15.4403     311.5938
    74    8 O          0.0239      15.4403     311.5938
    75    8 O          0.0239      15.4403     311.5938
    76    8 O          0.0239      15.4403     311.5938
    77    8 O          0.0239      15.4403     311.5938
    78    8 O          0.0239      15.4403     311.5938
    79    8 O          0.0239      15.4403     311.5938
    80    8 O          0.0239      15.4403     311.5938
--------------------------------------------------------

Atom-resolved dispersion energies:
--------------------------------------------------
     #    Z           [Hartree]      [kcal/mol]
--------------------------------------------------
     1   25 Mn  -0.78967382E-02     -4.95527803
     2   25 Mn  -0.78967382E-02     -4.95527803
     3   25 Mn  -0.78967382E-02     -4.95527803
     4   25 Mn  -0.78967382E-02     -4.95527803
     5   25 Mn  -0.79127020E-02     -4.96529547
     6   25 Mn  -0.79127020E-02     -4.96529547
     7   25 Mn  -0.79127020E-02     -4.96529547
     8   25 Mn  -0.79127020E-02     -4.96529547
     9   25 Mn  -0.77314538E-02     -4.85156051
    10   25 Mn  -0.77314538E-02     -4.85156051
    11   25 Mn  -0.77314538E-02     -4.85156051
    12   25 Mn  -0.77314538E-02     -4.85156051
    13   25 Mn  -0.77314538E-02     -4.85156051
    14   25 Mn  -0.77314538E-02     -4.85156051
    15   25 Mn  -0.77314538E-02     -4.85156051
    16   25 Mn  -0.77314538E-02     -4.85156051
    17   25 Mn  -0.77811541E-02     -4.88274791
    18   25 Mn  -0.77811541E-02     -4.88274791
    19   25 Mn  -0.77811541E-02     -4.88274791
    20   25 Mn  -0.77811541E-02     -4.88274791
    21   25 Mn  -0.77811541E-02     -4.88274791
    22   25 Mn  -0.77811541E-02     -4.88274791
    23   25 Mn  -0.77811541E-02     -4.88274791
    24   25 Mn  -0.77811541E-02     -4.88274791
    25   25 Mn  -0.77471506E-02     -4.86141042
    26   25 Mn  -0.77471506E-02     -4.86141042
    27   25 Mn  -0.77471506E-02     -4.86141042
    28   25 Mn  -0.77471506E-02     -4.86141042
    29   25 Mn  -0.77471506E-02     -4.86141042
    30   25 Mn  -0.77471506E-02     -4.86141042
    31   25 Mn  -0.77471506E-02     -4.86141042
    32   25 Mn  -0.77471506E-02     -4.86141042
    33    8 O   -0.12921478E-02     -0.81083498
    34    8 O   -0.12921478E-02     -0.81083498
    35    8 O   -0.12921478E-02     -0.81083498
    36    8 O   -0.12921478E-02     -0.81083498
    37    8 O   -0.12921478E-02     -0.81083498
    38    8 O   -0.12921478E-02     -0.81083498
    39    8 O   -0.12921478E-02     -0.81083498
    40    8 O   -0.12921478E-02     -0.81083498
    41    8 O   -0.12899705E-02     -0.80946872
    42    8 O   -0.12899705E-02     -0.80946872
    43    8 O   -0.12899705E-02     -0.80946872
    44    8 O   -0.12899705E-02     -0.80946872
    45    8 O   -0.12899705E-02     -0.80946872
    46    8 O   -0.12899705E-02     -0.80946872
    47    8 O   -0.12899705E-02     -0.80946872
    48    8 O   -0.12899705E-02     -0.80946872
    49    8 O   -0.12550624E-02     -0.78756357
    50    8 O   -0.12550624E-02     -0.78756357
    51    8 O   -0.12550624E-02     -0.78756357
    52    8 O   -0.12550624E-02     -0.78756357
    53    8 O   -0.12550624E-02     -0.78756357
    54    8 O   -0.12550624E-02     -0.78756357
    55    8 O   -0.12550624E-02     -0.78756357
    56    8 O   -0.12550624E-02     -0.78756357
    57    8 O   -0.12613758E-02     -0.79152528
    58    8 O   -0.12613758E-02     -0.79152528
    59    8 O   -0.12613758E-02     -0.79152528
    60    8 O   -0.12613758E-02     -0.79152528
    61    8 O   -0.12613758E-02     -0.79152528
    62    8 O   -0.12613758E-02     -0.79152528
    63    8 O   -0.12613758E-02     -0.79152528
    64    8 O   -0.12613758E-02     -0.79152528
    65    8 O   -0.12836813E-02     -0.80552218
    66    8 O   -0.12836813E-02     -0.80552218
    67    8 O   -0.12836813E-02     -0.80552218
    68    8 O   -0.12836813E-02     -0.80552218
    69    8 O   -0.12836813E-02     -0.80552218
    70    8 O   -0.12836813E-02     -0.80552218
    71    8 O   -0.12836813E-02     -0.80552218
    72    8 O   -0.12836813E-02     -0.80552218
    73    8 O   -0.12971843E-02     -0.81399547
    74    8 O   -0.12971843E-02     -0.81399547
    75    8 O   -0.12971843E-02     -0.81399547
    76    8 O   -0.12971843E-02     -0.81399547
    77    8 O   -0.12971843E-02     -0.81399547
    78    8 O   -0.12971843E-02     -0.81399547
    79    8 O   -0.12971843E-02     -0.81399547
    80    8 O   -0.12971843E-02     -0.81399547
--------------------------------------------------

Dispersion energy:      -3.1075120678246E-01 Eh

[Info] Dispersion energy written to .EDISP
