-----------------------------------
 s i m p l e   D F T - D 3  v1.2.1
-----------------------------------

Zero (Chai-Head-Gordon) damping: pbe-D3(0)
--------------------
  s6         1.0000
  s8         0.7220
  s9         0.0000
 rs6         1.2170
 rs8         1.0000
 alp        14.0000
--------------------

Atomic radii (in Angstrom):
-------------------------------------------
   Z          R(cov)     R(vdw)      r4/r2
-------------------------------------------
  29 Cu       1.3467     1.6504     2.7654
  50 Sn       1.6800     2.0937     3.4228
-------------------------------------------

Atomic reference systems (in atomic units):
----------------------------------------------------------------------------
   Z        #      CN    C6(AA)   #      CN    C6(AA)   #      CN    C6(AA)
----------------------------------------------------------------------------
  29 Cu     1  0.0000  337.1808   2  0.9576  174.9969
  50 Sn     1  0.0000  627.5677   2  0.9514  542.0439   3  1.9505  505.4148
            4  2.9259  409.1453   5  3.9123  336.1020
----------------------------------------------------------------------------

Dispersion properties (in atomic units):
--------------------------------------------------------
     #    Z                CN       C6(AA)       C8(AA)
--------------------------------------------------------
     1   29 Cu         0.0862     327.9326   26867.8360
     2   29 Cu         0.0862     327.9325   26867.8328
     3   29 Cu         0.0862     327.9325   26867.8328
     4   29 Cu         0.0862     327.9325   26867.8328
     5   29 Cu         0.0684     329.0543   26959.7429
     6   29 Cu         0.0684     329.0544   26959.7451
     7   29 Cu         0.0684     329.0544   26959.7451
     8   29 Cu         0.0684     329.0544   26959.7451
     9   29 Cu         0.0804     328.3145   26899.1295
    10   29 Cu         0.0804     328.3145   26899.1238
    11   29 Cu         0.0804     328.3145   26899.1238
    12   29 Cu         0.0804     328.3145   26899.1238
    13   29 Cu         0.0888     327.7598   26853.6767
    14   29 Cu         0.0888     327.7597   26853.6733
    15   29 Cu         0.0888     327.7597   26853.6733
    16   29 Cu         0.0888     327.7597   26853.6733
    17   29 Cu         0.0671     329.1287   26965.8386
    18   29 Cu         0.0671     329.1288   26965.8403
    19   29 Cu         0.0671     329.1288   26965.8396
    20   29 Cu         0.0671     329.1287   26965.8386
    21   29 Cu         0.0671     329.1288   26965.8396
    22   29 Cu         0.0671     329.1288   26965.8403
    23   29 Cu         0.0671     329.1288   26965.8396
    24   29 Cu         0.0671     329.1288   26965.8396
    25   29 Cu         0.0671     329.1287   26965.8386
    26   29 Cu         0.0671     329.1288   26965.8396
    27   29 Cu         0.0671     329.1288   26965.8396
    28   29 Cu         0.0671     329.1288   26965.8403
    29   29 Cu         0.0798     328.3543   26902.3871
    30   29 Cu         0.0798     328.3543   26902.3897
    31   29 Cu         0.0798     328.3543   26902.3908
    32   29 Cu         0.0798     328.3543   26902.3871
    33   29 Cu         0.0798     328.3543   26902.3908
    34   29 Cu         0.0798     328.3543   26902.3897
    35   29 Cu         0.0798     328.3543   26902.3908
    36   29 Cu         0.0798     328.3543   26902.3908
    37   29 Cu         0.0798     328.3543   26902.3871
    38   29 Cu         0.0798     328.3543   26902.3908
    39   29 Cu         0.0798     328.3543   26902.3908
    40   29 Cu         0.0798     328.3543   26902.3897
    41   29 Cu         0.0616     329.4472   26991.9297
    42   29 Cu         0.0616     329.4472   26991.9300
    43   29 Cu         0.0616     329.4471   26991.9255
    44   29 Cu         0.0616     329.4472   26991.9297
    45   29 Cu         0.0616     329.4471   26991.9255
    46   29 Cu         0.0616     329.4472   26991.9300
    47   29 Cu         0.0616     329.4471   26991.9255
    48   29 Cu         0.0616     329.4471   26991.9255
    49   29 Cu         0.0616     329.4472   26991.9297
    50   29 Cu         0.0616     329.4471   26991.9255
    51   29 Cu         0.0616     329.4471   26991.9255
    52   29 Cu         0.0616     329.4472   26991.9300
    53   29 Cu         0.0878     327.8236   26858.9075
    54   29 Cu         0.0878     327.8236   26858.9082
    55   29 Cu         0.0878     327.8236   26858.9075
    56   29 Cu         0.0878     327.8236   26858.9082
    57   29 Cu         0.0878     327.8236   26858.9075
    58   29 Cu         0.0878     327.8236   26858.9082
    59   29 Cu         0.0861     327.9411   26868.5343
    60   29 Cu         0.0861     327.9412   26868.5415
    61   29 Cu         0.0861     327.9412   26868.5415
    62   29 Cu         0.0861     327.9412   26868.5415
    63   29 Cu         0.0673     329.1218   26965.2680
    64   29 Cu         0.0673     329.1218   26965.2675
    65   29 Cu         0.0673     329.1218   26965.2680
    66   29 Cu         0.0673     329.1218   26965.2675
    67   29 Cu         0.0673     329.1218   26965.2680
    68   29 Cu         0.0673     329.1218   26965.2675
    69   29 Cu         0.0732     328.7680   26936.2849
    70   29 Cu         0.0732     328.7680   26936.2844
    71   29 Cu         0.0732     328.7680   26936.2844
    72   29 Cu         0.0732     328.7680   26936.2844
    73   29 Cu         0.0725     328.8074   26939.5089
    74   29 Cu         0.0725     328.8073   26939.5062
    75   29 Cu         0.0725     328.8074   26939.5089
    76   29 Cu         0.0725     328.8073   26939.5062
    77   29 Cu         0.0725     328.8074   26939.5089
    78   29 Cu         0.0725     328.8073   26939.5062
    79   29 Cu         0.0754     328.6317   26925.1133
    80   29 Cu         0.0754     328.6317   26925.1168
    81   29 Cu         0.0754     328.6317   26925.1168
    82   29 Cu         0.0754     328.6317   26925.1168
    83   50 Sn         0.1598     620.1751   77838.8560
    84   50 Sn         0.1598     620.1751   77838.8640
    85   50 Sn         0.1598     620.1751   77838.8640
    86   50 Sn         0.1598     620.1751   77838.8640
    87   50 Sn         0.1292     621.6042   78018.2244
    88   50 Sn         0.1292     621.6041   78018.2179
    89   50 Sn         0.1292     621.6042   78018.2268
    90   50 Sn         0.1292     621.6042   78018.2244
    91   50 Sn         0.1292     621.6042   78018.2268
    92   50 Sn         0.1292     621.6041   78018.2179
    93   50 Sn         0.1292     621.6042   78018.2268
    94   50 Sn         0.1292     621.6042   78018.2268
    95   50 Sn         0.1292     621.6042   78018.2244
    96   50 Sn         0.1292     621.6042   78018.2268
    97   50 Sn         0.1292     621.6042   78018.2268
    98   50 Sn         0.1292     621.6041   78018.2179
    99   50 Sn         0.1226     621.8756   78052.2932
   100   50 Sn         0.1226     621.8756   78052.2899
   101   50 Sn         0.1226     621.8756   78052.2932
   102   50 Sn         0.1226     621.8756   78052.2899
   103   50 Sn         0.1226     621.8756   78052.2932
   104   50 Sn         0.1226     621.8756   78052.2899
--------------------------------------------------------

Atom-resolved dispersion energies:
--------------------------------------------------
     #    Z           [Hartree]      [kcal/mol]
--------------------------------------------------
     1   29 Cu  -0.12485666E-01     -7.83487370
     2   29 Cu  -0.12485684E-01     -7.83488483
     3   29 Cu  -0.12485684E-01     -7.83488483
     4   29 Cu  -0.12485684E-01     -7.83488483
     5   29 Cu  -0.11648431E-01     -7.30950101
     6   29 Cu  -0.11648440E-01     -7.30950647
     7   29 Cu  -0.11648440E-01     -7.30950647
     8   29 Cu  -0.11648440E-01     -7.30950647
     9   29 Cu  -0.12278571E-01     -7.70491956
    10   29 Cu  -0.12278616E-01     -7.70494772
    11   29 Cu  -0.12278616E-01     -7.70494772
    12   29 Cu  -0.12278616E-01     -7.70494772
    13   29 Cu  -0.12221147E-01     -7.66888553
    14   29 Cu  -0.12221173E-01     -7.66890199
    15   29 Cu  -0.12221173E-01     -7.66890199
    16   29 Cu  -0.12221173E-01     -7.66890199
    17   29 Cu  -0.11673304E-01     -7.32510871
    18   29 Cu  -0.11673314E-01     -7.32511508
    19   29 Cu  -0.11673299E-01     -7.32510543
    20   29 Cu  -0.11673304E-01     -7.32510871
    21   29 Cu  -0.11673299E-01     -7.32510543
    22   29 Cu  -0.11673314E-01     -7.32511508
    23   29 Cu  -0.11673299E-01     -7.32510543
    24   29 Cu  -0.11673299E-01     -7.32510543
    25   29 Cu  -0.11673304E-01     -7.32510871
    26   29 Cu  -0.11673299E-01     -7.32510543
    27   29 Cu  -0.11673299E-01     -7.32510543
    28   29 Cu  -0.11673314E-01     -7.32511508
    29   29 Cu  -0.11294391E-01     -7.08733717
    30   29 Cu  -0.11294395E-01     -7.08734006
    31   29 Cu  -0.11294397E-01     -7.08734131
    32   29 Cu  -0.11294391E-01     -7.08733717
    33   29 Cu  -0.11294397E-01     -7.08734131
    34   29 Cu  -0.11294395E-01     -7.08734006
    35   29 Cu  -0.11294397E-01     -7.08734131
    36   29 Cu  -0.11294397E-01     -7.08734131
    37   29 Cu  -0.11294391E-01     -7.08733717
    38   29 Cu  -0.11294397E-01     -7.08734131
    39   29 Cu  -0.11294397E-01     -7.08734131
    40   29 Cu  -0.11294395E-01     -7.08734006
    41   29 Cu  -0.11315333E-01     -7.10047896
    42   29 Cu  -0.11315337E-01     -7.10048147
    43   29 Cu  -0.11315366E-01     -7.10049937
    44   29 Cu  -0.11315333E-01     -7.10047896
    45   29 Cu  -0.11315366E-01     -7.10049937
    46   29 Cu  -0.11315337E-01     -7.10048147
    47   29 Cu  -0.11315366E-01     -7.10049937
    48   29 Cu  -0.11315366E-01     -7.10049937
    49   29 Cu  -0.11315333E-01     -7.10047896
    50   29 Cu  -0.11315366E-01     -7.10049937
    51   29 Cu  -0.11315366E-01     -7.10049937
    52   29 Cu  -0.11315337E-01     -7.10048147
    53   29 Cu  -0.12111610E-01     -7.60014986
    54   29 Cu  -0.12111613E-01     -7.60015197
    55   29 Cu  -0.12111610E-01     -7.60014986
    56   29 Cu  -0.12111613E-01     -7.60015197
    57   29 Cu  -0.12111610E-01     -7.60014986
    58   29 Cu  -0.12111613E-01     -7.60015197
    59   29 Cu  -0.13082555E-01     -8.20942728
    60   29 Cu  -0.13082544E-01     -8.20942036
    61   29 Cu  -0.13082544E-01     -8.20942036
    62   29 Cu  -0.13082544E-01     -8.20942036
    63   29 Cu  -0.11641197E-01     -7.30496135
    64   29 Cu  -0.11641197E-01     -7.30496153
    65   29 Cu  -0.11641197E-01     -7.30496135
    66   29 Cu  -0.11641197E-01     -7.30496153
    67   29 Cu  -0.11641197E-01     -7.30496135
    68   29 Cu  -0.11641197E-01     -7.30496153
    69   29 Cu  -0.11668394E-01     -7.32202801
    70   29 Cu  -0.11668394E-01     -7.32202772
    71   29 Cu  -0.11668394E-01     -7.32202772
    72   29 Cu  -0.11668394E-01     -7.32202772
    73   29 Cu  -0.11407779E-01     -7.15848957
    74   29 Cu  -0.11407811E-01     -7.15850949
    75   29 Cu  -0.11407779E-01     -7.15848957
    76   29 Cu  -0.11407811E-01     -7.15850949
    77   29 Cu  -0.11407779E-01     -7.15848957
    78   29 Cu  -0.11407811E-01     -7.15850949
    79   29 Cu  -0.12279357E-01     -7.70541292
    80   29 Cu  -0.12279324E-01     -7.70539192
    81   29 Cu  -0.12279324E-01     -7.70539192
    82   29 Cu  -0.12279324E-01     -7.70539192
    83   50 Sn  -0.15001679E-01     -9.41369550
    84   50 Sn  -0.15001636E-01     -9.41366895
    85   50 Sn  -0.15001636E-01     -9.41366895
    86   50 Sn  -0.15001636E-01     -9.41366895
    87   50 Sn  -0.13998990E-01     -8.78449904
    88   50 Sn  -0.13999027E-01     -8.78452224
    89   50 Sn  -0.13998985E-01     -8.78449542
    90   50 Sn  -0.13998990E-01     -8.78449904
    91   50 Sn  -0.13998985E-01     -8.78449542
    92   50 Sn  -0.13999027E-01     -8.78452224
    93   50 Sn  -0.13998985E-01     -8.78449542
    94   50 Sn  -0.13998985E-01     -8.78449542
    95   50 Sn  -0.13998990E-01     -8.78449904
    96   50 Sn  -0.13998985E-01     -8.78449542
    97   50 Sn  -0.13998985E-01     -8.78449542
    98   50 Sn  -0.13999027E-01     -8.78452224
    99   50 Sn  -0.14256707E-01     -8.94621849
   100   50 Sn  -0.14256715E-01     -8.94622366
   101   50 Sn  -0.14256707E-01     -8.94621849
   102   50 Sn  -0.14256715E-01     -8.94622366
   103   50 Sn  -0.14256707E-01     -8.94621849
   104   50 Sn  -0.14256715E-01     -8.94622366
--------------------------------------------------

Dispersion energy:      -1.2785516740205E+00 Eh

[Info] Dispersion energy written to .EDISP
