-----------------------------------
 s i m p l e   D F T - D 3  v1.2.1
-----------------------------------

Zero (Chai-Head-Gordon) damping: pbe-D3(0)
--------------------
  s6         1.0000
  s8         0.7220
  s9         0.0000
 rs6         1.2170
 rs8         1.0000
 alp        14.0000
--------------------

Atomic radii (in Angstrom):
-------------------------------------------
   Z          R(cov)     R(vdw)      r4/r2
-------------------------------------------
  29 Cu       1.3467     1.6504     2.7654
  50 Sn       1.6800     2.0937     3.4228
-------------------------------------------

Atomic reference systems (in atomic units):
----------------------------------------------------------------------------
   Z        #      CN    C6(AA)   #      CN    C6(AA)   #      CN    C6(AA)
----------------------------------------------------------------------------
  29 Cu     1  0.0000  337.1808   2  0.9576  174.9969
  50 Sn     1  0.0000  627.5677   2  0.9514  542.0439   3  1.9505  505.4148
            4  2.9259  409.1453   5  3.9123  336.1020
----------------------------------------------------------------------------

Dispersion properties (in atomic units):
--------------------------------------------------------
     #    Z                CN       C6(AA)       C8(AA)
--------------------------------------------------------
     1   29 Cu         0.0031     332.1569   27213.9374
     2   29 Cu         0.0031     332.1569   27213.9373
     3   29 Cu         0.0031     332.1569   27213.9373
     4   29 Cu         0.0031     332.1569   27213.9373
     5   29 Cu         0.0027     332.1732   27215.2744
     6   29 Cu         0.0027     332.1732   27215.2745
     7   29 Cu         0.0027     332.1732   27215.2745
     8   29 Cu         0.0027     332.1732   27215.2745
     9   29 Cu         0.0030     332.1611   27214.2801
    10   29 Cu         0.0030     332.1611   27214.2800
    11   29 Cu         0.0030     332.1611   27214.2800
    12   29 Cu         0.0030     332.1611   27214.2800
    13   29 Cu         0.0031     332.1570   27213.9439
    14   29 Cu         0.0031     332.1570   27213.9438
    15   29 Cu         0.0031     332.1570   27213.9438
    16   29 Cu         0.0031     332.1570   27213.9438
    17   29 Cu         0.0027     332.1735   27215.3000
    18   29 Cu         0.0027     332.1735   27215.3000
    19   29 Cu         0.0027     332.1735   27215.3000
    20   29 Cu         0.0027     332.1735   27215.3000
    21   29 Cu         0.0027     332.1735   27215.3000
    22   29 Cu         0.0027     332.1735   27215.3000
    23   29 Cu         0.0027     332.1735   27215.3000
    24   29 Cu         0.0027     332.1735   27215.3000
    25   29 Cu         0.0027     332.1735   27215.3000
    26   29 Cu         0.0027     332.1735   27215.3000
    27   29 Cu         0.0027     332.1735   27215.3000
    28   29 Cu         0.0027     332.1735   27215.3000
    29   29 Cu         0.0028     332.1679   27214.8372
    30   29 Cu         0.0028     332.1679   27214.8372
    31   29 Cu         0.0028     332.1679   27214.8372
    32   29 Cu         0.0028     332.1679   27214.8372
    33   29 Cu         0.0028     332.1679   27214.8372
    34   29 Cu         0.0028     332.1679   27214.8372
    35   29 Cu         0.0028     332.1679   27214.8372
    36   29 Cu         0.0028     332.1679   27214.8372
    37   29 Cu         0.0028     332.1679   27214.8372
    38   29 Cu         0.0028     332.1679   27214.8372
    39   29 Cu         0.0028     332.1679   27214.8372
    40   29 Cu         0.0028     332.1679   27214.8372
    41   29 Cu         0.0025     332.1781   27215.6780
    42   29 Cu         0.0025     332.1781   27215.6780
    43   29 Cu         0.0025     332.1781   27215.6779
    44   29 Cu         0.0025     332.1781   27215.6780
    45   29 Cu         0.0025     332.1781   27215.6779
    46   29 Cu         0.0025     332.1781   27215.6780
    47   29 Cu         0.0025     332.1781   27215.6779
    48   29 Cu         0.0025     332.1781   27215.6779
    49   29 Cu         0.0025     332.1781   27215.6780
    50   29 Cu         0.0025     332.1781   27215.6779
    51   29 Cu         0.0025     332.1781   27215.6779
    52   29 Cu         0.0025     332.1781   27215.6780
    53   29 Cu         0.0030     332.1600   27214.1898
    54   29 Cu         0.0030     332.1600   27214.1898
    55   29 Cu         0.0030     332.1600   27214.1898
    56   29 Cu         0.0030     332.1600   27214.1898
    57   29 Cu         0.0030     332.1600   27214.1898
    58   29 Cu         0.0030     332.1600   27214.1898
    59   29 Cu         0.0032     332.1539   27213.6925
    60   29 Cu         0.0032     332.1539   27213.6926
    61   29 Cu         0.0032     332.1539   27213.6926
    62   29 Cu         0.0032     332.1539   27213.6926
    63   29 Cu         0.0027     332.1728   27215.2398
    64   29 Cu         0.0027     332.1728   27215.2398
    65   29 Cu         0.0027     332.1728   27215.2398
    66   29 Cu         0.0027     332.1728   27215.2398
    67   29 Cu         0.0027     332.1728   27215.2398
    68   29 Cu         0.0027     332.1728   27215.2398
    69   29 Cu         0.0027     332.1706   27215.0582
    70   29 Cu         0.0027     332.1706   27215.0582
    71   29 Cu         0.0027     332.1706   27215.0582
    72   29 Cu         0.0027     332.1706   27215.0582
    73   29 Cu         0.0027     332.1702   27215.0275
    74   29 Cu         0.0027     332.1702   27215.0275
    75   29 Cu         0.0027     332.1702   27215.0275
    76   29 Cu         0.0027     332.1702   27215.0275
    77   29 Cu         0.0027     332.1702   27215.0275
    78   29 Cu         0.0027     332.1702   27215.0275
    79   29 Cu         0.0029     332.1641   27214.5285
    80   29 Cu         0.0029     332.1641   27214.5286
    81   29 Cu         0.0029     332.1641   27214.5286
    82   29 Cu         0.0029     332.1641   27214.5286
    83   50 Sn         0.0049     625.1494   78463.1833
    84   50 Sn         0.0049     625.1494   78463.1833
    85   50 Sn         0.0049     625.1494   78463.1833
    86   50 Sn         0.0049     625.1494   78463.1833
    87   50 Sn         0.0043     625.1602   78464.5401
    88   50 Sn         0.0043     625.1602   78464.5401
    89   50 Sn         0.0043     625.1602   78464.5402
    90   50 Sn         0.0043     625.1602   78464.5401
    91   50 Sn         0.0043     625.1602   78464.5402
    92   50 Sn         0.0043     625.1602   78464.5401
    93   50 Sn         0.0043     625.1602   78464.5402
    94   50 Sn         0.0043     625.1602   78464.5402
    95   50 Sn         0.0043     625.1602   78464.5401
    96   50 Sn         0.0043     625.1602   78464.5402
    97   50 Sn         0.0043     625.1602   78464.5402
    98   50 Sn         0.0043     625.1602   78464.5401
    99   50 Sn         0.0042     625.1616   78464.7164
   100   50 Sn         0.0042     625.1616   78464.7163
   101   50 Sn         0.0042     625.1616   78464.7164
   102   50 Sn         0.0042     625.1616   78464.7163
   103   50 Sn         0.0042     625.1616   78464.7164
   104   50 Sn         0.0042     625.1616   78464.7163
--------------------------------------------------------

Atom-resolved dispersion energies:
--------------------------------------------------
     #    Z           [Hartree]      [kcal/mol]
--------------------------------------------------
     1   29 Cu  -0.18815651E-02     -1.18069991
     2   29 Cu  -0.18815795E-02     -1.18070898
     3   29 Cu  -0.18815795E-02     -1.18070898
     4   29 Cu  -0.18815795E-02     -1.18070898
     5   29 Cu  -0.16025535E-02     -1.00561748
     6   29 Cu  -0.16025545E-02     -1.00561811
     7   29 Cu  -0.16025545E-02     -1.00561811
     8   29 Cu  -0.16025545E-02     -1.00561811
     9   29 Cu  -0.18493072E-02     -1.16045779
    10   29 Cu  -0.18493222E-02     -1.16046718
    11   29 Cu  -0.18493222E-02     -1.16046718
    12   29 Cu  -0.18493222E-02     -1.16046718
    13   29 Cu  -0.18088829E-02     -1.13509118
    14   29 Cu  -0.18088896E-02     -1.13509537
    15   29 Cu  -0.18088896E-02     -1.13509537
    16   29 Cu  -0.18088896E-02     -1.13509537
    17   29 Cu  -0.16466358E-02     -1.03327958
    18   29 Cu  -0.16466296E-02     -1.03327569
    19   29 Cu  -0.16466329E-02     -1.03327773
    20   29 Cu  -0.16466358E-02     -1.03327958
    21   29 Cu  -0.16466329E-02     -1.03327773
    22   29 Cu  -0.16466296E-02     -1.03327569
    23   29 Cu  -0.16466329E-02     -1.03327773
    24   29 Cu  -0.16466329E-02     -1.03327773
    25   29 Cu  -0.16466358E-02     -1.03327958
    26   29 Cu  -0.16466329E-02     -1.03327773
    27   29 Cu  -0.16466329E-02     -1.03327773
    28   29 Cu  -0.16466296E-02     -1.03327569
    29   29 Cu  -0.15662581E-02     -0.98284179
    30   29 Cu  -0.15662579E-02     -0.98284169
    31   29 Cu  -0.15662569E-02     -0.98284106
    32   29 Cu  -0.15662581E-02     -0.98284179
    33   29 Cu  -0.15662569E-02     -0.98284106
    34   29 Cu  -0.15662579E-02     -0.98284169
    35   29 Cu  -0.15662569E-02     -0.98284106
    36   29 Cu  -0.15662569E-02     -0.98284106
    37   29 Cu  -0.15662581E-02     -0.98284179
    38   29 Cu  -0.15662569E-02     -0.98284106
    39   29 Cu  -0.15662569E-02     -0.98284106
    40   29 Cu  -0.15662579E-02     -0.98284169
    41   29 Cu  -0.15367013E-02     -0.96429466
    42   29 Cu  -0.15367011E-02     -0.96429450
    43   29 Cu  -0.15367120E-02     -0.96430133
    44   29 Cu  -0.15367013E-02     -0.96429466
    45   29 Cu  -0.15367120E-02     -0.96430133
    46   29 Cu  -0.15367011E-02     -0.96429450
    47   29 Cu  -0.15367120E-02     -0.96430133
    48   29 Cu  -0.15367120E-02     -0.96430133
    49   29 Cu  -0.15367013E-02     -0.96429466
    50   29 Cu  -0.15367120E-02     -0.96430133
    51   29 Cu  -0.15367120E-02     -0.96430133
    52   29 Cu  -0.15367011E-02     -0.96429450
    53   29 Cu  -0.17833925E-02     -1.11909568
    54   29 Cu  -0.17833916E-02     -1.11909514
    55   29 Cu  -0.17833925E-02     -1.11909568
    56   29 Cu  -0.17833916E-02     -1.11909514
    57   29 Cu  -0.17833925E-02     -1.11909568
    58   29 Cu  -0.17833916E-02     -1.11909514
    59   29 Cu  -0.21472375E-02     -1.34741189
    60   29 Cu  -0.21472227E-02     -1.34740262
    61   29 Cu  -0.21472227E-02     -1.34740262
    62   29 Cu  -0.21472227E-02     -1.34740262
    63   29 Cu  -0.15973796E-02     -1.00237083
    64   29 Cu  -0.15973783E-02     -1.00237003
    65   29 Cu  -0.15973796E-02     -1.00237083
    66   29 Cu  -0.15973783E-02     -1.00237003
    67   29 Cu  -0.15973796E-02     -1.00237083
    68   29 Cu  -0.15973783E-02     -1.00237003
    69   29 Cu  -0.16036292E-02     -1.00629254
    70   29 Cu  -0.16036307E-02     -1.00629348
    71   29 Cu  -0.16036307E-02     -1.00629348
    72   29 Cu  -0.16036307E-02     -1.00629348
    73   29 Cu  -0.15793701E-02     -0.99106972
    74   29 Cu  -0.15793793E-02     -0.99107545
    75   29 Cu  -0.15793701E-02     -0.99106972
    76   29 Cu  -0.15793793E-02     -0.99107545
    77   29 Cu  -0.15793701E-02     -0.99106972
    78   29 Cu  -0.15793793E-02     -0.99107545
    79   29 Cu  -0.18176396E-02     -1.14058610
    80   29 Cu  -0.18176325E-02     -1.14058160
    81   29 Cu  -0.18176325E-02     -1.14058160
    82   29 Cu  -0.18176325E-02     -1.14058160
    83   50 Sn  -0.21405081E-02     -1.34318909
    84   50 Sn  -0.21404977E-02     -1.34318259
    85   50 Sn  -0.21404977E-02     -1.34318259
    86   50 Sn  -0.21404977E-02     -1.34318259
    87   50 Sn  -0.18890967E-02     -1.18542606
    88   50 Sn  -0.18891063E-02     -1.18543210
    89   50 Sn  -0.18890939E-02     -1.18542430
    90   50 Sn  -0.18890967E-02     -1.18542606
    91   50 Sn  -0.18890939E-02     -1.18542430
    92   50 Sn  -0.18891063E-02     -1.18543210
    93   50 Sn  -0.18890939E-02     -1.18542430
    94   50 Sn  -0.18890939E-02     -1.18542430
    95   50 Sn  -0.18890967E-02     -1.18542606
    96   50 Sn  -0.18890939E-02     -1.18542430
    97   50 Sn  -0.18890939E-02     -1.18542430
    98   50 Sn  -0.18891063E-02     -1.18543210
    99   50 Sn  -0.18854316E-02     -1.18312620
   100   50 Sn  -0.18854354E-02     -1.18312858
   101   50 Sn  -0.18854316E-02     -1.18312620
   102   50 Sn  -0.18854354E-02     -1.18312858
   103   50 Sn  -0.18854316E-02     -1.18312620
   104   50 Sn  -0.18854354E-02     -1.18312858
--------------------------------------------------

Dispersion energy:      -1.8014312150917E-01 Eh

[Info] Dispersion energy written to .EDISP
