-----------------------------------
 s i m p l e   D F T - D 3  v1.2.1
-----------------------------------

Zero (Chai-Head-Gordon) damping: pbe-D3(0)
--------------------
  s6         1.0000
  s8         0.7220
  s9         0.0000
 rs6         1.2170
 rs8         1.0000
 alp        14.0000
--------------------

Atomic radii (in Angstrom):
-------------------------------------------
   Z          R(cov)     R(vdw)      r4/r2
-------------------------------------------
  57 La       2.1600     2.3131     4.9487
  30 Zn       1.4533     1.6155     2.6978
-------------------------------------------

Atomic reference systems (in atomic units):
----------------------------------------------------------------------------
   Z        #      CN    C6(AA)   #      CN    C6(AA)   #      CN    C6(AA)
----------------------------------------------------------------------------
  57 La     1  0.0000 3990.6172   2  1.9373 1850.0003   3  2.9175  766.0202
  30 Zn     1  0.0000  340.5213   2  1.9419  153.4528
----------------------------------------------------------------------------

Dispersion properties (in atomic units):
--------------------------------------------------------
     #    Z                CN       C6(AA)       C8(AA)
--------------------------------------------------------
     1   57 La         8.7553     766.0202  200974.3267
     2   57 La         8.7553     766.0202  200974.3267
     3   57 La         8.7553     766.0202  200974.3267
     4   57 La         8.7553     766.0202  200974.3267
     5   57 La         9.6233     766.0202  200974.3267
     6   57 La         9.6233     766.0202  200974.3267
     7   30 Zn         5.1007     153.4528   11965.3374
     8   30 Zn         5.1106     153.4528   11965.3374
     9   30 Zn         5.1007     153.4528   11965.3374
    10   30 Zn         5.1052     153.4528   11965.3374
    11   30 Zn         5.1052     153.4528   11965.3374
    12   30 Zn         5.0996     153.4528   11965.3374
    13   30 Zn         5.1106     153.4528   11965.3374
    14   30 Zn         5.0996     153.4528   11965.3374
    15   30 Zn         5.1007     153.4528   11965.3374
    16   30 Zn         5.1106     153.4528   11965.3374
    17   30 Zn         5.1007     153.4528   11965.3374
    18   30 Zn         5.1052     153.4528   11965.3374
    19   30 Zn         5.1052     153.4528   11965.3374
    20   30 Zn         5.0996     153.4528   11965.3374
    21   30 Zn         5.1106     153.4528   11965.3374
    22   30 Zn         5.0996     153.4528   11965.3374
    23   30 Zn         4.9306     153.4528   11965.3374
    24   30 Zn         4.9306     153.4528   11965.3374
    25   30 Zn         4.9269     153.4528   11965.3374
    26   30 Zn         4.9269     153.4528   11965.3374
    27   30 Zn         4.9306     153.4528   11965.3374
    28   30 Zn         4.9306     153.4528   11965.3374
    29   30 Zn         4.9269     153.4528   11965.3374
    30   30 Zn         4.9269     153.4528   11965.3374
    31   30 Zn         5.0781     153.4528   11965.3374
    32   30 Zn         5.0781     153.4528   11965.3374
    33   30 Zn         5.0670     153.4528   11965.3374
    34   30 Zn         5.0670     153.4528   11965.3374
    35   30 Zn         5.0781     153.4528   11965.3374
    36   30 Zn         5.0781     153.4528   11965.3374
    37   30 Zn         5.0670     153.4528   11965.3374
    38   30 Zn         5.0670     153.4528   11965.3374
    39   30 Zn         5.2881     153.4528   11965.3374
    40   30 Zn         5.2881     153.4528   11965.3374
    41   30 Zn         5.2966     153.4528   11965.3374
    42   30 Zn         5.2966     153.4528   11965.3374
    43   30 Zn         5.2881     153.4528   11965.3374
    44   30 Zn         5.2881     153.4528   11965.3374
    45   30 Zn         5.2966     153.4528   11965.3374
    46   30 Zn         5.2966     153.4528   11965.3374
    47   30 Zn         6.1114     153.4528   11965.3374
    48   30 Zn         6.1114     153.4528   11965.3374
    49   30 Zn         6.1024     153.4528   11965.3374
    50   30 Zn         6.1024     153.4528   11965.3374
--------------------------------------------------------

Atom-resolved dispersion energies:
--------------------------------------------------
     #    Z           [Hartree]      [kcal/mol]
--------------------------------------------------
     1   57 La  -0.14990457E-01     -9.40665350
     2   57 La  -0.14990457E-01     -9.40665350
     3   57 La  -0.14990457E-01     -9.40665350
     4   57 La  -0.14990457E-01     -9.40665350
     5   57 La  -0.15143505E-01     -9.50269296
     6   57 La  -0.15143505E-01     -9.50269296
     7   30 Zn  -0.84639850E-02     -5.31123077
     8   30 Zn  -0.84550367E-02     -5.30561562
     9   30 Zn  -0.84639850E-02     -5.31123077
    10   30 Zn  -0.84581145E-02     -5.30754699
    11   30 Zn  -0.84581145E-02     -5.30754699
    12   30 Zn  -0.84606629E-02     -5.30914610
    13   30 Zn  -0.84550367E-02     -5.30561562
    14   30 Zn  -0.84606629E-02     -5.30914610
    15   30 Zn  -0.84639850E-02     -5.31123077
    16   30 Zn  -0.84550367E-02     -5.30561562
    17   30 Zn  -0.84639850E-02     -5.31123077
    18   30 Zn  -0.84581145E-02     -5.30754699
    19   30 Zn  -0.84581145E-02     -5.30754699
    20   30 Zn  -0.84606629E-02     -5.30914610
    21   30 Zn  -0.84550367E-02     -5.30561562
    22   30 Zn  -0.84606629E-02     -5.30914610
    23   30 Zn  -0.85987738E-02     -5.39581202
    24   30 Zn  -0.85987738E-02     -5.39581202
    25   30 Zn  -0.85972697E-02     -5.39486820
    26   30 Zn  -0.85972697E-02     -5.39486820
    27   30 Zn  -0.85987738E-02     -5.39581202
    28   30 Zn  -0.85987738E-02     -5.39581202
    29   30 Zn  -0.85972697E-02     -5.39486820
    30   30 Zn  -0.85972697E-02     -5.39486820
    31   30 Zn  -0.88216054E-02     -5.53564096
    32   30 Zn  -0.88216054E-02     -5.53564096
    33   30 Zn  -0.88266886E-02     -5.53883075
    34   30 Zn  -0.88266886E-02     -5.53883075
    35   30 Zn  -0.88216054E-02     -5.53564096
    36   30 Zn  -0.88216054E-02     -5.53564096
    37   30 Zn  -0.88266886E-02     -5.53883075
    38   30 Zn  -0.88266886E-02     -5.53883075
    39   30 Zn  -0.87604635E-02     -5.49727384
    40   30 Zn  -0.87604635E-02     -5.49727384
    41   30 Zn  -0.87575417E-02     -5.49544037
    42   30 Zn  -0.87575417E-02     -5.49544037
    43   30 Zn  -0.87604635E-02     -5.49727384
    44   30 Zn  -0.87604635E-02     -5.49727384
    45   30 Zn  -0.87575417E-02     -5.49544037
    46   30 Zn  -0.87575417E-02     -5.49544037
    47   30 Zn  -0.84716723E-02     -5.31605463
    48   30 Zn  -0.84716723E-02     -5.31605463
    49   30 Zn  -0.84685292E-02     -5.31408228
    50   30 Zn  -0.84685292E-02     -5.31408228
--------------------------------------------------

Dispersion energy:      -4.6892980644187E-01 Eh

[Info] Dispersion energy written to .EDISP
