-----------------------------------
 s i m p l e   D F T - D 3  v1.2.1
-----------------------------------

Zero (Chai-Head-Gordon) damping: pbe-D3(0)
--------------------
  s6         1.0000
  s8         0.7220
  s9         0.0000
 rs6         1.2170
 rs8         1.0000
 alp        14.0000
--------------------

Atomic radii (in Angstrom):
-------------------------------------------
   Z          R(cov)     R(vdw)      r4/r2
-------------------------------------------
  12 Mg       1.6667     1.7420     2.8909
  49 In       1.7067     2.1311     3.7153
-------------------------------------------

Atomic reference systems (in atomic units):
----------------------------------------------------------------------------
   Z        #      CN    C6(AA)   #      CN    C6(AA)   #      CN    C6(AA)
----------------------------------------------------------------------------
  12 Mg     1  0.0000  683.3758   2  0.9628  451.2708   3  1.9496  175.5616
  49 In     1  0.0000  757.7397   2  0.9633  678.9920   3  1.9378  427.9140
            4  2.9353  310.8315
----------------------------------------------------------------------------

Dispersion properties (in atomic units):
--------------------------------------------------------
     #    Z                CN       C6(AA)       C8(AA)
--------------------------------------------------------
     1   12 Mg         8.2235     175.5616   15718.3434
     2   12 Mg         8.2235     175.5616   15718.3434
     3   12 Mg         8.2235     175.5616   15718.3434
     4   12 Mg         8.2235     175.5616   15718.3434
     5   12 Mg         8.2318     175.5616   15718.3434
     6   12 Mg         8.2318     175.5616   15718.3434
     7   12 Mg         8.2203     175.5616   15718.3434
     8   12 Mg         8.2055     175.5616   15718.3434
     9   12 Mg         8.2203     175.5616   15718.3434
    10   12 Mg         8.2203     175.5616   15718.3434
    11   12 Mg         8.2354     175.5616   15718.3434
    12   12 Mg         8.2354     175.5616   15718.3434
    13   12 Mg         8.2355     175.5616   15718.3434
    14   12 Mg         8.2355     175.5616   15718.3434
    15   12 Mg         8.1980     175.5616   15718.3434
    16   12 Mg         8.1979     175.5616   15718.3434
    17   12 Mg         8.2318     175.5616   15718.3434
    18   12 Mg         8.2235     175.5616   15718.3434
    19   12 Mg         8.2235     175.5616   15718.3434
    20   12 Mg         8.1979     175.5616   15718.3434
    21   12 Mg         8.2055     175.5616   15718.3434
    22   12 Mg         8.2055     175.5616   15718.3434
    23   12 Mg         8.2354     175.5616   15718.3434
    24   12 Mg         8.2355     175.5616   15718.3434
    25   12 Mg         8.2146     175.5616   15718.3434
    26   12 Mg         8.2145     175.5616   15718.3434
    27   12 Mg         8.2146     175.5616   15718.3434
    28   12 Mg         8.2146     175.5616   15718.3434
    29   12 Mg         8.2146     175.5616   15718.3434
    30   12 Mg         8.2145     175.5616   15718.3434
    31   12 Mg         8.2239     175.5616   15718.3434
    32   12 Mg         8.2240     175.5616   15718.3434
    33   12 Mg         8.2239     175.5616   15718.3434
    34   12 Mg         8.2239     175.5616   15718.3434
    35   12 Mg         8.2239     175.5616   15718.3434
    36   12 Mg         8.2239     175.5616   15718.3434
    37   12 Mg         8.2239     175.5616   15718.3434
    38   12 Mg         8.2115     175.5616   15718.3434
    39   12 Mg         8.2115     175.5616   15718.3434
    40   12 Mg         8.2115     175.5616   15718.3434
    41   12 Mg         8.1951     175.5616   15718.3434
    42   12 Mg         8.1951     175.5616   15718.3434
    43   12 Mg         8.1951     175.5616   15718.3434
    44   12 Mg         8.2156     175.5616   15718.3434
    45   12 Mg         8.2155     175.5616   15718.3434
    46   12 Mg         8.2155     175.5616   15718.3434
    47   12 Mg         8.2216     175.5616   15718.3434
    48   12 Mg         8.2216     175.5616   15718.3434
    49   12 Mg         8.2215     175.5616   15718.3434
    50   12 Mg         8.1989     175.5616   15718.3434
    51   12 Mg         8.1993     175.5616   15718.3434
    52   12 Mg         8.1988     175.5616   15718.3434
    53   12 Mg         8.2131     175.5616   15718.3434
    54   12 Mg         8.2131     175.5616   15718.3434
    55   12 Mg         8.2131     175.5616   15718.3434
    56   12 Mg         8.2010     175.5616   15718.3434
    57   12 Mg         8.2005     175.5616   15718.3434
    58   12 Mg         8.2005     175.5616   15718.3434
    59   12 Mg         8.2005     175.5616   15718.3434
    60   12 Mg         8.2005     175.5616   15718.3434
    61   12 Mg         8.2005     175.5616   15718.3434
    62   12 Mg         8.2511     175.5616   15718.3434
    63   12 Mg         8.2169     175.5616   15718.3434
    64   12 Mg         8.2169     175.5616   15718.3434
    65   12 Mg         8.2169     175.5616   15718.3434
    66   12 Mg         8.1997     175.5616   15718.3434
    67   12 Mg         8.1996     175.5616   15718.3434
    68   12 Mg         8.1997     175.5616   15718.3434
    69   12 Mg         8.2304     175.5616   15718.3434
    70   12 Mg         8.2308     175.5616   15718.3434
    71   12 Mg         8.2308     175.5616   15718.3434
    72   12 Mg         8.2308     175.5616   15718.3434
    73   12 Mg         8.2308     175.5616   15718.3434
    74   12 Mg         8.2303     175.5616   15718.3434
    75   12 Mg         8.2397     175.5616   15718.3434
    76   12 Mg         8.2279     175.5616   15718.3434
    77   12 Mg         8.2285     175.5616   15718.3434
    78   12 Mg         8.2060     175.5616   15718.3434
    79   12 Mg         8.2064     175.5616   15718.3434
    80   12 Mg         8.2117     175.5616   15718.3434
    81   12 Mg         8.2118     175.5616   15718.3434
    82   12 Mg         8.1989     175.5616   15718.3434
    83   12 Mg         8.2059     175.5616   15718.3434
    84   12 Mg         8.2059     175.5616   15718.3434
    85   12 Mg         8.2055     175.5616   15718.3434
    86   12 Mg         8.2060     175.5616   15718.3434
    87   12 Mg         8.2034     175.5616   15718.3434
    88   12 Mg         8.2029     175.5616   15718.3434
    89   12 Mg         8.1925     175.5616   15718.3434
    90   12 Mg         8.2113     175.5616   15718.3434
    91   12 Mg         8.2118     175.5616   15718.3434
    92   12 Mg         8.2275     175.5616   15718.3434
    93   12 Mg         8.1924     175.5616   15718.3434
    94   12 Mg         8.1939     175.5616   15718.3434
    95   12 Mg         8.2396     175.5616   15718.3434
    96   12 Mg         8.2383     175.5616   15718.3434
    97   12 Mg         8.2123     175.5616   15718.3434
    98   12 Mg         8.2118     175.5616   15718.3434
    99   12 Mg         8.2038     175.5616   15718.3434
   100   12 Mg         8.2304     175.5616   15718.3434
   101   12 Mg         8.2308     175.5616   15718.3434
   102   12 Mg         8.2308     175.5616   15718.3434
   103   12 Mg         8.2308     175.5616   15718.3434
   104   12 Mg         8.2308     175.5616   15718.3434
   105   12 Mg         8.2303     175.5616   15718.3434
   106   12 Mg         8.1997     175.5616   15718.3434
   107   12 Mg         8.1996     175.5616   15718.3434
   108   12 Mg         8.1997     175.5616   15718.3434
   109   12 Mg         8.2168     175.5616   15718.3434
   110   12 Mg         8.2169     175.5616   15718.3434
   111   12 Mg         8.2169     175.5616   15718.3434
   112   12 Mg         8.2511     175.5616   15718.3434
   113   12 Mg         8.2010     175.5616   15718.3434
   114   12 Mg         8.2005     175.5616   15718.3434
   115   12 Mg         8.2005     175.5616   15718.3434
   116   12 Mg         8.2005     175.5616   15718.3434
   117   12 Mg         8.2005     175.5616   15718.3434
   118   12 Mg         8.2005     175.5616   15718.3434
   119   12 Mg         8.2131     175.5616   15718.3434
   120   12 Mg         8.2130     175.5616   15718.3434
   121   12 Mg         8.2130     175.5616   15718.3434
   122   12 Mg         8.1988     175.5616   15718.3434
   123   12 Mg         8.1993     175.5616   15718.3434
   124   12 Mg         8.1988     175.5616   15718.3434
   125   12 Mg         8.2216     175.5616   15718.3434
   126   12 Mg         8.2215     175.5616   15718.3434
   127   12 Mg         8.2215     175.5616   15718.3434
   128   12 Mg         8.2156     175.5616   15718.3434
   129   12 Mg         8.2155     175.5616   15718.3434
   130   12 Mg         8.2155     175.5616   15718.3434
   131   12 Mg         8.1951     175.5616   15718.3434
   132   12 Mg         8.1951     175.5616   15718.3434
   133   12 Mg         8.1951     175.5616   15718.3434
   134   12 Mg         8.2115     175.5616   15718.3434
   135   12 Mg         8.2115     175.5616   15718.3434
   136   12 Mg         8.2115     175.5616   15718.3434
   137   12 Mg         8.2239     175.5616   15718.3434
   138   12 Mg         8.2239     175.5616   15718.3434
   139   12 Mg         8.2240     175.5616   15718.3434
   140   12 Mg         8.2239     175.5616   15718.3434
   141   12 Mg         8.2239     175.5616   15718.3434
   142   12 Mg         8.2239     175.5616   15718.3434
   143   12 Mg         8.2239     175.5616   15718.3434
   144   12 Mg         8.2146     175.5616   15718.3434
   145   12 Mg         8.2145     175.5616   15718.3434
   146   12 Mg         8.2146     175.5616   15718.3434
   147   12 Mg         8.2146     175.5616   15718.3434
   148   12 Mg         8.2146     175.5616   15718.3434
   149   12 Mg         8.2146     175.5616   15718.3434
   150   49 In         8.6245     310.8315   45964.4256
--------------------------------------------------------

Atom-resolved dispersion energies:
--------------------------------------------------
     #    Z           [Hartree]      [kcal/mol]
--------------------------------------------------
     1   12 Mg  -0.74210955E-02     -4.65680772
     2   12 Mg  -0.74210972E-02     -4.65680883
     3   12 Mg  -0.74211140E-02     -4.65681933
     4   12 Mg  -0.74210981E-02     -4.65680935
     5   12 Mg  -0.74061273E-02     -4.64741504
     6   12 Mg  -0.74061300E-02     -4.64741674
     7   12 Mg  -0.73751622E-02     -4.62798414
     8   12 Mg  -0.74067092E-02     -4.64778021
     9   12 Mg  -0.73751517E-02     -4.62797755
    10   12 Mg  -0.73751583E-02     -4.62798171
    11   12 Mg  -0.73751527E-02     -4.62797822
    12   12 Mg  -0.73751496E-02     -4.62797628
    13   12 Mg  -0.73751337E-02     -4.62796629
    14   12 Mg  -0.73751281E-02     -4.62796273
    15   12 Mg  -0.73709709E-02     -4.62535410
    16   12 Mg  -0.73709781E-02     -4.62535858
    17   12 Mg  -0.74061178E-02     -4.64740905
    18   12 Mg  -0.74211040E-02     -4.65681310
    19   12 Mg  -0.74210897E-02     -4.65680407
    20   12 Mg  -0.73709763E-02     -4.62535748
    21   12 Mg  -0.74067079E-02     -4.64777938
    22   12 Mg  -0.74067254E-02     -4.64779034
    23   12 Mg  -0.73751581E-02     -4.62798160
    24   12 Mg  -0.73751490E-02     -4.62797589
    25   12 Mg  -0.74044944E-02     -4.64639036
    26   12 Mg  -0.74045089E-02     -4.64639948
    27   12 Mg  -0.74044951E-02     -4.64639083
    28   12 Mg  -0.74044940E-02     -4.64639012
    29   12 Mg  -0.74045081E-02     -4.64639897
    30   12 Mg  -0.74045234E-02     -4.64640859
    31   12 Mg  -0.73739007E-02     -4.62719256
    32   12 Mg  -0.73738791E-02     -4.62717902
    33   12 Mg  -0.73739074E-02     -4.62719678
    34   12 Mg  -0.73738955E-02     -4.62718926
    35   12 Mg  -0.73738854E-02     -4.62718293
    36   12 Mg  -0.73738794E-02     -4.62717918
    37   12 Mg  -0.73682717E-02     -4.62366027
    38   12 Mg  -0.73685426E-02     -4.62383029
    39   12 Mg  -0.73685360E-02     -4.62382612
    40   12 Mg  -0.73685627E-02     -4.62384292
    41   12 Mg  -0.73707808E-02     -4.62523477
    42   12 Mg  -0.73707889E-02     -4.62523989
    43   12 Mg  -0.73708137E-02     -4.62525545
    44   12 Mg  -0.74262598E-02     -4.66004838
    45   12 Mg  -0.74262328E-02     -4.66003142
    46   12 Mg  -0.74262684E-02     -4.66005376
    47   12 Mg  -0.74897179E-02     -4.69986896
    48   12 Mg  -0.74897193E-02     -4.69986979
    49   12 Mg  -0.74897107E-02     -4.69986441
    50   12 Mg  -0.73728334E-02     -4.62652281
    51   12 Mg  -0.73727052E-02     -4.62644234
    52   12 Mg  -0.73728475E-02     -4.62653165
    53   12 Mg  -0.73663084E-02     -4.62242829
    54   12 Mg  -0.73662386E-02     -4.62238449
    55   12 Mg  -0.73662444E-02     -4.62238813
    56   12 Mg  -0.73722616E-02     -4.62616397
    57   12 Mg  -0.73724098E-02     -4.62625699
    58   12 Mg  -0.73723316E-02     -4.62620794
    59   12 Mg  -0.73723613E-02     -4.62622658
    60   12 Mg  -0.73723077E-02     -4.62619293
    61   12 Mg  -0.73723138E-02     -4.62619673
    62   12 Mg  -0.74166215E-02     -4.65400027
    63   12 Mg  -0.73712030E-02     -4.62549970
    64   12 Mg  -0.73711995E-02     -4.62549753
    65   12 Mg  -0.73710621E-02     -4.62541131
    66   12 Mg  -0.73627660E-02     -4.62020543
    67   12 Mg  -0.73626435E-02     -4.62012855
    68   12 Mg  -0.73628165E-02     -4.62023710
    69   12 Mg  -0.73844372E-02     -4.63380431
    70   12 Mg  -0.73843132E-02     -4.63372651
    71   12 Mg  -0.73842687E-02     -4.63369859
    72   12 Mg  -0.73843311E-02     -4.63373776
    73   12 Mg  -0.73842559E-02     -4.63369053
    74   12 Mg  -0.73843419E-02     -4.63374452
    75   12 Mg  -0.73734698E-02     -4.62692216
    76   12 Mg  -0.73693197E-02     -4.62431790
    77   12 Mg  -0.73691797E-02     -4.62423008
    78   12 Mg  -0.73673170E-02     -4.62306120
    79   12 Mg  -0.73671429E-02     -4.62295194
    80   12 Mg  -0.73677907E-02     -4.62335849
    81   12 Mg  -0.73678081E-02     -4.62336937
    82   12 Mg  -0.73692247E-02     -4.62425832
    83   12 Mg  -0.73672494E-02     -4.62301880
    84   12 Mg  -0.73672350E-02     -4.62300975
    85   12 Mg  -0.73673515E-02     -4.62308287
    86   12 Mg  -0.73671546E-02     -4.62295930
    87   12 Mg  -0.73626242E-02     -4.62011645
    88   12 Mg  -0.73627741E-02     -4.62021053
    89   12 Mg  -0.73657983E-02     -4.62210820
    90   12 Mg  -0.73679176E-02     -4.62343811
    91   12 Mg  -0.73677571E-02     -4.62333735
    92   12 Mg  -0.73693786E-02     -4.62435486
    93   12 Mg  -0.73658173E-02     -4.62212013
    94   12 Mg  -0.73653457E-02     -4.62182422
    95   12 Mg  -0.73734706E-02     -4.62692266
    96   12 Mg  -0.73739228E-02     -4.62720642
    97   12 Mg  -0.73676664E-02     -4.62328049
    98   12 Mg  -0.73678268E-02     -4.62338112
    99   12 Mg  -0.73625909E-02     -4.62009553
   100   12 Mg  -0.73844395E-02     -4.63380577
   101   12 Mg  -0.73843119E-02     -4.63372569
   102   12 Mg  -0.73842727E-02     -4.63370107
   103   12 Mg  -0.73843264E-02     -4.63373479
   104   12 Mg  -0.73842464E-02     -4.63368460
   105   12 Mg  -0.73843359E-02     -4.63374075
   106   12 Mg  -0.73627591E-02     -4.62020108
   107   12 Mg  -0.73626509E-02     -4.62013316
   108   12 Mg  -0.73628169E-02     -4.62023736
   109   12 Mg  -0.73712112E-02     -4.62550484
   110   12 Mg  -0.73712065E-02     -4.62550191
   111   12 Mg  -0.73710690E-02     -4.62541565
   112   12 Mg  -0.74166181E-02     -4.65399811
   113   12 Mg  -0.73722560E-02     -4.62616048
   114   12 Mg  -0.73724082E-02     -4.62625602
   115   12 Mg  -0.73723317E-02     -4.62620798
   116   12 Mg  -0.73723620E-02     -4.62622697
   117   12 Mg  -0.73723085E-02     -4.62619342
   118   12 Mg  -0.73723156E-02     -4.62619790
   119   12 Mg  -0.73663025E-02     -4.62242463
   120   12 Mg  -0.73662456E-02     -4.62238890
   121   12 Mg  -0.73662478E-02     -4.62239025
   122   12 Mg  -0.73728340E-02     -4.62652320
   123   12 Mg  -0.73727037E-02     -4.62644144
   124   12 Mg  -0.73728454E-02     -4.62653037
   125   12 Mg  -0.74897169E-02     -4.69986830
   126   12 Mg  -0.74897196E-02     -4.69987003
   127   12 Mg  -0.74897078E-02     -4.69986263
   128   12 Mg  -0.74262590E-02     -4.66004788
   129   12 Mg  -0.74262342E-02     -4.66003232
   130   12 Mg  -0.74262726E-02     -4.66005641
   131   12 Mg  -0.73707817E-02     -4.62523532
   132   12 Mg  -0.73707882E-02     -4.62523945
   133   12 Mg  -0.73708146E-02     -4.62525597
   134   12 Mg  -0.73685370E-02     -4.62382676
   135   12 Mg  -0.73685326E-02     -4.62382400
   136   12 Mg  -0.73685564E-02     -4.62383898
   137   12 Mg  -0.73682742E-02     -4.62366187
   138   12 Mg  -0.73739016E-02     -4.62719312
   139   12 Mg  -0.73738822E-02     -4.62718095
   140   12 Mg  -0.73739017E-02     -4.62719319
   141   12 Mg  -0.73738885E-02     -4.62718489
   142   12 Mg  -0.73738820E-02     -4.62718080
   143   12 Mg  -0.73738778E-02     -4.62717820
   144   12 Mg  -0.74044907E-02     -4.64638804
   145   12 Mg  -0.74045058E-02     -4.64639755
   146   12 Mg  -0.74044916E-02     -4.64638863
   147   12 Mg  -0.74044967E-02     -4.64639183
   148   12 Mg  -0.74045091E-02     -4.64639961
   149   12 Mg  -0.74045201E-02     -4.64640649
   150   49 In  -0.10623069E-01     -6.66607647
--------------------------------------------------

Dispersion energy:      -1.1110305553691E+00 Eh

[Info] Dispersion energy written to .EDISP
