-----------------------------------
 s i m p l e   D F T - D 3  v1.2.1
-----------------------------------

Zero (Chai-Head-Gordon) damping: pbe-D3(0)
--------------------
  s6         1.0000
  s8         0.7220
  s9         0.0000
 rs6         1.2170
 rs8         1.0000
 alp        14.0000
--------------------

Atomic radii (in Angstrom):
-------------------------------------------
   Z          R(cov)     R(vdw)      r4/r2
-------------------------------------------
  29 Cu       1.3467     1.6504     2.7654
  33 As       1.5333     1.8313     2.6813
-------------------------------------------

Atomic reference systems (in atomic units):
----------------------------------------------------------------------------
   Z        #      CN    C6(AA)   #      CN    C6(AA)   #      CN    C6(AA)
----------------------------------------------------------------------------
  29 Cu     1  0.0000  337.1808   2  0.9576  174.9969
  33 As     1  0.0000  262.9498   2  0.9889  254.1924   3  1.9793  241.2494
            4  2.9709  224.2851
----------------------------------------------------------------------------

Dispersion properties (in atomic units):
--------------------------------------------------------
     #    Z                CN       C6(AA)       C8(AA)
--------------------------------------------------------
     1   29 Cu        13.4806     174.9969   14337.6665
     2   29 Cu        13.3048     174.9969   14337.6665
     3   29 Cu        13.3048     174.9969   14337.6665
     4   29 Cu        13.3048     174.9969   14337.6665
     5   29 Cu        13.3048     174.9969   14337.6665
     6   29 Cu        13.3048     174.9969   14337.6665
     7   29 Cu        13.7819     174.9969   14337.6665
     8   29 Cu        13.7819     174.9969   14337.6665
     9   29 Cu        13.7819     174.9969   14337.6665
    10   29 Cu        13.7819     174.9969   14337.6665
    11   29 Cu        13.3048     174.9969   14337.6665
    12   29 Cu        13.7819     174.9969   14337.6665
    13   29 Cu        13.0475     174.9969   14337.6665
    14   29 Cu        13.0475     174.9969   14337.6665
    15   29 Cu        13.0475     174.9969   14337.6665
    16   29 Cu        13.0475     174.9969   14337.6665
    17   29 Cu        13.0475     174.9969   14337.6665
    18   29 Cu        13.0475     174.9969   14337.6665
    19   29 Cu        13.0475     174.9969   14337.6665
    20   29 Cu        13.0475     174.9969   14337.6665
    21   29 Cu        13.0475     174.9969   14337.6665
    22   29 Cu        13.0475     174.9969   14337.6665
    23   29 Cu        13.0475     174.9969   14337.6665
    24   29 Cu        13.0475     174.9969   14337.6665
    25   29 Cu        13.4806     174.9969   14337.6665
    26   29 Cu        13.4806     174.9969   14337.6665
    27   29 Cu        13.4806     174.9969   14337.6665
    28   29 Cu        12.8184     174.9969   14337.6665
    29   29 Cu        12.8184     174.9969   14337.6665
    30   29 Cu        12.8184     174.9969   14337.6665
    31   29 Cu        12.8184     174.9969   14337.6665
    32   29 Cu        13.3983     174.9969   14337.6665
    33   29 Cu        13.3983     174.9969   14337.6665
    34   29 Cu        13.3983     174.9969   14337.6665
    35   29 Cu        13.3983     174.9969   14337.6665
    36   29 Cu        13.7819     174.9969   14337.6665
    37   33 As        16.1584     224.2851   17275.0039
    38   33 As        16.1584     224.2851   17275.0039
    39   33 As        16.1584     224.2851   17275.0039
    40   33 As        16.1584     224.2851   17275.0039
    41   33 As        16.3465     224.2851   17275.0039
    42   33 As        16.3465     224.2851   17275.0039
    43   33 As        16.3465     224.2851   17275.0039
    44   33 As        16.3465     224.2851   17275.0039
    45   33 As        16.3465     224.2851   17275.0039
    46   33 As        16.3465     224.2851   17275.0039
    47   33 As        16.3465     224.2851   17275.0039
    48   33 As        16.3465     224.2851   17275.0039
    49   33 As        16.3465     224.2851   17275.0039
    50   33 As        16.3465     224.2851   17275.0039
    51   33 As        16.3465     224.2851   17275.0039
    52   33 As        16.3465     224.2851   17275.0039
--------------------------------------------------------

Atom-resolved dispersion energies:
--------------------------------------------------
     #    Z           [Hartree]      [kcal/mol]
--------------------------------------------------
     1   29 Cu  -0.35639518E-01    -22.36413546
     2   29 Cu  -0.35204512E-01    -22.09116484
     3   29 Cu  -0.35204512E-01    -22.09116484
     4   29 Cu  -0.35204512E-01    -22.09116484
     5   29 Cu  -0.35204512E-01    -22.09116484
     6   29 Cu  -0.35204512E-01    -22.09116484
     7   29 Cu  -0.35243456E-01    -22.11560276
     8   29 Cu  -0.35243456E-01    -22.11560276
     9   29 Cu  -0.35243456E-01    -22.11560276
    10   29 Cu  -0.35243456E-01    -22.11560276
    11   29 Cu  -0.35204512E-01    -22.09116484
    12   29 Cu  -0.35243456E-01    -22.11560276
    13   29 Cu  -0.34421564E-01    -21.59985771
    14   29 Cu  -0.34421564E-01    -21.59985771
    15   29 Cu  -0.34421564E-01    -21.59985771
    16   29 Cu  -0.34421564E-01    -21.59985771
    17   29 Cu  -0.34421564E-01    -21.59985771
    18   29 Cu  -0.34421564E-01    -21.59985771
    19   29 Cu  -0.34421564E-01    -21.59985771
    20   29 Cu  -0.34421564E-01    -21.59985771
    21   29 Cu  -0.34421564E-01    -21.59985771
    22   29 Cu  -0.34421564E-01    -21.59985771
    23   29 Cu  -0.34421564E-01    -21.59985771
    24   29 Cu  -0.34421564E-01    -21.59985771
    25   29 Cu  -0.35639518E-01    -22.36413546
    26   29 Cu  -0.35639518E-01    -22.36413546
    27   29 Cu  -0.35639518E-01    -22.36413546
    28   29 Cu  -0.35885572E-01    -22.51853667
    29   29 Cu  -0.35885572E-01    -22.51853667
    30   29 Cu  -0.35885572E-01    -22.51853667
    31   29 Cu  -0.35885572E-01    -22.51853667
    32   29 Cu  -0.33115290E-01    -20.78015842
    33   29 Cu  -0.33115290E-01    -20.78015842
    34   29 Cu  -0.33115290E-01    -20.78015842
    35   29 Cu  -0.33115290E-01    -20.78015842
    36   29 Cu  -0.35243456E-01    -22.11560276
    37   33 As  -0.33591185E-01    -21.07878706
    38   33 As  -0.33591185E-01    -21.07878706
    39   33 As  -0.33591185E-01    -21.07878706
    40   33 As  -0.33591185E-01    -21.07878706
    41   33 As  -0.33834389E-01    -21.23139950
    42   33 As  -0.33834389E-01    -21.23139950
    43   33 As  -0.33834389E-01    -21.23139950
    44   33 As  -0.33834389E-01    -21.23139950
    45   33 As  -0.33834389E-01    -21.23139950
    46   33 As  -0.33834389E-01    -21.23139950
    47   33 As  -0.33834389E-01    -21.23139950
    48   33 As  -0.33834389E-01    -21.23139950
    49   33 As  -0.33834389E-01    -21.23139950
    50   33 As  -0.33834389E-01    -21.23139950
    51   33 As  -0.33834389E-01    -21.23139950
    52   33 As  -0.33834389E-01    -21.23139950
--------------------------------------------------

Dispersion energy:      -1.7946855130708E+00 Eh

[Info] Dispersion energy written to .EDISP
