-----------------------------------
 s i m p l e   D F T - D 3  v1.2.1
-----------------------------------

Zero (Chai-Head-Gordon) damping: pbe-D3(0)
--------------------
  s6         1.0000
  s8         0.7220
  s9         0.0000
 rs6         1.2170
 rs8         1.0000
 alp        14.0000
--------------------

Atomic radii (in Angstrom):
-------------------------------------------
   Z          R(cov)     R(vdw)      r4/r2
-------------------------------------------
  29 Cu       1.3467     1.6504     2.7654
  33 As       1.5333     1.8313     2.6813
-------------------------------------------

Atomic reference systems (in atomic units):
----------------------------------------------------------------------------
   Z        #      CN    C6(AA)   #      CN    C6(AA)   #      CN    C6(AA)
----------------------------------------------------------------------------
  29 Cu     1  0.0000  337.1808   2  0.9576  174.9969
  33 As     1  0.0000  262.9498   2  0.9889  254.1924   3  1.9793  241.2494
            4  2.9709  224.2851
----------------------------------------------------------------------------

Dispersion properties (in atomic units):
--------------------------------------------------------
     #    Z                CN       C6(AA)       C8(AA)
--------------------------------------------------------
     1   29 Cu         0.0433     330.4182   27071.4884
     2   29 Cu         0.0325     330.9341   27113.7532
     3   29 Cu         0.0325     330.9341   27113.7532
     4   29 Cu         0.0325     330.9341   27113.7532
     5   29 Cu         0.0325     330.9341   27113.7532
     6   29 Cu         0.0325     330.9341   27113.7532
     7   29 Cu         0.0323     330.9429   27114.4727
     8   29 Cu         0.0323     330.9429   27114.4727
     9   29 Cu         0.0323     330.9429   27114.4727
    10   29 Cu         0.0323     330.9429   27114.4727
    11   29 Cu         0.0325     330.9341   27113.7532
    12   29 Cu         0.0323     330.9429   27114.4727
    13   29 Cu         0.0350     330.8195   27104.3658
    14   29 Cu         0.0350     330.8195   27104.3658
    15   29 Cu         0.0350     330.8195   27104.3658
    16   29 Cu         0.0350     330.8195   27104.3658
    17   29 Cu         0.0350     330.8195   27104.3658
    18   29 Cu         0.0350     330.8195   27104.3658
    19   29 Cu         0.0350     330.8195   27104.3658
    20   29 Cu         0.0350     330.8195   27104.3658
    21   29 Cu         0.0350     330.8195   27104.3658
    22   29 Cu         0.0350     330.8195   27104.3658
    23   29 Cu         0.0350     330.8195   27104.3658
    24   29 Cu         0.0350     330.8195   27104.3658
    25   29 Cu         0.0433     330.4182   27071.4884
    26   29 Cu         0.0433     330.4182   27071.4884
    27   29 Cu         0.0433     330.4182   27071.4884
    28   29 Cu         0.0348     330.8295   27105.1792
    29   29 Cu         0.0348     330.8295   27105.1792
    30   29 Cu         0.0348     330.8295   27105.1792
    31   29 Cu         0.0348     330.8295   27105.1792
    32   29 Cu         0.0375     330.7028   27094.8037
    33   29 Cu         0.0375     330.7028   27094.8037
    34   29 Cu         0.0375     330.7028   27094.8037
    35   29 Cu         0.0375     330.7028   27094.8037
    36   29 Cu         0.0323     330.9429   27114.4727
    37   33 As         0.0467     262.7010   20233.8896
    38   33 As         0.0467     262.7010   20233.8896
    39   33 As         0.0467     262.7010   20233.8896
    40   33 As         0.0467     262.7010   20233.8896
    41   33 As         0.0470     262.7004   20233.8470
    42   33 As         0.0470     262.7004   20233.8470
    43   33 As         0.0470     262.7004   20233.8470
    44   33 As         0.0470     262.7004   20233.8470
    45   33 As         0.0470     262.7004   20233.8470
    46   33 As         0.0470     262.7004   20233.8470
    47   33 As         0.0470     262.7004   20233.8470
    48   33 As         0.0470     262.7004   20233.8470
    49   33 As         0.0470     262.7004   20233.8470
    50   33 As         0.0470     262.7004   20233.8470
    51   33 As         0.0470     262.7004   20233.8470
    52   33 As         0.0470     262.7004   20233.8470
--------------------------------------------------------

Atom-resolved dispersion energies:
--------------------------------------------------
     #    Z           [Hartree]      [kcal/mol]
--------------------------------------------------
     1   29 Cu  -0.85398485E-02     -5.35883586
     2   29 Cu  -0.73210412E-02     -4.59402273
     3   29 Cu  -0.73210412E-02     -4.59402273
     4   29 Cu  -0.73210412E-02     -4.59402273
     5   29 Cu  -0.73210412E-02     -4.59402273
     6   29 Cu  -0.73210412E-02     -4.59402273
     7   29 Cu  -0.83069762E-02     -5.21270624
     8   29 Cu  -0.83069762E-02     -5.21270624
     9   29 Cu  -0.83069762E-02     -5.21270624
    10   29 Cu  -0.83069762E-02     -5.21270624
    11   29 Cu  -0.73210412E-02     -4.59402273
    12   29 Cu  -0.83069762E-02     -5.21270624
    13   29 Cu  -0.75573604E-02     -4.74231524
    14   29 Cu  -0.75573604E-02     -4.74231524
    15   29 Cu  -0.75573604E-02     -4.74231524
    16   29 Cu  -0.75573604E-02     -4.74231524
    17   29 Cu  -0.75573604E-02     -4.74231524
    18   29 Cu  -0.75573604E-02     -4.74231524
    19   29 Cu  -0.75573604E-02     -4.74231524
    20   29 Cu  -0.75573604E-02     -4.74231524
    21   29 Cu  -0.75573604E-02     -4.74231524
    22   29 Cu  -0.75573604E-02     -4.74231524
    23   29 Cu  -0.75573604E-02     -4.74231524
    24   29 Cu  -0.75573604E-02     -4.74231524
    25   29 Cu  -0.85398485E-02     -5.35883586
    26   29 Cu  -0.85398485E-02     -5.35883586
    27   29 Cu  -0.85398485E-02     -5.35883586
    28   29 Cu  -0.76302124E-02     -4.78803057
    29   29 Cu  -0.76302124E-02     -4.78803057
    30   29 Cu  -0.76302124E-02     -4.78803057
    31   29 Cu  -0.76302124E-02     -4.78803057
    32   29 Cu  -0.88036215E-02     -5.52435589
    33   29 Cu  -0.88036215E-02     -5.52435589
    34   29 Cu  -0.88036215E-02     -5.52435589
    35   29 Cu  -0.88036215E-02     -5.52435589
    36   29 Cu  -0.83069762E-02     -5.21270624
    37   33 As  -0.64405080E-02     -4.04147982
    38   33 As  -0.64405080E-02     -4.04147982
    39   33 As  -0.64405080E-02     -4.04147982
    40   33 As  -0.64405080E-02     -4.04147982
    41   33 As  -0.67285623E-02     -4.22223656
    42   33 As  -0.67285623E-02     -4.22223656
    43   33 As  -0.67285623E-02     -4.22223656
    44   33 As  -0.67285623E-02     -4.22223656
    45   33 As  -0.67285623E-02     -4.22223656
    46   33 As  -0.67285623E-02     -4.22223656
    47   33 As  -0.67285623E-02     -4.22223656
    48   33 As  -0.67285623E-02     -4.22223656
    49   33 As  -0.67285623E-02     -4.22223656
    50   33 As  -0.67285623E-02     -4.22223656
    51   33 As  -0.67285623E-02     -4.22223656
    52   33 As  -0.67285623E-02     -4.22223656
--------------------------------------------------

Dispersion energy:      -3.9085593795525E-01 Eh

[Info] Dispersion energy written to .EDISP
