-----------------------------------
 s i m p l e   D F T - D 3  v1.2.1
-----------------------------------

Zero (Chai-Head-Gordon) damping: pbe-D3(0)
--------------------
  s6         1.0000
  s8         0.7220
  s9         0.0000
 rs6         1.2170
 rs8         1.0000
 alp        14.0000
--------------------

Atomic radii (in Angstrom):
-------------------------------------------
   Z          R(cov)     R(vdw)      r4/r2
-------------------------------------------
  29 Cu       1.3467     1.6504     2.7654
  33 As       1.5333     1.8313     2.6813
-------------------------------------------

Atomic reference systems (in atomic units):
----------------------------------------------------------------------------
   Z        #      CN    C6(AA)   #      CN    C6(AA)   #      CN    C6(AA)
----------------------------------------------------------------------------
  29 Cu     1  0.0000  337.1808   2  0.9576  174.9969
  33 As     1  0.0000  262.9498   2  0.9889  254.1924   3  1.9793  241.2494
            4  2.9709  224.2851
----------------------------------------------------------------------------

Dispersion properties (in atomic units):
--------------------------------------------------------
     #    Z                CN       C6(AA)       C8(AA)
--------------------------------------------------------
     1   29 Cu         0.1771     319.6031   26185.3902
     2   29 Cu         0.1265     324.8303   26613.6634
     3   29 Cu         0.1265     324.8303   26613.6634
     4   29 Cu         0.1265     324.8303   26613.6634
     5   29 Cu         0.1265     324.8303   26613.6634
     6   29 Cu         0.1265     324.8303   26613.6634
     7   29 Cu         0.1229     325.1427   26639.2587
     8   29 Cu         0.1229     325.1427   26639.2587
     9   29 Cu         0.1229     325.1427   26639.2587
    10   29 Cu         0.1229     325.1427   26639.2587
    11   29 Cu         0.1265     324.8303   26613.6634
    12   29 Cu         0.1229     325.1427   26639.2587
    13   29 Cu         0.1381     323.7795   26527.5673
    14   29 Cu         0.1381     323.7795   26527.5673
    15   29 Cu         0.1381     323.7795   26527.5673
    16   29 Cu         0.1381     323.7795   26527.5673
    17   29 Cu         0.1381     323.7795   26527.5673
    18   29 Cu         0.1381     323.7795   26527.5673
    19   29 Cu         0.1381     323.7795   26527.5673
    20   29 Cu         0.1381     323.7795   26527.5673
    21   29 Cu         0.1381     323.7795   26527.5673
    22   29 Cu         0.1381     323.7795   26527.5673
    23   29 Cu         0.1381     323.7795   26527.5673
    24   29 Cu         0.1381     323.7795   26527.5673
    25   29 Cu         0.1771     319.6031   26185.3902
    26   29 Cu         0.1771     319.6031   26185.3902
    27   29 Cu         0.1771     319.6031   26185.3902
    28   29 Cu         0.1352     324.0550   26550.1429
    29   29 Cu         0.1352     324.0550   26550.1429
    30   29 Cu         0.1352     324.0550   26550.1429
    31   29 Cu         0.1352     324.0550   26550.1429
    32   29 Cu         0.1463     322.9796   26462.0360
    33   29 Cu         0.1463     322.9796   26462.0360
    34   29 Cu         0.1463     322.9796   26462.0360
    35   29 Cu         0.1463     322.9796   26462.0360
    36   29 Cu         0.1229     325.1427   26639.2587
    37   33 As         0.1880     262.2309   20197.6849
    38   33 As         0.1880     262.2309   20197.6849
    39   33 As         0.1880     262.2309   20197.6849
    40   33 As         0.1880     262.2309   20197.6849
    41   33 As         0.1891     262.2250   20197.2339
    42   33 As         0.1891     262.2250   20197.2339
    43   33 As         0.1891     262.2250   20197.2339
    44   33 As         0.1891     262.2250   20197.2339
    45   33 As         0.1891     262.2250   20197.2339
    46   33 As         0.1891     262.2250   20197.2339
    47   33 As         0.1891     262.2250   20197.2339
    48   33 As         0.1891     262.2250   20197.2339
    49   33 As         0.1891     262.2250   20197.2339
    50   33 As         0.1891     262.2250   20197.2339
    51   33 As         0.1891     262.2250   20197.2339
    52   33 As         0.1891     262.2250   20197.2339
--------------------------------------------------------

Atom-resolved dispersion energies:
--------------------------------------------------
     #    Z           [Hartree]      [kcal/mol]
--------------------------------------------------
     1   29 Cu  -0.13341322E-01     -8.37180602
     2   29 Cu  -0.12307503E-01     -7.72307460
     3   29 Cu  -0.12307503E-01     -7.72307460
     4   29 Cu  -0.12307503E-01     -7.72307460
     5   29 Cu  -0.12307503E-01     -7.72307460
     6   29 Cu  -0.12307503E-01     -7.72307460
     7   29 Cu  -0.13278916E-01     -8.33264585
     8   29 Cu  -0.13278916E-01     -8.33264585
     9   29 Cu  -0.13278916E-01     -8.33264585
    10   29 Cu  -0.13278916E-01     -8.33264585
    11   29 Cu  -0.12307503E-01     -7.72307460
    12   29 Cu  -0.13278916E-01     -8.33264585
    13   29 Cu  -0.12545239E-01     -7.87225657
    14   29 Cu  -0.12545239E-01     -7.87225657
    15   29 Cu  -0.12545239E-01     -7.87225657
    16   29 Cu  -0.12545239E-01     -7.87225657
    17   29 Cu  -0.12545239E-01     -7.87225657
    18   29 Cu  -0.12545239E-01     -7.87225657
    19   29 Cu  -0.12545239E-01     -7.87225657
    20   29 Cu  -0.12545239E-01     -7.87225657
    21   29 Cu  -0.12545239E-01     -7.87225657
    22   29 Cu  -0.12545239E-01     -7.87225657
    23   29 Cu  -0.12545239E-01     -7.87225657
    24   29 Cu  -0.12545239E-01     -7.87225657
    25   29 Cu  -0.13341322E-01     -8.37180602
    26   29 Cu  -0.13341322E-01     -8.37180602
    27   29 Cu  -0.13341322E-01     -8.37180602
    28   29 Cu  -0.12601625E-01     -7.90763903
    29   29 Cu  -0.12601625E-01     -7.90763903
    30   29 Cu  -0.12601625E-01     -7.90763903
    31   29 Cu  -0.12601625E-01     -7.90763903
    32   29 Cu  -0.13832824E-01     -8.68022812
    33   29 Cu  -0.13832824E-01     -8.68022812
    34   29 Cu  -0.13832824E-01     -8.68022812
    35   29 Cu  -0.13832824E-01     -8.68022812
    36   29 Cu  -0.13278916E-01     -8.33264585
    37   33 As  -0.10639919E-01     -6.67664995
    38   33 As  -0.10639919E-01     -6.67664995
    39   33 As  -0.10639919E-01     -6.67664995
    40   33 As  -0.10639919E-01     -6.67664995
    41   33 As  -0.11159795E-01     -7.00287722
    42   33 As  -0.11159795E-01     -7.00287722
    43   33 As  -0.11159795E-01     -7.00287722
    44   33 As  -0.11159795E-01     -7.00287722
    45   33 As  -0.11159795E-01     -7.00287722
    46   33 As  -0.11159795E-01     -7.00287722
    47   33 As  -0.11159795E-01     -7.00287722
    48   33 As  -0.11159795E-01     -7.00287722
    49   33 As  -0.11159795E-01     -7.00287722
    50   33 As  -0.11159795E-01     -7.00287722
    51   33 As  -0.11159795E-01     -7.00287722
    52   33 As  -0.11159795E-01     -7.00287722
--------------------------------------------------

Dispersion energy:      -6.3964169025538E-01 Eh

[Info] Dispersion energy written to .EDISP
