-----------------------------------
 s i m p l e   D F T - D 3  v1.2.1
-----------------------------------

Zero (Chai-Head-Gordon) damping: pbe-D3(0)
--------------------
  s6         1.0000
  s8         0.7220
  s9         0.0000
 rs6         1.2170
 rs8         1.0000
 alp        14.0000
--------------------

Atomic radii (in Angstrom):
-------------------------------------------
   Z          R(cov)     R(vdw)      r4/r2
-------------------------------------------
  29 Cu       1.3467     1.6504     2.7654
   8 O        0.8400     1.2408     1.3725
-------------------------------------------

Atomic reference systems (in atomic units):
----------------------------------------------------------------------------
   Z        #      CN    C6(AA)   #      CN    C6(AA)   #      CN    C6(AA)
----------------------------------------------------------------------------
  29 Cu     1  0.0000  337.1808   2  0.9576  174.9969
   8 O      1  0.0000   15.5059   2  0.9925   12.8161   3  1.9887   10.3708
----------------------------------------------------------------------------

Dispersion properties (in atomic units):
--------------------------------------------------------
     #    Z                CN       C6(AA)       C8(AA)
--------------------------------------------------------
     1   29 Cu         0.0109     331.8570   27189.3640
     2   29 Cu         0.0109     331.8570   27189.3640
     3   29 Cu         0.0103     331.8797   27191.2238
     4   29 Cu         0.0103     331.8797   27191.2238
     5   29 Cu         0.0103     331.8797   27191.2238
     6   29 Cu         0.0103     331.8797   27191.2238
     7   29 Cu         0.0103     331.8794   27191.2023
     8   29 Cu         0.0103     331.8794   27191.2023
     9   29 Cu         0.0110     331.8526   27189.0081
    10   29 Cu         0.0110     331.8526   27189.0081
    11   29 Cu         0.0110     331.8526   27189.0081
    12   29 Cu         0.0110     331.8526   27189.0081
    13   29 Cu         0.0109     331.8557   27189.2627
    14   29 Cu         0.0109     331.8557   27189.2627
    15   29 Cu         0.0109     331.8557   27189.2627
    16   29 Cu         0.0109     331.8557   27189.2627
    17   29 Cu         0.0110     331.8529   27189.0313
    18   29 Cu         0.0110     331.8529   27189.0313
    19   29 Cu         0.0108     331.8630   27189.8608
    20   29 Cu         0.0108     331.8630   27189.8608
    21   29 Cu         0.0109     331.8585   27189.4936
    22   29 Cu         0.0109     331.8585   27189.4936
    23   29 Cu         0.0113     331.8405   27188.0131
    24   29 Cu         0.0113     331.8405   27188.0131
    25   29 Cu         0.0113     331.8405   27188.0131
    26   29 Cu         0.0113     331.8405   27188.0131
    27   29 Cu         0.0127     331.7877   27183.6877
    28   29 Cu         0.0127     331.7877   27183.6877
    29   29 Cu         0.0109     331.8591   27189.5424
    30   29 Cu         0.0109     331.8591   27189.5424
    31   29 Cu         0.0108     331.8616   27189.7418
    32   29 Cu         0.0108     331.8616   27189.7418
    33   29 Cu         0.0107     331.8640   27189.9372
    34   29 Cu         0.0107     331.8640   27189.9372
    35   29 Cu         0.0107     331.8655   27190.0664
    36   29 Cu         0.0107     331.8655   27190.0664
    37   29 Cu         0.0107     331.8638   27189.9282
    38   29 Cu         0.0107     331.8638   27189.9282
    39   29 Cu         0.0107     331.8638   27189.9282
    40   29 Cu         0.0107     331.8638   27189.9282
    41   29 Cu         0.0123     331.8010   27184.7784
    42   29 Cu         0.0123     331.8010   27184.7784
    43   29 Cu         0.0113     331.8412   27188.0715
    44   29 Cu         0.0113     331.8412   27188.0715
    45   29 Cu         0.0102     331.8834   27191.5289
    46   29 Cu         0.0102     331.8834   27191.5289
    47   29 Cu         0.0102     331.8834   27191.5289
    48   29 Cu         0.0102     331.8834   27191.5289
    49   29 Cu         0.0110     331.8534   27189.0685
    50   29 Cu         0.0110     331.8534   27189.0685
    51   29 Cu         0.0103     331.8796   27191.2187
    52   29 Cu         0.0103     331.8796   27191.2187
    53   29 Cu         0.0115     331.8323   27187.3427
    54   29 Cu         0.0115     331.8323   27187.3427
    55   29 Cu         0.0115     331.8323   27187.3427
    56   29 Cu         0.0115     331.8323   27187.3427
    57   29 Cu         0.0107     331.8650   27190.0237
    58   29 Cu         0.0107     331.8650   27190.0237
    59   29 Cu         0.0107     331.8650   27190.0237
    60   29 Cu         0.0107     331.8650   27190.0237
    61   29 Cu         0.0117     331.8268   27186.8967
    62   29 Cu         0.0117     331.8268   27186.8967
    63   29 Cu         0.0108     331.8626   27189.8268
    64   29 Cu         0.0108     331.8626   27189.8268
    65    8 O          0.0098      15.4471     311.7314
--------------------------------------------------------

Atom-resolved dispersion energies:
--------------------------------------------------
     #    Z           [Hartree]      [kcal/mol]
--------------------------------------------------
     1   29 Cu  -0.54474899E-02     -3.41835152
     2   29 Cu  -0.54474899E-02     -3.41835152
     3   29 Cu  -0.52680249E-02     -3.30573553
     4   29 Cu  -0.52680249E-02     -3.30573553
     5   29 Cu  -0.52680249E-02     -3.30573553
     6   29 Cu  -0.52680249E-02     -3.30573553
     7   29 Cu  -0.52692580E-02     -3.30650929
     8   29 Cu  -0.52692580E-02     -3.30650929
     9   29 Cu  -0.54706260E-02     -3.43286965
    10   29 Cu  -0.54706260E-02     -3.43286965
    11   29 Cu  -0.54706260E-02     -3.43286965
    12   29 Cu  -0.54706260E-02     -3.43286965
    13   29 Cu  -0.54489315E-02     -3.41925616
    14   29 Cu  -0.54489315E-02     -3.41925616
    15   29 Cu  -0.54489315E-02     -3.41925616
    16   29 Cu  -0.54489315E-02     -3.41925616
    17   29 Cu  -0.54751433E-02     -3.43570429
    18   29 Cu  -0.54751433E-02     -3.43570429
    19   29 Cu  -0.54058281E-02     -3.39220837
    20   29 Cu  -0.54058281E-02     -3.39220837
    21   29 Cu  -0.54424391E-02     -3.41518211
    22   29 Cu  -0.54424391E-02     -3.41518211
    23   29 Cu  -0.54888153E-02     -3.44428359
    24   29 Cu  -0.54888153E-02     -3.44428359
    25   29 Cu  -0.54888153E-02     -3.44428359
    26   29 Cu  -0.54888153E-02     -3.44428359
    27   29 Cu  -0.51046469E-02     -3.20321432
    28   29 Cu  -0.51046469E-02     -3.20321432
    29   29 Cu  -0.54244603E-02     -3.40390021
    30   29 Cu  -0.54244603E-02     -3.40390021
    31   29 Cu  -0.54121064E-02     -3.39614801
    32   29 Cu  -0.54121064E-02     -3.39614801
    33   29 Cu  -0.54044349E-02     -3.39133409
    34   29 Cu  -0.54044349E-02     -3.39133409
    35   29 Cu  -0.53851546E-02     -3.37923553
    36   29 Cu  -0.53851546E-02     -3.37923553
    37   29 Cu  -0.54085550E-02     -3.39391953
    38   29 Cu  -0.54085550E-02     -3.39391953
    39   29 Cu  -0.54085550E-02     -3.39391953
    40   29 Cu  -0.54085550E-02     -3.39391953
    41   29 Cu  -0.50529809E-02     -3.17079336
    42   29 Cu  -0.50529809E-02     -3.17079336
    43   29 Cu  -0.54746184E-02     -3.43537489
    44   29 Cu  -0.54746184E-02     -3.43537489
    45   29 Cu  -0.52406781E-02     -3.28857513
    46   29 Cu  -0.52406781E-02     -3.28857513
    47   29 Cu  -0.52406781E-02     -3.28857513
    48   29 Cu  -0.52406781E-02     -3.28857513
    49   29 Cu  -0.54675471E-02     -3.43093757
    50   29 Cu  -0.54675471E-02     -3.43093757
    51   29 Cu  -0.52655246E-02     -3.30416660
    52   29 Cu  -0.52655246E-02     -3.30416660
    53   29 Cu  -0.55371168E-02     -3.47459328
    54   29 Cu  -0.55371168E-02     -3.47459328
    55   29 Cu  -0.55371168E-02     -3.47459328
    56   29 Cu  -0.55371168E-02     -3.47459328
    57   29 Cu  -0.53977096E-02     -3.38711389
    58   29 Cu  -0.53977096E-02     -3.38711389
    59   29 Cu  -0.53977096E-02     -3.38711389
    60   29 Cu  -0.53977096E-02     -3.38711389
    61   29 Cu  -0.55613433E-02     -3.48979560
    62   29 Cu  -0.55613433E-02     -3.48979560
    63   29 Cu  -0.54098024E-02     -3.39470227
    64   29 Cu  -0.54098024E-02     -3.39470227
    65    8 O   -0.11172150E-02     -0.70106301
--------------------------------------------------

Dispersion energy:      -3.4616460005613E-01 Eh

[Info] Dispersion energy written to .EDISP
