-----------------------------------
 s i m p l e   D F T - D 3  v1.2.1
-----------------------------------

Zero (Chai-Head-Gordon) damping: pbe-D3(0)
--------------------
  s6         1.0000
  s8         0.7220
  s9         0.0000
 rs6         1.2170
 rs8         1.0000
 alp        14.0000
--------------------

Atomic radii (in Angstrom):
-------------------------------------------
   Z          R(cov)     R(vdw)      r4/r2
-------------------------------------------
  29 Cu       1.3467     1.6504     2.7654
   8 O        0.8400     1.2408     1.3725
-------------------------------------------

Atomic reference systems (in atomic units):
----------------------------------------------------------------------------
   Z        #      CN    C6(AA)   #      CN    C6(AA)   #      CN    C6(AA)
----------------------------------------------------------------------------
  29 Cu     1  0.0000  337.1808   2  0.9576  174.9969
   8 O      1  0.0000   15.5059   2  0.9925   12.8161   3  1.9887   10.3708
----------------------------------------------------------------------------

Dispersion properties (in atomic units):
--------------------------------------------------------
     #    Z                CN       C6(AA)       C8(AA)
--------------------------------------------------------
     1   29 Cu         0.0026     332.1768   27215.5675
     2   29 Cu         0.0026     332.1768   27215.5675
     3   29 Cu         0.0025     332.1805   27215.8700
     4   29 Cu         0.0025     332.1805   27215.8700
     5   29 Cu         0.0025     332.1805   27215.8700
     6   29 Cu         0.0025     332.1805   27215.8700
     7   29 Cu         0.0025     332.1805   27215.8741
     8   29 Cu         0.0025     332.1805   27215.8741
     9   29 Cu         0.0026     332.1761   27215.5089
    10   29 Cu         0.0026     332.1761   27215.5089
    11   29 Cu         0.0026     332.1761   27215.5089
    12   29 Cu         0.0026     332.1761   27215.5089
    13   29 Cu         0.0026     332.1765   27215.5468
    14   29 Cu         0.0026     332.1765   27215.5468
    15   29 Cu         0.0026     332.1765   27215.5468
    16   29 Cu         0.0026     332.1765   27215.5468
    17   29 Cu         0.0026     332.1761   27215.5136
    18   29 Cu         0.0026     332.1761   27215.5136
    19   29 Cu         0.0025     332.1776   27215.6347
    20   29 Cu         0.0025     332.1776   27215.6347
    21   29 Cu         0.0026     332.1769   27215.5805
    22   29 Cu         0.0026     332.1769   27215.5805
    23   29 Cu         0.0026     332.1744   27215.3697
    24   29 Cu         0.0026     332.1744   27215.3697
    25   29 Cu         0.0026     332.1744   27215.3697
    26   29 Cu         0.0026     332.1744   27215.3697
    27   29 Cu         0.0028     332.1679   27214.8388
    28   29 Cu         0.0028     332.1679   27214.8388
    29   29 Cu         0.0026     332.1771   27215.5920
    30   29 Cu         0.0026     332.1771   27215.5920
    31   29 Cu         0.0026     332.1774   27215.6189
    32   29 Cu         0.0026     332.1774   27215.6189
    33   29 Cu         0.0025     332.1778   27215.6512
    34   29 Cu         0.0025     332.1778   27215.6512
    35   29 Cu         0.0025     332.1780   27215.6710
    36   29 Cu         0.0025     332.1780   27215.6710
    37   29 Cu         0.0025     332.1777   27215.6428
    38   29 Cu         0.0025     332.1777   27215.6428
    39   29 Cu         0.0025     332.1777   27215.6428
    40   29 Cu         0.0025     332.1777   27215.6428
    41   29 Cu         0.0028     332.1699   27215.0074
    42   29 Cu         0.0028     332.1699   27215.0074
    43   29 Cu         0.0026     332.1743   27215.3664
    44   29 Cu         0.0026     332.1743   27215.3664
    45   29 Cu         0.0025     332.1810   27215.9164
    46   29 Cu         0.0025     332.1810   27215.9164
    47   29 Cu         0.0025     332.1810   27215.9164
    48   29 Cu         0.0025     332.1810   27215.9164
    49   29 Cu         0.0026     332.1761   27215.5123
    50   29 Cu         0.0026     332.1761   27215.5123
    51   29 Cu         0.0025     332.1805   27215.8705
    52   29 Cu         0.0025     332.1805   27215.8705
    53   29 Cu         0.0027     332.1731   27215.2662
    54   29 Cu         0.0027     332.1731   27215.2662
    55   29 Cu         0.0027     332.1731   27215.2662
    56   29 Cu         0.0027     332.1731   27215.2662
    57   29 Cu         0.0025     332.1779   27215.6614
    58   29 Cu         0.0025     332.1779   27215.6614
    59   29 Cu         0.0025     332.1779   27215.6614
    60   29 Cu         0.0025     332.1779   27215.6614
    61   29 Cu         0.0027     332.1723   27215.1977
    62   29 Cu         0.0027     332.1723   27215.1977
    63   29 Cu         0.0025     332.1775   27215.6279
    64   29 Cu         0.0025     332.1775   27215.6279
    65    8 O          0.0020      15.4506     311.8014
--------------------------------------------------------

Atom-resolved dispersion energies:
--------------------------------------------------
     #    Z           [Hartree]      [kcal/mol]
--------------------------------------------------
     1   29 Cu  -0.17694061E-02     -1.11031908
     2   29 Cu  -0.17694061E-02     -1.11031908
     3   29 Cu  -0.16962947E-02     -1.06444098
     4   29 Cu  -0.16962947E-02     -1.06444098
     5   29 Cu  -0.16962947E-02     -1.06444098
     6   29 Cu  -0.16962947E-02     -1.06444098
     7   29 Cu  -0.16969619E-02     -1.06485969
     8   29 Cu  -0.16969619E-02     -1.06485969
     9   29 Cu  -0.17809462E-02     -1.11756063
    10   29 Cu  -0.17809462E-02     -1.11756063
    11   29 Cu  -0.17809462E-02     -1.11756063
    12   29 Cu  -0.17809462E-02     -1.11756063
    13   29 Cu  -0.17716828E-02     -1.11174777
    14   29 Cu  -0.17716828E-02     -1.11174777
    15   29 Cu  -0.17716828E-02     -1.11174777
    16   29 Cu  -0.17716828E-02     -1.11174777
    17   29 Cu  -0.17816026E-02     -1.11797252
    18   29 Cu  -0.17816026E-02     -1.11797252
    19   29 Cu  -0.17515038E-02     -1.09908523
    20   29 Cu  -0.17515038E-02     -1.09908523
    21   29 Cu  -0.17663449E-02     -1.10839819
    22   29 Cu  -0.17663449E-02     -1.10839819
    23   29 Cu  -0.18015352E-02     -1.13048039
    24   29 Cu  -0.18015352E-02     -1.13048039
    25   29 Cu  -0.18015352E-02     -1.13048039
    26   29 Cu  -0.18015352E-02     -1.13048039
    27   29 Cu  -0.17418510E-02     -1.09302799
    28   29 Cu  -0.17418510E-02     -1.09302799
    29   29 Cu  -0.17612604E-02     -1.10520756
    30   29 Cu  -0.17612604E-02     -1.10520756
    31   29 Cu  -0.17549560E-02     -1.10125150
    32   29 Cu  -0.17549560E-02     -1.10125150
    33   29 Cu  -0.17498716E-02     -1.09806100
    34   29 Cu  -0.17498716E-02     -1.09806100
    35   29 Cu  -0.17430681E-02     -1.09379175
    36   29 Cu  -0.17430681E-02     -1.09379175
    37   29 Cu  -0.17509381E-02     -1.09873026
    38   29 Cu  -0.17509381E-02     -1.09873026
    39   29 Cu  -0.17509381E-02     -1.09873026
    40   29 Cu  -0.17509381E-02     -1.09873026
    41   29 Cu  -0.17134304E-02     -1.07519379
    42   29 Cu  -0.17134304E-02     -1.07519379
    43   29 Cu  -0.17969235E-02     -1.12758654
    44   29 Cu  -0.17969235E-02     -1.12758654
    45   29 Cu  -0.16847778E-02     -1.05721402
    46   29 Cu  -0.16847778E-02     -1.05721402
    47   29 Cu  -0.16847778E-02     -1.05721402
    48   29 Cu  -0.16847778E-02     -1.05721402
    49   29 Cu  -0.17792679E-02     -1.11650747
    50   29 Cu  -0.17792679E-02     -1.11650747
    51   29 Cu  -0.16957736E-02     -1.06411399
    52   29 Cu  -0.16957736E-02     -1.06411399
    53   29 Cu  -0.18236733E-02     -1.14437229
    54   29 Cu  -0.18236733E-02     -1.14437229
    55   29 Cu  -0.18236733E-02     -1.14437229
    56   29 Cu  -0.18236733E-02     -1.14437229
    57   29 Cu  -0.17467760E-02     -1.09611849
    58   29 Cu  -0.17467760E-02     -1.09611849
    59   29 Cu  -0.17467760E-02     -1.09611849
    60   29 Cu  -0.17467760E-02     -1.09611849
    61   29 Cu  -0.18364028E-02     -1.15236016
    62   29 Cu  -0.18364028E-02     -1.15236016
    63   29 Cu  -0.17529158E-02     -1.09997130
    64   29 Cu  -0.17529158E-02     -1.09997130
    65    8 O   -0.55593953E-03     -0.34885732
--------------------------------------------------

Dispersion energy:      -1.1296551698456E-01 Eh

[Info] Dispersion energy written to .EDISP
