-----------------------------------
 s i m p l e   D F T - D 3  v1.2.1
-----------------------------------

Zero (Chai-Head-Gordon) damping: pbe-D3(0)
--------------------
  s6         1.0000
  s8         0.7220
  s9         0.0000
 rs6         1.2170
 rs8         1.0000
 alp        14.0000
--------------------

Atomic radii (in Angstrom):
-------------------------------------------
   Z          R(cov)     R(vdw)      r4/r2
-------------------------------------------
  30 Zn       1.4533     1.6155     2.6978
  33 As       1.5333     1.8313     2.6813
-------------------------------------------

Atomic reference systems (in atomic units):
----------------------------------------------------------------------------
   Z        #      CN    C6(AA)   #      CN    C6(AA)   #      CN    C6(AA)
----------------------------------------------------------------------------
  30 Zn     1  0.0000  340.5213   2  1.9419  153.4528
  33 As     1  0.0000  262.9498   2  0.9889  254.1924   3  1.9793  241.2494
            4  2.9709  224.2851
----------------------------------------------------------------------------

Dispersion properties (in atomic units):
--------------------------------------------------------
     #    Z                CN       C6(AA)       C8(AA)
--------------------------------------------------------
     1   30 Zn         0.0083     340.5212   26551.8215
     2   30 Zn         0.0081     340.5212   26551.8215
     3   30 Zn         0.0087     340.5212   26551.8214
     4   30 Zn         0.0081     340.5212   26551.8215
     5   30 Zn         0.0081     340.5212   26551.8215
     6   30 Zn         0.0085     340.5212   26551.8215
     7   30 Zn         0.0081     340.5212   26551.8215
     8   30 Zn         0.0083     340.5212   26551.8215
     9   30 Zn         0.0087     340.5212   26551.8214
    10   30 Zn         0.0087     340.5212   26551.8214
    11   30 Zn         0.0087     340.5212   26551.8214
    12   30 Zn         0.0083     340.5212   26551.8215
    13   30 Zn         0.0081     340.5212   26551.8215
    14   30 Zn         0.0083     340.5212   26551.8215
    15   30 Zn         0.0087     340.5212   26551.8214
    16   30 Zn         0.0085     340.5212   26551.8215
    17   30 Zn         0.0087     340.5212   26551.8214
    18   30 Zn         0.0087     340.5212   26551.8214
    19   30 Zn         0.0087     340.5212   26551.8214
    20   30 Zn         0.0083     340.5212   26551.8215
    21   30 Zn         0.0081     340.5212   26551.8215
    22   30 Zn         0.0085     340.5212   26551.8215
    23   30 Zn         0.0085     340.5212   26551.8215
    24   30 Zn         0.0081     340.5212   26551.8215
    25   30 Zn         0.0081     340.5212   26551.8215
    26   30 Zn         0.0081     340.5212   26551.8215
    27   30 Zn         0.0085     340.5212   26551.8215
    28   30 Zn         0.0085     340.5212   26551.8215
    29   30 Zn         0.0087     340.5212   26551.8214
    30   30 Zn         0.0085     340.5212   26551.8215
    31   30 Zn         0.0083     340.5212   26551.8215
    32   30 Zn         0.0081     340.5212   26551.8215
    33   30 Zn         0.0081     340.5212   26551.8215
    34   30 Zn         0.0081     340.5212   26551.8215
    35   30 Zn         0.0083     340.5212   26551.8215
    36   30 Zn         0.0081     340.5212   26551.8215
    37   30 Zn         0.0083     340.5212   26551.8215
    38   30 Zn         0.0081     340.5212   26551.8215
    39   30 Zn         0.0085     340.5212   26551.8215
    40   30 Zn         0.0081     340.5212   26551.8215
    41   30 Zn         0.0085     340.5212   26551.8215
    42   30 Zn         0.0085     340.5212   26551.8215
    43   30 Zn         0.0085     340.5212   26551.8215
    44   30 Zn         0.0081     340.5212   26551.8215
    45   30 Zn         0.0087     340.5212   26551.8214
    46   30 Zn         0.0083     340.5212   26551.8215
    47   30 Zn         0.0081     340.5212   26551.8215
    48   30 Zn         0.0081     340.5212   26551.8215
    49   30 Zn         0.0081     340.5212   26551.8215
    50   30 Zn         0.0085     340.5212   26551.8215
    51   30 Zn         0.0081     340.5212   26551.8215
    52   30 Zn         0.0081     340.5212   26551.8215
    53   30 Zn         0.0087     340.5212   26551.8214
    54   30 Zn         0.0085     340.5212   26551.8215
    55   30 Zn         0.0083     340.5212   26551.8215
    56   30 Zn         0.0081     340.5212   26551.8215
    57   30 Zn         0.0085     340.5212   26551.8215
    58   30 Zn         0.0085     340.5212   26551.8215
    59   30 Zn         0.0087     340.5212   26551.8214
    60   30 Zn         0.0085     340.5212   26551.8215
    61   30 Zn         0.0083     340.5212   26551.8215
    62   30 Zn         0.0087     340.5212   26551.8214
    63   30 Zn         0.0083     340.5212   26551.8215
    64   30 Zn         0.0083     340.5212   26551.8215
    65   30 Zn         0.0085     340.5212   26551.8215
    66   30 Zn         0.0085     340.5212   26551.8215
    67   30 Zn         0.0081     340.5212   26551.8215
    68   30 Zn         0.0081     340.5212   26551.8215
    69   30 Zn         0.0081     340.5212   26551.8215
    70   30 Zn         0.0081     340.5212   26551.8215
    71   30 Zn         0.0085     340.5212   26551.8215
    72   30 Zn         0.0085     340.5212   26551.8215
    73   30 Zn         0.0087     340.5212   26551.8214
    74   30 Zn         0.0085     340.5212   26551.8215
    75   30 Zn         0.0085     340.5212   26551.8215
    76   30 Zn         0.0081     340.5212   26551.8215
    77   30 Zn         0.0087     340.5212   26551.8214
    78   30 Zn         0.0087     340.5212   26551.8214
    79   30 Zn         0.0085     340.5212   26551.8215
    80   30 Zn         0.0083     340.5212   26551.8215
    81   30 Zn         0.0081     340.5212   26551.8215
    82   30 Zn         0.0081     340.5212   26551.8215
    83   30 Zn         0.0083     340.5212   26551.8215
    84   30 Zn         0.0085     340.5212   26551.8215
    85   30 Zn         0.0085     340.5212   26551.8215
    86   30 Zn         0.0081     340.5212   26551.8215
    87   30 Zn         0.0085     340.5212   26551.8215
    88   30 Zn         0.0081     340.5212   26551.8215
    89   30 Zn         0.0081     340.5212   26551.8215
    90   30 Zn         0.0085     340.5212   26551.8215
    91   30 Zn         0.0085     340.5212   26551.8215
    92   30 Zn         0.0085     340.5212   26551.8215
    93   30 Zn         0.0085     340.5212   26551.8215
    94   30 Zn         0.0085     340.5212   26551.8215
    95   30 Zn         0.0083     340.5212   26551.8215
    96   30 Zn         0.0085     340.5212   26551.8215
    97   33 As         0.0111     262.7607   20238.4930
    98   33 As         0.0108     262.7611   20238.5227
    99   33 As         0.0116     262.7600   20238.4371
   100   33 As         0.0115     262.7601   20238.4467
   101   33 As         0.0115     262.7601   20238.4467
   102   33 As         0.0109     262.7611   20238.5195
   103   33 As         0.0111     262.7607   20238.4930
   104   33 As         0.0111     262.7607   20238.4930
   105   33 As         0.0106     262.7615   20238.5518
   106   33 As         0.0116     262.7600   20238.4371
   107   33 As         0.0111     262.7607   20238.4930
   108   33 As         0.0109     262.7611   20238.5195
   109   33 As         0.0116     262.7600   20238.4371
   110   33 As         0.0115     262.7601   20238.4467
   111   33 As         0.0109     262.7611   20238.5195
   112   33 As         0.0108     262.7611   20238.5227
   113   33 As         0.0116     262.7600   20238.4371
   114   33 As         0.0115     262.7601   20238.4467
   115   33 As         0.0111     262.7607   20238.4930
   116   33 As         0.0111     262.7607   20238.4930
   117   33 As         0.0115     262.7601   20238.4467
   118   33 As         0.0111     262.7607   20238.4930
   119   33 As         0.0109     262.7611   20238.5195
   120   33 As         0.0115     262.7601   20238.4467
   121   33 As         0.0106     262.7615   20238.5518
   122   33 As         0.0109     262.7611   20238.5195
   123   33 As         0.0116     262.7600   20238.4371
   124   33 As         0.0106     262.7615   20238.5518
   125   33 As         0.0116     262.7600   20238.4371
   126   33 As         0.0106     262.7615   20238.5518
   127   33 As         0.0111     262.7607   20238.4930
   128   33 As         0.0109     262.7611   20238.5195
   129   33 As         0.0116     262.7600   20238.4371
   130   33 As         0.0115     262.7601   20238.4467
   131   33 As         0.0115     262.7601   20238.4467
   132   33 As         0.0106     262.7615   20238.5518
   133   33 As         0.0111     262.7607   20238.4930
   134   33 As         0.0115     262.7601   20238.4467
   135   33 As         0.0111     262.7607   20238.4930
   136   33 As         0.0108     262.7611   20238.5227
   137   33 As         0.0108     262.7611   20238.5227
   138   33 As         0.0115     262.7601   20238.4467
   139   33 As         0.0115     262.7601   20238.4467
   140   33 As         0.0115     262.7601   20238.4467
   141   33 As         0.0115     262.7601   20238.4467
   142   33 As         0.0111     262.7607   20238.4930
   143   33 As         0.0108     262.7611   20238.5227
   144   33 As         0.0111     262.7607   20238.4930
   145   33 As         0.0111     262.7607   20238.4930
   146   33 As         0.0108     262.7611   20238.5227
   147   33 As         0.0108     262.7611   20238.5227
   148   33 As         0.0115     262.7601   20238.4467
   149   33 As         0.0111     262.7607   20238.4930
   150   33 As         0.0115     262.7601   20238.4467
   151   33 As         0.0109     262.7611   20238.5195
   152   33 As         0.0106     262.7615   20238.5518
   153   33 As         0.0106     262.7615   20238.5518
   154   33 As         0.0111     262.7607   20238.4930
   155   33 As         0.0115     262.7601   20238.4467
   156   33 As         0.0116     262.7600   20238.4371
   157   33 As         0.0111     262.7607   20238.4930
   158   33 As         0.0108     262.7611   20238.5227
   159   33 As         0.0106     262.7615   20238.5518
   160   33 As         0.0109     262.7611   20238.5195
--------------------------------------------------------

Atom-resolved dispersion energies:
--------------------------------------------------
     #    Z           [Hartree]      [kcal/mol]
--------------------------------------------------
     1   30 Zn  -0.18358387E-02     -1.15200616
     2   30 Zn  -0.17693156E-02     -1.11026232
     3   30 Zn  -0.19192222E-02     -1.20433011
     4   30 Zn  -0.17693156E-02     -1.11026232
     5   30 Zn  -0.17658532E-02     -1.10808962
     6   30 Zn  -0.18590903E-02     -1.16659680
     7   30 Zn  -0.17658532E-02     -1.10808962
     8   30 Zn  -0.18358387E-02     -1.15200616
     9   30 Zn  -0.19192222E-02     -1.20433011
    10   30 Zn  -0.19192222E-02     -1.20433011
    11   30 Zn  -0.19192222E-02     -1.20433011
    12   30 Zn  -0.18358387E-02     -1.15200616
    13   30 Zn  -0.17693156E-02     -1.11026232
    14   30 Zn  -0.18358387E-02     -1.15200616
    15   30 Zn  -0.19192222E-02     -1.20433011
    16   30 Zn  -0.19328664E-02     -1.21289195
    17   30 Zn  -0.19192222E-02     -1.20433011
    18   30 Zn  -0.19192222E-02     -1.20433011
    19   30 Zn  -0.19192222E-02     -1.20433011
    20   30 Zn  -0.18358387E-02     -1.15200616
    21   30 Zn  -0.17658532E-02     -1.10808962
    22   30 Zn  -0.18590903E-02     -1.16659680
    23   30 Zn  -0.19328664E-02     -1.21289195
    24   30 Zn  -0.17658532E-02     -1.10808962
    25   30 Zn  -0.17693156E-02     -1.11026232
    26   30 Zn  -0.17693156E-02     -1.11026232
    27   30 Zn  -0.19328664E-02     -1.21289195
    28   30 Zn  -0.18590903E-02     -1.16659680
    29   30 Zn  -0.19192222E-02     -1.20433011
    30   30 Zn  -0.18590903E-02     -1.16659680
    31   30 Zn  -0.18358387E-02     -1.15200616
    32   30 Zn  -0.17693156E-02     -1.11026232
    33   30 Zn  -0.17658532E-02     -1.10808962
    34   30 Zn  -0.17658532E-02     -1.10808962
    35   30 Zn  -0.18358387E-02     -1.15200616
    36   30 Zn  -0.17658532E-02     -1.10808962
    37   30 Zn  -0.18358387E-02     -1.15200616
    38   30 Zn  -0.17658532E-02     -1.10808962
    39   30 Zn  -0.19328664E-02     -1.21289195
    40   30 Zn  -0.17693156E-02     -1.11026232
    41   30 Zn  -0.19328664E-02     -1.21289195
    42   30 Zn  -0.18590903E-02     -1.16659680
    43   30 Zn  -0.19328664E-02     -1.21289195
    44   30 Zn  -0.17658532E-02     -1.10808962
    45   30 Zn  -0.19192222E-02     -1.20433011
    46   30 Zn  -0.18358387E-02     -1.15200616
    47   30 Zn  -0.17658532E-02     -1.10808962
    48   30 Zn  -0.17693156E-02     -1.11026232
    49   30 Zn  -0.17658532E-02     -1.10808962
    50   30 Zn  -0.19328664E-02     -1.21289195
    51   30 Zn  -0.17693156E-02     -1.11026232
    52   30 Zn  -0.17693156E-02     -1.11026232
    53   30 Zn  -0.19192222E-02     -1.20433011
    54   30 Zn  -0.19328664E-02     -1.21289195
    55   30 Zn  -0.18358387E-02     -1.15200616
    56   30 Zn  -0.17693156E-02     -1.11026232
    57   30 Zn  -0.18590903E-02     -1.16659680
    58   30 Zn  -0.18590903E-02     -1.16659680
    59   30 Zn  -0.19192222E-02     -1.20433011
    60   30 Zn  -0.18590903E-02     -1.16659680
    61   30 Zn  -0.18358387E-02     -1.15200616
    62   30 Zn  -0.19192222E-02     -1.20433011
    63   30 Zn  -0.18358387E-02     -1.15200616
    64   30 Zn  -0.18358387E-02     -1.15200616
    65   30 Zn  -0.18590903E-02     -1.16659680
    66   30 Zn  -0.18590903E-02     -1.16659680
    67   30 Zn  -0.17693156E-02     -1.11026232
    68   30 Zn  -0.17658532E-02     -1.10808962
    69   30 Zn  -0.17693156E-02     -1.11026232
    70   30 Zn  -0.17658532E-02     -1.10808962
    71   30 Zn  -0.19328664E-02     -1.21289195
    72   30 Zn  -0.19328664E-02     -1.21289195
    73   30 Zn  -0.19192222E-02     -1.20433011
    74   30 Zn  -0.18590903E-02     -1.16659680
    75   30 Zn  -0.19328664E-02     -1.21289195
    76   30 Zn  -0.17693156E-02     -1.11026232
    77   30 Zn  -0.19192222E-02     -1.20433011
    78   30 Zn  -0.19192222E-02     -1.20433011
    79   30 Zn  -0.19328664E-02     -1.21289195
    80   30 Zn  -0.18358387E-02     -1.15200616
    81   30 Zn  -0.17658532E-02     -1.10808962
    82   30 Zn  -0.17658532E-02     -1.10808962
    83   30 Zn  -0.18358387E-02     -1.15200616
    84   30 Zn  -0.19328664E-02     -1.21289195
    85   30 Zn  -0.18590903E-02     -1.16659680
    86   30 Zn  -0.17658532E-02     -1.10808962
    87   30 Zn  -0.18590903E-02     -1.16659680
    88   30 Zn  -0.17693156E-02     -1.11026232
    89   30 Zn  -0.17693156E-02     -1.11026232
    90   30 Zn  -0.18590903E-02     -1.16659680
    91   30 Zn  -0.19328664E-02     -1.21289195
    92   30 Zn  -0.19328664E-02     -1.21289195
    93   30 Zn  -0.18590903E-02     -1.16659680
    94   30 Zn  -0.19328664E-02     -1.21289195
    95   30 Zn  -0.18358387E-02     -1.15200616
    96   30 Zn  -0.18590903E-02     -1.16659680
    97   33 As  -0.20267189E-02     -1.27178534
    98   33 As  -0.20342996E-02     -1.27654226
    99   33 As  -0.20167257E-02     -1.26551445
   100   33 As  -0.20259454E-02     -1.27129992
   101   33 As  -0.20259454E-02     -1.27129992
   102   33 As  -0.20327203E-02     -1.27555123
   103   33 As  -0.20267189E-02     -1.27178534
   104   33 As  -0.20267189E-02     -1.27178534
   105   33 As  -0.20137962E-02     -1.26367621
   106   33 As  -0.20167257E-02     -1.26551445
   107   33 As  -0.20267189E-02     -1.27178534
   108   33 As  -0.20327203E-02     -1.27555123
   109   33 As  -0.20167257E-02     -1.26551445
   110   33 As  -0.20259454E-02     -1.27129992
   111   33 As  -0.20327203E-02     -1.27555123
   112   33 As  -0.20342996E-02     -1.27654226
   113   33 As  -0.20167257E-02     -1.26551445
   114   33 As  -0.20259454E-02     -1.27129992
   115   33 As  -0.20267189E-02     -1.27178534
   116   33 As  -0.20267189E-02     -1.27178534
   117   33 As  -0.20259454E-02     -1.27129992
   118   33 As  -0.20267189E-02     -1.27178534
   119   33 As  -0.20327203E-02     -1.27555123
   120   33 As  -0.20259454E-02     -1.27129992
   121   33 As  -0.20137962E-02     -1.26367621
   122   33 As  -0.20327203E-02     -1.27555123
   123   33 As  -0.20167257E-02     -1.26551445
   124   33 As  -0.20137962E-02     -1.26367621
   125   33 As  -0.20167257E-02     -1.26551445
   126   33 As  -0.20137962E-02     -1.26367621
   127   33 As  -0.20267189E-02     -1.27178534
   128   33 As  -0.20327203E-02     -1.27555123
   129   33 As  -0.20167257E-02     -1.26551445
   130   33 As  -0.20259454E-02     -1.27129992
   131   33 As  -0.20259454E-02     -1.27129992
   132   33 As  -0.20137962E-02     -1.26367621
   133   33 As  -0.20267189E-02     -1.27178534
   134   33 As  -0.20259454E-02     -1.27129992
   135   33 As  -0.20267189E-02     -1.27178534
   136   33 As  -0.20342996E-02     -1.27654226
   137   33 As  -0.20342996E-02     -1.27654226
   138   33 As  -0.20259454E-02     -1.27129992
   139   33 As  -0.20259454E-02     -1.27129992
   140   33 As  -0.20259454E-02     -1.27129992
   141   33 As  -0.20259454E-02     -1.27129992
   142   33 As  -0.20267189E-02     -1.27178534
   143   33 As  -0.20342996E-02     -1.27654226
   144   33 As  -0.20267189E-02     -1.27178534
   145   33 As  -0.20267189E-02     -1.27178534
   146   33 As  -0.20342996E-02     -1.27654226
   147   33 As  -0.20342996E-02     -1.27654226
   148   33 As  -0.20259454E-02     -1.27129992
   149   33 As  -0.20267189E-02     -1.27178534
   150   33 As  -0.20259454E-02     -1.27129992
   151   33 As  -0.20327203E-02     -1.27555123
   152   33 As  -0.20137962E-02     -1.26367621
   153   33 As  -0.20137962E-02     -1.26367621
   154   33 As  -0.20267189E-02     -1.27178534
   155   33 As  -0.20259454E-02     -1.27129992
   156   33 As  -0.20167257E-02     -1.26551445
   157   33 As  -0.20267189E-02     -1.27178534
   158   33 As  -0.20342996E-02     -1.27654226
   159   33 As  -0.20137962E-02     -1.26367621
   160   33 As  -0.20327203E-02     -1.27555123
--------------------------------------------------

Dispersion energy:      -3.0693794563008E-01 Eh

[Info] Dispersion energy written to .EDISP
