-----------------------------------
 s i m p l e   D F T - D 3  v1.2.1
-----------------------------------

Zero (Chai-Head-Gordon) damping: pbe-D3(0)
--------------------
  s6         1.0000
  s8         0.7220
  s9         0.0000
 rs6         1.2170
 rs8         1.0000
 alp        14.0000
--------------------

Atomic radii (in Angstrom):
-------------------------------------------
   Z          R(cov)     R(vdw)      r4/r2
-------------------------------------------
  30 Zn       1.4533     1.6155     2.6978
  33 As       1.5333     1.8313     2.6813
-------------------------------------------

Atomic reference systems (in atomic units):
----------------------------------------------------------------------------
   Z        #      CN    C6(AA)   #      CN    C6(AA)   #      CN    C6(AA)
----------------------------------------------------------------------------
  30 Zn     1  0.0000  340.5213   2  1.9419  153.4528
  33 As     1  0.0000  262.9498   2  0.9889  254.1924   3  1.9793  241.2494
            4  2.9709  224.2851
----------------------------------------------------------------------------

Dispersion properties (in atomic units):
--------------------------------------------------------
     #    Z                CN       C6(AA)       C8(AA)
--------------------------------------------------------
     1   30 Zn         0.0013     340.5212   26551.8221
     2   30 Zn         0.0013     340.5212   26551.8221
     3   30 Zn         0.0014     340.5212   26551.8221
     4   30 Zn         0.0013     340.5212   26551.8221
     5   30 Zn         0.0013     340.5212   26551.8221
     6   30 Zn         0.0014     340.5212   26551.8221
     7   30 Zn         0.0013     340.5212   26551.8221
     8   30 Zn         0.0013     340.5212   26551.8221
     9   30 Zn         0.0014     340.5212   26551.8221
    10   30 Zn         0.0014     340.5212   26551.8221
    11   30 Zn         0.0014     340.5212   26551.8221
    12   30 Zn         0.0013     340.5212   26551.8221
    13   30 Zn         0.0013     340.5212   26551.8221
    14   30 Zn         0.0013     340.5212   26551.8221
    15   30 Zn         0.0014     340.5212   26551.8221
    16   30 Zn         0.0014     340.5212   26551.8221
    17   30 Zn         0.0014     340.5212   26551.8221
    18   30 Zn         0.0014     340.5212   26551.8221
    19   30 Zn         0.0014     340.5212   26551.8221
    20   30 Zn         0.0013     340.5212   26551.8221
    21   30 Zn         0.0013     340.5212   26551.8221
    22   30 Zn         0.0014     340.5212   26551.8221
    23   30 Zn         0.0014     340.5212   26551.8221
    24   30 Zn         0.0013     340.5212   26551.8221
    25   30 Zn         0.0013     340.5212   26551.8221
    26   30 Zn         0.0013     340.5212   26551.8221
    27   30 Zn         0.0014     340.5212   26551.8221
    28   30 Zn         0.0014     340.5212   26551.8221
    29   30 Zn         0.0014     340.5212   26551.8221
    30   30 Zn         0.0014     340.5212   26551.8221
    31   30 Zn         0.0013     340.5212   26551.8221
    32   30 Zn         0.0013     340.5212   26551.8221
    33   30 Zn         0.0013     340.5212   26551.8221
    34   30 Zn         0.0013     340.5212   26551.8221
    35   30 Zn         0.0013     340.5212   26551.8221
    36   30 Zn         0.0013     340.5212   26551.8221
    37   30 Zn         0.0013     340.5212   26551.8221
    38   30 Zn         0.0013     340.5212   26551.8221
    39   30 Zn         0.0014     340.5212   26551.8221
    40   30 Zn         0.0013     340.5212   26551.8221
    41   30 Zn         0.0014     340.5212   26551.8221
    42   30 Zn         0.0014     340.5212   26551.8221
    43   30 Zn         0.0014     340.5212   26551.8221
    44   30 Zn         0.0013     340.5212   26551.8221
    45   30 Zn         0.0014     340.5212   26551.8221
    46   30 Zn         0.0013     340.5212   26551.8221
    47   30 Zn         0.0013     340.5212   26551.8221
    48   30 Zn         0.0013     340.5212   26551.8221
    49   30 Zn         0.0013     340.5212   26551.8221
    50   30 Zn         0.0014     340.5212   26551.8221
    51   30 Zn         0.0013     340.5212   26551.8221
    52   30 Zn         0.0013     340.5212   26551.8221
    53   30 Zn         0.0014     340.5212   26551.8221
    54   30 Zn         0.0014     340.5212   26551.8221
    55   30 Zn         0.0013     340.5212   26551.8221
    56   30 Zn         0.0013     340.5212   26551.8221
    57   30 Zn         0.0014     340.5212   26551.8221
    58   30 Zn         0.0014     340.5212   26551.8221
    59   30 Zn         0.0014     340.5212   26551.8221
    60   30 Zn         0.0014     340.5212   26551.8221
    61   30 Zn         0.0013     340.5212   26551.8221
    62   30 Zn         0.0014     340.5212   26551.8221
    63   30 Zn         0.0013     340.5212   26551.8221
    64   30 Zn         0.0013     340.5212   26551.8221
    65   30 Zn         0.0014     340.5212   26551.8221
    66   30 Zn         0.0014     340.5212   26551.8221
    67   30 Zn         0.0013     340.5212   26551.8221
    68   30 Zn         0.0013     340.5212   26551.8221
    69   30 Zn         0.0013     340.5212   26551.8221
    70   30 Zn         0.0013     340.5212   26551.8221
    71   30 Zn         0.0014     340.5212   26551.8221
    72   30 Zn         0.0014     340.5212   26551.8221
    73   30 Zn         0.0014     340.5212   26551.8221
    74   30 Zn         0.0014     340.5212   26551.8221
    75   30 Zn         0.0014     340.5212   26551.8221
    76   30 Zn         0.0013     340.5212   26551.8221
    77   30 Zn         0.0014     340.5212   26551.8221
    78   30 Zn         0.0014     340.5212   26551.8221
    79   30 Zn         0.0014     340.5212   26551.8221
    80   30 Zn         0.0013     340.5212   26551.8221
    81   30 Zn         0.0013     340.5212   26551.8221
    82   30 Zn         0.0013     340.5212   26551.8221
    83   30 Zn         0.0013     340.5212   26551.8221
    84   30 Zn         0.0014     340.5212   26551.8221
    85   30 Zn         0.0014     340.5212   26551.8221
    86   30 Zn         0.0013     340.5212   26551.8221
    87   30 Zn         0.0014     340.5212   26551.8221
    88   30 Zn         0.0013     340.5212   26551.8221
    89   30 Zn         0.0013     340.5212   26551.8221
    90   30 Zn         0.0014     340.5212   26551.8221
    91   30 Zn         0.0014     340.5212   26551.8221
    92   30 Zn         0.0014     340.5212   26551.8221
    93   30 Zn         0.0014     340.5212   26551.8221
    94   30 Zn         0.0014     340.5212   26551.8221
    95   30 Zn         0.0013     340.5212   26551.8221
    96   30 Zn         0.0014     340.5212   26551.8221
    97   33 As         0.0017     262.7740   20239.5170
    98   33 As         0.0017     262.7740   20239.5189
    99   33 As         0.0017     262.7740   20239.5128
   100   33 As         0.0017     262.7740   20239.5137
   101   33 As         0.0017     262.7740   20239.5137
   102   33 As         0.0017     262.7740   20239.5182
   103   33 As         0.0017     262.7740   20239.5170
   104   33 As         0.0017     262.7740   20239.5170
   105   33 As         0.0017     262.7741   20239.5213
   106   33 As         0.0017     262.7740   20239.5128
   107   33 As         0.0017     262.7740   20239.5170
   108   33 As         0.0017     262.7740   20239.5182
   109   33 As         0.0017     262.7740   20239.5128
   110   33 As         0.0017     262.7740   20239.5137
   111   33 As         0.0017     262.7740   20239.5182
   112   33 As         0.0017     262.7740   20239.5189
   113   33 As         0.0017     262.7740   20239.5128
   114   33 As         0.0017     262.7740   20239.5137
   115   33 As         0.0017     262.7740   20239.5170
   116   33 As         0.0017     262.7740   20239.5170
   117   33 As         0.0017     262.7740   20239.5137
   118   33 As         0.0017     262.7740   20239.5170
   119   33 As         0.0017     262.7740   20239.5182
   120   33 As         0.0017     262.7740   20239.5137
   121   33 As         0.0017     262.7741   20239.5213
   122   33 As         0.0017     262.7740   20239.5182
   123   33 As         0.0017     262.7740   20239.5128
   124   33 As         0.0017     262.7741   20239.5213
   125   33 As         0.0017     262.7740   20239.5128
   126   33 As         0.0017     262.7741   20239.5213
   127   33 As         0.0017     262.7740   20239.5170
   128   33 As         0.0017     262.7740   20239.5182
   129   33 As         0.0017     262.7740   20239.5128
   130   33 As         0.0017     262.7740   20239.5137
   131   33 As         0.0017     262.7740   20239.5137
   132   33 As         0.0017     262.7741   20239.5213
   133   33 As         0.0017     262.7740   20239.5170
   134   33 As         0.0017     262.7740   20239.5137
   135   33 As         0.0017     262.7740   20239.5170
   136   33 As         0.0017     262.7740   20239.5189
   137   33 As         0.0017     262.7740   20239.5189
   138   33 As         0.0017     262.7740   20239.5137
   139   33 As         0.0017     262.7740   20239.5137
   140   33 As         0.0017     262.7740   20239.5137
   141   33 As         0.0017     262.7740   20239.5137
   142   33 As         0.0017     262.7740   20239.5170
   143   33 As         0.0017     262.7740   20239.5189
   144   33 As         0.0017     262.7740   20239.5170
   145   33 As         0.0017     262.7740   20239.5170
   146   33 As         0.0017     262.7740   20239.5189
   147   33 As         0.0017     262.7740   20239.5189
   148   33 As         0.0017     262.7740   20239.5137
   149   33 As         0.0017     262.7740   20239.5170
   150   33 As         0.0017     262.7740   20239.5137
   151   33 As         0.0017     262.7740   20239.5182
   152   33 As         0.0017     262.7741   20239.5213
   153   33 As         0.0017     262.7741   20239.5213
   154   33 As         0.0017     262.7740   20239.5170
   155   33 As         0.0017     262.7740   20239.5137
   156   33 As         0.0017     262.7740   20239.5128
   157   33 As         0.0017     262.7740   20239.5170
   158   33 As         0.0017     262.7740   20239.5189
   159   33 As         0.0017     262.7741   20239.5213
   160   33 As         0.0017     262.7740   20239.5182
--------------------------------------------------------

Atom-resolved dispersion energies:
--------------------------------------------------
     #    Z           [Hartree]      [kcal/mol]
--------------------------------------------------
     1   30 Zn  -0.44792697E-03     -0.28107842
     2   30 Zn  -0.43191720E-03     -0.27103214
     3   30 Zn  -0.46907948E-03     -0.29435181
     4   30 Zn  -0.43191720E-03     -0.27103214
     5   30 Zn  -0.43138282E-03     -0.27069681
     6   30 Zn  -0.45399889E-03     -0.28488860
     7   30 Zn  -0.43138282E-03     -0.27069681
     8   30 Zn  -0.44792697E-03     -0.28107842
     9   30 Zn  -0.46907948E-03     -0.29435181
    10   30 Zn  -0.46907948E-03     -0.29435181
    11   30 Zn  -0.46907948E-03     -0.29435181
    12   30 Zn  -0.44792697E-03     -0.28107842
    13   30 Zn  -0.43191720E-03     -0.27103214
    14   30 Zn  -0.44792697E-03     -0.28107842
    15   30 Zn  -0.46907948E-03     -0.29435181
    16   30 Zn  -0.46990641E-03     -0.29487073
    17   30 Zn  -0.46907948E-03     -0.29435181
    18   30 Zn  -0.46907948E-03     -0.29435181
    19   30 Zn  -0.46907948E-03     -0.29435181
    20   30 Zn  -0.44792697E-03     -0.28107842
    21   30 Zn  -0.43138282E-03     -0.27069681
    22   30 Zn  -0.45399889E-03     -0.28488860
    23   30 Zn  -0.46990641E-03     -0.29487073
    24   30 Zn  -0.43138282E-03     -0.27069681
    25   30 Zn  -0.43191720E-03     -0.27103214
    26   30 Zn  -0.43191720E-03     -0.27103214
    27   30 Zn  -0.46990641E-03     -0.29487073
    28   30 Zn  -0.45399889E-03     -0.28488860
    29   30 Zn  -0.46907948E-03     -0.29435181
    30   30 Zn  -0.45399889E-03     -0.28488860
    31   30 Zn  -0.44792697E-03     -0.28107842
    32   30 Zn  -0.43191720E-03     -0.27103214
    33   30 Zn  -0.43138282E-03     -0.27069681
    34   30 Zn  -0.43138282E-03     -0.27069681
    35   30 Zn  -0.44792697E-03     -0.28107842
    36   30 Zn  -0.43138282E-03     -0.27069681
    37   30 Zn  -0.44792697E-03     -0.28107842
    38   30 Zn  -0.43138282E-03     -0.27069681
    39   30 Zn  -0.46990641E-03     -0.29487073
    40   30 Zn  -0.43191720E-03     -0.27103214
    41   30 Zn  -0.46990641E-03     -0.29487073
    42   30 Zn  -0.45399889E-03     -0.28488860
    43   30 Zn  -0.46990641E-03     -0.29487073
    44   30 Zn  -0.43138282E-03     -0.27069681
    45   30 Zn  -0.46907948E-03     -0.29435181
    46   30 Zn  -0.44792697E-03     -0.28107842
    47   30 Zn  -0.43138282E-03     -0.27069681
    48   30 Zn  -0.43191720E-03     -0.27103214
    49   30 Zn  -0.43138282E-03     -0.27069681
    50   30 Zn  -0.46990641E-03     -0.29487073
    51   30 Zn  -0.43191720E-03     -0.27103214
    52   30 Zn  -0.43191720E-03     -0.27103214
    53   30 Zn  -0.46907948E-03     -0.29435181
    54   30 Zn  -0.46990641E-03     -0.29487073
    55   30 Zn  -0.44792697E-03     -0.28107842
    56   30 Zn  -0.43191720E-03     -0.27103214
    57   30 Zn  -0.45399889E-03     -0.28488860
    58   30 Zn  -0.45399889E-03     -0.28488860
    59   30 Zn  -0.46907948E-03     -0.29435181
    60   30 Zn  -0.45399889E-03     -0.28488860
    61   30 Zn  -0.44792697E-03     -0.28107842
    62   30 Zn  -0.46907948E-03     -0.29435181
    63   30 Zn  -0.44792697E-03     -0.28107842
    64   30 Zn  -0.44792697E-03     -0.28107842
    65   30 Zn  -0.45399889E-03     -0.28488860
    66   30 Zn  -0.45399889E-03     -0.28488860
    67   30 Zn  -0.43191720E-03     -0.27103214
    68   30 Zn  -0.43138282E-03     -0.27069681
    69   30 Zn  -0.43191720E-03     -0.27103214
    70   30 Zn  -0.43138282E-03     -0.27069681
    71   30 Zn  -0.46990641E-03     -0.29487073
    72   30 Zn  -0.46990641E-03     -0.29487073
    73   30 Zn  -0.46907948E-03     -0.29435181
    74   30 Zn  -0.45399889E-03     -0.28488860
    75   30 Zn  -0.46990641E-03     -0.29487073
    76   30 Zn  -0.43191720E-03     -0.27103214
    77   30 Zn  -0.46907948E-03     -0.29435181
    78   30 Zn  -0.46907948E-03     -0.29435181
    79   30 Zn  -0.46990641E-03     -0.29487073
    80   30 Zn  -0.44792697E-03     -0.28107842
    81   30 Zn  -0.43138282E-03     -0.27069681
    82   30 Zn  -0.43138282E-03     -0.27069681
    83   30 Zn  -0.44792697E-03     -0.28107842
    84   30 Zn  -0.46990641E-03     -0.29487073
    85   30 Zn  -0.45399889E-03     -0.28488860
    86   30 Zn  -0.43138282E-03     -0.27069681
    87   30 Zn  -0.45399889E-03     -0.28488860
    88   30 Zn  -0.43191720E-03     -0.27103214
    89   30 Zn  -0.43191720E-03     -0.27103214
    90   30 Zn  -0.45399889E-03     -0.28488860
    91   30 Zn  -0.46990641E-03     -0.29487073
    92   30 Zn  -0.46990641E-03     -0.29487073
    93   30 Zn  -0.45399889E-03     -0.28488860
    94   30 Zn  -0.46990641E-03     -0.29487073
    95   30 Zn  -0.44792697E-03     -0.28107842
    96   30 Zn  -0.45399889E-03     -0.28488860
    97   33 As  -0.50397609E-03     -0.31624977
    98   33 As  -0.50153121E-03     -0.31471559
    99   33 As  -0.50894907E-03     -0.31937036
   100   33 As  -0.50935291E-03     -0.31962378
   101   33 As  -0.50935291E-03     -0.31962378
   102   33 As  -0.50164852E-03     -0.31478920
   103   33 As  -0.50397609E-03     -0.31624977
   104   33 As  -0.50397609E-03     -0.31624977
   105   33 As  -0.49460435E-03     -0.31036892
   106   33 As  -0.50894907E-03     -0.31937036
   107   33 As  -0.50397609E-03     -0.31624977
   108   33 As  -0.50164852E-03     -0.31478920
   109   33 As  -0.50894907E-03     -0.31937036
   110   33 As  -0.50935291E-03     -0.31962378
   111   33 As  -0.50164852E-03     -0.31478920
   112   33 As  -0.50153121E-03     -0.31471559
   113   33 As  -0.50894907E-03     -0.31937036
   114   33 As  -0.50935291E-03     -0.31962378
   115   33 As  -0.50397609E-03     -0.31624977
   116   33 As  -0.50397609E-03     -0.31624977
   117   33 As  -0.50935291E-03     -0.31962378
   118   33 As  -0.50397609E-03     -0.31624977
   119   33 As  -0.50164852E-03     -0.31478920
   120   33 As  -0.50935291E-03     -0.31962378
   121   33 As  -0.49460435E-03     -0.31036892
   122   33 As  -0.50164852E-03     -0.31478920
   123   33 As  -0.50894907E-03     -0.31937036
   124   33 As  -0.49460435E-03     -0.31036892
   125   33 As  -0.50894907E-03     -0.31937036
   126   33 As  -0.49460435E-03     -0.31036892
   127   33 As  -0.50397609E-03     -0.31624977
   128   33 As  -0.50164852E-03     -0.31478920
   129   33 As  -0.50894907E-03     -0.31937036
   130   33 As  -0.50935291E-03     -0.31962378
   131   33 As  -0.50935291E-03     -0.31962378
   132   33 As  -0.49460435E-03     -0.31036892
   133   33 As  -0.50397609E-03     -0.31624977
   134   33 As  -0.50935291E-03     -0.31962378
   135   33 As  -0.50397609E-03     -0.31624977
   136   33 As  -0.50153121E-03     -0.31471559
   137   33 As  -0.50153121E-03     -0.31471559
   138   33 As  -0.50935291E-03     -0.31962378
   139   33 As  -0.50935291E-03     -0.31962378
   140   33 As  -0.50935291E-03     -0.31962378
   141   33 As  -0.50935291E-03     -0.31962378
   142   33 As  -0.50397609E-03     -0.31624977
   143   33 As  -0.50153121E-03     -0.31471559
   144   33 As  -0.50397609E-03     -0.31624977
   145   33 As  -0.50397609E-03     -0.31624977
   146   33 As  -0.50153121E-03     -0.31471559
   147   33 As  -0.50153121E-03     -0.31471559
   148   33 As  -0.50935291E-03     -0.31962378
   149   33 As  -0.50397609E-03     -0.31624977
   150   33 As  -0.50935291E-03     -0.31962378
   151   33 As  -0.50164852E-03     -0.31478920
   152   33 As  -0.49460435E-03     -0.31036892
   153   33 As  -0.49460435E-03     -0.31036892
   154   33 As  -0.50397609E-03     -0.31624977
   155   33 As  -0.50935291E-03     -0.31962378
   156   33 As  -0.50894907E-03     -0.31937036
   157   33 As  -0.50397609E-03     -0.31624977
   158   33 As  -0.50153121E-03     -0.31471559
   159   33 As  -0.49460435E-03     -0.31036892
   160   33 As  -0.50164852E-03     -0.31478920
--------------------------------------------------

Dispersion energy:      -7.5534517486585E-02 Eh

[Info] Dispersion energy written to .EDISP
