-----------------------------------
 s i m p l e   D F T - D 3  v1.2.1
-----------------------------------

Zero (Chai-Head-Gordon) damping: pbe-D3(0)
--------------------
  s6         1.0000
  s8         0.7220
  s9         0.0000
 rs6         1.2170
 rs8         1.0000
 alp        14.0000
--------------------

Atomic radii (in Angstrom):
-------------------------------------------
   Z          R(cov)     R(vdw)      r4/r2
-------------------------------------------
  19 K        2.3467     2.1206     4.2216
  34 Se       1.4667     1.7634     2.5771
-------------------------------------------

Atomic reference systems (in atomic units):
----------------------------------------------------------------------------
   Z        #      CN    C6(AA)   #      CN    C6(AA)   #      CN    C6(AA)
----------------------------------------------------------------------------
  19 K      1  0.0000 4983.5009   2  0.9767  338.0207
  34 Se     1  0.0000  213.6738   2  0.9901  213.7862   3  1.9812  210.5231
----------------------------------------------------------------------------

Dispersion properties (in atomic units):
--------------------------------------------------------
     #    Z                CN       C6(AA)       C8(AA)
--------------------------------------------------------
     1   19 K         25.1171     338.0207   64537.4877
     2   19 K         24.5711     338.0207   64537.4877
     3   19 K         24.0378     338.0207   64537.4877
     4   19 K         24.1792     338.0207   64537.4877
     5   19 K         22.7581     338.0207   64537.4877
     6   19 K         23.7470     338.0207   64537.4877
     7   19 K         23.1500     338.0207   64537.4877
     8   19 K         23.0773     338.0207   64537.4877
     9   19 K         26.2902     338.0207   64537.4877
    10   19 K         22.7728     338.0207   64537.4877
    11   19 K         25.8288     338.0207   64537.4877
    12   19 K         22.3197     338.0207   64537.4877
    13   19 K         23.1620     338.0207   64537.4877
    14   19 K         21.5897     338.0207   64537.4877
    15   19 K         26.5697     338.0207   64537.4877
    16   19 K         24.1340     338.0207   64537.4877
    17   19 K         21.9661     338.0207   64537.4877
    18   19 K         27.2111     338.0207   64537.4877
    19   19 K         23.0616     338.0207   64537.4877
    20   19 K         27.1710     338.0207   64537.4877
    21   19 K         26.9761     338.0207   64537.4877
    22   19 K         27.1002     338.0207   64537.4877
    23   19 K         27.0548     338.0207   64537.4877
    24   19 K         26.5803     338.0207   64537.4877
    25   19 K         23.6286     338.0207   64537.4877
    26   19 K         26.9265     338.0207   64537.4877
    27   19 K         27.3023     338.0207   64537.4877
    28   19 K         23.3258     338.0207   64537.4877
    29   19 K         27.2852     338.0207   64537.4877
    30   19 K         27.0904     338.0207   64537.4877
    31   19 K         26.5515     338.0207   64537.4877
    32   19 K         26.9833     338.0207   64537.4877
    33   19 K         27.0628     338.0207   64537.4877
    34   19 K         26.6137     338.0207   64537.4877
    35   19 K         26.9491     338.0207   64537.4877
    36   19 K         27.2063     338.0207   64537.4877
    37   19 K         27.2316     338.0207   64537.4877
    38   19 K         27.1668     338.0207   64537.4877
    39   19 K         27.2497     338.0207   64537.4877
    40   19 K         26.9962     338.0207   64537.4877
    41   19 K         26.5724     338.0207   64537.4877
    42   19 K         27.0843     338.0207   64537.4877
    43   19 K         27.0339     338.0207   64537.4877
    44   19 K         26.8253     338.0207   64537.4877
    45   19 K         27.0835     338.0207   64537.4877
    46   19 K         27.3057     338.0207   64537.4877
    47   19 K         27.2894     338.0207   64537.4877
    48   19 K         27.6356     338.0207   64537.4877
    49   19 K         26.6118     338.0207   64537.4877
    50   19 K         27.1590     338.0207   64537.4877
    51   19 K         27.3595     338.0207   64537.4877
    52   19 K         27.0554     338.0207   64537.4877
    53   19 K         27.3656     338.0207   64537.4877
    54   19 K         27.2644     338.0207   64537.4877
    55   19 K         26.8346     338.0207   64537.4877
    56   19 K         26.9401     338.0207   64537.4877
    57   19 K         26.7483     338.0207   64537.4877
    58   34 Se        12.3045     210.5231   14979.1797
    59   34 Se        12.2651     210.5231   14979.1797
    60   34 Se        10.4454     210.5231   14979.1797
    61   34 Se        10.0789     210.5231   14979.1797
    62   34 Se        12.1852     210.5231   14979.1797
    63   34 Se        11.6313     210.5231   14979.1797
    64   34 Se         9.0809     210.5231   14979.1797
    65   34 Se         9.2112     210.5231   14979.1797
    66   34 Se        12.1650     210.5231   14979.1797
    67   34 Se        11.9644     210.5231   14979.1797
    68   34 Se         9.8349     210.5231   14979.1797
    69   34 Se        11.6311     210.5231   14979.1797
    70   34 Se        12.1930     210.5231   14979.1797
    71   34 Se        11.5597     210.5231   14979.1797
    72   34 Se        11.6561     210.5231   14979.1797
    73   34 Se         8.8343     210.5231   14979.1797
    74   34 Se        11.6363     210.5231   14979.1797
    75   34 Se        12.1707     210.5231   14979.1797
    76   34 Se        11.9585     210.5231   14979.1797
    77   34 Se        11.6041     210.5231   14979.1797
    78   34 Se        11.5930     210.5231   14979.1797
    79   34 Se        12.2011     210.5231   14979.1797
    80   34 Se        11.6131     210.5231   14979.1797
    81   34 Se        11.6578     210.5231   14979.1797
    82   34 Se        11.6020     210.5231   14979.1797
    83   34 Se        11.6139     210.5231   14979.1797
    84   34 Se        12.1868     210.5231   14979.1797
    85   34 Se        11.6309     210.5231   14979.1797
    86   34 Se        12.2025     210.5231   14979.1797
    87   34 Se        11.6572     210.5231   14979.1797
    88   34 Se        11.5687     210.5231   14979.1797
    89   34 Se        11.6364     210.5231   14979.1797
    90   34 Se        12.1788     210.5231   14979.1797
    91   34 Se        11.6454     210.5231   14979.1797
--------------------------------------------------------

Atom-resolved dispersion energies:
--------------------------------------------------
     #    Z           [Hartree]      [kcal/mol]
--------------------------------------------------
     1   19 K   -0.17691345E-01    -11.10148678
     2   19 K   -0.18018401E-01    -11.30671713
     3   19 K   -0.16115998E-01    -10.11294132
     4   19 K   -0.16922415E-01    -10.61897553
     5   19 K   -0.16468530E-01    -10.33415831
     6   19 K   -0.17405930E-01    -10.92238599
     7   19 K   -0.17466519E-01    -10.96040620
     8   19 K   -0.18303826E-01    -11.48582397
     9   19 K   -0.17941282E-01    -11.25832454
    10   19 K   -0.17246452E-01    -10.82231223
    11   19 K   -0.17619392E-01    -11.05633511
    12   19 K   -0.18230064E-01    -11.43953805
    13   19 K   -0.16445036E-01    -10.31941564
    14   19 K   -0.17548272E-01    -11.01170691
    15   19 K   -0.19876466E-01    -12.47267072
    16   19 K   -0.15961728E-01    -10.01613534
    17   19 K   -0.17191452E-01    -10.78779924
    18   19 K   -0.19585099E-01    -12.28983507
    19   19 K   -0.16479181E-01    -10.34084244
    20   19 K   -0.19487287E-01    -12.22845691
    21   19 K   -0.19301257E-01    -12.11172179
    22   19 K   -0.18685672E-01    -11.72543622
    23   19 K   -0.19134857E-01    -12.00730435
    24   19 K   -0.20206612E-01    -12.67984058
    25   19 K   -0.16691221E-01    -10.47389954
    26   19 K   -0.18966581E-01    -11.90170948
    27   19 K   -0.19677444E-01    -12.34778240
    28   19 K   -0.17845926E-01    -11.19848793
    29   19 K   -0.19659339E-01    -12.33642149
    30   19 K   -0.19386728E-01    -12.16535529
    31   19 K   -0.19875981E-01    -12.47236619
    32   19 K   -0.19299074E-01    -12.11035154
    33   19 K   -0.19335033E-01    -12.13291657
    34   19 K   -0.20235494E-01    -12.69796449
    35   19 K   -0.19265594E-01    -12.08934265
    36   19 K   -0.19626388E-01    -12.31574470
    37   19 K   -0.19644416E-01    -12.32705727
    38   19 K   -0.19559112E-01    -12.27352799
    39   19 K   -0.19667978E-01    -12.34184268
    40   19 K   -0.19360007E-01    -12.14858801
    41   19 K   -0.20211595E-01    -12.68296724
    42   19 K   -0.19354316E-01    -12.14501642
    43   19 K   -0.19339695E-01    -12.13584199
    44   19 K   -0.20100379E-01    -12.61317849
    45   19 K   -0.19377552E-01    -12.15959761
    46   19 K   -0.19679190E-01    -12.34887840
    47   19 K   -0.19670052E-01    -12.34314425
    48   19 K   -0.19112121E-01    -11.99303729
    49   19 K   -0.20232248E-01    -12.69592714
    50   19 K   -0.19290755E-01    -12.10513175
    51   19 K   -0.18965491E-01    -11.90102525
    52   19 K   -0.19346621E-01    -12.14018827
    53   19 K   -0.19619707E-01    -12.31155172
    54   19 K   -0.19642506E-01    -12.32585879
    55   19 K   -0.20056638E-01    -12.58573057
    56   19 K   -0.18313674E-01    -11.49200391
    57   19 K   -0.18450360E-01    -11.57777544
    58   34 Se  -0.17737859E-01    -11.13067474
    59   34 Se  -0.17726364E-01    -11.12346144
    60   34 Se  -0.15647824E-01     -9.81915755
    61   34 Se  -0.16363513E-01    -10.26825968
    62   34 Se  -0.15946096E-01    -10.00632622
    63   34 Se  -0.18071547E-01    -11.34006692
    64   34 Se  -0.15716429E-01     -9.86220805
    65   34 Se  -0.15618444E-01     -9.80072171
    66   34 Se  -0.19172171E-01    -12.03071875
    67   34 Se  -0.17081268E-01    -10.71865732
    68   34 Se  -0.15744278E-01     -9.87968354
    69   34 Se  -0.18241726E-01    -11.44685600
    70   34 Se  -0.15818468E-01     -9.92623873
    71   34 Se  -0.18083505E-01    -11.34757083
    72   34 Se  -0.17156905E-01    -10.76612056
    73   34 Se  -0.15091717E-01     -9.47019551
    74   34 Se  -0.18269148E-01    -11.46406326
    75   34 Se  -0.19173504E-01    -12.03155533
    76   34 Se  -0.17029266E-01    -10.68602563
    77   34 Se  -0.18185472E-01    -11.41155607
    78   34 Se  -0.18121753E-01    -11.37157193
    79   34 Se  -0.19269075E-01    -12.09152736
    80   34 Se  -0.17997655E-01    -11.29369913
    81   34 Se  -0.18280007E-01    -11.47087778
    82   34 Se  -0.18164982E-01    -11.39869832
    83   34 Se  -0.18199119E-01    -11.42011951
    84   34 Se  -0.19238243E-01    -12.07217966
    85   34 Se  -0.18235094E-01    -11.44269403
    86   34 Se  -0.19268903E-01    -12.09141946
    87   34 Se  -0.17783762E-01    -11.15947922
    88   34 Se  -0.18146852E-01    -11.38732165
    89   34 Se  -0.18263646E-01    -11.46061084
    90   34 Se  -0.19234857E-01    -12.07005488
    91   34 Se  -0.18257369E-01    -11.45667212
--------------------------------------------------

Dispersion energy:      -1.6685291141021E+00 Eh

[Info] Dispersion energy written to .EDISP
