-----------------------------------
 s i m p l e   D F T - D 3  v1.2.1
-----------------------------------

Zero (Chai-Head-Gordon) damping: pbe-D3(0)
--------------------
  s6         1.0000
  s8         0.7220
  s9         0.0000
 rs6         1.2170
 rs8         1.0000
 alp        14.0000
--------------------

Atomic radii (in Angstrom):
-------------------------------------------
   Z          R(cov)     R(vdw)      r4/r2
-------------------------------------------
  19 K        2.3467     2.1206     4.2216
  34 Se       1.4667     1.7634     2.5771
-------------------------------------------

Atomic reference systems (in atomic units):
----------------------------------------------------------------------------
   Z        #      CN    C6(AA)   #      CN    C6(AA)   #      CN    C6(AA)
----------------------------------------------------------------------------
  19 K      1  0.0000 4983.5009   2  0.9767  338.0207
  34 Se     1  0.0000  213.6738   2  0.9901  213.7862   3  1.9812  210.5231
----------------------------------------------------------------------------

Dispersion properties (in atomic units):
--------------------------------------------------------
     #    Z                CN       C6(AA)       C8(AA)
--------------------------------------------------------
     1   19 K          0.5442    1423.0797  271705.2156
     2   19 K          0.4874    1895.4401  361891.8616
     3   19 K          0.6231     945.7191  180563.8997
     4   19 K          0.3781    2956.7322  564521.8350
     5   19 K          0.5275    1551.7406  296270.1313
     6   19 K          0.4002    2740.7548  523285.7922
     7   19 K          0.3310    3390.5430  647348.3111
     8   19 K          0.3166    3512.5325  670639.4627
     9   19 K          0.4376    2371.1464  452717.3470
    10   19 K          0.5193    1618.3033  308978.8060
    11   19 K          0.5311    1523.2551  290831.4715
    12   19 K          0.2745    3835.3533  732274.8819
    13   19 K          0.5232    1586.4389  302895.0066
    14   19 K          0.2869    3745.6892  715155.5312
    15   19 K          1.3819     339.4595   64812.1906
    16   19 K          0.5431    1431.5714  273326.5158
    17   19 K          0.3888    2853.1357  544742.4049
    18   19 K          0.4561    2189.6792  418070.2408
    19   19 K          0.5601    1309.5352  250026.4374
    20   19 K          0.4219    2526.6167  482400.9062
    21   19 K          0.4762    1998.6139  381590.5912
    22   19 K          0.4358    2388.9133  456109.5242
    23   19 K          0.4444    2303.7791  439855.0505
    24   19 K          1.3744     339.5469   64828.8875
    25   19 K          0.6278     923.7611  176371.5175
    26   19 K          0.4494    2255.2220  430584.1763
    27   19 K          0.4634    2119.5596  404682.4660
    28   19 K          0.5475    1399.3708  267178.5344
    29   19 K          0.4408    2339.4631  446668.1251
    30   19 K          0.4827    1938.0578  370028.7568
    31   19 K          1.3771     339.5153   64822.8526
    32   19 K          0.4495    2254.1437  430378.2910
    33   19 K          0.4516    2232.9805  426337.6466
    34   19 K          1.3770     339.5164   64823.0587
    35   19 K          0.4721    2036.7966  388880.7207
    36   19 K          0.4376    2370.6943  452631.0245
    37   19 K          0.4571    2179.6632  416157.9024
    38   19 K          0.4547    2203.2010  420651.9245
    39   19 K          0.4430    2317.1765  442412.9948
    40   19 K          0.4765    1995.2913  380956.2191
    41   19 K          1.3759     339.5292   64825.5021
    42   19 K          0.4540    2209.9478  421940.0710
    43   19 K          0.4518    2231.2072  425999.0822
    44   19 K          1.3755     339.5332   64826.2595
    45   19 K          0.4817    1947.5307  371837.4096
    46   19 K          0.4405    2342.4800  447244.1389
    47   19 K          0.4629    2124.3043  405588.3557
    48   19 K          0.4656    2098.4892  400659.5410
    49   19 K          1.3774     339.5116   64822.1354
    50   19 K          0.4394    2352.7063  449196.6151
    51   19 K          0.4666    2088.9871  398845.3345
    52   19 K          0.4785    1976.6820  377403.1984
    53   19 K          0.4241    2504.7256  478221.2974
    54   19 K          0.4589    2162.7229  412923.5304
    55   19 K          1.3780     339.5040   64820.6955
    56   19 K          0.4525    2224.4475  424708.4595
    57   19 K          0.4880    1889.5852  360774.0041
    58   34 Se         0.1547     213.6809   15203.8626
    59   34 Se         0.1572     213.6810   15203.8719
    60   34 Se         0.1441     213.6803   15203.8243
    61   34 Se         0.1428     213.6803   15203.8196
    62   34 Se         0.1666     213.6815   15203.9089
    63   34 Se         0.1562     213.6810   15203.8683
    64   34 Se         0.1618     213.6813   15203.8897
    65   34 Se         0.1736     213.6819   15203.9377
    66   34 Se         0.1508     213.6807   15203.8481
    67   34 Se         0.1407     213.6802   15203.8126
    68   34 Se         0.1349     213.6799   15203.7934
    69   34 Se         0.1596     213.6811   15203.8809
    70   34 Se         0.1546     213.6809   15203.8619
    71   34 Se         0.1494     213.6806   15203.8432
    72   34 Se         0.1676     213.6816   15203.9130
    73   34 Se         0.1472     213.6805   15203.8352
    74   34 Se         0.1600     213.6812   15203.8827
    75   34 Se         0.1502     213.6806   15203.8458
    76   34 Se         0.1408     213.6802   15203.8128
    77   34 Se         0.1520     213.6807   15203.8525
    78   34 Se         0.1502     213.6806   15203.8461
    79   34 Se         0.1530     213.6808   15203.8563
    80   34 Se         0.1577     213.6810   15203.8738
    81   34 Se         0.1607     213.6812   15203.8853
    82   34 Se         0.1517     213.6807   15203.8513
    83   34 Se         0.1527     213.6808   15203.8552
    84   34 Se         0.1511     213.6807   15203.8491
    85   34 Se         0.1589     213.6811   15203.8782
    86   34 Se         0.1529     213.6808   15203.8559
    87   34 Se         0.1719     213.6818   15203.9306
    88   34 Se         0.1530     213.6808   15203.8563
    89   34 Se         0.1597     213.6811   15203.8816
    90   34 Se         0.1516     213.6807   15203.8512
    91   34 Se         0.1605     213.6812   15203.8844
--------------------------------------------------------

Atom-resolved dispersion energies:
--------------------------------------------------
     #    Z           [Hartree]      [kcal/mol]
--------------------------------------------------
     1   19 K   -0.10176209E-01     -6.38566761
     2   19 K   -0.10558353E-01     -6.62546658
     3   19 K   -0.71405177E-02     -4.48074248
     4   19 K   -0.11980843E-01     -7.51809243
     5   19 K   -0.85970742E-02     -5.39474549
     6   19 K   -0.12204461E-01     -7.65841502
     7   19 K   -0.11937455E-01     -7.49086608
     8   19 K   -0.12517755E-01     -7.85501010
     9   19 K   -0.10253592E-01     -6.43422587
    10   19 K   -0.76476481E-02     -4.79897162
    11   19 K   -0.94316312E-02     -5.91843794
    12   19 K   -0.11610955E-01     -7.28598401
    13   19 K   -0.77060793E-02     -4.83563775
    14   19 K   -0.10234885E-01     -6.42248703
    15   19 K   -0.44238153E-02     -2.77598600
    16   19 K   -0.95675515E-02     -6.00372919
    17   19 K   -0.10474236E-01     -6.57268208
    18   19 K   -0.10850796E-01     -6.80897737
    19   19 K   -0.92509095E-02     -5.80503335
    20   19 K   -0.11563972E-01     -7.25650178
    21   19 K   -0.10608701E-01     -6.65706020
    22   19 K   -0.11187681E-01     -7.02037561
    23   19 K   -0.11245606E-01     -7.05672416
    24   19 K   -0.44252134E-02     -2.77686331
    25   19 K   -0.67340201E-02     -4.22566142
    26   19 K   -0.10781103E-01     -6.76524443
    27   19 K   -0.10649076E-01     -6.68239616
    28   19 K   -0.82092096E-02     -5.15135677
    29   19 K   -0.11186642E-01     -7.01972359
    30   19 K   -0.10425382E-01     -6.54202592
    31   19 K   -0.44208379E-02     -2.77411764
    32   19 K   -0.11141836E-01     -6.99160770
    33   19 K   -0.11084605E-01     -6.95569456
    34   19 K   -0.44264815E-02     -2.77765908
    35   19 K   -0.10722665E-01     -6.72857404
    36   19 K   -0.11263806E-01     -7.06814468
    37   19 K   -0.10845690E-01     -6.80577340
    38   19 K   -0.10890854E-01     -6.83411410
    39   19 K   -0.11151132E-01     -6.99744079
    40   19 K   -0.10640325E-01     -6.67690455
    41   19 K   -0.44278785E-02     -2.77853572
    42   19 K   -0.11012963E-01     -6.91073881
    43   19 K   -0.11079077E-01     -6.95222599
    44   19 K   -0.44158853E-02     -2.77100985
    45   19 K   -0.10448341E-01     -6.55643266
    46   19 K   -0.11162280E-01     -7.00443620
    47   19 K   -0.10671088E-01     -6.69620859
    48   19 K   -0.11000160E-01     -6.90270458
    49   19 K   -0.44294634E-02     -2.77953022
    50   19 K   -0.11276642E-01     -7.07619950
    51   19 K   -0.10928638E-01     -6.85782416
    52   19 K   -0.10544930E-01     -6.61704367
    53   19 K   -0.11448126E-01     -7.18380728
    54   19 K   -0.10780557E-01     -6.76490176
    55   19 K   -0.44293596E-02     -2.77946512
    56   19 K   -0.10905962E-01     -6.84359445
    57   19 K   -0.10713481E-01     -6.72281063
    58   34 Se  -0.48007185E-02     -3.01249634
    59   34 Se  -0.48154415E-02     -3.02173516
    60   34 Se  -0.42863490E-02     -2.68972463
    61   34 Se  -0.45166248E-02     -2.83422486
    62   34 Se  -0.46780961E-02     -2.93554962
    63   34 Se  -0.42317701E-02     -2.65547582
    64   34 Se  -0.40125944E-02     -2.51794100
    65   34 Se  -0.39160774E-02     -2.45737565
    66   34 Se  -0.43945727E-02     -2.75763602
    67   34 Se  -0.40361430E-02     -2.53271794
    68   34 Se  -0.44966594E-02     -2.82169636
    69   34 Se  -0.42521646E-02     -2.66827355
    70   34 Se  -0.46587786E-02     -2.92342771
    71   34 Se  -0.41975725E-02     -2.63401651
    72   34 Se  -0.40412240E-02     -2.53590634
    73   34 Se  -0.38448158E-02     -2.41265831
    74   34 Se  -0.42481257E-02     -2.66573915
    75   34 Se  -0.43895632E-02     -2.75449250
    76   34 Se  -0.40521399E-02     -2.54275621
    77   34 Se  -0.41800151E-02     -2.62299909
    78   34 Se  -0.41817706E-02     -2.62410064
    79   34 Se  -0.43897841E-02     -2.75463108
    80   34 Se  -0.42641030E-02     -2.67576502
    81   34 Se  -0.42367201E-02     -2.65858203
    82   34 Se  -0.41888334E-02     -2.62853264
    83   34 Se  -0.41732849E-02     -2.61877580
    84   34 Se  -0.43952607E-02     -2.75806772
    85   34 Se  -0.42477564E-02     -2.66550739
    86   34 Se  -0.43883567E-02     -2.75373543
    87   34 Se  -0.42299317E-02     -2.65432223
    88   34 Se  -0.41996014E-02     -2.63528970
    89   34 Se  -0.42459855E-02     -2.66439613
    90   34 Se  -0.43997547E-02     -2.76088774
    91   34 Se  -0.42718401E-02     -2.68062014
--------------------------------------------------

Dispersion energy:      -6.9570686271676E-01 Eh

[Info] Dispersion energy written to .EDISP
