-----------------------------------
 s i m p l e   D F T - D 3  v1.2.1
-----------------------------------

Zero (Chai-Head-Gordon) damping: pbe-D3(0)
--------------------
  s6         1.0000
  s8         0.7220
  s9         0.0000
 rs6         1.2170
 rs8         1.0000
 alp        14.0000
--------------------

Atomic radii (in Angstrom):
-------------------------------------------
   Z          R(cov)     R(vdw)      r4/r2
-------------------------------------------
  19 K        2.3467     2.1206     4.2216
  34 Se       1.4667     1.7634     2.5771
-------------------------------------------

Atomic reference systems (in atomic units):
----------------------------------------------------------------------------
   Z        #      CN    C6(AA)   #      CN    C6(AA)   #      CN    C6(AA)
----------------------------------------------------------------------------
  19 K      1  0.0000 4983.5009   2  0.9767  338.0207
  34 Se     1  0.0000  213.6738   2  0.9901  213.7862   3  1.9812  210.5231
----------------------------------------------------------------------------

Dispersion properties (in atomic units):
--------------------------------------------------------
     #    Z                CN       C6(AA)       C8(AA)
--------------------------------------------------------
     1   19 K          0.1243    4567.2266  872009.7091
     2   19 K          0.1121    4602.4351  878731.9708
     3   19 K          0.1402    4517.0818  862435.6692
     4   19 K          0.0890    4661.7340  890053.7835
     5   19 K          0.1199    4580.2719  874500.4128
     6   19 K          0.0935    4650.9884  888002.1377
     7   19 K          0.0792    4684.0419  894312.9725
     8   19 K          0.0765    4690.0492  895459.9252
     9   19 K          0.1029    4627.1540  883451.4907
    10   19 K          0.1164    4590.2799  876411.2242
    11   19 K          0.1226    4572.4838  873013.4413
    12   19 K          0.0665    4711.0022  899460.4301
    13   19 K          0.1180    4585.8680  875568.8617
    14   19 K          0.0691    4705.7113  898450.2535
    15   19 K          0.3728    3007.9351  574297.8875
    16   19 K          0.1241    4567.9120  872140.5703
    17   19 K          0.0909    4657.1074  889170.4380
    18   19 K          0.1068    4616.8781  881489.5419
    19   19 K          0.1269    4559.3676  870509.2071
    20   19 K          0.0996    4635.5985  885063.7881
    21   19 K          0.1112    4605.0696  879234.9736
    22   19 K          0.1026    4627.9765  883608.5402
    23   19 K          0.1045    4623.1389  882684.9145
    24   19 K          0.3704    3030.6114  578627.4227
    25   19 K          0.1416    4512.1300  861490.2478
    26   19 K          0.1052    4621.1121  882297.9368
    27   19 K          0.1084    4612.5450  880662.2438
    28   19 K          0.1254    4563.9998  871393.6254
    29   19 K          0.1036    4625.3455  883106.2006
    30   19 K          0.1126    4601.1304  878482.8770
    31   19 K          0.3718    3017.2703  576080.2332
    32   19 K          0.1056    4620.2169  882127.0073
    33   19 K          0.1061    4618.9040  881876.3478
    34   19 K          0.3710    3025.3616  577625.0966
    35   19 K          0.1103    4607.3696  879674.1134
    36   19 K          0.1029    4627.1816  883456.7628
    37   19 K          0.1071    4616.1093  881342.7526
    38   19 K          0.1065    4617.6249  881632.1373
    39   19 K          0.1041    4624.1533  882878.5775
    40   19 K          0.1113    4604.7463  879173.2443
    41   19 K          0.3707    3027.6375  578059.6215
    42   19 K          0.1065    4617.6018  881627.7242
    43   19 K          0.1061    4618.8485  881865.7503
    44   19 K          0.3712    3022.9533  577165.2704
    45   19 K          0.1124    4601.7252  878596.4331
    46   19 K          0.1035    4625.5207  883139.6665
    47   19 K          0.1083    4612.8259  880715.8657
    48   19 K          0.1089    4611.2489  880414.7782
    49   19 K          0.3710    3024.5638  577472.7712
    50   19 K          0.1035    4625.6536  883165.0255
    51   19 K          0.1092    4610.4314  880258.6881
    52   19 K          0.1117    4603.6287  878959.8682
    53   19 K          0.1001    4634.4020  884835.3397
    54   19 K          0.1074    4615.2276  881174.4113
    55   19 K          0.3717    3018.1873  576255.3154
    56   19 K          0.1063    4618.2398  881749.5291
    57   19 K          0.1135    4598.6454  878008.4274
    58   34 Se         0.0391     213.6767   15203.5685
    59   34 Se         0.0397     213.6768   15203.5694
    60   34 Se         0.0360     213.6767   15203.5635
    61   34 Se         0.0359     213.6767   15203.5633
    62   34 Se         0.0413     213.6768   15203.5721
    63   34 Se         0.0394     213.6768   15203.5689
    64   34 Se         0.0397     213.6768   15203.5694
    65   34 Se         0.0421     213.6768   15203.5734
    66   34 Se         0.0381     213.6767   15203.5669
    67   34 Se         0.0357     213.6767   15203.5630
    68   34 Se         0.0338     213.6766   15203.5600
    69   34 Se         0.0400     213.6768   15203.5700
    70   34 Se         0.0389     213.6767   15203.5682
    71   34 Se         0.0379     213.6767   15203.5666
    72   34 Se         0.0417     213.6768   15203.5727
    73   34 Se         0.0362     213.6767   15203.5638
    74   34 Se         0.0401     213.6768   15203.5702
    75   34 Se         0.0380     213.6767   15203.5667
    76   34 Se         0.0357     213.6767   15203.5631
    77   34 Se         0.0385     213.6767   15203.5675
    78   34 Se         0.0381     213.6767   15203.5668
    79   34 Se         0.0387     213.6767   15203.5678
    80   34 Se         0.0396     213.6768   15203.5693
    81   34 Se         0.0403     213.6768   15203.5704
    82   34 Se         0.0384     213.6767   15203.5674
    83   34 Se         0.0387     213.6767   15203.5678
    84   34 Se         0.0382     213.6767   15203.5671
    85   34 Se         0.0399     213.6768   15203.5698
    86   34 Se         0.0386     213.6767   15203.5677
    87   34 Se         0.0427     213.6768   15203.5744
    88   34 Se         0.0387     213.6767   15203.5678
    89   34 Se         0.0401     213.6768   15203.5701
    90   34 Se         0.0383     213.6767   15203.5673
    91   34 Se         0.0403     213.6768   15203.5704
--------------------------------------------------------

Atom-resolved dispersion energies:
--------------------------------------------------
     #    Z           [Hartree]      [kcal/mol]
--------------------------------------------------
     1   19 K   -0.11797434E-01     -7.40300143
     2   19 K   -0.10850214E-01     -6.80861217
     3   19 K   -0.11462991E-01     -7.19313537
     4   19 K   -0.10057882E-01     -6.31141646
     5   19 K   -0.10772192E-01     -6.75965273
     6   19 K   -0.10234687E-01     -6.42236298
     7   19 K   -0.92136416E-02     -5.78164738
     8   19 K   -0.92258881E-02     -5.78933219
     9   19 K   -0.10932879E-01     -6.86048546
    10   19 K   -0.97324827E-02     -6.10722513
    11   19 K   -0.11849436E-01     -7.43563320
    12   19 K   -0.83272295E-02     -5.22541542
    13   19 K   -0.10019430E-01     -6.28728708
    14   19 K   -0.81246127E-02     -5.09827146
    15   19 K   -0.11470682E-01     -7.19796174
    16   19 K   -0.11826570E-01     -7.42128467
    17   19 K   -0.96614069E-02     -6.06262436
    18   19 K   -0.11201196E-01     -7.02885632
    19   19 K   -0.11620634E-01     -7.29205787
    20   19 K   -0.11111669E-01     -6.97267773
    21   19 K   -0.11319539E-01     -7.10311824
    22   19 K   -0.11115852E-01     -6.97530228
    23   19 K   -0.11213800E-01     -7.03676586
    24   19 K   -0.11494091E-01     -7.21265071
    25   19 K   -0.10678184E-01     -6.70066181
    26   19 K   -0.11333570E-01     -7.11192247
    27   19 K   -0.11295266E-01     -7.08788630
    28   19 K   -0.10567200E-01     -6.63101782
    29   19 K   -0.11265157E-01     -7.06899305
    30   19 K   -0.11393772E-01     -7.14969959
    31   19 K   -0.11451442E-01     -7.18588823
    32   19 K   -0.11273895E-01     -7.07447595
    33   19 K   -0.11315127E-01     -7.10034944
    34   19 K   -0.11510958E-01     -7.22323540
    35   19 K   -0.11279208E-01     -7.07781015
    36   19 K   -0.11222364E-01     -7.04213982
    37   19 K   -0.11233427E-01     -7.04908174
    38   19 K   -0.11187123E-01     -7.02002541
    39   19 K   -0.11272193E-01     -7.07340771
    40   19 K   -0.11338313E-01     -7.11489866
    41   19 K   -0.11501835E-01     -7.21751015
    42   19 K   -0.11320523E-01     -7.10373523
    43   19 K   -0.11309405E-01     -7.09675863
    44   19 K   -0.11460129E-01     -7.19133977
    45   19 K   -0.11392509E-01     -7.14890759
    46   19 K   -0.11260986E-01     -7.06637572
    47   19 K   -0.11298100E-01     -7.08966507
    48   19 K   -0.11674506E-01     -7.32586284
    49   19 K   -0.11512116E-01     -7.22396171
    50   19 K   -0.11231362E-01     -7.04778637
    51   19 K   -0.11638416E-01     -7.30321642
    52   19 K   -0.11363452E-01     -7.13067404
    53   19 K   -0.11146731E-01     -6.99467950
    54   19 K   -0.11254592E-01     -7.06236300
    55   19 K   -0.11470441E-01     -7.19781057
    56   19 K   -0.11536791E-01     -7.23944550
    57   19 K   -0.11905080E-01     -7.47055025
    58   34 Se  -0.31091859E-02     -1.95104358
    59   34 Se  -0.31349703E-02     -1.96722354
    60   34 Se  -0.27825561E-02     -1.74608032
    61   34 Se  -0.28216066E-02     -1.77058485
    62   34 Se  -0.31570740E-02     -1.98109384
    63   34 Se  -0.29855901E-02     -1.87348610
    64   34 Se  -0.28591909E-02     -1.79416938
    65   34 Se  -0.29218211E-02     -1.83347044
    66   34 Se  -0.29115960E-02     -1.82705408
    67   34 Se  -0.27547462E-02     -1.72862934
    68   34 Se  -0.26334079E-02     -1.65248842
    69   34 Se  -0.30050608E-02     -1.88570411
    70   34 Se  -0.31172621E-02     -1.95611153
    71   34 Se  -0.29527968E-02     -1.85290798
    72   34 Se  -0.30412206E-02     -1.90839475
    73   34 Se  -0.26394580E-02     -1.65628488
    74   34 Se  -0.30092921E-02     -1.88835928
    75   34 Se  -0.29062446E-02     -1.82369601
    76   34 Se  -0.27606499E-02     -1.73233398
    77   34 Se  -0.29804081E-02     -1.87023434
    78   34 Se  -0.29571466E-02     -1.85563748
    79   34 Se  -0.29421668E-02     -1.84623753
    80   34 Se  -0.29783749E-02     -1.86895848
    81   34 Se  -0.30182577E-02     -1.89398530
    82   34 Se  -0.29746124E-02     -1.86659743
    83   34 Se  -0.29804502E-02     -1.87026072
    84   34 Se  -0.29193579E-02     -1.83192473
    85   34 Se  -0.29993443E-02     -1.88211699
    86   34 Se  -0.29411191E-02     -1.84558008
    87   34 Se  -0.31040196E-02     -1.94780169
    88   34 Se  -0.29745153E-02     -1.86653652
    89   34 Se  -0.30086810E-02     -1.88797581
    90   34 Se  -0.29242165E-02     -1.83497353
    91   34 Se  -0.30180393E-02     -1.89384826
--------------------------------------------------

Dispersion energy:      -7.2875505208445E-01 Eh

[Info] Dispersion energy written to .EDISP
