-----------------------------------
 s i m p l e   D F T - D 3  v1.2.1
-----------------------------------

Zero (Chai-Head-Gordon) damping: pbe-D3(0)
--------------------
  s6         1.0000
  s8         0.7220
  s9         0.0000
 rs6         1.2170
 rs8         1.0000
 alp        14.0000
--------------------

Atomic radii (in Angstrom):
-------------------------------------------
   Z          R(cov)     R(vdw)      r4/r2
-------------------------------------------
  29 Cu       1.3467     1.6504     2.7654
  16 S        1.3600     1.6554     2.1385
-------------------------------------------

Atomic reference systems (in atomic units):
----------------------------------------------------------------------------
   Z        #      CN    C6(AA)   #      CN    C6(AA)   #      CN    C6(AA)
----------------------------------------------------------------------------
  29 Cu     1  0.0000  337.1808   2  0.9576  174.9969
  16 S      1  0.0000  134.0066   2  0.9948  130.9965   3  1.9903  125.8109
----------------------------------------------------------------------------

Dispersion properties (in atomic units):
--------------------------------------------------------
     #    Z                CN       C6(AA)       C8(AA)
--------------------------------------------------------
     1   29 Cu         0.0433     330.4167   27071.3606
     2   29 Cu         0.0575     329.6782   27010.8587
     3   29 Cu         0.0442     330.3733   27067.8069
     4   29 Cu         0.0264     331.2113   27136.4676
     5   29 Cu         0.0437     330.3998   27069.9808
     6   29 Cu         0.0442     330.3733   27067.8069
     7   29 Cu         0.0281     331.1368   27130.3571
     8   29 Cu         0.0322     330.9503   27115.0819
     9   29 Cu         0.0427     330.4493   27074.0315
    10   29 Cu         0.0433     330.4167   27071.3606
    11   29 Cu         0.0330     330.9103   27111.8002
    12   29 Cu         0.0316     330.9775   27117.3113
    13   29 Cu         0.0436     330.4040   27070.3210
    14   29 Cu         0.0408     330.5424   27081.6643
    15   29 Cu         0.0279     331.1440   27130.9475
    16   29 Cu         0.0325     330.9350   27113.8275
    17   29 Cu         0.0425     330.4557   27074.5583
    18   29 Cu         0.0584     329.6244   27006.4507
    19   29 Cu         0.0265     331.2054   27135.9779
    20   29 Cu         0.0324     330.9388   27114.1418
    21   29 Cu         0.0425     330.4557   27074.5583
    22   29 Cu         0.0431     330.4278   27072.2753
    23   29 Cu         0.0279     331.1440   27130.9475
    24   29 Cu         0.0307     331.0160   27120.4632
    25   29 Cu         0.0436     330.4040   27070.3210
    26   29 Cu         0.0431     330.4278   27072.2753
    27   29 Cu         0.0330     330.9103   27111.8002
    28   29 Cu         0.0324     330.9388   27114.1418
    29   29 Cu         0.0427     330.4493   27074.0315
    30   29 Cu         0.0584     329.6244   27006.4507
    31   29 Cu         0.0281     331.1368   27130.3571
    32   29 Cu         0.0325     330.9350   27113.8275
    33   29 Cu         0.0437     330.3998   27069.9808
    34   29 Cu         0.0338     330.8762   27109.0055
    35   29 Cu         0.0408     330.5424   27081.6643
    36   29 Cu         0.0316     330.9775   27117.3113
    37   29 Cu         0.0575     329.6782   27010.8587
    38   29 Cu         0.0322     330.9503   27115.0819
    39   29 Cu         0.0338     330.8762   27109.0055
    40   16 S          0.0399     133.9292    6561.3539
    41   16 S          0.0497     133.9231    6561.0546
    42   16 S          0.0454     133.9258    6561.1860
    43   16 S          0.0399     133.9292    6561.3539
    44   16 S          0.0317     133.9340    6561.5860
    45   16 S          0.0398     133.9293    6561.3552
    46   16 S          0.0321     133.9338    6561.5752
    47   16 S          0.0456     133.9257    6561.1807
    48   16 S          0.0303     133.9347    6561.6234
    49   16 S          0.0465     133.9252    6561.1539
    50   16 S          0.0321     133.9338    6561.5752
    51   16 S          0.0495     133.9233    6561.0611
    52   16 S          0.0317     133.9340    6561.5860
    53   16 S          0.0465     133.9252    6561.1539
    54   16 S          0.0454     133.9258    6561.1860
    55   16 S          0.0456     133.9257    6561.1807
    56   16 S          0.0453     133.9259    6561.1901
    57   16 S          0.0398     133.9293    6561.3552
    58   16 S          0.0287     133.9356    6561.6677
    59   16 S          0.0453     133.9259    6561.1901
--------------------------------------------------------

Atom-resolved dispersion energies:
--------------------------------------------------
     #    Z           [Hartree]      [kcal/mol]
--------------------------------------------------
     1   29 Cu  -0.64426475E-02     -4.04282235
     2   29 Cu  -0.80560828E-02     -5.05526827
     3   29 Cu  -0.66198725E-02     -4.15403274
     4   29 Cu  -0.62207391E-02     -3.90357275
     5   29 Cu  -0.65752351E-02     -4.12602235
     6   29 Cu  -0.66198725E-02     -4.15403274
     7   29 Cu  -0.62547993E-02     -3.92494584
     8   29 Cu  -0.65270219E-02     -4.09576811
     9   29 Cu  -0.64006182E-02     -4.01644859
    10   29 Cu  -0.64426475E-02     -4.04282235
    11   29 Cu  -0.66246943E-02     -4.15705844
    12   29 Cu  -0.65560806E-02     -4.11400270
    13   29 Cu  -0.64235976E-02     -4.03086836
    14   29 Cu  -0.62888701E-02     -3.94632559
    15   29 Cu  -0.62329035E-02     -3.91120603
    16   29 Cu  -0.65053767E-02     -4.08218552
    17   29 Cu  -0.64170312E-02     -4.02674784
    18   29 Cu  -0.81008102E-02     -5.08333515
    19   29 Cu  -0.62180243E-02     -3.90186917
    20   29 Cu  -0.66249574E-02     -4.15722356
    21   29 Cu  -0.64170312E-02     -4.02674784
    22   29 Cu  -0.64174275E-02     -4.02699653
    23   29 Cu  -0.62329035E-02     -3.91120603
    24   29 Cu  -0.63329030E-02     -3.97395660
    25   29 Cu  -0.64235976E-02     -4.03086836
    26   29 Cu  -0.64174275E-02     -4.02699653
    27   29 Cu  -0.66246943E-02     -4.15705844
    28   29 Cu  -0.66249574E-02     -4.15722356
    29   29 Cu  -0.64006182E-02     -4.01644859
    30   29 Cu  -0.81008102E-02     -5.08333515
    31   29 Cu  -0.62547993E-02     -3.92494584
    32   29 Cu  -0.65053767E-02     -4.08218552
    33   29 Cu  -0.65752351E-02     -4.12602235
    34   29 Cu  -0.66437711E-02     -4.16902934
    35   29 Cu  -0.62888701E-02     -3.94632559
    36   29 Cu  -0.65560806E-02     -4.11400270
    37   29 Cu  -0.80560828E-02     -5.05526827
    38   29 Cu  -0.65270219E-02     -4.09576811
    39   29 Cu  -0.66437711E-02     -4.16902934
    40   16 S   -0.44734030E-02     -2.80710274
    41   16 S   -0.47975233E-02     -3.01049129
    42   16 S   -0.47665105E-02     -2.99103050
    43   16 S   -0.44734030E-02     -2.80710274
    44   16 S   -0.40867737E-02     -2.56448918
    45   16 S   -0.44686192E-02     -2.80410087
    46   16 S   -0.41037829E-02     -2.57516263
    47   16 S   -0.41629881E-02     -2.61231450
    48   16 S   -0.41176803E-02     -2.58388337
    49   16 S   -0.42007960E-02     -2.63603928
    50   16 S   -0.41037829E-02     -2.57516263
    51   16 S   -0.48288645E-02     -3.03015822
    52   16 S   -0.40867737E-02     -2.56448918
    53   16 S   -0.42007960E-02     -2.63603928
    54   16 S   -0.47665105E-02     -2.99103050
    55   16 S   -0.41629881E-02     -2.61231450
    56   16 S   -0.47798733E-02     -2.99941579
    57   16 S   -0.44686192E-02     -2.80410087
    58   16 S   -0.40633776E-02     -2.54980792
    59   16 S   -0.47798733E-02     -2.99941579
--------------------------------------------------

Dispersion energy:      -3.4608820087168E-01 Eh

[Info] Dispersion energy written to .EDISP
