-----------------------------------
 s i m p l e   D F T - D 3  v1.2.1
-----------------------------------

Zero (Chai-Head-Gordon) damping: pbe-D3(0)
--------------------
  s6         1.0000
  s8         0.7220
  s9         0.0000
 rs6         1.2170
 rs8         1.0000
 alp        14.0000
--------------------

Atomic radii (in Angstrom):
-------------------------------------------
   Z          R(cov)     R(vdw)      r4/r2
-------------------------------------------
  29 Cu       1.3467     1.6504     2.7654
  16 S        1.3600     1.6554     2.1385
-------------------------------------------

Atomic reference systems (in atomic units):
----------------------------------------------------------------------------
   Z        #      CN    C6(AA)   #      CN    C6(AA)   #      CN    C6(AA)
----------------------------------------------------------------------------
  29 Cu     1  0.0000  337.1808   2  0.9576  174.9969
  16 S      1  0.0000  134.0066   2  0.9948  130.9965   3  1.9903  125.8109
----------------------------------------------------------------------------

Dispersion properties (in atomic units):
--------------------------------------------------------
     #    Z                CN       C6(AA)       C8(AA)
--------------------------------------------------------
     1   29 Cu         2.7058     174.9969   14337.6669
     2   29 Cu         3.6318     174.9969   14337.6665
     3   29 Cu         2.8664     174.9969   14337.6667
     4   29 Cu         1.5804     175.0242   14339.9036
     5   29 Cu         2.8152     174.9969   14337.6667
     6   29 Cu         2.8664     174.9969   14337.6667
     7   29 Cu         1.6982     175.0080   14338.5738
     8   29 Cu         1.9682     174.9983   14337.7812
     9   29 Cu         2.6323     174.9969   14337.6672
    10   29 Cu         2.7058     174.9969   14337.6669
    11   29 Cu         2.0248     174.9978   14337.7408
    12   29 Cu         1.9294     174.9988   14337.8209
    13   29 Cu         2.6628     174.9969   14337.6671
    14   29 Cu         2.4871     174.9969   14337.6687
    15   29 Cu         1.6908     175.0086   14338.6266
    16   29 Cu         1.9589     174.9984   14337.7897
    17   29 Cu         2.6470     174.9969   14337.6672
    18   29 Cu         3.6986     174.9969   14337.6665
    19   29 Cu         1.5907     175.0221   14339.7337
    20   29 Cu         1.9966     174.9980   14337.7588
    21   29 Cu         2.6470     174.9969   14337.6672
    22   29 Cu         2.6425     174.9969   14337.6672
    23   29 Cu         1.6908     175.0086   14338.6266
    24   29 Cu         1.8938     174.9994   14337.8692
    25   29 Cu         2.6628     174.9969   14337.6671
    26   29 Cu         2.6425     174.9969   14337.6672
    27   29 Cu         2.0248     174.9978   14337.7408
    28   29 Cu         1.9966     174.9980   14337.7588
    29   29 Cu         2.6323     174.9969   14337.6672
    30   29 Cu         3.6986     174.9969   14337.6665
    31   29 Cu         1.6982     175.0080   14338.5738
    32   29 Cu         1.9589     174.9984   14337.7897
    33   29 Cu         2.8152     174.9969   14337.6667
    34   29 Cu         2.0675     174.9976   14337.7201
    35   29 Cu         2.4871     174.9969   14337.6687
    36   29 Cu         1.9294     174.9988   14337.8209
    37   29 Cu         3.6318     174.9969   14337.6665
    38   29 Cu         1.9682     174.9983   14337.7812
    39   29 Cu         2.0675     174.9976   14337.7201
    40   16 S          2.4977     125.8126    6163.7109
    41   16 S          2.9385     125.8110    6163.6295
    42   16 S          2.8506     125.8110    6163.6320
    43   16 S          2.4977     125.8126    6163.7109
    44   16 S          1.8925     126.0148    6173.6164
    45   16 S          2.4806     125.8129    6163.7231
    46   16 S          1.9237     125.9714    6171.4887
    47   16 S          2.5429     125.8121    6163.6855
    48   16 S          1.8400     126.1146    6178.5052
    49   16 S          2.6143     125.8116    6163.6601
    50   16 S          1.9237     125.9714    6171.4887
    51   16 S          2.9742     125.8109    6163.6289
    52   16 S          1.8925     126.0148    6173.6164
    53   16 S          2.6143     125.8116    6163.6601
    54   16 S          2.8506     125.8110    6163.6320
    55   16 S          2.5429     125.8121    6163.6855
    56   16 S          2.8387     125.8110    6163.6325
    57   16 S          2.4806     125.8129    6163.7231
    58   16 S          1.7151     126.5572    6200.1896
    59   16 S          2.8387     125.8110    6163.6325
--------------------------------------------------------

Atom-resolved dispersion energies:
--------------------------------------------------
     #    Z           [Hartree]      [kcal/mol]
--------------------------------------------------
     1   29 Cu  -0.88162133E-02     -5.53225740
     2   29 Cu  -0.86736723E-02     -5.44281154
     3   29 Cu  -0.85384517E-02     -5.35795935
     4   29 Cu  -0.96813113E-02     -6.07511459
     5   29 Cu  -0.85640125E-02     -5.37399898
     6   29 Cu  -0.85384517E-02     -5.35795935
     7   29 Cu  -0.94012455E-02     -5.89937061
     8   29 Cu  -0.99305370E-02     -6.23150603
     9   29 Cu  -0.89310592E-02     -5.60432423
    10   29 Cu  -0.88162133E-02     -5.53225740
    11   29 Cu  -0.97336811E-02     -6.10797710
    12   29 Cu  -0.97660113E-02     -6.12826463
    13   29 Cu  -0.87802899E-02     -5.50971510
    14   29 Cu  -0.89842169E-02     -5.63768123
    15   29 Cu  -0.93736384E-02     -5.88204692
    16   29 Cu  -0.99225574E-02     -6.22649876
    17   29 Cu  -0.88389265E-02     -5.54651012
    18   29 Cu  -0.86502212E-02     -5.42809574
    19   29 Cu  -0.95017219E-02     -5.96242052
    20   29 Cu  -0.97155935E-02     -6.09662699
    21   29 Cu  -0.88389265E-02     -5.54651012
    22   29 Cu  -0.88301830E-02     -5.54102352
    23   29 Cu  -0.93736384E-02     -5.88204692
    24   29 Cu  -0.90062790E-02     -5.65152542
    25   29 Cu  -0.87802899E-02     -5.50971510
    26   29 Cu  -0.88301830E-02     -5.54102352
    27   29 Cu  -0.97336811E-02     -6.10797710
    28   29 Cu  -0.97155935E-02     -6.09662699
    29   29 Cu  -0.89310592E-02     -5.60432423
    30   29 Cu  -0.86502212E-02     -5.42809574
    31   29 Cu  -0.94012455E-02     -5.89937061
    32   29 Cu  -0.99225574E-02     -6.22649876
    33   29 Cu  -0.85640125E-02     -5.37399898
    34   29 Cu  -0.97154817E-02     -6.09655681
    35   29 Cu  -0.89842169E-02     -5.63768123
    36   29 Cu  -0.97660113E-02     -6.12826463
    37   29 Cu  -0.86736723E-02     -5.44281154
    38   29 Cu  -0.99305370E-02     -6.23150603
    39   29 Cu  -0.97154817E-02     -6.09655681
    40   16 S   -0.72924957E-02     -4.57611014
    41   16 S   -0.71646838E-02     -4.49590699
    42   16 S   -0.70679464E-02     -4.43520335
    43   16 S   -0.72924957E-02     -4.57611014
    44   16 S   -0.78485869E-02     -4.92506263
    45   16 S   -0.73825646E-02     -4.63262924
    46   16 S   -0.79007819E-02     -4.95781547
    47   16 S   -0.78043268E-02     -4.89728902
    48   16 S   -0.76080890E-02     -4.77414793
    49   16 S   -0.76691322E-02     -4.81245313
    50   16 S   -0.79007819E-02     -4.95781547
    51   16 S   -0.71258232E-02     -4.47152157
    52   16 S   -0.78485869E-02     -4.92506263
    53   16 S   -0.76691322E-02     -4.81245313
    54   16 S   -0.70679464E-02     -4.43520335
    55   16 S   -0.78043268E-02     -4.89728902
    56   16 S   -0.70863644E-02     -4.44676077
    57   16 S   -0.73825646E-02     -4.63262924
    58   16 S   -0.78437279E-02     -4.92201354
    59   16 S   -0.70863644E-02     -4.44676077
--------------------------------------------------

Dispersion energy:      -5.0836801894253E-01 Eh

[Info] Dispersion energy written to .EDISP
