-----------------------------------
 s i m p l e   D F T - D 3  v1.2.1
-----------------------------------

Zero (Chai-Head-Gordon) damping: pbe-D3(0)
--------------------
  s6         1.0000
  s8         0.7220
  s9         0.0000
 rs6         1.2170
 rs8         1.0000
 alp        14.0000
--------------------

Atomic radii (in Angstrom):
-------------------------------------------
   Z          R(cov)     R(vdw)      r4/r2
-------------------------------------------
  12 Mg       1.6667     1.7420     2.8909
  42 Mo       1.6533     1.8772     3.2784
-------------------------------------------

Atomic reference systems (in atomic units):
----------------------------------------------------------------------------
   Z        #      CN    C6(AA)   #      CN    C6(AA)   #      CN    C6(AA)
----------------------------------------------------------------------------
  12 Mg     1  0.0000  683.3758   2  0.9628  451.2708   3  1.9496  175.5616
  42 Mo     1  0.0000  845.8972   2  1.9420  502.0073   3 11.0556  337.1075
----------------------------------------------------------------------------

Dispersion properties (in atomic units):
--------------------------------------------------------
     #    Z                CN       C6(AA)       C8(AA)
--------------------------------------------------------
     1   12 Mg         0.0967     670.7837   60056.4614
     2   12 Mg         0.0967     670.7837   60056.4618
     3   12 Mg         0.1212     668.3356   59837.2752
     4   12 Mg         0.1212     668.3355   59837.2720
     5   12 Mg         0.1212     668.3356   59837.2817
     6   12 Mg         0.1212     668.3357   59837.2840
     7   12 Mg         0.0987     670.6004   60040.0482
     8   12 Mg         0.0998     670.4936   60030.4885
     9   12 Mg         0.0998     670.4936   60030.4911
    10   12 Mg         0.0967     670.7837   60056.4619
    11   12 Mg         0.0967     670.7837   60056.4628
    12   12 Mg         0.0987     670.5977   60039.8047
    13   12 Mg         0.0987     670.6003   60040.0447
    14   12 Mg         0.0987     670.6003   60040.0393
    15   12 Mg         0.0980     670.6665   60045.9719
    16   12 Mg         0.0980     670.6664   60045.9636
    17   12 Mg         0.0998     670.4936   60030.4898
    18   12 Mg         0.0967     670.7837   60056.4581
    19   12 Mg         0.0967     670.7838   60056.4695
    20   12 Mg         0.0980     670.6664   60045.9616
    21   12 Mg         0.0987     670.5976   60039.7981
    22   12 Mg         0.0987     670.5976   60039.8021
    23   12 Mg         0.1212     668.3354   59837.2581
    24   12 Mg         0.1212     668.3355   59837.2727
    25   12 Mg         0.1193     668.5413   59855.6986
    26   12 Mg         0.1193     668.5412   59855.6909
    27   12 Mg         0.1193     668.5412   59855.6904
    28   12 Mg         0.0990     670.5755   60037.8249
    29   12 Mg         0.0990     670.5756   60037.8267
    30   12 Mg         0.0990     670.5756   60037.8259
    31   12 Mg         0.0990     670.5755   60037.8216
    32   12 Mg         0.0990     670.5755   60037.8204
    33   12 Mg         0.0990     670.5755   60037.8200
    34   12 Mg         0.0982     670.6472   60044.2432
    35   12 Mg         0.0982     670.6472   60044.2448
    36   12 Mg         0.0982     670.6471   60044.2341
    37   12 Mg         0.0993     670.5433   60034.9406
    38   12 Mg         0.0993     670.5432   60034.9332
    39   12 Mg         0.0993     670.5433   60034.9404
    40   12 Mg         0.1029     670.2066   60004.7915
    41   12 Mg         0.1029     670.2066   60004.7891
    42   12 Mg         0.1029     670.2066   60004.7919
    43   12 Mg         0.1009     670.3912   60021.3216
    44   12 Mg         0.1009     670.3912   60021.3233
    45   12 Mg         0.1009     670.3912   60021.3182
    46   12 Mg         0.1009     670.3912   60021.3218
    47   12 Mg         0.1009     670.3912   60021.3181
    48   12 Mg         0.1009     670.3912   60021.3215
    49   12 Mg         0.1004     670.4430   60025.9545
    50   12 Mg         0.0980     670.6618   60045.5521
    51   12 Mg         0.0980     670.6619   60045.5536
    52   12 Mg         0.0980     670.6618   60045.5483
    53   12 Mg         0.0980     670.6618   60045.5519
    54   12 Mg         0.0980     670.6619   60045.5528
    55   12 Mg         0.0980     670.6619   60045.5556
    56   12 Mg         0.0984     670.6284   60042.5592
    57   12 Mg         0.0992     670.5540   60035.8992
    58   12 Mg         0.0992     670.5540   60035.8976
    59   12 Mg         0.0992     670.5541   60035.9027
    60   12 Mg         0.0992     670.5540   60035.8956
    61   12 Mg         0.0992     670.5541   60035.9030
    62   12 Mg         0.0992     670.5540   60035.8973
    63   12 Mg         0.1000     670.4784   60029.1237
    64   12 Mg         0.1000     670.4783   60029.1177
    65   12 Mg         0.1000     670.4784   60029.1277
    66   12 Mg         0.1002     670.4626   60027.7109
    67   12 Mg         0.1002     670.4625   60027.7036
    68   12 Mg         0.1002     670.4625   60027.7017
    69   12 Mg         0.1004     670.4416   60025.8343
    70   12 Mg         0.1004     670.4416   60025.8361
    71   12 Mg         0.1004     670.4416   60025.8361
    72   12 Mg         0.0998     670.4994   60031.0084
    73   12 Mg         0.0998     670.4993   60030.9973
    74   12 Mg         0.0998     670.4992   60030.9937
    75   12 Mg         0.0978     670.6836   60047.5016
    76   12 Mg         0.0978     670.6837   60047.5084
    77   12 Mg         0.0988     670.5923   60039.3246
    78   12 Mg         0.1007     670.4119   60023.1776
    79   12 Mg         0.1007     670.4120   60023.1796
    80   12 Mg         0.0984     670.6287   60042.5853
    81   12 Mg         0.0984     670.6287   60042.5887
    82   12 Mg         0.1007     670.4119   60023.1705
    83   12 Mg         0.1007     670.4119   60023.1722
    84   12 Mg         0.1012     670.3636   60018.8528
    85   12 Mg         0.0993     670.5450   60035.0906
    86   12 Mg         0.0986     670.6073   60040.6689
    87   12 Mg         0.0986     670.6072   60040.6598
    88   12 Mg         0.1007     670.4119   60023.1757
    89   12 Mg         0.1007     670.4119   60023.1720
    90   12 Mg         0.0993     670.5449   60035.0793
    91   12 Mg         0.0993     670.5450   60035.0942
    92   12 Mg         0.0984     670.6288   60042.5909
    93   12 Mg         0.0984     670.6287   60042.5818
    94   12 Mg         0.0978     670.6838   60047.5177
    95   12 Mg         0.0988     670.5923   60039.3285
    96   12 Mg         0.0988     670.5923   60039.3266
    97   12 Mg         0.0984     670.6287   60042.5882
    98   12 Mg         0.0984     670.6287   60042.5800
    99   12 Mg         0.0986     670.6071   60040.6547
   100   12 Mg         0.1004     670.4416   60025.8342
   101   12 Mg         0.1004     670.4416   60025.8361
   102   12 Mg         0.1004     670.4416   60025.8360
   103   12 Mg         0.0998     670.4994   60031.0110
   104   12 Mg         0.0998     670.4993   60030.9999
   105   12 Mg         0.0998     670.4993   60030.9964
   106   12 Mg         0.1002     670.4626   60027.7109
   107   12 Mg         0.1002     670.4625   60027.7035
   108   12 Mg         0.1002     670.4625   60027.7016
   109   12 Mg         0.1000     670.4785   60029.1334
   110   12 Mg         0.1000     670.4784   60029.1274
   111   12 Mg         0.1000     670.4785   60029.1373
   112   12 Mg         0.0992     670.5540   60035.8956
   113   12 Mg         0.0992     670.5540   60035.8940
   114   12 Mg         0.0992     670.5540   60035.8991
   115   12 Mg         0.0992     670.5540   60035.8920
   116   12 Mg         0.0992     670.5540   60035.8994
   117   12 Mg         0.0992     670.5540   60035.8937
   118   12 Mg         0.0984     670.6284   60042.5591
   119   12 Mg         0.0980     670.6618   60045.5499
   120   12 Mg         0.0980     670.6618   60045.5513
   121   12 Mg         0.0980     670.6618   60045.5461
   122   12 Mg         0.0980     670.6618   60045.5497
   123   12 Mg         0.0980     670.6618   60045.5506
   124   12 Mg         0.0980     670.6619   60045.5534
   125   12 Mg         0.1004     670.4430   60025.9545
   126   12 Mg         0.1009     670.3912   60021.3243
   127   12 Mg         0.1009     670.3913   60021.3260
   128   12 Mg         0.1009     670.3912   60021.3208
   129   12 Mg         0.1009     670.3912   60021.3244
   130   12 Mg         0.1009     670.3912   60021.3208
   131   12 Mg         0.1009     670.3912   60021.3241
   132   12 Mg         0.1029     670.2066   60004.7941
   133   12 Mg         0.1029     670.2066   60004.7916
   134   12 Mg         0.1029     670.2066   60004.7944
   135   12 Mg         0.0993     670.5417   60034.7980
   136   12 Mg         0.0993     670.5416   60034.7905
   137   12 Mg         0.0993     670.5417   60034.7978
   138   12 Mg         0.0982     670.6472   60044.2391
   139   12 Mg         0.0982     670.6472   60044.2406
   140   12 Mg         0.0982     670.6471   60044.2300
   141   12 Mg         0.0990     670.5740   60037.6892
   142   12 Mg         0.0990     670.5740   60037.6910
   143   12 Mg         0.0990     670.5740   60037.6901
   144   12 Mg         0.0990     670.5740   60037.6858
   145   12 Mg         0.0990     670.5740   60037.6846
   146   12 Mg         0.0990     670.5740   60037.6843
   147   12 Mg         0.1193     668.5413   59855.6968
   148   12 Mg         0.1193     668.5412   59855.6891
   149   12 Mg         0.1193     668.5412   59855.6887
   150   42 Mo         0.1626     845.8958   97402.8117
--------------------------------------------------------

Atom-resolved dispersion energies:
--------------------------------------------------
     #    Z           [Hartree]      [kcal/mol]
--------------------------------------------------
     1   12 Mg  -0.10957043E-01     -6.87564800
     2   12 Mg  -0.10957035E-01     -6.87564343
     3   12 Mg  -0.12180767E-01     -7.64354653
     4   12 Mg  -0.12180776E-01     -7.64355261
     5   12 Mg  -0.12180752E-01     -7.64353699
     6   12 Mg  -0.12180742E-01     -7.64353129
     7   12 Mg  -0.11039153E-01     -6.92717300
     8   12 Mg  -0.11086208E-01     -6.95670056
     9   12 Mg  -0.11086196E-01     -6.95669332
    10   12 Mg  -0.10957030E-01     -6.87564032
    11   12 Mg  -0.10957030E-01     -6.87564031
    12   12 Mg  -0.11043577E-01     -6.92994948
    13   12 Mg  -0.11039166E-01     -6.92718145
    14   12 Mg  -0.11039186E-01     -6.92719376
    15   12 Mg  -0.11002780E-01     -6.90434876
    16   12 Mg  -0.11002816E-01     -6.90437144
    17   12 Mg  -0.11086201E-01     -6.95669590
    18   12 Mg  -0.10957048E-01     -6.87565153
    19   12 Mg  -0.10957001E-01     -6.87562190
    20   12 Mg  -0.11002825E-01     -6.90437714
    21   12 Mg  -0.11043615E-01     -6.92997301
    22   12 Mg  -0.11043584E-01     -6.92995333
    23   12 Mg  -0.12180803E-01     -7.64356938
    24   12 Mg  -0.12180765E-01     -7.64354541
    25   12 Mg  -0.12125953E-01     -7.60915058
    26   12 Mg  -0.12125973E-01     -7.60916296
    27   12 Mg  -0.12125969E-01     -7.60916047
    28   12 Mg  -0.11053615E-01     -6.93624790
    29   12 Mg  -0.11053606E-01     -6.93624270
    30   12 Mg  -0.11053603E-01     -6.93624069
    31   12 Mg  -0.11053633E-01     -6.93625935
    32   12 Mg  -0.11053627E-01     -6.93625596
    33   12 Mg  -0.11053639E-01     -6.93626327
    34   12 Mg  -0.11014617E-01     -6.91177678
    35   12 Mg  -0.11014615E-01     -6.91177556
    36   12 Mg  -0.11014658E-01     -6.91180228
    37   12 Mg  -0.11052114E-01     -6.93530597
    38   12 Mg  -0.11052149E-01     -6.93532839
    39   12 Mg  -0.11052115E-01     -6.93530712
    40   12 Mg  -0.11226027E-01     -7.04443819
    41   12 Mg  -0.11226034E-01     -7.04444298
    42   12 Mg  -0.11226027E-01     -7.04443810
    43   12 Mg  -0.11102107E-01     -6.96667747
    44   12 Mg  -0.11102101E-01     -6.96667357
    45   12 Mg  -0.11102122E-01     -6.96668652
    46   12 Mg  -0.11102107E-01     -6.96667742
    47   12 Mg  -0.11102121E-01     -6.96668637
    48   12 Mg  -0.11102107E-01     -6.96667750
    49   12 Mg  -0.11093103E-01     -6.96102698
    50   12 Mg  -0.11000344E-01     -6.90281978
    51   12 Mg  -0.11000340E-01     -6.90281775
    52   12 Mg  -0.11000359E-01     -6.90282978
    53   12 Mg  -0.11000344E-01     -6.90281994
    54   12 Mg  -0.11000341E-01     -6.90281831
    55   12 Mg  -0.11000327E-01     -6.90280939
    56   12 Mg  -0.11020879E-01     -6.91570588
    57   12 Mg  -0.11052154E-01     -6.93533114
    58   12 Mg  -0.11052160E-01     -6.93533483
    59   12 Mg  -0.11052137E-01     -6.93532095
    60   12 Mg  -0.11052164E-01     -6.93533747
    61   12 Mg  -0.11052133E-01     -6.93531816
    62   12 Mg  -0.11052159E-01     -6.93533452
    63   12 Mg  -0.11063199E-01     -6.94226235
    64   12 Mg  -0.11063228E-01     -6.94228059
    65   12 Mg  -0.11063186E-01     -6.94225386
    66   12 Mg  -0.11093154E-01     -6.96105901
    67   12 Mg  -0.11093182E-01     -6.96107684
    68   12 Mg  -0.11093190E-01     -6.96108152
    69   12 Mg  -0.11094206E-01     -6.96171915
    70   12 Mg  -0.11094196E-01     -6.96171325
    71   12 Mg  -0.11094196E-01     -6.96171314
    72   12 Mg  -0.11064420E-01     -6.94302849
    73   12 Mg  -0.11064467E-01     -6.94305766
    74   12 Mg  -0.11064482E-01     -6.94306720
    75   12 Mg  -0.10997667E-01     -6.90113999
    76   12 Mg  -0.10997641E-01     -6.90112366
    77   12 Mg  -0.11020591E-01     -6.91552518
    78   12 Mg  -0.11094864E-01     -6.96213198
    79   12 Mg  -0.11094854E-01     -6.96212617
    80   12 Mg  -0.11017175E-01     -6.91338165
    81   12 Mg  -0.11017164E-01     -6.91337486
    82   12 Mg  -0.11094892E-01     -6.96215003
    83   12 Mg  -0.11094882E-01     -6.96214381
    84   12 Mg  -0.11126579E-01     -6.98203365
    85   12 Mg  -0.11052141E-01     -6.93532320
    86   12 Mg  -0.11033438E-01     -6.92358685
    87   12 Mg  -0.11033478E-01     -6.92361181
    88   12 Mg  -0.11094870E-01     -6.96213589
    89   12 Mg  -0.11094883E-01     -6.96214431
    90   12 Mg  -0.11052193E-01     -6.93535553
    91   12 Mg  -0.11052129E-01     -6.93531588
    92   12 Mg  -0.11017148E-01     -6.91336472
    93   12 Mg  -0.11017190E-01     -6.91339133
    94   12 Mg  -0.10997603E-01     -6.90109977
    95   12 Mg  -0.11020572E-01     -6.91551328
    96   12 Mg  -0.11020580E-01     -6.91551829
    97   12 Mg  -0.11017166E-01     -6.91337597
    98   12 Mg  -0.11017194E-01     -6.91339346
    99   12 Mg  -0.11033498E-01     -6.92362474
   100   12 Mg  -0.11094208E-01     -6.96172068
   101   12 Mg  -0.11094199E-01     -6.96171478
   102   12 Mg  -0.11094199E-01     -6.96171467
   103   12 Mg  -0.11064426E-01     -6.94303236
   104   12 Mg  -0.11064473E-01     -6.94306152
   105   12 Mg  -0.11064488E-01     -6.94307106
   106   12 Mg  -0.11093157E-01     -6.96106081
   107   12 Mg  -0.11093185E-01     -6.96107863
   108   12 Mg  -0.11093192E-01     -6.96108331
   109   12 Mg  -0.11063226E-01     -6.94227894
   110   12 Mg  -0.11063255E-01     -6.94229717
   111   12 Mg  -0.11063212E-01     -6.94227045
   112   12 Mg  -0.11052177E-01     -6.93534579
   113   12 Mg  -0.11052183E-01     -6.93534948
   114   12 Mg  -0.11052161E-01     -6.93533560
   115   12 Mg  -0.11052187E-01     -6.93535212
   116   12 Mg  -0.11052156E-01     -6.93533281
   117   12 Mg  -0.11052182E-01     -6.93534917
   118   12 Mg  -0.11020883E-01     -6.91570871
   119   12 Mg  -0.11000362E-01     -6.90283118
   120   12 Mg  -0.11000358E-01     -6.90282915
   121   12 Mg  -0.11000378E-01     -6.90284118
   122   12 Mg  -0.11000362E-01     -6.90283134
   123   12 Mg  -0.11000359E-01     -6.90282971
   124   12 Mg  -0.11000345E-01     -6.90282079
   125   12 Mg  -0.11093101E-01     -6.96102571
   126   12 Mg  -0.11102109E-01     -6.96667827
   127   12 Mg  -0.11102102E-01     -6.96667437
   128   12 Mg  -0.11102123E-01     -6.96668732
   129   12 Mg  -0.11102108E-01     -6.96667822
   130   12 Mg  -0.11102123E-01     -6.96668717
   131   12 Mg  -0.11102109E-01     -6.96667830
   132   12 Mg  -0.11226037E-01     -7.04444474
   133   12 Mg  -0.11226045E-01     -7.04444953
   134   12 Mg  -0.11226037E-01     -7.04444465
   135   12 Mg  -0.11052724E-01     -6.93568893
   136   12 Mg  -0.11052760E-01     -6.93571135
   137   12 Mg  -0.11052726E-01     -6.93569007
   138   12 Mg  -0.11014751E-01     -6.91186074
   139   12 Mg  -0.11014749E-01     -6.91185951
   140   12 Mg  -0.11014792E-01     -6.91188623
   141   12 Mg  -0.11054197E-01     -6.93661345
   142   12 Mg  -0.11054189E-01     -6.93660825
   143   12 Mg  -0.11054186E-01     -6.93660624
   144   12 Mg  -0.11054215E-01     -6.93662489
   145   12 Mg  -0.11054210E-01     -6.93662151
   146   12 Mg  -0.11054222E-01     -6.93662882
   147   12 Mg  -0.12126009E-01     -7.60918530
   148   12 Mg  -0.12126028E-01     -7.60919767
   149   12 Mg  -0.12126024E-01     -7.60919518
   150   42 Mo  -0.19431720E-01    -12.19358816
--------------------------------------------------

Dispersion energy:      -1.6800198888494E+00 Eh

[Info] Dispersion energy written to .EDISP
