-----------------------------------
 s i m p l e   D F T - D 3  v1.2.1
-----------------------------------

Zero (Chai-Head-Gordon) damping: pbe-D3(0)
--------------------
  s6         1.0000
  s8         0.7220
  s9         0.0000
 rs6         1.2170
 rs8         1.0000
 alp        14.0000
--------------------

Atomic radii (in Angstrom):
-------------------------------------------
   Z          R(cov)     R(vdw)      r4/r2
-------------------------------------------
  12 Mg       1.6667     1.7420     2.8909
  42 Mo       1.6533     1.8772     3.2784
-------------------------------------------

Atomic reference systems (in atomic units):
----------------------------------------------------------------------------
   Z        #      CN    C6(AA)   #      CN    C6(AA)   #      CN    C6(AA)
----------------------------------------------------------------------------
  12 Mg     1  0.0000  683.3758   2  0.9628  451.2708   3  1.9496  175.5616
  42 Mo     1  0.0000  845.8972   2  1.9420  502.0073   3 11.0556  337.1075
----------------------------------------------------------------------------

Dispersion properties (in atomic units):
--------------------------------------------------------
     #    Z                CN       C6(AA)       C8(AA)
--------------------------------------------------------
     1   12 Mg         0.8188     463.4375   41492.3845
     2   12 Mg         0.8188     463.4375   41492.3885
     3   12 Mg         1.0601     438.9222   39297.4837
     4   12 Mg         1.0601     438.9217   39297.4457
     5   12 Mg         1.0601     438.9230   39297.5595
     6   12 Mg         1.0601     438.9233   39297.5848
     7   12 Mg         0.8379     461.1970   41291.7935
     8   12 Mg         0.8491     459.9655   41181.5287
     9   12 Mg         0.8491     459.9658   41181.5584
    10   12 Mg         0.8188     463.4375   41492.3904
    11   12 Mg         0.8188     463.4377   41492.4025
    12   12 Mg         0.8382     461.1618   41288.6412
    13   12 Mg         0.8379     461.1966   41291.7520
    14   12 Mg         0.8379     461.1958   41291.6872
    15   12 Mg         0.8311     461.9742   41361.3771
    16   12 Mg         0.8311     461.9731   41361.2750
    17   12 Mg         0.8491     459.9656   41181.5429
    18   12 Mg         0.8188     463.4370   41492.3407
    19   12 Mg         0.8188     463.4387   41492.4898
    20   12 Mg         0.8311     461.9728   41361.2507
    21   12 Mg         0.8382     461.1610   41288.5646
    22   12 Mg         0.8382     461.1615   41288.6096
    23   12 Mg         1.0601     438.9199   39297.2848
    24   12 Mg         1.0601     438.9218   39297.4534
    25   12 Mg         1.0414     441.2199   39503.2030
    26   12 Mg         1.0414     441.2190   39503.1203
    27   12 Mg         1.0414     441.2189   39503.1144
    28   12 Mg         0.8406     460.9010   41265.2879
    29   12 Mg         0.8406     460.9012   41265.3089
    30   12 Mg         0.8406     460.9011   41265.2976
    31   12 Mg         0.8406     460.9006   41265.2498
    32   12 Mg         0.8406     460.9004   41265.2337
    33   12 Mg         0.8406     460.9004   41265.2311
    34   12 Mg         0.8331     461.7399   41340.3947
    35   12 Mg         0.8331     461.7401   41340.4144
    36   12 Mg         0.8331     461.7386   41340.2842
    37   12 Mg         0.8441     460.5123   41230.4895
    38   12 Mg         0.8441     460.5114   41230.4042
    39   12 Mg         0.8441     460.5123   41230.4878
    40   12 Mg         0.8787     456.9470   40911.2786
    41   12 Mg         0.8787     456.9467   40911.2538
    42   12 Mg         0.8787     456.9470   40911.2821
    43   12 Mg         0.8602     458.8019   41077.3566
    44   12 Mg         0.8602     458.8021   41077.3751
    45   12 Mg         0.8602     458.8015   41077.3200
    46   12 Mg         0.8602     458.8020   41077.3584
    47   12 Mg         0.8602     458.8015   41077.3189
    48   12 Mg         0.8602     458.8019   41077.3551
    49   12 Mg         0.8546     459.3858   41129.6342
    50   12 Mg         0.8317     461.9049   41355.1743
    51   12 Mg         0.8317     461.9051   41355.1921
    52   12 Mg         0.8317     461.9044   41355.1276
    53   12 Mg         0.8317     461.9049   41355.1718
    54   12 Mg         0.8317     461.9050   41355.1831
    55   12 Mg         0.8317     461.9054   41355.2167
    56   12 Mg         0.8352     461.5058   41319.4343
    57   12 Mg         0.8429     460.6433   41242.2197
    58   12 Mg         0.8429     460.6431   41242.2003
    59   12 Mg         0.8429     460.6438   41242.2603
    60   12 Mg         0.8429     460.6429   41242.1771
    61   12 Mg         0.8429     460.6438   41242.2630
    62   12 Mg         0.8429     460.6431   41242.1972
    63   12 Mg         0.8511     459.7504   41162.2734
    64   12 Mg         0.8511     459.7497   41162.2068
    65   12 Mg         0.8511     459.7509   41162.3182
    66   12 Mg         0.8525     459.6087   41149.5842
    67   12 Mg         0.8525     459.6077   41149.5018
    68   12 Mg         0.8525     459.6075   41149.4808
    69   12 Mg         0.8547     459.3691   41128.1311
    70   12 Mg         0.8547     459.3693   41128.1511
    71   12 Mg         0.8547     459.3693   41128.1508
    72   12 Mg         0.8488     460.0023   41184.8230
    73   12 Mg         0.8488     460.0009   41184.6974
    74   12 Mg         0.8488     460.0004   41184.6571
    75   12 Mg         0.8292     462.1904   41380.7279
    76   12 Mg         0.8292     462.1913   41380.8121
    77   12 Mg         0.8391     461.0614   41279.6544
    78   12 Mg         0.8580     459.0299   41097.7656
    79   12 Mg         0.8580     459.0301   41097.7869
    80   12 Mg         0.8351     461.5155   41320.3066
    81   12 Mg         0.8351     461.5160   41320.3476
    82   12 Mg         0.8580     459.0290   41097.6878
    83   12 Mg         0.8580     459.0292   41097.7060
    84   12 Mg         0.8628     458.5333   41053.3086
    85   12 Mg         0.8439     460.5318   41232.2357
    86   12 Mg         0.8372     461.2731   41298.5995
    87   12 Mg         0.8372     461.2718   41298.4914
    88   12 Mg         0.8580     459.0297   41097.7446
    89   12 Mg         0.8580     459.0292   41097.7036
    90   12 Mg         0.8439     460.5304   41232.1056
    91   12 Mg         0.8439     460.5323   41232.2775
    92   12 Mg         0.8351     461.5162   41320.3728
    93   12 Mg         0.8351     461.5150   41320.2636
    94   12 Mg         0.8292     462.1926   41380.9283
    95   12 Mg         0.8391     461.0620   41279.6999
    96   12 Mg         0.8391     461.0617   41279.6782
    97   12 Mg         0.8351     461.5159   41320.3412
    98   12 Mg         0.8351     461.5148   41320.2410
    99   12 Mg         0.8372     461.2712   41298.4304
   100   12 Mg         0.8547     459.3691   41128.1309
   101   12 Mg         0.8547     459.3693   41128.1509
   102   12 Mg         0.8547     459.3693   41128.1507
   103   12 Mg         0.8488     460.0026   41184.8560
   104   12 Mg         0.8488     460.0012   41184.7304
   105   12 Mg         0.8488     460.0008   41184.6901
   106   12 Mg         0.8525     459.6087   41149.5839
   107   12 Mg         0.8525     459.6077   41149.5016
   108   12 Mg         0.8525     459.6075   41149.4805
   109   12 Mg         0.8511     459.7517   41162.3917
   110   12 Mg         0.8511     459.7510   41162.3252
   111   12 Mg         0.8511     459.7522   41162.4364
   112   12 Mg         0.8429     460.6429   41242.1792
   113   12 Mg         0.8429     460.6427   41242.1598
   114   12 Mg         0.8429     460.6433   41242.2198
   115   12 Mg         0.8429     460.6424   41242.1366
   116   12 Mg         0.8429     460.6434   41242.2226
   117   12 Mg         0.8429     460.6426   41242.1567
   118   12 Mg         0.8352     461.5058   41319.4339
   119   12 Mg         0.8317     461.9047   41355.1483
   120   12 Mg         0.8317     461.9049   41355.1662
   121   12 Mg         0.8317     461.9041   41355.1017
   122   12 Mg         0.8317     461.9046   41355.1459
   123   12 Mg         0.8317     461.9048   41355.1572
   124   12 Mg         0.8317     461.9051   41355.1908
   125   12 Mg         0.8546     459.3858   41129.6348
   126   12 Mg         0.8602     458.8023   41077.3867
   127   12 Mg         0.8602     458.8025   41077.4052
   128   12 Mg         0.8602     458.8019   41077.3500
   129   12 Mg         0.8602     458.8023   41077.3885
   130   12 Mg         0.8602     458.8019   41077.3490
   131   12 Mg         0.8602     458.8023   41077.3852
   132   12 Mg         0.8787     456.9473   40911.3070
   133   12 Mg         0.8787     456.9470   40911.2823
   134   12 Mg         0.8787     456.9473   40911.3105
   135   12 Mg         0.8442     460.4939   41228.8440
   136   12 Mg         0.8443     460.4930   41228.7588
   137   12 Mg         0.8442     460.4939   41228.8424
   138   12 Mg         0.8331     461.7395   41340.3640
   139   12 Mg         0.8331     461.7397   41340.3837
   140   12 Mg         0.8331     461.7383   41340.2535
   141   12 Mg         0.8407     460.8832   41263.6957
   142   12 Mg         0.8407     460.8834   41263.7167
   143   12 Mg         0.8407     460.8833   41263.7053
   144   12 Mg         0.8407     460.8828   41263.6576
   145   12 Mg         0.8407     460.8826   41263.6415
   146   12 Mg         0.8407     460.8826   41263.6390
   147   12 Mg         1.0414     441.2198   39503.1926
   148   12 Mg         1.0414     441.2188   39503.1100
   149   12 Mg         1.0414     441.2188   39503.1041
   150   42 Mo         1.4705     502.1279   57818.7937
--------------------------------------------------------

Atom-resolved dispersion energies:
--------------------------------------------------
     #    Z           [Hartree]      [kcal/mol]
--------------------------------------------------
     1   12 Mg  -0.15313429E-01     -9.60932194
     2   12 Mg  -0.15313420E-01     -9.60931584
     3   12 Mg  -0.15789384E-01     -9.90798810
     4   12 Mg  -0.15789379E-01     -9.90798518
     5   12 Mg  -0.15789405E-01     -9.90800151
     6   12 Mg  -0.15789413E-01     -9.90800632
     7   12 Mg  -0.15327782E-01     -9.61832830
     8   12 Mg  -0.15291149E-01     -9.59534086
     9   12 Mg  -0.15291151E-01     -9.59534234
    10   12 Mg  -0.15313416E-01     -9.60931384
    11   12 Mg  -0.15313423E-01     -9.60931823
    12   12 Mg  -0.15303268E-01     -9.60294558
    13   12 Mg  -0.15327776E-01     -9.61832440
    14   12 Mg  -0.15327761E-01     -9.61831522
    15   12 Mg  -0.15325835E-01     -9.61710648
    16   12 Mg  -0.15325823E-01     -9.61709900
    17   12 Mg  -0.15291143E-01     -9.59533723
    18   12 Mg  -0.15313408E-01     -9.60930844
    19   12 Mg  -0.15313432E-01     -9.60932336
    20   12 Mg  -0.15325820E-01     -9.61709699
    21   12 Mg  -0.15303270E-01     -9.60294692
    22   12 Mg  -0.15303251E-01     -9.60293495
    23   12 Mg  -0.15789323E-01     -9.90795003
    24   12 Mg  -0.15789366E-01     -9.90797678
    25   12 Mg  -0.15835300E-01     -9.93680088
    26   12 Mg  -0.15835272E-01     -9.93678322
    27   12 Mg  -0.15835266E-01     -9.93677957
    28   12 Mg  -0.15301092E-01     -9.60158029
    29   12 Mg  -0.15301094E-01     -9.60158136
    30   12 Mg  -0.15301078E-01     -9.60157111
    31   12 Mg  -0.15301090E-01     -9.60157922
    32   12 Mg  -0.15301071E-01     -9.60156718
    33   12 Mg  -0.15301089E-01     -9.60157804
    34   12 Mg  -0.15325936E-01     -9.61717008
    35   12 Mg  -0.15325944E-01     -9.61717512
    36   12 Mg  -0.15325923E-01     -9.61716203
    37   12 Mg  -0.15311984E-01     -9.60841500
    38   12 Mg  -0.15311980E-01     -9.60841221
    39   12 Mg  -0.15311984E-01     -9.60841534
    40   12 Mg  -0.15302711E-01     -9.60259592
    41   12 Mg  -0.15302703E-01     -9.60259114
    42   12 Mg  -0.15302710E-01     -9.60259554
    43   12 Mg  -0.15267532E-01     -9.58052079
    44   12 Mg  -0.15267536E-01     -9.58052340
    45   12 Mg  -0.15267529E-01     -9.58051926
    46   12 Mg  -0.15267534E-01     -9.58052246
    47   12 Mg  -0.15267526E-01     -9.58051739
    48   12 Mg  -0.15267532E-01     -9.58052100
    49   12 Mg  -0.15297184E-01     -9.59912813
    50   12 Mg  -0.15288671E-01     -9.59378589
    51   12 Mg  -0.15288677E-01     -9.59378957
    52   12 Mg  -0.15288665E-01     -9.59378240
    53   12 Mg  -0.15288670E-01     -9.59378553
    54   12 Mg  -0.15288672E-01     -9.59378680
    55   12 Mg  -0.15288674E-01     -9.59378796
    56   12 Mg  -0.15276245E-01     -9.58598820
    57   12 Mg  -0.15316954E-01     -9.61153374
    58   12 Mg  -0.15316951E-01     -9.61153162
    59   12 Mg  -0.15316958E-01     -9.61153600
    60   12 Mg  -0.15316942E-01     -9.61152644
    61   12 Mg  -0.15316954E-01     -9.61153376
    62   12 Mg  -0.15316947E-01     -9.61152925
    63   12 Mg  -0.15273615E-01     -9.58433832
    64   12 Mg  -0.15273612E-01     -9.58433646
    65   12 Mg  -0.15273626E-01     -9.58434512
    66   12 Mg  -0.15313572E-01     -9.60941154
    67   12 Mg  -0.15313558E-01     -9.60940297
    68   12 Mg  -0.15313556E-01     -9.60940127
    69   12 Mg  -0.15298876E-01     -9.60018991
    70   12 Mg  -0.15298877E-01     -9.60019027
    71   12 Mg  -0.15298877E-01     -9.60018998
    72   12 Mg  -0.15297825E-01     -9.59953018
    73   12 Mg  -0.15297809E-01     -9.59952003
    74   12 Mg  -0.15297804E-01     -9.59951711
    75   12 Mg  -0.15326439E-01     -9.61748564
    76   12 Mg  -0.15326455E-01     -9.61749541
    77   12 Mg  -0.15293386E-01     -9.59674455
    78   12 Mg  -0.15278963E-01     -9.58769434
    79   12 Mg  -0.15278963E-01     -9.58769393
    80   12 Mg  -0.15317532E-01     -9.61189669
    81   12 Mg  -0.15317543E-01     -9.61190314
    82   12 Mg  -0.15278953E-01     -9.58768781
    83   12 Mg  -0.15278950E-01     -9.58768581
    84   12 Mg  -0.15296181E-01     -9.59849838
    85   12 Mg  -0.15313094E-01     -9.60911138
    86   12 Mg  -0.15328666E-01     -9.61888334
    87   12 Mg  -0.15328653E-01     -9.61887494
    88   12 Mg  -0.15278960E-01     -9.58769211
    89   12 Mg  -0.15278949E-01     -9.58768516
    90   12 Mg  -0.15313084E-01     -9.60910547
    91   12 Mg  -0.15313105E-01     -9.60911827
    92   12 Mg  -0.15317536E-01     -9.61189905
    93   12 Mg  -0.15317526E-01     -9.61189286
    94   12 Mg  -0.15326472E-01     -9.61750645
    95   12 Mg  -0.15293388E-01     -9.59674558
    96   12 Mg  -0.15293384E-01     -9.59674344
    97   12 Mg  -0.15317539E-01     -9.61190092
    98   12 Mg  -0.15317518E-01     -9.61188751
    99   12 Mg  -0.15328644E-01     -9.61886946
   100   12 Mg  -0.15298872E-01     -9.60018742
   101   12 Mg  -0.15298873E-01     -9.60018777
   102   12 Mg  -0.15298873E-01     -9.60018749
   103   12 Mg  -0.15297826E-01     -9.59953081
   104   12 Mg  -0.15297810E-01     -9.59952067
   105   12 Mg  -0.15297805E-01     -9.59951775
   106   12 Mg  -0.15313575E-01     -9.60941319
   107   12 Mg  -0.15313561E-01     -9.60940462
   108   12 Mg  -0.15313558E-01     -9.60940292
   109   12 Mg  -0.15273722E-01     -9.58440510
   110   12 Mg  -0.15273719E-01     -9.58440327
   111   12 Mg  -0.15273733E-01     -9.58441188
   112   12 Mg  -0.15316947E-01     -9.61152953
   113   12 Mg  -0.15316944E-01     -9.61152742
   114   12 Mg  -0.15316951E-01     -9.61153180
   115   12 Mg  -0.15316936E-01     -9.61152224
   116   12 Mg  -0.15316947E-01     -9.61152955
   117   12 Mg  -0.15316940E-01     -9.61152505
   118   12 Mg  -0.15276246E-01     -9.58598909
   119   12 Mg  -0.15288667E-01     -9.59378337
   120   12 Mg  -0.15288673E-01     -9.59378706
   121   12 Mg  -0.15288661E-01     -9.59377989
   122   12 Mg  -0.15288666E-01     -9.59378302
   123   12 Mg  -0.15288668E-01     -9.59378429
   124   12 Mg  -0.15288670E-01     -9.59378544
   125   12 Mg  -0.15297180E-01     -9.59912533
   126   12 Mg  -0.15267545E-01     -9.58052939
   127   12 Mg  -0.15267550E-01     -9.58053200
   128   12 Mg  -0.15267543E-01     -9.58052787
   129   12 Mg  -0.15267548E-01     -9.58053107
   130   12 Mg  -0.15267540E-01     -9.58052599
   131   12 Mg  -0.15267546E-01     -9.58052960
   132   12 Mg  -0.15302731E-01     -9.60260863
   133   12 Mg  -0.15302723E-01     -9.60260385
   134   12 Mg  -0.15302730E-01     -9.60260825
   135   12 Mg  -0.15311777E-01     -9.60828490
   136   12 Mg  -0.15311772E-01     -9.60828211
   137   12 Mg  -0.15311777E-01     -9.60828525
   138   12 Mg  -0.15326127E-01     -9.61729011
   139   12 Mg  -0.15326135E-01     -9.61729515
   140   12 Mg  -0.15326115E-01     -9.61728205
   141   12 Mg  -0.15300909E-01     -9.60146550
   142   12 Mg  -0.15300911E-01     -9.60146657
   143   12 Mg  -0.15300895E-01     -9.60145630
   144   12 Mg  -0.15300908E-01     -9.60146444
   145   12 Mg  -0.15300888E-01     -9.60145238
   146   12 Mg  -0.15300906E-01     -9.60146326
   147   12 Mg  -0.15835377E-01     -9.93684927
   148   12 Mg  -0.15835349E-01     -9.93683161
   149   12 Mg  -0.15835343E-01     -9.93682795
   150   42 Mo  -0.26919248E-01    -16.89208328
--------------------------------------------------

Dispersion energy:      -2.3129358172211E+00 Eh

[Info] Dispersion energy written to .EDISP
