-----------------------------------
 s i m p l e   D F T - D 3  v1.2.1
-----------------------------------

Zero (Chai-Head-Gordon) damping: pbe-D3(0)
--------------------
  s6         1.0000
  s8         0.7220
  s9         0.0000
 rs6         1.2170
 rs8         1.0000
 alp        14.0000
--------------------

Atomic radii (in Angstrom):
-------------------------------------------
   Z          R(cov)     R(vdw)      r4/r2
-------------------------------------------
  25 Mn       1.4267     1.7731     3.0718
   8 O        0.8400     1.2408     1.3725
-------------------------------------------

Atomic reference systems (in atomic units):
----------------------------------------------------------------------------
   Z        #      CN    C6(AA)   #      CN    C6(AA)   #      CN    C6(AA)
----------------------------------------------------------------------------
  25 Mn     1  0.0000  802.7484   2  1.6406  239.5554   3  9.8849  113.8463
   8 O      1  0.0000   15.5059   2  0.9925   12.8161   3  1.9887   10.3708
----------------------------------------------------------------------------

Dispersion properties (in atomic units):
--------------------------------------------------------
     #    Z                CN       C6(AA)       C8(AA)
--------------------------------------------------------
     1   25 Mn         8.8590     113.8463   11508.8363
     2   25 Mn         8.8590     113.8463   11508.8363
     3   25 Mn         8.9461     113.8463   11508.8363
     4   25 Mn         8.9461     113.8463   11508.8363
     5   25 Mn         8.9810     113.8463   11508.8363
     6   25 Mn         8.9810     113.8463   11508.8363
     7   25 Mn         9.2121     113.8463   11508.8363
     8   25 Mn         9.4014     113.8463   11508.8363
     9   25 Mn         9.0805     113.8463   11508.8363
    10   25 Mn         9.1262     113.8463   11508.8363
    11   25 Mn         9.3054     113.8463   11508.8363
    12   25 Mn         9.0621     113.8463   11508.8363
    13   25 Mn         9.4191     113.8463   11508.8363
    14   25 Mn         9.4191     113.8463   11508.8363
    15   25 Mn         9.0862     113.8463   11508.8363
    16   25 Mn         8.2436     113.8463   11508.8363
    17   25 Mn         9.6371     113.8463   11508.8363
    18   25 Mn         9.6371     113.8463   11508.8363
    19   25 Mn         9.5774     113.8463   11508.8363
    20   25 Mn         9.5774     113.8463   11508.8363
    21   25 Mn         9.5940     113.8463   11508.8363
    22   25 Mn         9.5940     113.8463   11508.8363
    23   25 Mn         9.8043     113.8463   11508.8363
    24   25 Mn         9.8043     113.8463   11508.8363
    25   25 Mn         9.7497     113.8463   11508.8363
    26   25 Mn         9.7497     113.8463   11508.8363
    27   25 Mn         9.7868     113.8463   11508.8363
    28   25 Mn         9.7868     113.8463   11508.8363
    29   25 Mn         9.9412     113.8463   11508.8363
    30   25 Mn         9.9412     113.8463   11508.8363
    31   25 Mn        10.0249     113.8463   11508.8363
    32   25 Mn        10.0249     113.8463   11508.8363
    33    8 O          3.6819      10.3708     209.2884
    34    8 O          3.6819      10.3708     209.2884
    35    8 O          3.7149      10.3708     209.2884
    36    8 O          3.7149      10.3708     209.2884
    37    8 O          3.7701      10.3708     209.2884
    38    8 O          3.7701      10.3708     209.2884
    39    8 O          3.7145      10.3708     209.2884
    40    8 O          3.7145      10.3708     209.2884
    41    8 O          3.8360      10.3708     209.2884
    42    8 O          3.8360      10.3708     209.2884
    43    8 O          3.5632      10.3708     209.2884
    44    8 O          3.5632      10.3708     209.2884
    45    8 O          3.6133      10.3708     209.2884
    46    8 O          3.6133      10.3708     209.2884
    47    8 O          3.6892      10.3708     209.2884
    48    8 O          3.6892      10.3708     209.2884
    49    8 O          3.7606      10.3708     209.2884
    50    8 O          3.7606      10.3708     209.2884
    51    8 O          3.7707      10.3708     209.2884
    52    8 O          3.7707      10.3708     209.2884
    53    8 O          3.7563      10.3708     209.2884
    54    8 O          3.7563      10.3708     209.2884
    55    8 O          3.8268      10.3708     209.2884
    56    8 O          3.8268      10.3708     209.2884
    57    8 O          3.7856      10.3708     209.2884
    58    8 O          3.7856      10.3708     209.2884
    59    8 O          3.7835      10.3708     209.2884
    60    8 O          3.7835      10.3708     209.2884
    61    8 O          3.8169      10.3708     209.2884
    62    8 O          3.8169      10.3708     209.2884
    63    8 O          3.8208      10.3708     209.2884
    64    8 O          3.8208      10.3708     209.2884
    65    8 O          3.9200      10.3708     209.2884
    66    8 O          3.9200      10.3708     209.2884
    67    8 O          3.9219      10.3708     209.2884
    68    8 O          3.9219      10.3708     209.2884
    69    8 O          3.6548      10.3708     209.2884
    70    8 O          3.6548      10.3708     209.2884
    71    8 O          3.7274      10.3708     209.2884
    72    8 O          3.7274      10.3708     209.2884
    73    8 O          3.8485      10.3708     209.2884
    74    8 O          3.8485      10.3708     209.2884
    75    8 O          3.6499      10.3708     209.2884
    76    8 O          3.6499      10.3708     209.2884
    77    8 O          3.8369      10.3708     209.2884
    78    8 O          3.8369      10.3708     209.2884
    79    8 O          3.8562      10.3708     209.2884
    80    8 O          3.8562      10.3708     209.2884
--------------------------------------------------------

Atom-resolved dispersion energies:
--------------------------------------------------
     #    Z           [Hartree]      [kcal/mol]
--------------------------------------------------
     1   25 Mn  -0.86924370E-02     -5.45458655
     2   25 Mn  -0.86924370E-02     -5.45458655
     3   25 Mn  -0.86872698E-02     -5.45134413
     4   25 Mn  -0.86872698E-02     -5.45134413
     5   25 Mn  -0.86866498E-02     -5.45095504
     6   25 Mn  -0.86866498E-02     -5.45095504
     7   25 Mn  -0.86692737E-02     -5.44005137
     8   25 Mn  -0.86564003E-02     -5.43197317
     9   25 Mn  -0.86127891E-02     -5.40460676
    10   25 Mn  -0.87666330E-02     -5.50114527
    11   25 Mn  -0.87660642E-02     -5.50078835
    12   25 Mn  -0.87550080E-02     -5.49385044
    13   25 Mn  -0.87345185E-02     -5.48099308
    14   25 Mn  -0.87345185E-02     -5.48099308
    15   25 Mn  -0.86003089E-02     -5.39677530
    16   25 Mn  -0.85481877E-02     -5.36406877
    17   25 Mn  -0.89095453E-02     -5.59082411
    18   25 Mn  -0.89095453E-02     -5.59082411
    19   25 Mn  -0.88985580E-02     -5.58392947
    20   25 Mn  -0.88985580E-02     -5.58392947
    21   25 Mn  -0.88980501E-02     -5.58361071
    22   25 Mn  -0.88980501E-02     -5.58361071
    23   25 Mn  -0.88506040E-02     -5.55383783
    24   25 Mn  -0.88506040E-02     -5.55383783
    25   25 Mn  -0.88518284E-02     -5.55460618
    26   25 Mn  -0.88518284E-02     -5.55460618
    27   25 Mn  -0.88442417E-02     -5.54984549
    28   25 Mn  -0.88442417E-02     -5.54984549
    29   25 Mn  -0.89599430E-02     -5.62244914
    30   25 Mn  -0.89599430E-02     -5.62244914
    31   25 Mn  -0.89388470E-02     -5.60921115
    32   25 Mn  -0.89388470E-02     -5.60921115
    33    8 O   -0.37287255E-02     -2.33981056
    34    8 O   -0.37287255E-02     -2.33981056
    35    8 O   -0.37545204E-02     -2.35599715
    36    8 O   -0.37545204E-02     -2.35599715
    37    8 O   -0.37373800E-02     -2.34524137
    38    8 O   -0.37373800E-02     -2.34524137
    39    8 O   -0.37648935E-02     -2.36250632
    40    8 O   -0.37648935E-02     -2.36250632
    41    8 O   -0.37521421E-02     -2.35450473
    42    8 O   -0.37521421E-02     -2.35450473
    43    8 O   -0.37574529E-02     -2.35783730
    44    8 O   -0.37574529E-02     -2.35783730
    45    8 O   -0.37932680E-02     -2.38031164
    46    8 O   -0.37932680E-02     -2.38031164
    47    8 O   -0.37893102E-02     -2.37782808
    48    8 O   -0.37893102E-02     -2.37782808
    49    8 O   -0.37723445E-02     -2.36718192
    50    8 O   -0.37723445E-02     -2.36718192
    51    8 O   -0.37948099E-02     -2.38127917
    52    8 O   -0.37948099E-02     -2.38127917
    53    8 O   -0.38218944E-02     -2.39827495
    54    8 O   -0.38218944E-02     -2.39827495
    55    8 O   -0.38062095E-02     -2.38843250
    56    8 O   -0.38062095E-02     -2.38843250
    57    8 O   -0.37558392E-02     -2.35682468
    58    8 O   -0.37558392E-02     -2.35682468
    59    8 O   -0.37604756E-02     -2.35973410
    60    8 O   -0.37604756E-02     -2.35973410
    61    8 O   -0.37509964E-02     -2.35378577
    62    8 O   -0.37509964E-02     -2.35378577
    63    8 O   -0.37183040E-02     -2.33327099
    64    8 O   -0.37183040E-02     -2.33327099
    65    8 O   -0.37464217E-02     -2.35091509
    66    8 O   -0.37464217E-02     -2.35091509
    67    8 O   -0.37382496E-02     -2.34578703
    68    8 O   -0.37382496E-02     -2.34578703
    69    8 O   -0.37255916E-02     -2.33784403
    70    8 O   -0.37255916E-02     -2.33784403
    71    8 O   -0.37245655E-02     -2.33720016
    72    8 O   -0.37245655E-02     -2.33720016
    73    8 O   -0.37265496E-02     -2.33844520
    74    8 O   -0.37265496E-02     -2.33844520
    75    8 O   -0.37885064E-02     -2.37732367
    76    8 O   -0.37885064E-02     -2.37732367
    77    8 O   -0.37941062E-02     -2.38083761
    78    8 O   -0.37941062E-02     -2.38083761
    79    8 O   -0.37718748E-02     -2.36688718
    80    8 O   -0.37718748E-02     -2.36688718
--------------------------------------------------

Dispersion energy:      -4.6182851348027E-01 Eh

[Info] Dispersion energy written to .EDISP
