-----------------------------------
 s i m p l e   D F T - D 3  v1.2.1
-----------------------------------

Zero (Chai-Head-Gordon) damping: pbe-D3(0)
--------------------
  s6         1.0000
  s8         0.7220
  s9         0.0000
 rs6         1.2170
 rs8         1.0000
 alp        14.0000
--------------------

Atomic radii (in Angstrom):
-------------------------------------------
   Z          R(cov)     R(vdw)      r4/r2
-------------------------------------------
  25 Mn       1.4267     1.7731     3.0718
   8 O        0.8400     1.2408     1.3725
-------------------------------------------

Atomic reference systems (in atomic units):
----------------------------------------------------------------------------
   Z        #      CN    C6(AA)   #      CN    C6(AA)   #      CN    C6(AA)
----------------------------------------------------------------------------
  25 Mn     1  0.0000  802.7484   2  1.6406  239.5554   3  9.8849  113.8463
   8 O      1  0.0000   15.5059   2  0.9925   12.8161   3  1.9887   10.3708
----------------------------------------------------------------------------

Dispersion properties (in atomic units):
--------------------------------------------------------
     #    Z                CN       C6(AA)       C8(AA)
--------------------------------------------------------
     1   25 Mn         0.0140     802.7290   81148.6791
     2   25 Mn         0.0140     802.7290   81148.6791
     3   25 Mn         0.0133     802.7292   81148.6970
     4   25 Mn         0.0133     802.7292   81148.6970
     5   25 Mn         0.0137     802.7291   81148.6852
     6   25 Mn         0.0137     802.7291   81148.6852
     7   25 Mn         0.0144     802.7289   81148.6685
     8   25 Mn         0.0146     802.7289   81148.6628
     9   25 Mn         0.0143     802.7289   81148.6718
    10   25 Mn         0.0137     802.7291   81148.6858
    11   25 Mn         0.0136     802.7291   81148.6894
    12   25 Mn         0.0134     802.7292   81148.6946
    13   25 Mn         0.0065     802.7308   81148.8622
    14   25 Mn         0.0065     802.7308   81148.8622
    15   25 Mn         0.0070     802.7307   81148.8509
    16   25 Mn         0.0062     802.7309   81148.8693
    17   25 Mn         0.0138     802.7291   81148.6838
    18   25 Mn         0.0138     802.7291   81148.6838
    19   25 Mn         0.0136     802.7291   81148.6891
    20   25 Mn         0.0136     802.7291   81148.6891
    21   25 Mn         0.0136     802.7291   81148.6886
    22   25 Mn         0.0136     802.7291   81148.6886
    23   25 Mn         0.0143     802.7289   81148.6722
    24   25 Mn         0.0143     802.7289   81148.6722
    25   25 Mn         0.0142     802.7289   81148.6722
    26   25 Mn         0.0142     802.7289   81148.6722
    27   25 Mn         0.0140     802.7290   81148.6774
    28   25 Mn         0.0140     802.7290   81148.6774
    29   25 Mn         0.0185     802.7278   81148.5604
    30   25 Mn         0.0185     802.7278   81148.5604
    31   25 Mn         0.0177     802.7281   81148.5821
    32   25 Mn         0.0177     802.7281   81148.5821
    33    8 O          0.0075      15.4482     311.7523
    34    8 O          0.0075      15.4482     311.7523
    35    8 O          0.0073      15.4483     311.7544
    36    8 O          0.0073      15.4483     311.7544
    37    8 O          0.0072      15.4483     311.7549
    38    8 O          0.0072      15.4483     311.7549
    39    8 O          0.0078      15.4480     311.7497
    40    8 O          0.0078      15.4480     311.7497
    41    8 O          0.0081      15.4479     311.7467
    42    8 O          0.0081      15.4479     311.7467
    43    8 O          0.0080      15.4479     311.7476
    44    8 O          0.0080      15.4479     311.7476
    45    8 O          0.0076      15.4481     311.7516
    46    8 O          0.0076      15.4481     311.7516
    47    8 O          0.0076      15.4481     311.7516
    48    8 O          0.0076      15.4481     311.7516
    49    8 O          0.0075      15.4482     311.7526
    50    8 O          0.0075      15.4482     311.7526
    51    8 O          0.0073      15.4483     311.7542
    52    8 O          0.0073      15.4483     311.7542
    53    8 O          0.0073      15.4482     311.7540
    54    8 O          0.0073      15.4482     311.7540
    55    8 O          0.0073      15.4482     311.7540
    56    8 O          0.0073      15.4482     311.7540
    57    8 O          0.0077      15.4481     311.7506
    58    8 O          0.0077      15.4481     311.7506
    59    8 O          0.0075      15.4482     311.7525
    60    8 O          0.0075      15.4482     311.7525
    61    8 O          0.0075      15.4482     311.7524
    62    8 O          0.0075      15.4482     311.7524
    63    8 O          0.0078      15.4480     311.7497
    64    8 O          0.0078      15.4480     311.7497
    65    8 O          0.0074      15.4482     311.7528
    66    8 O          0.0074      15.4482     311.7528
    67    8 O          0.0074      15.4482     311.7533
    68    8 O          0.0074      15.4482     311.7533
    69    8 O          0.0077      15.4480     311.7501
    70    8 O          0.0077      15.4480     311.7501
    71    8 O          0.0075      15.4481     311.7519
    72    8 O          0.0075      15.4481     311.7519
    73    8 O          0.0073      15.4483     311.7543
    74    8 O          0.0073      15.4483     311.7543
    75    8 O          0.0073      15.4482     311.7539
    76    8 O          0.0073      15.4482     311.7539
    77    8 O          0.0070      15.4484     311.7567
    78    8 O          0.0070      15.4484     311.7567
    79    8 O          0.0071      15.4483     311.7558
    80    8 O          0.0071      15.4483     311.7558
--------------------------------------------------------

Atom-resolved dispersion energies:
--------------------------------------------------
     #    Z           [Hartree]      [kcal/mol]
--------------------------------------------------
     1   25 Mn  -0.46966396E-02     -2.94718582
     2   25 Mn  -0.46966396E-02     -2.94718582
     3   25 Mn  -0.46945969E-02     -2.94590403
     4   25 Mn  -0.46945969E-02     -2.94590403
     5   25 Mn  -0.47281858E-02     -2.96698141
     6   25 Mn  -0.47281858E-02     -2.96698141
     7   25 Mn  -0.47763823E-02     -2.99722512
     8   25 Mn  -0.48093177E-02     -3.01789242
     9   25 Mn  -0.47927054E-02     -3.00746808
    10   25 Mn  -0.47327053E-02     -2.96981739
    11   25 Mn  -0.47585668E-02     -2.98604575
    12   25 Mn  -0.47283996E-02     -2.96711556
    13   25 Mn  -0.47956220E-02     -3.00929825
    14   25 Mn  -0.47956220E-02     -3.00929825
    15   25 Mn  -0.47294750E-02     -2.96779038
    16   25 Mn  -0.44419695E-02     -2.78737794
    17   25 Mn  -0.47562295E-02     -2.98457910
    18   25 Mn  -0.47562295E-02     -2.98457910
    19   25 Mn  -0.47243635E-02     -2.96458288
    20   25 Mn  -0.47243635E-02     -2.96458288
    21   25 Mn  -0.47378543E-02     -2.97304847
    22   25 Mn  -0.47378543E-02     -2.97304847
    23   25 Mn  -0.48637290E-02     -3.05203601
    24   25 Mn  -0.48637290E-02     -3.05203601
    25   25 Mn  -0.48366377E-02     -3.03503599
    26   25 Mn  -0.48366377E-02     -3.03503599
    27   25 Mn  -0.48557131E-02     -3.04700600
    28   25 Mn  -0.48557131E-02     -3.04700600
    29   25 Mn  -0.49843173E-02     -3.12770630
    30   25 Mn  -0.49843173E-02     -3.12770630
    31   25 Mn  -0.49907254E-02     -3.13172748
    32   25 Mn  -0.49907254E-02     -3.13172748
    33    8 O   -0.10661740E-02     -0.66903431
    34    8 O   -0.10661740E-02     -0.66903431
    35    8 O   -0.10600867E-02     -0.66521445
    36    8 O   -0.10600867E-02     -0.66521445
    37    8 O   -0.10609611E-02     -0.66576314
    38    8 O   -0.10609611E-02     -0.66576314
    39    8 O   -0.10793917E-02     -0.67732853
    40    8 O   -0.10793917E-02     -0.67732853
    41    8 O   -0.10938310E-02     -0.68638931
    42    8 O   -0.10938310E-02     -0.68638931
    43    8 O   -0.10647124E-02     -0.66811713
    44    8 O   -0.10647124E-02     -0.66811713
    45    8 O   -0.10446515E-02     -0.65552868
    46    8 O   -0.10446515E-02     -0.65552868
    47    8 O   -0.10441985E-02     -0.65524446
    48    8 O   -0.10441985E-02     -0.65524446
    49    8 O   -0.10512157E-02     -0.65964784
    50    8 O   -0.10512157E-02     -0.65964784
    51    8 O   -0.10573178E-02     -0.66347691
    52    8 O   -0.10573178E-02     -0.66347691
    53    8 O   -0.10515382E-02     -0.65985018
    54    8 O   -0.10515382E-02     -0.65985018
    55    8 O   -0.10576248E-02     -0.66366961
    56    8 O   -0.10576248E-02     -0.66366961
    57    8 O   -0.10519704E-02     -0.66012139
    58    8 O   -0.10519704E-02     -0.66012139
    59    8 O   -0.10578252E-02     -0.66379532
    60    8 O   -0.10578252E-02     -0.66379532
    61    8 O   -0.10554611E-02     -0.66231183
    62    8 O   -0.10554611E-02     -0.66231183
    63    8 O   -0.10922909E-02     -0.68542290
    64    8 O   -0.10922909E-02     -0.68542290
    65    8 O   -0.10949819E-02     -0.68711149
    66    8 O   -0.10949819E-02     -0.68711149
    67    8 O   -0.10944217E-02     -0.68676001
    68    8 O   -0.10944217E-02     -0.68676001
    69    8 O   -0.10820680E-02     -0.67900794
    70    8 O   -0.10820680E-02     -0.67900794
    71    8 O   -0.10938115E-02     -0.68637710
    72    8 O   -0.10938115E-02     -0.68637710
    73    8 O   -0.10936360E-02     -0.68626693
    74    8 O   -0.10936360E-02     -0.68626693
    75    8 O   -0.10481366E-02     -0.65771567
    76    8 O   -0.10481366E-02     -0.65771567
    77    8 O   -0.10639730E-02     -0.66765313
    78    8 O   -0.10639730E-02     -0.66765313
    79    8 O   -0.10633999E-02     -0.66729351
    80    8 O   -0.10633999E-02     -0.66729351
--------------------------------------------------

Dispersion energy:      -2.0434610944905E-01 Eh

[Info] Dispersion energy written to .EDISP
