-----------------------------------
 s i m p l e   D F T - D 3  v1.2.1
-----------------------------------

Zero (Chai-Head-Gordon) damping: pbe-D3(0)
--------------------
  s6         1.0000
  s8         0.7220
  s9         0.0000
 rs6         1.2170
 rs8         1.0000
 alp        14.0000
--------------------

Atomic radii (in Angstrom):
-------------------------------------------
   Z          R(cov)     R(vdw)      r4/r2
-------------------------------------------
  25 Mn       1.4267     1.7731     3.0718
   8 O        0.8400     1.2408     1.3725
-------------------------------------------

Atomic reference systems (in atomic units):
----------------------------------------------------------------------------
   Z        #      CN    C6(AA)   #      CN    C6(AA)   #      CN    C6(AA)
----------------------------------------------------------------------------
  25 Mn     1  0.0000  802.7484   2  1.6406  239.5554   3  9.8849  113.8463
   8 O      1  0.0000   15.5059   2  0.9925   12.8161   3  1.9887   10.3708
----------------------------------------------------------------------------

Dispersion properties (in atomic units):
--------------------------------------------------------
     #    Z                CN       C6(AA)       C8(AA)
--------------------------------------------------------
     1   25 Mn         0.0016     802.7319   81148.9730
     2   25 Mn         0.0016     802.7319   81148.9730
     3   25 Mn         0.0016     802.7319   81148.9740
     4   25 Mn         0.0016     802.7319   81148.9740
     5   25 Mn         0.0016     802.7319   81148.9733
     6   25 Mn         0.0016     802.7319   81148.9733
     7   25 Mn         0.0016     802.7319   81148.9723
     8   25 Mn         0.0016     802.7319   81148.9720
     9   25 Mn         0.0016     802.7319   81148.9726
    10   25 Mn         0.0016     802.7319   81148.9731
    11   25 Mn         0.0016     802.7319   81148.9734
    12   25 Mn         0.0016     802.7319   81148.9737
    13   25 Mn         0.0011     802.7320   81148.9848
    14   25 Mn         0.0011     802.7320   81148.9848
    15   25 Mn         0.0011     802.7320   81148.9836
    16   25 Mn         0.0010     802.7321   81148.9857
    17   25 Mn         0.0016     802.7319   81148.9727
    18   25 Mn         0.0016     802.7319   81148.9727
    19   25 Mn         0.0016     802.7319   81148.9730
    20   25 Mn         0.0016     802.7319   81148.9730
    21   25 Mn         0.0016     802.7319   81148.9730
    22   25 Mn         0.0016     802.7319   81148.9730
    23   25 Mn         0.0017     802.7319   81148.9718
    24   25 Mn         0.0017     802.7319   81148.9718
    25   25 Mn         0.0016     802.7319   81148.9719
    26   25 Mn         0.0016     802.7319   81148.9719
    27   25 Mn         0.0016     802.7319   81148.9722
    28   25 Mn         0.0016     802.7319   81148.9722
    29   25 Mn         0.0019     802.7319   81148.9655
    30   25 Mn         0.0019     802.7319   81148.9655
    31   25 Mn         0.0019     802.7319   81148.9666
    32   25 Mn         0.0019     802.7319   81148.9666
    33    8 O          0.0008      15.4511     311.8112
    34    8 O          0.0008      15.4511     311.8112
    35    8 O          0.0008      15.4511     311.8113
    36    8 O          0.0008      15.4511     311.8113
    37    8 O          0.0008      15.4511     311.8113
    38    8 O          0.0008      15.4511     311.8113
    39    8 O          0.0009      15.4511     311.8110
    40    8 O          0.0009      15.4511     311.8110
    41    8 O          0.0009      15.4511     311.8108
    42    8 O          0.0009      15.4511     311.8108
    43    8 O          0.0009      15.4511     311.8109
    44    8 O          0.0009      15.4511     311.8109
    45    8 O          0.0008      15.4511     311.8112
    46    8 O          0.0008      15.4511     311.8112
    47    8 O          0.0008      15.4511     311.8112
    48    8 O          0.0008      15.4511     311.8112
    49    8 O          0.0008      15.4511     311.8112
    50    8 O          0.0008      15.4511     311.8112
    51    8 O          0.0008      15.4511     311.8113
    52    8 O          0.0008      15.4511     311.8113
    53    8 O          0.0008      15.4511     311.8113
    54    8 O          0.0008      15.4511     311.8113
    55    8 O          0.0008      15.4511     311.8113
    56    8 O          0.0008      15.4511     311.8113
    57    8 O          0.0008      15.4511     311.8111
    58    8 O          0.0008      15.4511     311.8111
    59    8 O          0.0008      15.4511     311.8112
    60    8 O          0.0008      15.4511     311.8112
    61    8 O          0.0008      15.4511     311.8112
    62    8 O          0.0008      15.4511     311.8112
    63    8 O          0.0009      15.4511     311.8109
    64    8 O          0.0009      15.4511     311.8109
    65    8 O          0.0008      15.4511     311.8111
    66    8 O          0.0008      15.4511     311.8111
    67    8 O          0.0008      15.4511     311.8111
    68    8 O          0.0008      15.4511     311.8111
    69    8 O          0.0009      15.4511     311.8110
    70    8 O          0.0009      15.4511     311.8110
    71    8 O          0.0008      15.4511     311.8111
    72    8 O          0.0008      15.4511     311.8111
    73    8 O          0.0008      15.4511     311.8112
    74    8 O          0.0008      15.4511     311.8112
    75    8 O          0.0008      15.4511     311.8113
    76    8 O          0.0008      15.4511     311.8113
    77    8 O          0.0008      15.4511     311.8114
    78    8 O          0.0008      15.4511     311.8114
    79    8 O          0.0008      15.4511     311.8113
    80    8 O          0.0008      15.4511     311.8113
--------------------------------------------------------

Atom-resolved dispersion energies:
--------------------------------------------------
     #    Z           [Hartree]      [kcal/mol]
--------------------------------------------------
     1   25 Mn  -0.10180571E-02     -0.63884046
     2   25 Mn  -0.10180571E-02     -0.63884046
     3   25 Mn  -0.10041332E-02     -0.63010308
     4   25 Mn  -0.10041332E-02     -0.63010308
     5   25 Mn  -0.10177705E-02     -0.63866062
     6   25 Mn  -0.10177705E-02     -0.63866062
     7   25 Mn  -0.10365936E-02     -0.65047230
     8   25 Mn  -0.10488390E-02     -0.65815639
     9   25 Mn  -0.10345362E-02     -0.64918124
    10   25 Mn  -0.10189657E-02     -0.63941064
    11   25 Mn  -0.10217869E-02     -0.64118098
    12   25 Mn  -0.10107350E-02     -0.63424578
    13   25 Mn  -0.84125555E-03     -0.52789583
    14   25 Mn  -0.84125555E-03     -0.52789583
    15   25 Mn  -0.85436833E-03     -0.53612422
    16   25 Mn  -0.78478467E-03     -0.49245981
    17   25 Mn  -0.10412643E-02     -0.65340323
    18   25 Mn  -0.10412643E-02     -0.65340323
    19   25 Mn  -0.10331176E-02     -0.64829109
    20   25 Mn  -0.10331176E-02     -0.64829109
    21   25 Mn  -0.10345463E-02     -0.64918760
    22   25 Mn  -0.10345463E-02     -0.64918760
    23   25 Mn  -0.10674742E-02     -0.66985016
    24   25 Mn  -0.10674742E-02     -0.66985016
    25   25 Mn  -0.10623966E-02     -0.66666392
    26   25 Mn  -0.10623966E-02     -0.66666392
    27   25 Mn  -0.10599261E-02     -0.66511368
    28   25 Mn  -0.10599261E-02     -0.66511368
    29   25 Mn  -0.11771947E-02     -0.73870084
    30   25 Mn  -0.11771947E-02     -0.73870084
    31   25 Mn  -0.11620842E-02     -0.72921884
    32   25 Mn  -0.11620842E-02     -0.72921884
    33    8 O   -0.33815600E-03     -0.21219609
    34    8 O   -0.33815600E-03     -0.21219609
    35    8 O   -0.33284708E-03     -0.20886469
    36    8 O   -0.33284708E-03     -0.20886469
    37    8 O   -0.33098601E-03     -0.20769686
    38    8 O   -0.33098601E-03     -0.20769686
    39    8 O   -0.34709727E-03     -0.21780682
    40    8 O   -0.34709727E-03     -0.21780682
    41    8 O   -0.35646268E-03     -0.22368371
    42    8 O   -0.35646268E-03     -0.22368371
    43    8 O   -0.34653801E-03     -0.21745588
    44    8 O   -0.34653801E-03     -0.21745588
    45    8 O   -0.33242296E-03     -0.20859856
    46    8 O   -0.33242296E-03     -0.20859856
    47    8 O   -0.33185345E-03     -0.20824118
    48    8 O   -0.33185345E-03     -0.20824118
    49    8 O   -0.33117959E-03     -0.20781833
    50    8 O   -0.33117959E-03     -0.20781833
    51    8 O   -0.33310645E-03     -0.20902745
    52    8 O   -0.33310645E-03     -0.20902745
    53    8 O   -0.33230800E-03     -0.20852642
    54    8 O   -0.33230800E-03     -0.20852642
    55    8 O   -0.33287934E-03     -0.20888494
    56    8 O   -0.33287934E-03     -0.20888494
    57    8 O   -0.33745252E-03     -0.21175465
    58    8 O   -0.33745252E-03     -0.21175465
    59    8 O   -0.33686291E-03     -0.21138467
    60    8 O   -0.33686291E-03     -0.21138467
    61    8 O   -0.33547259E-03     -0.21051223
    62    8 O   -0.33547259E-03     -0.21051223
    63    8 O   -0.35126433E-03     -0.22042169
    64    8 O   -0.35126433E-03     -0.22042169
    65    8 O   -0.34778275E-03     -0.21823697
    66    8 O   -0.34778275E-03     -0.21823697
    67    8 O   -0.34620170E-03     -0.21724485
    68    8 O   -0.34620170E-03     -0.21724485
    69    8 O   -0.34353934E-03     -0.21557419
    70    8 O   -0.34353934E-03     -0.21557419
    71    8 O   -0.34309377E-03     -0.21529459
    72    8 O   -0.34309377E-03     -0.21529459
    73    8 O   -0.33941720E-03     -0.21298751
    74    8 O   -0.33941720E-03     -0.21298751
    75    8 O   -0.33076710E-03     -0.20755949
    76    8 O   -0.33076710E-03     -0.20755949
    77    8 O   -0.33116164E-03     -0.20780707
    78    8 O   -0.33116164E-03     -0.20780707
    79    8 O   -0.33158838E-03     -0.20807485
    80    8 O   -0.33158838E-03     -0.20807485
--------------------------------------------------

Dispersion energy:      -4.9089932142400E-02 Eh

[Info] Dispersion energy written to .EDISP
