-----------------------------------
 s i m p l e   D F T - D 3  v1.2.1
-----------------------------------

Zero (Chai-Head-Gordon) damping: pbe-D3(0)
--------------------
  s6         1.0000
  s8         0.7220
  s9         0.0000
 rs6         1.2170
 rs8         1.0000
 alp        14.0000
--------------------

Atomic radii (in Angstrom):
-------------------------------------------
   Z          R(cov)     R(vdw)      r4/r2
-------------------------------------------
  25 Mn       1.4267     1.7731     3.0718
   8 O        0.8400     1.2408     1.3725
-------------------------------------------

Atomic reference systems (in atomic units):
----------------------------------------------------------------------------
   Z        #      CN    C6(AA)   #      CN    C6(AA)   #      CN    C6(AA)
----------------------------------------------------------------------------
  25 Mn     1  0.0000  802.7484   2  1.6406  239.5554   3  9.8849  113.8463
   8 O      1  0.0000   15.5059   2  0.9925   12.8161   3  1.9887   10.3708
----------------------------------------------------------------------------

Dispersion properties (in atomic units):
--------------------------------------------------------
     #    Z                CN       C6(AA)       C8(AA)
--------------------------------------------------------
     1   25 Mn         0.6652     717.1469   72497.0937
     2   25 Mn         0.6652     717.1469   72497.0937
     3   25 Mn         0.6145     755.4291   76367.0800
     4   25 Mn         0.6145     755.4291   76367.0800
     5   25 Mn         0.6468     733.3401   74134.0815
     6   25 Mn         0.6468     733.3401   74134.0815
     7   25 Mn         0.6907     689.5869   69711.0336
     8   25 Mn         0.7023     674.9457   68230.9342
     9   25 Mn         0.6835     697.9095   70552.3704
    10   25 Mn         0.6450     734.8001   74281.6753
    11   25 Mn         0.6313     744.8707   75299.7285
    12   25 Mn         0.6213     751.4190   75961.6956
    13   25 Mn         0.1607     802.6155   81137.2057
    14   25 Mn         0.1607     802.6155   81137.2057
    15   25 Mn         0.1879     802.5586   81131.4477
    16   25 Mn         0.1520     802.6298   81138.6496
    17   25 Mn         0.6305     745.4423   75357.5058
    18   25 Mn         0.6305     745.4423   75357.5058
    19   25 Mn         0.6162     754.4879   76271.9398
    20   25 Mn         0.6162     754.4879   76271.9398
    21   25 Mn         0.6181     753.3344   76155.3235
    22   25 Mn         0.6181     753.3344   76155.3235
    23   25 Mn         0.6576     724.1305   73203.0715
    24   25 Mn         0.6576     724.1305   73203.0715
    25   25 Mn         0.6599     722.1304   73000.8866
    26   25 Mn         0.6599     722.1304   73000.8866
    27   25 Mn         0.6462     733.8000   74180.5738
    28   25 Mn         0.6462     733.8000   74180.5738
    29   25 Mn         0.9517     298.8577   30211.8249
    30   25 Mn         0.9517     298.8577   30211.8249
    31   25 Mn         0.8929     355.8002   35968.1991
    32   25 Mn         0.8929     355.8002   35968.1991
    33    8 O          0.3775      14.7175     297.0077
    34    8 O          0.3775      14.7175     297.0077
    35    8 O          0.3614      14.7869     298.4082
    36    8 O          0.3614      14.7869     298.4082
    37    8 O          0.3576      14.8026     298.7249
    38    8 O          0.3576      14.8026     298.7249
    39    8 O          0.3973      14.6273     295.1871
    40    8 O          0.3973      14.6273     295.1871
    41    8 O          0.4178      14.5280     293.1832
    42    8 O          0.4178      14.5280     293.1832
    43    8 O          0.4160      14.5370     293.3644
    44    8 O          0.4160      14.5370     293.3644
    45    8 O          0.3870      14.6748     296.1457
    46    8 O          0.3870      14.6748     296.1457
    47    8 O          0.3870      14.6750     296.1502
    48    8 O          0.3870      14.6750     296.1502
    49    8 O          0.3776      14.7172     297.0006
    50    8 O          0.3776      14.7172     297.0006
    51    8 O          0.3627      14.7815     298.2996
    52    8 O          0.3627      14.7815     298.2996
    53    8 O          0.3647      14.7731     298.1284
    54    8 O          0.3647      14.7731     298.1284
    55    8 O          0.3637      14.7771     298.2099
    56    8 O          0.3637      14.7771     298.2099
    57    8 O          0.3921      14.6513     295.6704
    58    8 O          0.3921      14.6513     295.6704
    59    8 O          0.3757      14.7257     297.1719
    60    8 O          0.3757      14.7257     297.1719
    61    8 O          0.3771      14.7192     297.0423
    62    8 O          0.3771      14.7192     297.0423
    63    8 O          0.3943      14.6414     295.4705
    64    8 O          0.3943      14.6414     295.4705
    65    8 O          0.3664      14.7659     297.9840
    66    8 O          0.3664      14.7659     297.9840
    67    8 O          0.3624      14.7828     298.3243
    68    8 O          0.3624      14.7828     298.3243
    69    8 O          0.3951      14.6373     295.3895
    70    8 O          0.3951      14.6373     295.3895
    71    8 O          0.3790      14.7110     296.8760
    72    8 O          0.3790      14.7110     296.8760
    73    8 O          0.3574      14.8036     298.7448
    74    8 O          0.3574      14.8036     298.7448
    75    8 O          0.3676      14.7605     297.8749
    76    8 O          0.3676      14.7605     297.8749
    77    8 O          0.3405      14.8709     300.1026
    78    8 O          0.3405      14.8709     300.1026
    79    8 O          0.3485      14.8396     299.4720
    80    8 O          0.3485      14.8396     299.4720
--------------------------------------------------------

Atom-resolved dispersion energies:
--------------------------------------------------
     #    Z           [Hartree]      [kcal/mol]
--------------------------------------------------
     1   25 Mn  -0.19653983E-01    -12.33306076
     2   25 Mn  -0.19653983E-01    -12.33306076
     3   25 Mn  -0.20161812E-01    -12.65172779
     4   25 Mn  -0.20161812E-01    -12.65172779
     5   25 Mn  -0.19878274E-01    -12.47380549
     6   25 Mn  -0.19878274E-01    -12.47380549
     7   25 Mn  -0.19570801E-01    -12.28086299
     8   25 Mn  -0.19387873E-01    -12.16607415
     9   25 Mn  -0.19906935E-01    -12.49179010
    10   25 Mn  -0.19738060E-01    -12.38581981
    11   25 Mn  -0.19876909E-01    -12.47294843
    12   25 Mn  -0.19965779E-01    -12.52871524
    13   25 Mn  -0.21256527E-01    -13.33867183
    14   25 Mn  -0.21256527E-01    -13.33867183
    15   25 Mn  -0.20610629E-01    -12.93336478
    16   25 Mn  -0.20921481E-01    -13.12842767
    17   25 Mn  -0.19977822E-01    -12.53627286
    18   25 Mn  -0.19977822E-01    -12.53627286
    19   25 Mn  -0.20073405E-01    -12.59625168
    20   25 Mn  -0.20073405E-01    -12.59625168
    21   25 Mn  -0.20054859E-01    -12.58461374
    22   25 Mn  -0.20054859E-01    -12.58461374
    23   25 Mn  -0.19808181E-01    -12.42982148
    24   25 Mn  -0.19808181E-01    -12.42982148
    25   25 Mn  -0.19759704E-01    -12.39940154
    26   25 Mn  -0.19759704E-01    -12.39940154
    27   25 Mn  -0.19999333E-01    -12.54977087
    28   25 Mn  -0.19999333E-01    -12.54977087
    29   25 Mn  -0.12603284E-01     -7.90868035
    30   25 Mn  -0.12603284E-01     -7.90868035
    31   25 Mn  -0.14125629E-01     -8.86396628
    32   25 Mn  -0.14125629E-01     -8.86396628
    33    8 O   -0.22618225E-02     -1.41931503
    34    8 O   -0.22618225E-02     -1.41931503
    35    8 O   -0.22506757E-02     -1.41232031
    36    8 O   -0.22506757E-02     -1.41232031
    37    8 O   -0.22525230E-02     -1.41347951
    38    8 O   -0.22525230E-02     -1.41347951
    39    8 O   -0.22613623E-02     -1.41902627
    40    8 O   -0.22613623E-02     -1.41902627
    41    8 O   -0.22151188E-02     -1.39000801
    42    8 O   -0.22151188E-02     -1.39000801
    43    8 O   -0.23028748E-02     -1.44507574
    44    8 O   -0.23028748E-02     -1.44507574
    45    8 O   -0.22940200E-02     -1.43951925
    46    8 O   -0.22940200E-02     -1.43951925
    47    8 O   -0.22694976E-02     -1.42413126
    48    8 O   -0.22694976E-02     -1.42413126
    49    8 O   -0.22653031E-02     -1.42149913
    50    8 O   -0.22653031E-02     -1.42149913
    51    8 O   -0.22218181E-02     -1.39421193
    52    8 O   -0.22218181E-02     -1.39421193
    53    8 O   -0.22040376E-02     -1.38305450
    54    8 O   -0.22040376E-02     -1.38305450
    55    8 O   -0.21978511E-02     -1.37917237
    56    8 O   -0.21978511E-02     -1.37917237
    57    8 O   -0.22643454E-02     -1.42089820
    58    8 O   -0.22643454E-02     -1.42089820
    59    8 O   -0.22602365E-02     -1.41831981
    60    8 O   -0.22602365E-02     -1.41831981
    61    8 O   -0.22603699E-02     -1.41840352
    62    8 O   -0.22603699E-02     -1.41840352
    63    8 O   -0.22670189E-02     -1.42257583
    64    8 O   -0.22670189E-02     -1.42257583
    65    8 O   -0.22268689E-02     -1.39738134
    66    8 O   -0.22268689E-02     -1.39738134
    67    8 O   -0.22397368E-02     -1.40545606
    68    8 O   -0.22397368E-02     -1.40545606
    69    8 O   -0.23977899E-02     -1.50463586
    70    8 O   -0.23977899E-02     -1.50463586
    71    8 O   -0.23889174E-02     -1.49906830
    72    8 O   -0.23889174E-02     -1.49906830
    73    8 O   -0.23361079E-02     -1.46592984
    74    8 O   -0.23361079E-02     -1.46592984
    75    8 O   -0.23084062E-02     -1.44854675
    76    8 O   -0.23084062E-02     -1.44854675
    77    8 O   -0.22411271E-02     -1.40632851
    78    8 O   -0.22411271E-02     -1.40632851
    79    8 O   -0.22463068E-02     -1.40957882
    80    8 O   -0.22463068E-02     -1.40957882
--------------------------------------------------

Dispersion energy:      -7.2355236630347E-01 Eh

[Info] Dispersion energy written to .EDISP
