-----------------------------------
 s i m p l e   D F T - D 3  v1.2.1
-----------------------------------

Zero (Chai-Head-Gordon) damping: pbe-D3(0)
--------------------
  s6         1.0000
  s8         0.7220
  s9         0.0000
 rs6         1.2170
 rs8         1.0000
 alp        14.0000
--------------------

Atomic radii (in Angstrom):
-------------------------------------------
   Z          R(cov)     R(vdw)      r4/r2
-------------------------------------------
  25 Mn       1.4267     1.7731     3.0718
  31 Ga       1.4933     1.9789     3.2394
-------------------------------------------

Atomic reference systems (in atomic units):
----------------------------------------------------------------------------
   Z        #      CN    C6(AA)   #      CN    C6(AA)   #      CN    C6(AA)
----------------------------------------------------------------------------
  25 Mn     1  0.0000  802.7484   2  1.6406  239.5554   3  9.8849  113.8463
  31 Ga     1  0.0000  483.7516   2  0.9601  421.6497   3  1.9315  257.8727
            4  2.9233  172.3153
----------------------------------------------------------------------------

Dispersion properties (in atomic units):
--------------------------------------------------------
     #    Z                CN       C6(AA)       C8(AA)
--------------------------------------------------------
     1   25 Mn        10.8322     113.8463   11508.8363
     2   25 Mn        10.8322     113.8463   11508.8363
     3   25 Mn        10.8224     113.8463   11508.8363
     4   25 Mn        10.8224     113.8463   11508.8363
     5   25 Mn        10.8480     113.8463   11508.8363
     6   25 Mn        10.8480     113.8463   11508.8363
     7   25 Mn        10.8436     113.8463   11508.8363
     8   25 Mn        10.8436     113.8463   11508.8363
     9   25 Mn        10.9619     113.8463   11508.8363
    10   25 Mn        10.9619     113.8463   11508.8363
    11   25 Mn        10.9841     113.8463   11508.8363
    12   25 Mn        10.9841     113.8463   11508.8363
    13   31 Ga        13.9148     172.3153   19371.3713
    14   31 Ga        13.9148     172.3153   19371.3713
    15   31 Ga        13.0505     172.3153   19371.3713
    16   31 Ga        13.0505     172.3153   19371.3713
    17   31 Ga        13.1119     172.3153   19371.3713
    18   31 Ga        13.1119     172.3153   19371.3713
    19   31 Ga        12.7933     172.3153   19371.3713
    20   31 Ga        12.7933     172.3153   19371.3713
    21   31 Ga        12.7274     172.3153   19371.3713
    22   31 Ga        12.7274     172.3153   19371.3713
    23   31 Ga        12.8006     172.3153   19371.3713
    24   31 Ga        12.8006     172.3153   19371.3713
    25   31 Ga        13.0930     172.3153   19371.3713
    26   31 Ga        13.0930     172.3153   19371.3713
    27   31 Ga        13.1986     172.3153   19371.3713
    28   31 Ga        13.1986     172.3153   19371.3713
    29   31 Ga        13.9808     172.3153   19371.3713
    30   31 Ga        13.9808     172.3153   19371.3713
    31   31 Ga        13.7687     172.3153   19371.3713
    32   31 Ga        13.7687     172.3153   19371.3713
    33   31 Ga        12.8355     172.3153   19371.3713
    34   31 Ga        12.8355     172.3153   19371.3713
    35   31 Ga        13.6877     172.3153   19371.3713
    36   31 Ga        13.6877     172.3153   19371.3713
    37   31 Ga        13.5856     172.3153   19371.3713
    38   31 Ga        13.5856     172.3153   19371.3713
    39   31 Ga        13.9619     172.3153   19371.3713
    40   31 Ga        13.9619     172.3153   19371.3713
    41   31 Ga        13.8932     172.3153   19371.3713
    42   31 Ga        13.8932     172.3153   19371.3713
    43   31 Ga        13.9846     172.3153   19371.3713
    44   31 Ga        13.9846     172.3153   19371.3713
    45   31 Ga        14.0128     172.3153   19371.3713
    46   31 Ga        14.0128     172.3153   19371.3713
    47   31 Ga        13.3772     172.3153   19371.3713
    48   31 Ga        13.3772     172.3153   19371.3713
    49   31 Ga        13.1882     172.3153   19371.3713
    50   31 Ga        13.1882     172.3153   19371.3713
    51   31 Ga        13.0131     172.3153   19371.3713
    52   31 Ga        13.0131     172.3153   19371.3713
    53   31 Ga        12.6776     172.3153   19371.3713
    54   31 Ga        12.6776     172.3153   19371.3713
    55   31 Ga        13.8995     172.3153   19371.3713
    56   31 Ga        13.8995     172.3153   19371.3713
    57   31 Ga        13.3392     172.3153   19371.3713
    58   31 Ga        13.3392     172.3153   19371.3713
    59   31 Ga        13.3244     172.3153   19371.3713
    60   31 Ga        13.3244     172.3153   19371.3713
    61   31 Ga        12.5647     172.3153   19371.3713
    62   31 Ga        12.5647     172.3153   19371.3713
    63   31 Ga        13.0722     172.3153   19371.3713
    64   31 Ga        13.0722     172.3153   19371.3713
    65   31 Ga        13.3864     172.3153   19371.3713
    66   31 Ga        13.3864     172.3153   19371.3713
    67   31 Ga        13.3227     172.3153   19371.3713
    68   31 Ga        13.3227     172.3153   19371.3713
    69   31 Ga        12.8428     172.3153   19371.3713
    70   31 Ga        12.8428     172.3153   19371.3713
--------------------------------------------------------

Atom-resolved dispersion energies:
--------------------------------------------------
     #    Z           [Hartree]      [kcal/mol]
--------------------------------------------------
     1   25 Mn  -0.22970130E-01    -14.41397445
     2   25 Mn  -0.22970130E-01    -14.41397445
     3   25 Mn  -0.22824267E-01    -14.32244367
     4   25 Mn  -0.22824267E-01    -14.32244367
     5   25 Mn  -0.22790307E-01    -14.30113370
     6   25 Mn  -0.22790307E-01    -14.30113370
     7   25 Mn  -0.22882901E-01    -14.35923704
     8   25 Mn  -0.22882901E-01    -14.35923704
     9   25 Mn  -0.22518031E-01    -14.13027789
    10   25 Mn  -0.22518031E-01    -14.13027789
    11   25 Mn  -0.22520263E-01    -14.13167815
    12   25 Mn  -0.22520263E-01    -14.13167815
    13   31 Ga  -0.17468422E-01    -10.96160056
    14   31 Ga  -0.17468422E-01    -10.96160056
    15   31 Ga  -0.16158481E-01    -10.13960005
    16   31 Ga  -0.16158481E-01    -10.13960005
    17   31 Ga  -0.16102840E-01    -10.10468452
    18   31 Ga  -0.16102840E-01    -10.10468452
    19   31 Ga  -0.16891959E-01    -10.59986404
    20   31 Ga  -0.16891959E-01    -10.59986404
    21   31 Ga  -0.16022251E-01    -10.05411446
    22   31 Ga  -0.16022251E-01    -10.05411446
    23   31 Ga  -0.16074245E-01    -10.08674088
    24   31 Ga  -0.16074245E-01    -10.08674088
    25   31 Ga  -0.16115101E-01    -10.11237845
    26   31 Ga  -0.16115101E-01    -10.11237845
    27   31 Ga  -0.16178199E-01    -10.15197345
    28   31 Ga  -0.16178199E-01    -10.15197345
    29   31 Ga  -0.16185676E-01    -10.15666499
    30   31 Ga  -0.16185676E-01    -10.15666499
    31   31 Ga  -0.16173894E-01    -10.14927165
    32   31 Ga  -0.16173894E-01    -10.14927165
    33   31 Ga  -0.16056677E-01    -10.07571722
    34   31 Ga  -0.16056677E-01    -10.07571722
    35   31 Ga  -0.16144000E-01    -10.13051302
    36   31 Ga  -0.16144000E-01    -10.13051302
    37   31 Ga  -0.16076010E-01    -10.08784885
    38   31 Ga  -0.16076010E-01    -10.08784885
    39   31 Ga  -0.16247816E-01    -10.19565877
    40   31 Ga  -0.16247816E-01    -10.19565877
    41   31 Ga  -0.16116413E-01    -10.11320175
    42   31 Ga  -0.16116413E-01    -10.11320175
    43   31 Ga  -0.16296034E-01    -10.22591585
    44   31 Ga  -0.16296034E-01    -10.22591585
    45   31 Ga  -0.16238379E-01    -10.18973642
    46   31 Ga  -0.16238379E-01    -10.18973642
    47   31 Ga  -0.16171527E-01    -10.14778625
    48   31 Ga  -0.16171527E-01    -10.14778625
    49   31 Ga  -0.16192842E-01    -10.16116166
    50   31 Ga  -0.16192842E-01    -10.16116166
    51   31 Ga  -0.16214068E-01    -10.17448153
    52   31 Ga  -0.16214068E-01    -10.17448153
    53   31 Ga  -0.16865108E-01    -10.58301501
    54   31 Ga  -0.16865108E-01    -10.58301501
    55   31 Ga  -0.17464880E-01    -10.95937770
    56   31 Ga  -0.17464880E-01    -10.95937770
    57   31 Ga  -0.16125735E-01    -10.11905155
    58   31 Ga  -0.16125735E-01    -10.11905155
    59   31 Ga  -0.16131993E-01    -10.12297839
    60   31 Ga  -0.16131993E-01    -10.12297839
    61   31 Ga  -0.16127373E-01    -10.12007962
    62   31 Ga  -0.16127373E-01    -10.12007962
    63   31 Ga  -0.16175173E-01    -10.15007437
    64   31 Ga  -0.16175173E-01    -10.15007437
    65   31 Ga  -0.16095871E-01    -10.10031146
    66   31 Ga  -0.16095871E-01    -10.10031146
    67   31 Ga  -0.16082890E-01    -10.09216589
    68   31 Ga  -0.16082890E-01    -10.09216589
    69   31 Ga  -0.16124918E-01    -10.11853906
    70   31 Ga  -0.16124918E-01    -10.11853906
--------------------------------------------------

Dispersion energy:      -1.2176493522223E+00 Eh

[Info] Dispersion energy written to .EDISP
