-----------------------------------
 s i m p l e   D F T - D 3  v1.2.1
-----------------------------------

Zero (Chai-Head-Gordon) damping: pbe-D3(0)
--------------------
  s6         1.0000
  s8         0.7220
  s9         0.0000
 rs6         1.2170
 rs8         1.0000
 alp        14.0000
--------------------

Atomic radii (in Angstrom):
-------------------------------------------
   Z          R(cov)     R(vdw)      r4/r2
-------------------------------------------
  25 Mn       1.4267     1.7731     3.0718
  31 Ga       1.4933     1.9789     3.2394
-------------------------------------------

Atomic reference systems (in atomic units):
----------------------------------------------------------------------------
   Z        #      CN    C6(AA)   #      CN    C6(AA)   #      CN    C6(AA)
----------------------------------------------------------------------------
  25 Mn     1  0.0000  802.7484   2  1.6406  239.5554   3  9.8849  113.8463
  31 Ga     1  0.0000  483.7516   2  0.9601  421.6497   3  1.9315  257.8727
            4  2.9233  172.3153
----------------------------------------------------------------------------

Dispersion properties (in atomic units):
--------------------------------------------------------
     #    Z                CN       C6(AA)       C8(AA)
--------------------------------------------------------
     1   25 Mn         0.0168     802.7283   81148.6055
     2   25 Mn         0.0168     802.7283   81148.6055
     3   25 Mn         0.0167     802.7283   81148.6082
     4   25 Mn         0.0167     802.7283   81148.6082
     5   25 Mn         0.0168     802.7283   81148.6046
     6   25 Mn         0.0168     802.7283   81148.6046
     7   25 Mn         0.0169     802.7283   81148.6029
     8   25 Mn         0.0169     802.7283   81148.6029
     9   25 Mn         0.0162     802.7285   81148.6222
    10   25 Mn         0.0162     802.7285   81148.6222
    11   25 Mn         0.0162     802.7285   81148.6218
    12   25 Mn         0.0162     802.7285   81148.6218
    13   31 Ga         0.0070     482.0880   54195.4524
    14   31 Ga         0.0070     482.0880   54195.4524
    15   31 Ga         0.0114     482.0318   54189.1294
    16   31 Ga         0.0114     482.0318   54189.1294
    17   31 Ga         0.0104     482.0443   54190.5341
    18   31 Ga         0.0104     482.0443   54190.5341
    19   31 Ga         0.0110     482.0370   54189.7168
    20   31 Ga         0.0110     482.0370   54189.7168
    21   31 Ga         0.0111     482.0362   54189.6261
    22   31 Ga         0.0111     482.0362   54189.6261
    23   31 Ga         0.0107     482.0413   54190.2057
    24   31 Ga         0.0107     482.0413   54190.2057
    25   31 Ga         0.0117     482.0282   54188.7276
    26   31 Ga         0.0117     482.0282   54188.7276
    27   31 Ga         0.0111     482.0355   54189.5472
    28   31 Ga         0.0111     482.0355   54189.5472
    29   31 Ga         0.0094     482.0568   54191.9491
    30   31 Ga         0.0094     482.0568   54191.9491
    31   31 Ga         0.0093     482.0579   54192.0717
    32   31 Ga         0.0093     482.0579   54192.0717
    33   31 Ga         0.0091     482.0617   54192.4960
    34   31 Ga         0.0091     482.0617   54192.4960
    35   31 Ga         0.0095     482.0555   54191.7956
    36   31 Ga         0.0095     482.0555   54191.7956
    37   31 Ga         0.0094     482.0568   54191.9434
    38   31 Ga         0.0094     482.0568   54191.9434
    39   31 Ga         0.0094     482.0573   54192.0055
    40   31 Ga         0.0094     482.0573   54192.0055
    41   31 Ga         0.0099     482.0515   54191.3509
    42   31 Ga         0.0099     482.0515   54191.3509
    43   31 Ga         0.0094     482.0579   54192.0639
    44   31 Ga         0.0094     482.0579   54192.0639
    45   31 Ga         0.0093     482.0590   54192.1885
    46   31 Ga         0.0093     482.0590   54192.1885
    47   31 Ga         0.0106     482.0424   54190.3287
    48   31 Ga         0.0106     482.0424   54190.3287
    49   31 Ga         0.0108     482.0397   54190.0280
    50   31 Ga         0.0108     482.0397   54190.0280
    51   31 Ga         0.0109     482.0381   54189.8398
    52   31 Ga         0.0109     482.0381   54189.8398
    53   31 Ga         0.0110     482.0372   54189.7398
    54   31 Ga         0.0110     482.0372   54189.7398
    55   31 Ga         0.0072     482.0850   54195.1190
    56   31 Ga         0.0072     482.0850   54195.1190
    57   31 Ga         0.0107     482.0412   54190.1874
    58   31 Ga         0.0107     482.0412   54190.1874
    59   31 Ga         0.0108     482.0391   54189.9536
    60   31 Ga         0.0108     482.0391   54189.9536
    61   31 Ga         0.0095     482.0565   54191.9084
    62   31 Ga         0.0095     482.0565   54191.9084
    63   31 Ga         0.0103     482.0454   54190.6592
    64   31 Ga         0.0103     482.0454   54190.6592
    65   31 Ga         0.0091     482.0617   54192.4969
    66   31 Ga         0.0091     482.0617   54192.4969
    67   31 Ga         0.0094     482.0570   54191.9647
    68   31 Ga         0.0094     482.0570   54191.9647
    69   31 Ga         0.0094     482.0568   54191.9471
    70   31 Ga         0.0094     482.0568   54191.9471
--------------------------------------------------------

Atom-resolved dispersion energies:
--------------------------------------------------
     #    Z           [Hartree]      [kcal/mol]
--------------------------------------------------
     1   25 Mn  -0.79324256E-02     -4.97767222
     2   25 Mn  -0.79324256E-02     -4.97767222
     3   25 Mn  -0.79766036E-02     -5.00539430
     4   25 Mn  -0.79766036E-02     -5.00539430
     5   25 Mn  -0.80152556E-02     -5.02964883
     6   25 Mn  -0.80152556E-02     -5.02964883
     7   25 Mn  -0.79674038E-02     -4.99962135
     8   25 Mn  -0.79674038E-02     -4.99962135
     9   25 Mn  -0.77383181E-02     -4.85586794
    10   25 Mn  -0.77383181E-02     -4.85586794
    11   25 Mn  -0.77217199E-02     -4.84545242
    12   25 Mn  -0.77217199E-02     -4.84545242
    13   31 Ga  -0.31020097E-02     -1.94654049
    14   31 Ga  -0.31020097E-02     -1.94654049
    15   31 Ga  -0.40723670E-02     -2.55544886
    16   31 Ga  -0.40723670E-02     -2.55544886
    17   31 Ga  -0.39352299E-02     -2.46939406
    18   31 Ga  -0.39352299E-02     -2.46939406
    19   31 Ga  -0.35713200E-02     -2.24103716
    20   31 Ga  -0.35713200E-02     -2.24103716
    21   31 Ga  -0.40267488E-02     -2.52682302
    22   31 Ga  -0.40267488E-02     -2.52682302
    23   31 Ga  -0.39704256E-02     -2.49147970
    24   31 Ga  -0.39704256E-02     -2.49147970
    25   31 Ga  -0.41026222E-02     -2.57443430
    26   31 Ga  -0.41026222E-02     -2.57443430
    27   31 Ga  -0.40485417E-02     -2.54049826
    28   31 Ga  -0.40485417E-02     -2.54049826
    29   31 Ga  -0.39836579E-02     -2.49978309
    30   31 Ga  -0.39836579E-02     -2.49978309
    31   31 Ga  -0.40235973E-02     -2.52484541
    32   31 Ga  -0.40235973E-02     -2.52484541
    33   31 Ga  -0.39372067E-02     -2.47063449
    34   31 Ga  -0.39372067E-02     -2.47063449
    35   31 Ga  -0.40844392E-02     -2.56302429
    36   31 Ga  -0.40844392E-02     -2.56302429
    37   31 Ga  -0.40443238E-02     -2.53785150
    38   31 Ga  -0.40443238E-02     -2.53785150
    39   31 Ga  -0.40640262E-02     -2.55021497
    40   31 Ga  -0.40640262E-02     -2.55021497
    41   31 Ga  -0.41618709E-02     -2.61161342
    42   31 Ga  -0.41618709E-02     -2.61161342
    43   31 Ga  -0.40639035E-02     -2.55013792
    44   31 Ga  -0.40639035E-02     -2.55013792
    45   31 Ga  -0.39486254E-02     -2.47779984
    46   31 Ga  -0.39486254E-02     -2.47779984
    47   31 Ga  -0.40410640E-02     -2.53580596
    48   31 Ga  -0.40410640E-02     -2.53580596
    49   31 Ga  -0.40781376E-02     -2.55906999
    50   31 Ga  -0.40781376E-02     -2.55906999
    51   31 Ga  -0.40634894E-02     -2.54987810
    52   31 Ga  -0.40634894E-02     -2.54987810
    53   31 Ga  -0.36041883E-02     -2.26166230
    54   31 Ga  -0.36041883E-02     -2.26166230
    55   31 Ga  -0.31480761E-02     -1.97544760
    56   31 Ga  -0.31480761E-02     -1.97544760
    57   31 Ga  -0.39534414E-02     -2.48082192
    58   31 Ga  -0.39534414E-02     -2.48082192
    59   31 Ga  -0.40685349E-02     -2.55304421
    60   31 Ga  -0.40685349E-02     -2.55304421
    61   31 Ga  -0.36519771E-02     -2.29165025
    62   31 Ga  -0.36519771E-02     -2.29165025
    63   31 Ga  -0.39705040E-02     -2.49152889
    64   31 Ga  -0.39705040E-02     -2.49152889
    65   31 Ga  -0.39302030E-02     -2.46623964
    66   31 Ga  -0.39302030E-02     -2.46623964
    67   31 Ga  -0.40155216E-02     -2.51977784
    68   31 Ga  -0.40155216E-02     -2.51977784
    69   31 Ga  -0.36681966E-02     -2.30182814
    70   31 Ga  -0.36681966E-02     -2.30182814
--------------------------------------------------

Dispersion energy:      -3.2137195328067E-01 Eh

[Info] Dispersion energy written to .EDISP
