-----------------------------------
 s i m p l e   D F T - D 3  v1.2.1
-----------------------------------

Zero (Chai-Head-Gordon) damping: pbe-D3(0)
--------------------
  s6         1.0000
  s8         0.7220
  s9         0.0000
 rs6         1.2170
 rs8         1.0000
 alp        14.0000
--------------------

Atomic radii (in Angstrom):
-------------------------------------------
   Z          R(cov)     R(vdw)      r4/r2
-------------------------------------------
  25 Mn       1.4267     1.7731     3.0718
  31 Ga       1.4933     1.9789     3.2394
-------------------------------------------

Atomic reference systems (in atomic units):
----------------------------------------------------------------------------
   Z        #      CN    C6(AA)   #      CN    C6(AA)   #      CN    C6(AA)
----------------------------------------------------------------------------
  25 Mn     1  0.0000  802.7484   2  1.6406  239.5554   3  9.8849  113.8463
  31 Ga     1  0.0000  483.7516   2  0.9601  421.6497   3  1.9315  257.8727
            4  2.9233  172.3153
----------------------------------------------------------------------------

Dispersion properties (in atomic units):
--------------------------------------------------------
     #    Z                CN       C6(AA)       C8(AA)
--------------------------------------------------------
     1   25 Mn         0.1326     802.6565   81141.3448
     2   25 Mn         0.1326     802.6565   81141.3448
     3   25 Mn         0.1309     802.6584   81141.5446
     4   25 Mn         0.1309     802.6584   81141.5446
     5   25 Mn         0.1323     802.6568   81141.3808
     6   25 Mn         0.1323     802.6568   81141.3808
     7   25 Mn         0.1334     802.6555   81141.2444
     8   25 Mn         0.1334     802.6555   81141.2444
     9   25 Mn         0.1268     802.6632   81142.0304
    10   25 Mn         0.1268     802.6632   81142.0304
    11   25 Mn         0.1270     802.6629   81141.9978
    12   25 Mn         0.1270     802.6629   81141.9978
    13   31 Ga         0.0422     481.5882   54139.2650
    14   31 Ga         0.0422     481.5882   54139.2650
    15   31 Ga         0.0832     480.8248   54053.4508
    16   31 Ga         0.0832     480.8248   54053.4508
    17   31 Ga         0.0736     481.0238   54075.8137
    18   31 Ga         0.0736     481.0238   54075.8137
    19   31 Ga         0.0818     480.8563   54056.9889
    20   31 Ga         0.0818     480.8563   54056.9889
    21   31 Ga         0.0797     480.9003   54061.9371
    22   31 Ga         0.0797     480.9003   54061.9371
    23   31 Ga         0.0756     480.9835   54071.2901
    24   31 Ga         0.0756     480.9835   54071.2901
    25   31 Ga         0.0860     480.7658   54046.8121
    26   31 Ga         0.0860     480.7658   54046.8121
    27   31 Ga         0.0803     480.8881   54060.5590
    28   31 Ga         0.0803     480.8881   54060.5590
    29   31 Ga         0.0648     481.1948   54095.0436
    30   31 Ga         0.0648     481.1948   54095.0436
    31   31 Ga         0.0641     481.2080   54096.5263
    32   31 Ga         0.0641     481.2080   54096.5263
    33   31 Ga         0.0616     481.2549   54101.7934
    34   31 Ga         0.0616     481.2549   54101.7934
    35   31 Ga         0.0658     481.1771   54093.0550
    36   31 Ga         0.0658     481.1771   54093.0550
    37   31 Ga         0.0647     481.1978   54095.3770
    38   31 Ga         0.0647     481.1978   54095.3770
    39   31 Ga         0.0646     481.1986   54095.4726
    40   31 Ga         0.0646     481.1986   54095.4726
    41   31 Ga         0.0696     481.1040   54084.8295
    42   31 Ga         0.0696     481.1040   54084.8295
    43   31 Ga         0.0644     481.2026   54095.9145
    44   31 Ga         0.0644     481.2026   54095.9145
    45   31 Ga         0.0634     481.2222   54098.1205
    46   31 Ga         0.0634     481.2222   54098.1205
    47   31 Ga         0.0748     481.0014   54073.3024
    48   31 Ga         0.0748     481.0014   54073.3024
    49   31 Ga         0.0768     480.9601   54068.6561
    50   31 Ga         0.0768     480.9601   54068.6561
    51   31 Ga         0.0782     480.9309   54065.3693
    52   31 Ga         0.0782     480.9309   54065.3693
    53   31 Ga         0.0810     480.8726   54058.8229
    54   31 Ga         0.0810     480.8726   54058.8229
    55   31 Ga         0.0443     481.5546   54135.4878
    56   31 Ga         0.0443     481.5546   54135.4878
    57   31 Ga         0.0767     480.9619   54068.8624
    58   31 Ga         0.0767     480.9619   54068.8624
    59   31 Ga         0.0774     480.9470   54067.1833
    60   31 Ga         0.0774     480.9470   54067.1833
    61   31 Ga         0.0642     481.2075   54096.4680
    62   31 Ga         0.0642     481.2075   54096.4680
    63   31 Ga         0.0727     481.0426   54077.9334
    64   31 Ga         0.0727     481.0426   54077.9334
    65   31 Ga         0.0617     481.2532   54101.6070
    66   31 Ga         0.0617     481.2532   54101.6070
    67   31 Ga         0.0647     481.1965   54095.2308
    68   31 Ga         0.0647     481.1965   54095.2308
    69   31 Ga         0.0640     481.2109   54096.8551
    70   31 Ga         0.0640     481.2109   54096.8551
--------------------------------------------------------

Atom-resolved dispersion energies:
--------------------------------------------------
     #    Z           [Hartree]      [kcal/mol]
--------------------------------------------------
     1   25 Mn  -0.18233939E-01    -11.44196926
     2   25 Mn  -0.18233939E-01    -11.44196926
     3   25 Mn  -0.18439213E-01    -11.57078108
     4   25 Mn  -0.18439213E-01    -11.57078108
     5   25 Mn  -0.18493494E-01    -11.60484282
     6   25 Mn  -0.18493494E-01    -11.60484282
     7   25 Mn  -0.18300871E-01    -11.48397025
     8   25 Mn  -0.18300871E-01    -11.48397025
     9   25 Mn  -0.17994403E-01    -11.29165845
    10   25 Mn  -0.17994403E-01    -11.29165845
    11   25 Mn  -0.17942135E-01    -11.25885982
    12   25 Mn  -0.17942135E-01    -11.25885982
    13   31 Ga  -0.74787392E-02     -4.69297969
    14   31 Ga  -0.74787392E-02     -4.69297969
    15   31 Ga  -0.87082727E-02     -5.46452362
    16   31 Ga  -0.87082727E-02     -5.46452362
    17   31 Ga  -0.86890953E-02     -5.45248960
    18   31 Ga  -0.86890953E-02     -5.45248960
    19   31 Ga  -0.74139879E-02     -4.65234765
    20   31 Ga  -0.74139879E-02     -4.65234765
    21   31 Ga  -0.87047188E-02     -5.46229350
    22   31 Ga  -0.87047188E-02     -5.46229350
    23   31 Ga  -0.86669225E-02     -5.43857597
    24   31 Ga  -0.86669225E-02     -5.43857597
    25   31 Ga  -0.86980523E-02     -5.45811022
    26   31 Ga  -0.86980523E-02     -5.45811022
    27   31 Ga  -0.87662143E-02     -5.50088252
    28   31 Ga  -0.87662143E-02     -5.50088252
    29   31 Ga  -0.90273409E-02     -5.66474191
    30   31 Ga  -0.90273409E-02     -5.66474191
    31   31 Ga  -0.91789586E-02     -5.75988350
    32   31 Ga  -0.91789586E-02     -5.75988350
    33   31 Ga  -0.90985396E-02     -5.70941979
    34   31 Ga  -0.90985396E-02     -5.70941979
    35   31 Ga  -0.92559327E-02     -5.80818546
    36   31 Ga  -0.92559327E-02     -5.80818546
    37   31 Ga  -0.91918806E-02     -5.76799213
    38   31 Ga  -0.91918806E-02     -5.76799213
    39   31 Ga  -0.92663114E-02     -5.81469820
    40   31 Ga  -0.92663114E-02     -5.81469820
    41   31 Ga  -0.93241030E-02     -5.85096298
    42   31 Ga  -0.93241030E-02     -5.85096298
    43   31 Ga  -0.92750641E-02     -5.82019057
    44   31 Ga  -0.92750641E-02     -5.82019057
    45   31 Ga  -0.89934747E-02     -5.64349057
    46   31 Ga  -0.89934747E-02     -5.64349057
    47   31 Ga  -0.88758322E-02     -5.56966882
    48   31 Ga  -0.88758322E-02     -5.56966882
    49   31 Ga  -0.89294255E-02     -5.60329908
    50   31 Ga  -0.89294255E-02     -5.60329908
    51   31 Ga  -0.88540506E-02     -5.55600066
    52   31 Ga  -0.88540506E-02     -5.55600066
    53   31 Ga  -0.74807187E-02     -4.69422183
    54   31 Ga  -0.74807187E-02     -4.69422183
    55   31 Ga  -0.75121047E-02     -4.71391687
    56   31 Ga  -0.75121047E-02     -4.71391687
    57   31 Ga  -0.86848465E-02     -5.44982346
    58   31 Ga  -0.86848465E-02     -5.44982346
    59   31 Ga  -0.88935330E-02     -5.58077623
    60   31 Ga  -0.88935330E-02     -5.58077623
    61   31 Ga  -0.80794546E-02     -5.06993429
    62   31 Ga  -0.80794546E-02     -5.06993429
    63   31 Ga  -0.87778484E-02     -5.50818301
    64   31 Ga  -0.87778484E-02     -5.50818301
    65   31 Ga  -0.90712010E-02     -5.69226457
    66   31 Ga  -0.90712010E-02     -5.69226457
    67   31 Ga  -0.91485149E-02     -5.74077978
    68   31 Ga  -0.91485149E-02     -5.74077978
    69   31 Ga  -0.81498034E-02     -5.11407885
    70   31 Ga  -0.81498034E-02     -5.11407885
--------------------------------------------------

Dispersion energy:      -7.2319799575949E-01 Eh

[Info] Dispersion energy written to .EDISP
