-----------------------------------
 s i m p l e   D F T - D 3  v1.2.1
-----------------------------------

Zero (Chai-Head-Gordon) damping: pbe-D3(0)
--------------------
  s6         1.0000
  s8         0.7220
  s9         0.0000
 rs6         1.2170
 rs8         1.0000
 alp        14.0000
--------------------

Atomic radii (in Angstrom):
-------------------------------------------
   Z          R(cov)     R(vdw)      r4/r2
-------------------------------------------
  30 Zn       1.4533     1.6155     2.6978
  53 I        1.7600     1.8690     2.9281
-------------------------------------------

Atomic reference systems (in atomic units):
----------------------------------------------------------------------------
   Z        #      CN    C6(AA)   #      CN    C6(AA)   #      CN    C6(AA)
----------------------------------------------------------------------------
  30 Zn     1  0.0000  340.5213   2  1.9419  153.4528
  53 I      1  0.0000  351.9667   2  0.9968  358.4995
----------------------------------------------------------------------------

Dispersion properties (in atomic units):
--------------------------------------------------------
     #    Z                CN       C6(AA)       C8(AA)
--------------------------------------------------------
     1   30 Zn         4.8245     153.4528   11965.3374
     2   30 Zn         4.8244     153.4528   11965.3374
     3   30 Zn         4.8250     153.4528   11965.3374
     4   30 Zn         4.8196     153.4528   11965.3374
     5   30 Zn         4.8263     153.4528   11965.3374
     6   30 Zn         4.8253     153.4528   11965.3374
     7   30 Zn         4.8197     153.4528   11965.3374
     8   30 Zn         4.8236     153.4528   11965.3374
     9   30 Zn         4.8254     153.4528   11965.3374
    10   30 Zn         4.8243     153.4528   11965.3374
    11   30 Zn         4.8252     153.4528   11965.3374
    12   30 Zn         4.8212     153.4528   11965.3374
    13   30 Zn         4.8272     153.4528   11965.3374
    14   30 Zn         4.8258     153.4528   11965.3374
    15   30 Zn         4.8189     153.4528   11965.3374
    16   30 Zn         4.8245     153.4528   11965.3374
    17   53 I          8.3322     358.4995   32928.0021
    18   53 I          8.3269     358.4995   32928.0021
    19   53 I          8.3347     358.4995   32928.0021
    20   53 I          8.3266     358.4995   32928.0021
    21   53 I          8.3272     358.4995   32928.0021
    22   53 I          8.3369     358.4995   32928.0021
    23   53 I          8.3349     358.4995   32928.0021
    24   53 I          8.3420     358.4995   32928.0021
    25   53 I          8.3308     358.4995   32928.0021
    26   53 I          8.3276     358.4995   32928.0021
    27   53 I          8.3322     358.4995   32928.0021
    28   53 I          8.3299     358.4995   32928.0021
    29   53 I          8.3256     358.4995   32928.0021
    30   53 I          8.3311     358.4995   32928.0021
    31   53 I          8.3273     358.4995   32928.0021
    32   53 I          8.3368     358.4995   32928.0021
    33   53 I          8.1122     358.4995   32928.0021
    34   53 I          8.1117     358.4995   32928.0021
    35   53 I          8.1151     358.4995   32928.0021
    36   53 I          8.1132     358.4995   32928.0021
    37   53 I          8.1140     358.4995   32928.0021
    38   53 I          8.1124     358.4995   32928.0021
    39   53 I          8.1135     358.4995   32928.0021
    40   53 I          8.1110     358.4995   32928.0021
    41   53 I          8.1234     358.4995   32928.0021
    42   53 I          8.1418     358.4995   32928.0021
    43   53 I          8.1446     358.4995   32928.0021
    44   53 I          8.1236     358.4995   32928.0021
    45   53 I          8.1258     358.4995   32928.0021
    46   53 I          8.1424     358.4995   32928.0021
    47   53 I          8.1447     358.4995   32928.0021
    48   53 I          8.1327     358.4995   32928.0021
--------------------------------------------------------

Atom-resolved dispersion energies:
--------------------------------------------------
     #    Z           [Hartree]      [kcal/mol]
--------------------------------------------------
     1   30 Zn  -0.11343094E-01     -7.11789906
     2   30 Zn  -0.11348868E-01     -7.12152217
     3   30 Zn  -0.11344656E-01     -7.11887928
     4   30 Zn  -0.11357258E-01     -7.12678703
     5   30 Zn  -0.11341119E-01     -7.11665981
     6   30 Zn  -0.11342859E-01     -7.11775137
     7   30 Zn  -0.11355818E-01     -7.12588364
     8   30 Zn  -0.11347826E-01     -7.12086851
     9   30 Zn  -0.11343054E-01     -7.11787383
    10   30 Zn  -0.11348618E-01     -7.12136517
    11   30 Zn  -0.11345138E-01     -7.11918174
    12   30 Zn  -0.11354340E-01     -7.12495616
    13   30 Zn  -0.11340486E-01     -7.11626219
    14   30 Zn  -0.11341541E-01     -7.11692456
    15   30 Zn  -0.11355677E-01     -7.12579472
    16   30 Zn  -0.11348475E-01     -7.12127549
    17   53 I   -0.12822491E-01     -8.04623472
    18   53 I   -0.12822228E-01     -8.04606986
    19   53 I   -0.12820440E-01     -8.04494782
    20   53 I   -0.12824720E-01     -8.04763349
    21   53 I   -0.12822183E-01     -8.04604160
    22   53 I   -0.12820020E-01     -8.04468395
    23   53 I   -0.12822458E-01     -8.04621409
    24   53 I   -0.12816756E-01     -8.04263584
    25   53 I   -0.12822577E-01     -8.04628864
    26   53 I   -0.12821936E-01     -8.04588610
    27   53 I   -0.12821333E-01     -8.04550797
    28   53 I   -0.12822943E-01     -8.04651850
    29   53 I   -0.12822947E-01     -8.04652062
    30   53 I   -0.12820365E-01     -8.04490053
    31   53 I   -0.12824405E-01     -8.04743567
    32   53 I   -0.12818320E-01     -8.04361720
    33   53 I   -0.13038962E-01     -8.18207223
    34   53 I   -0.13039706E-01     -8.18253877
    35   53 I   -0.13040391E-01     -8.18296904
    36   53 I   -0.13039867E-01     -8.18264027
    37   53 I   -0.13039603E-01     -8.18247448
    38   53 I   -0.13039286E-01     -8.18227519
    39   53 I   -0.13039791E-01     -8.18259262
    40   53 I   -0.13039728E-01     -8.18255273
    41   53 I   -0.12890406E-01     -8.08885181
    42   53 I   -0.12882175E-01     -8.08368665
    43   53 I   -0.12879763E-01     -8.08217329
    44   53 I   -0.12890471E-01     -8.08889284
    45   53 I   -0.12890583E-01     -8.08896321
    46   53 I   -0.12882045E-01     -8.08360525
    47   53 I   -0.12880344E-01     -8.08253816
    48   53 I   -0.12888509E-01     -8.08766162
--------------------------------------------------

Dispersion energy:      -5.9410658305991E-01 Eh

[Info] Dispersion energy written to .EDISP
