-----------------------------------
 s i m p l e   D F T - D 3  v1.2.1
-----------------------------------

Zero (Chai-Head-Gordon) damping: pbe-D3(0)
--------------------
  s6         1.0000
  s8         0.7220
  s9         0.0000
 rs6         1.2170
 rs8         1.0000
 alp        14.0000
--------------------

Atomic radii (in Angstrom):
-------------------------------------------
   Z          R(cov)     R(vdw)      r4/r2
-------------------------------------------
   3 Li       1.6000     1.7478     2.6564
   6 C        1.0000     1.4551     1.6431
-------------------------------------------

Atomic reference systems (in atomic units):
----------------------------------------------------------------------------
   Z        #      CN    C6(AA)   #      CN    C6(AA)   #      CN    C6(AA)
----------------------------------------------------------------------------
   3 Li     1  0.0000 1163.4454   2  0.9865   85.3197
   6 C      1  0.0000   49.1130   2  0.9868   43.2452   3  1.9985   29.3602
            4  2.9987   25.7809   5  3.9844   18.2067
----------------------------------------------------------------------------

Dispersion properties (in atomic units):
--------------------------------------------------------
     #    Z                CN       C6(AA)       C8(AA)
--------------------------------------------------------
     1    3 Li         0.0334    1118.3262   84542.3992
     2    3 Li         0.0339    1118.1627   84530.0381
     3    3 Li         0.0336    1118.2861   84539.3662
     4    3 Li         0.0342    1118.0583   84522.1451
     5    3 Li         0.0167    1123.7334   84951.1681
     6    3 Li         0.0161    1123.9054   84964.1692
     7    3 Li         0.0137    1124.6401   85019.7105
     8    6 C          0.2487      48.3460    1398.2497
     9    6 C          0.2485      48.3470    1398.2781
    10    6 C          0.2491      48.3435    1398.1772
    11    6 C          0.2483      48.3480    1398.3084
    12    6 C          0.2491      48.3435    1398.1772
    13    6 C          0.2483      48.3480    1398.3084
    14    6 C          0.2487      48.3460    1398.2497
    15    6 C          0.2485      48.3470    1398.2781
    16    6 C          0.2426      48.3774    1399.1599
    17    6 C          0.2384      48.3984    1399.7652
    18    6 C          0.2376      48.4023    1399.8798
    19    6 C          0.2388      48.3965    1399.7098
    20    6 C          0.2376      48.4023    1399.8798
    21    6 C          0.2388      48.3965    1399.7098
    22    6 C          0.2426      48.3774    1399.1599
    23    6 C          0.2384      48.3984    1399.7652
    24    6 C          0.2361      48.4097    1400.0937
    25    6 C          0.2385      48.3980    1399.7549
    26    6 C          0.2472      48.3536    1398.4695
    27    6 C          0.2360      48.4101    1400.1029
    28    6 C          0.2472      48.3536    1398.4695
    29    6 C          0.2360      48.4101    1400.1029
    30    6 C          0.2361      48.4097    1400.0937
    31    6 C          0.2385      48.3980    1399.7549
    32    6 C          0.2236      48.4685    1401.7926
    33    6 C          0.2179      48.4941    1402.5338
    34    6 C          0.2186      48.4907    1402.4354
    35    6 C          0.2186      48.4909    1402.4422
    36    6 C          0.2186      48.4907    1402.4354
    37    6 C          0.2186      48.4909    1402.4422
    38    6 C          0.2236      48.4685    1401.7926
    39    6 C          0.2179      48.4941    1402.5338
    40    6 C          0.2450      48.3648    1398.7932
    41    6 C          0.2445      48.3677    1398.8783
    42    6 C          0.2478      48.3507    1398.3858
    43    6 C          0.2448      48.3661    1398.8313
    44    6 C          0.2478      48.3507    1398.3858
    45    6 C          0.2448      48.3661    1398.8313
    46    6 C          0.2450      48.3648    1398.7932
    47    6 C          0.2445      48.3677    1398.8783
    48    6 C          0.2260      48.4575    1401.4763
    49    6 C          0.2248      48.4633    1401.6433
    50    6 C          0.2277      48.4496    1401.2469
    51    6 C          0.2248      48.4632    1401.6391
    52    6 C          0.2277      48.4496    1401.2469
    53    6 C          0.2248      48.4632    1401.6391
    54    6 C          0.2260      48.4575    1401.4763
    55    6 C          0.2248      48.4633    1401.6433
    56    6 C          0.2397      48.3919    1399.5774
    57    6 C          0.2327      48.4262    1400.5695
    58    6 C          0.2335      48.4224    1400.4597
    59    6 C          0.2335      48.4225    1400.4635
    60    6 C          0.2335      48.4224    1400.4597
    61    6 C          0.2335      48.4225    1400.4635
    62    6 C          0.2397      48.3919    1399.5774
    63    6 C          0.2327      48.4262    1400.5695
    64    6 C          0.2288      48.4447    1401.1044
    65    6 C          0.2262      48.4565    1401.4469
    66    6 C          0.2437      48.3719    1399.0001
    67    6 C          0.2279      48.4489    1401.2253
    68    6 C          0.2437      48.3719    1399.0001
    69    6 C          0.2279      48.4489    1401.2253
    70    6 C          0.2288      48.4447    1401.1044
    71    6 C          0.2262      48.4565    1401.4469
    72    6 C          0.1216      48.8064    1411.5655
    73    6 C          0.1211      48.8074    1411.5958
    74    6 C          0.1217      48.8062    1411.5592
    75    6 C          0.1204      48.8091    1411.6452
    76    6 C          0.2451      48.3644    1398.7816
    77    6 C          0.2432      48.3744    1399.0728
    78    6 C          0.2430      48.3754    1399.0999
    79    6 C          0.2439      48.3709    1398.9712
    80    6 C          0.2430      48.3754    1399.0999
    81    6 C          0.2439      48.3709    1398.9712
    82    6 C          0.2451      48.3644    1398.7816
    83    6 C          0.2432      48.3744    1399.0728
    84    6 C          0.2379      48.4008    1399.8340
    85    6 C          0.2377      48.4016    1399.8595
    86    6 C          0.2408      48.3863    1399.4151
    87    6 C          0.2378      48.4012    1399.8474
    88    6 C          0.2408      48.3863    1399.4151
    89    6 C          0.2378      48.4012    1399.8474
    90    6 C          0.2379      48.4008    1399.8340
    91    6 C          0.2377      48.4016    1399.8595
    92    6 C          0.2078      48.5366    1403.7637
    93    6 C          0.2082      48.5352    1403.7227
    94    6 C          0.2083      48.5345    1403.7008
    95    6 C          0.2074      48.5382    1403.8087
    96    6 C          0.2514      48.3313    1397.8245
    97    6 C          0.2482      48.3484    1398.3184
    98    6 C          0.2499      48.3396    1398.0648
    99    6 C          0.2480      48.3496    1398.3532
   100    6 C          0.2499      48.3396    1398.0648
   101    6 C          0.2480      48.3496    1398.3532
   102    6 C          0.2514      48.3313    1397.8245
   103    6 C          0.2482      48.3484    1398.3184
   104    6 C          0.1224      48.8046    1411.5134
   105    6 C          0.1224      48.8045    1411.5113
   106    6 C          0.1224      48.8044    1411.5085
   107    6 C          0.1227      48.8039    1411.4946
   108    6 C          0.1224      48.8044    1411.5085
   109    6 C          0.1227      48.8039    1411.4946
   110    6 C          0.1224      48.8046    1411.5134
   111    6 C          0.1224      48.8045    1411.5113
   112    6 C          0.2470      48.3547    1398.5022
   113    6 C          0.2365      48.4078    1400.0388
   114    6 C          0.2368      48.4063    1399.9948
   115    6 C          0.2414      48.3832    1399.3272
   116    6 C          0.2368      48.4063    1399.9948
   117    6 C          0.2414      48.3832    1399.3272
   118    6 C          0.2470      48.3547    1398.5022
   119    6 C          0.2365      48.4078    1400.0388
   120    6 C          0.2229      48.4715    1401.8809
   121    6 C          0.2193      48.4877    1402.3491
   122    6 C          0.2210      48.4803    1402.1335
   123    6 C          0.2201      48.4841    1402.2456
   124    6 C          0.2210      48.4803    1402.1335
   125    6 C          0.2201      48.4841    1402.2456
   126    6 C          0.2229      48.4715    1401.8809
   127    6 C          0.2193      48.4877    1402.3491
--------------------------------------------------------

Atom-resolved dispersion energies:
--------------------------------------------------
     #    Z           [Hartree]      [kcal/mol]
--------------------------------------------------
     1    3 Li  -0.46014097E-02     -2.88742819
     2    3 Li  -0.46997854E-02     -2.94915988
     3    3 Li  -0.45939184E-02     -2.88272729
     4    3 Li  -0.47042078E-02     -2.95193494
     5    3 Li  -0.33012728E-02     -2.07157998
     6    3 Li  -0.32754788E-02     -2.05539395
     7    3 Li  -0.29710494E-02     -1.86436167
     8    6 C   -0.12777896E-02     -0.80182509
     9    6 C   -0.12971914E-02     -0.81399992
    10    6 C   -0.12851225E-02     -0.80642652
    11    6 C   -0.12971204E-02     -0.81395535
    12    6 C   -0.12851225E-02     -0.80642652
    13    6 C   -0.12971204E-02     -0.81395535
    14    6 C   -0.12777896E-02     -0.80182509
    15    6 C   -0.12971914E-02     -0.81399992
    16    6 C   -0.13001743E-02     -0.81587166
    17    6 C   -0.14743305E-02     -0.92515637
    18    6 C   -0.14678212E-02     -0.92107173
    19    6 C   -0.14571178E-02     -0.91435522
    20    6 C   -0.14678212E-02     -0.92107173
    21    6 C   -0.14571178E-02     -0.91435522
    22    6 C   -0.13001743E-02     -0.81587166
    23    6 C   -0.14743305E-02     -0.92515637
    24    6 C   -0.12871030E-02     -0.80766933
    25    6 C   -0.12778361E-02     -0.80185424
    26    6 C   -0.12273721E-02     -0.77018763
    27    6 C   -0.12905122E-02     -0.80980861
    28    6 C   -0.12273721E-02     -0.77018763
    29    6 C   -0.12905122E-02     -0.80980861
    30    6 C   -0.12871030E-02     -0.80766933
    31    6 C   -0.12778361E-02     -0.80185424
    32    6 C   -0.13246000E-02     -0.83119907
    33    6 C   -0.13682140E-02     -0.85856726
    34    6 C   -0.13665851E-02     -0.85754507
    35    6 C   -0.13586715E-02     -0.85257927
    36    6 C   -0.13665851E-02     -0.85754507
    37    6 C   -0.13586715E-02     -0.85257927
    38    6 C   -0.13246000E-02     -0.83119907
    39    6 C   -0.13682140E-02     -0.85856726
    40    6 C   -0.12865579E-02     -0.80732727
    41    6 C   -0.13033091E-02     -0.81783879
    42    6 C   -0.12554264E-02     -0.78779194
    43    6 C   -0.13077848E-02     -0.82064733
    44    6 C   -0.12554264E-02     -0.78779194
    45    6 C   -0.13077848E-02     -0.82064733
    46    6 C   -0.12865579E-02     -0.80732727
    47    6 C   -0.13033091E-02     -0.81783879
    48    6 C   -0.15005743E-02     -0.94162459
    49    6 C   -0.15024893E-02     -0.94282626
    50    6 C   -0.14861397E-02     -0.93256674
    51    6 C   -0.15064553E-02     -0.94531497
    52    6 C   -0.14861397E-02     -0.93256674
    53    6 C   -0.15064553E-02     -0.94531497
    54    6 C   -0.15005743E-02     -0.94162459
    55    6 C   -0.15024893E-02     -0.94282626
    56    6 C   -0.12885529E-02     -0.80857918
    57    6 C   -0.13759317E-02     -0.86341020
    58    6 C   -0.13742993E-02     -0.86238586
    59    6 C   -0.13684121E-02     -0.85869153
    60    6 C   -0.13742993E-02     -0.86238586
    61    6 C   -0.13684121E-02     -0.85869153
    62    6 C   -0.12885529E-02     -0.80857918
    63    6 C   -0.13759317E-02     -0.86341020
    64    6 C   -0.14989970E-02     -0.94063480
    65    6 C   -0.14819783E-02     -0.92995542
    66    6 C   -0.11724566E-02     -0.73572765
    67    6 C   -0.15057964E-02     -0.94490149
    68    6 C   -0.11724566E-02     -0.73572765
    69    6 C   -0.15057964E-02     -0.94490149
    70    6 C   -0.14989970E-02     -0.94063480
    71    6 C   -0.14819783E-02     -0.92995542
    72    6 C   -0.14408663E-02     -0.90415725
    73    6 C   -0.14510472E-02     -0.91054589
    74    6 C   -0.14512203E-02     -0.91065447
    75    6 C   -0.14425028E-02     -0.90518418
    76    6 C   -0.15061551E-02     -0.94512659
    77    6 C   -0.15856527E-02     -0.99501208
    78    6 C   -0.15772014E-02     -0.98970882
    79    6 C   -0.15759812E-02     -0.98894310
    80    6 C   -0.15772014E-02     -0.98970882
    81    6 C   -0.15759812E-02     -0.98894310
    82    6 C   -0.15061551E-02     -0.94512659
    83    6 C   -0.15856527E-02     -0.99501208
    84    6 C   -0.15127917E-02     -0.94929112
    85    6 C   -0.15226882E-02     -0.95550125
    86    6 C   -0.14995760E-02     -0.94099817
    87    6 C   -0.15220670E-02     -0.95511146
    88    6 C   -0.14995760E-02     -0.94099817
    89    6 C   -0.15220670E-02     -0.95511146
    90    6 C   -0.15127917E-02     -0.94929112
    91    6 C   -0.15226882E-02     -0.95550125
    92    6 C   -0.16165887E-02     -1.01442471
    93    6 C   -0.16246914E-02     -1.01950924
    94    6 C   -0.16126117E-02     -1.01192910
    95    6 C   -0.16238384E-02     -1.01897399
    96    6 C   -0.12815000E-02     -0.80415339
    97    6 C   -0.13194351E-02     -0.82795800
    98    6 C   -0.13074168E-02     -0.82041643
    99    6 C   -0.13189491E-02     -0.82765303
   100    6 C   -0.13074168E-02     -0.82041643
   101    6 C   -0.13189491E-02     -0.82765303
   102    6 C   -0.12815000E-02     -0.80415339
   103    6 C   -0.13194351E-02     -0.82795800
   104    6 C   -0.15265653E-02     -0.95793420
   105    6 C   -0.15094300E-02     -0.94718165
   106    6 C   -0.15157675E-02     -0.95115848
   107    6 C   -0.15271219E-02     -0.95828348
   108    6 C   -0.15157675E-02     -0.95115848
   109    6 C   -0.15271219E-02     -0.95828348
   110    6 C   -0.15265653E-02     -0.95793420
   111    6 C   -0.15094300E-02     -0.94718165
   112    6 C   -0.11918477E-02     -0.74789571
   113    6 C   -0.12764707E-02     -0.80099744
   114    6 C   -0.12765960E-02     -0.80107611
   115    6 C   -0.12469280E-02     -0.78245916
   116    6 C   -0.12765960E-02     -0.80107611
   117    6 C   -0.12469280E-02     -0.78245916
   118    6 C   -0.11918477E-02     -0.74789571
   119    6 C   -0.12764707E-02     -0.80099744
   120    6 C   -0.14874453E-02     -0.93338603
   121    6 C   -0.15105824E-02     -0.94790479
   122    6 C   -0.15010566E-02     -0.94192727
   123    6 C   -0.15077026E-02     -0.94609770
   124    6 C   -0.15010566E-02     -0.94192727
   125    6 C   -0.15077026E-02     -0.94609770
   126    6 C   -0.14874453E-02     -0.93338603
   127    6 C   -0.15105824E-02     -0.94790479
--------------------------------------------------

Dispersion energy:      -1.9676979154522E-01 Eh

[Info] Dispersion energy written to .EDISP
