-----------------------------------
 s i m p l e   D F T - D 3  v1.2.1
-----------------------------------

Zero (Chai-Head-Gordon) damping: pbe-D3(0)
--------------------
  s6         1.0000
  s8         0.7220
  s9         0.0000
 rs6         1.2170
 rs8         1.0000
 alp        14.0000
--------------------

Atomic radii (in Angstrom):
-------------------------------------------
   Z          R(cov)     R(vdw)      r4/r2
-------------------------------------------
   3 Li       1.6000     1.7478     2.6564
   6 C        1.0000     1.4551     1.6431
-------------------------------------------

Atomic reference systems (in atomic units):
----------------------------------------------------------------------------
   Z        #      CN    C6(AA)   #      CN    C6(AA)   #      CN    C6(AA)
----------------------------------------------------------------------------
   3 Li     1  0.0000 1163.4454   2  0.9865   85.3197
   6 C      1  0.0000   49.1130   2  0.9868   43.2452   3  1.9985   29.3602
            4  2.9987   25.7809   5  3.9844   18.2067
----------------------------------------------------------------------------

Dispersion properties (in atomic units):
--------------------------------------------------------
     #    Z                CN       C6(AA)       C8(AA)
--------------------------------------------------------
     1    3 Li         0.0017    1128.0351   85276.3637
     2    3 Li         0.0018    1128.0277   85275.8072
     3    3 Li         0.0017    1128.0343   85276.3028
     4    3 Li         0.0018    1128.0256   85275.6486
     5    3 Li         0.0011    1128.2093   85289.5315
     6    3 Li         0.0011    1128.2131   85289.8240
     7    3 Li         0.0010    1128.2369   85291.6218
     8    6 C          0.0042      48.9877    1416.8081
     9    6 C          0.0042      48.9877    1416.8080
    10    6 C          0.0042      48.9876    1416.8079
    11    6 C          0.0042      48.9877    1416.8081
    12    6 C          0.0042      48.9876    1416.8079
    13    6 C          0.0042      48.9877    1416.8081
    14    6 C          0.0042      48.9877    1416.8081
    15    6 C          0.0042      48.9877    1416.8080
    16    6 C          0.0042      48.9877    1416.8099
    17    6 C          0.0041      48.9877    1416.8102
    18    6 C          0.0041      48.9877    1416.8106
    19    6 C          0.0041      48.9877    1416.8102
    20    6 C          0.0041      48.9877    1416.8106
    21    6 C          0.0041      48.9877    1416.8102
    22    6 C          0.0042      48.9877    1416.8099
    23    6 C          0.0041      48.9877    1416.8102
    24    6 C          0.0041      48.9878    1416.8123
    25    6 C          0.0041      48.9878    1416.8116
    26    6 C          0.0042      48.9877    1416.8089
    27    6 C          0.0041      48.9878    1416.8123
    28    6 C          0.0042      48.9877    1416.8089
    29    6 C          0.0041      48.9878    1416.8123
    30    6 C          0.0041      48.9878    1416.8123
    31    6 C          0.0041      48.9878    1416.8116
    32    6 C          0.0039      48.9880    1416.8178
    33    6 C          0.0038      48.9880    1416.8192
    34    6 C          0.0038      48.9880    1416.8191
    35    6 C          0.0038      48.9880    1416.8192
    36    6 C          0.0038      48.9880    1416.8191
    37    6 C          0.0038      48.9880    1416.8192
    38    6 C          0.0039      48.9880    1416.8178
    39    6 C          0.0038      48.9880    1416.8192
    40    6 C          0.0042      48.9877    1416.8090
    41    6 C          0.0042      48.9877    1416.8090
    42    6 C          0.0042      48.9877    1416.8082
    43    6 C          0.0042      48.9877    1416.8089
    44    6 C          0.0042      48.9877    1416.8082
    45    6 C          0.0042      48.9877    1416.8089
    46    6 C          0.0042      48.9877    1416.8090
    47    6 C          0.0042      48.9877    1416.8090
    48    6 C          0.0040      48.9879    1416.8152
    49    6 C          0.0040      48.9879    1416.8157
    50    6 C          0.0040      48.9879    1416.8148
    51    6 C          0.0040      48.9879    1416.8155
    52    6 C          0.0040      48.9879    1416.8148
    53    6 C          0.0040      48.9879    1416.8155
    54    6 C          0.0040      48.9879    1416.8152
    55    6 C          0.0040      48.9879    1416.8157
    56    6 C          0.0041      48.9878    1416.8121
    57    6 C          0.0040      48.9879    1416.8139
    58    6 C          0.0040      48.9878    1416.8137
    59    6 C          0.0040      48.9878    1416.8137
    60    6 C          0.0040      48.9878    1416.8137
    61    6 C          0.0040      48.9878    1416.8137
    62    6 C          0.0041      48.9878    1416.8121
    63    6 C          0.0040      48.9879    1416.8139
    64    6 C          0.0041      48.9878    1416.8118
    65    6 C          0.0041      48.9878    1416.8129
    66    6 C          0.0042      48.9877    1416.8099
    67    6 C          0.0041      48.9878    1416.8119
    68    6 C          0.0042      48.9877    1416.8099
    69    6 C          0.0041      48.9878    1416.8119
    70    6 C          0.0041      48.9878    1416.8118
    71    6 C          0.0041      48.9878    1416.8129
    72    6 C          0.0028      48.9890    1416.8472
    73    6 C          0.0028      48.9890    1416.8472
    74    6 C          0.0028      48.9890    1416.8470
    75    6 C          0.0028      48.9890    1416.8477
    76    6 C          0.0043      48.9876    1416.8068
    77    6 C          0.0043      48.9876    1416.8069
    78    6 C          0.0043      48.9876    1416.8072
    79    6 C          0.0043      48.9876    1416.8068
    80    6 C          0.0043      48.9876    1416.8072
    81    6 C          0.0043      48.9876    1416.8068
    82    6 C          0.0043      48.9876    1416.8068
    83    6 C          0.0043      48.9876    1416.8069
    84    6 C          0.0042      48.9877    1416.8092
    85    6 C          0.0042      48.9877    1416.8091
    86    6 C          0.0042      48.9877    1416.8083
    87    6 C          0.0042      48.9877    1416.8091
    88    6 C          0.0042      48.9877    1416.8083
    89    6 C          0.0042      48.9877    1416.8091
    90    6 C          0.0042      48.9877    1416.8092
    91    6 C          0.0042      48.9877    1416.8091
    92    6 C          0.0038      48.9881    1416.8197
    93    6 C          0.0038      48.9880    1416.8194
    94    6 C          0.0038      48.9880    1416.8195
    95    6 C          0.0038      48.9881    1416.8196
    96    6 C          0.0042      48.9876    1416.8076
    97    6 C          0.0042      48.9877    1416.8083
    98    6 C          0.0042      48.9876    1416.8079
    99    6 C          0.0042      48.9877    1416.8084
   100    6 C          0.0042      48.9876    1416.8079
   101    6 C          0.0042      48.9877    1416.8084
   102    6 C          0.0042      48.9876    1416.8076
   103    6 C          0.0042      48.9877    1416.8083
   104    6 C          0.0029      48.9890    1416.8462
   105    6 C          0.0028      48.9890    1416.8465
   106    6 C          0.0029      48.9890    1416.8464
   107    6 C          0.0029      48.9890    1416.8461
   108    6 C          0.0029      48.9890    1416.8464
   109    6 C          0.0029      48.9890    1416.8461
   110    6 C          0.0029      48.9890    1416.8462
   111    6 C          0.0028      48.9890    1416.8465
   112    6 C          0.0042      48.9877    1416.8092
   113    6 C          0.0041      48.9878    1416.8122
   114    6 C          0.0041      48.9878    1416.8122
   115    6 C          0.0041      48.9877    1416.8107
   116    6 C          0.0041      48.9878    1416.8122
   117    6 C          0.0041      48.9877    1416.8107
   118    6 C          0.0042      48.9877    1416.8092
   119    6 C          0.0041      48.9878    1416.8122
   120    6 C          0.0040      48.9879    1416.8145
   121    6 C          0.0040      48.9879    1416.8154
   122    6 C          0.0040      48.9879    1416.8150
   123    6 C          0.0040      48.9879    1416.8152
   124    6 C          0.0040      48.9879    1416.8150
   125    6 C          0.0040      48.9879    1416.8152
   126    6 C          0.0040      48.9879    1416.8145
   127    6 C          0.0040      48.9879    1416.8154
--------------------------------------------------------

Atom-resolved dispersion energies:
--------------------------------------------------
     #    Z           [Hartree]      [kcal/mol]
--------------------------------------------------
     1    3 Li  -0.66396419E-03     -0.41664382
     2    3 Li  -0.67614444E-03     -0.42428704
     3    3 Li  -0.66432863E-03     -0.41687251
     4    3 Li  -0.67894988E-03     -0.42604748
     5    3 Li  -0.39895075E-03     -0.25034537
     6    3 Li  -0.39281023E-03     -0.24649214
     7    3 Li  -0.34910881E-03     -0.21906909
     8    6 C   -0.59029754E-03     -0.37041730
     9    6 C   -0.59155755E-03     -0.37120797
    10    6 C   -0.59113429E-03     -0.37094237
    11    6 C   -0.59161826E-03     -0.37124606
    12    6 C   -0.59113429E-03     -0.37094237
    13    6 C   -0.59161826E-03     -0.37124606
    14    6 C   -0.59029754E-03     -0.37041730
    15    6 C   -0.59155755E-03     -0.37120797
    16    6 C   -0.59432530E-03     -0.37294475
    17    6 C   -0.61212949E-03     -0.38411706
    18    6 C   -0.61101410E-03     -0.38341713
    19    6 C   -0.60975304E-03     -0.38262581
    20    6 C   -0.61101410E-03     -0.38341713
    21    6 C   -0.60975304E-03     -0.38262581
    22    6 C   -0.59432530E-03     -0.37294475
    23    6 C   -0.61212949E-03     -0.38411706
    24    6 C   -0.58630010E-03     -0.36790887
    25    6 C   -0.58652020E-03     -0.36804698
    26    6 C   -0.58387306E-03     -0.36638588
    27    6 C   -0.58647643E-03     -0.36801951
    28    6 C   -0.58387306E-03     -0.36638588
    29    6 C   -0.58647643E-03     -0.36801951
    30    6 C   -0.58630010E-03     -0.36790887
    31    6 C   -0.58652020E-03     -0.36804698
    32    6 C   -0.58043022E-03     -0.36422546
    33    6 C   -0.58309857E-03     -0.36589988
    34    6 C   -0.58300664E-03     -0.36584219
    35    6 C   -0.58258883E-03     -0.36558001
    36    6 C   -0.58300664E-03     -0.36584219
    37    6 C   -0.58258883E-03     -0.36558001
    38    6 C   -0.58043022E-03     -0.36422546
    39    6 C   -0.58309857E-03     -0.36589988
    40    6 C   -0.59365806E-03     -0.37252606
    41    6 C   -0.59522358E-03     -0.37350843
    42    6 C   -0.59199783E-03     -0.37148425
    43    6 C   -0.59583690E-03     -0.37389330
    44    6 C   -0.59199783E-03     -0.37148425
    45    6 C   -0.59583690E-03     -0.37389330
    46    6 C   -0.59365806E-03     -0.37252606
    47    6 C   -0.59522358E-03     -0.37350843
    48    6 C   -0.60563062E-03     -0.38003895
    49    6 C   -0.60611274E-03     -0.38034148
    50    6 C   -0.60506626E-03     -0.37968481
    51    6 C   -0.60615622E-03     -0.38036877
    52    6 C   -0.60506626E-03     -0.37968481
    53    6 C   -0.60615622E-03     -0.38036877
    54    6 C   -0.60563062E-03     -0.38003895
    55    6 C   -0.60611274E-03     -0.38034148
    56    6 C   -0.58190621E-03     -0.36515166
    57    6 C   -0.58845150E-03     -0.36925889
    58    6 C   -0.58808353E-03     -0.36902799
    59    6 C   -0.58834872E-03     -0.36919439
    60    6 C   -0.58808353E-03     -0.36902799
    61    6 C   -0.58834872E-03     -0.36919439
    62    6 C   -0.58190621E-03     -0.36515166
    63    6 C   -0.58845150E-03     -0.36925889
    64    6 C   -0.64611684E-03     -0.40544444
    65    6 C   -0.63659816E-03     -0.39947137
    66    6 C   -0.58251330E-03     -0.36553261
    67    6 C   -0.64802932E-03     -0.40664454
    68    6 C   -0.58251330E-03     -0.36553261
    69    6 C   -0.64802932E-03     -0.40664454
    70    6 C   -0.64611684E-03     -0.40544444
    71    6 C   -0.63659816E-03     -0.39947137
    72    6 C   -0.65522133E-03     -0.41115759
    73    6 C   -0.65608707E-03     -0.41170085
    74    6 C   -0.65648278E-03     -0.41194916
    75    6 C   -0.65428199E-03     -0.41056815
    76    6 C   -0.64338534E-03     -0.40373040
    77    6 C   -0.65110805E-03     -0.40857647
    78    6 C   -0.64964269E-03     -0.40765694
    79    6 C   -0.64960055E-03     -0.40763050
    80    6 C   -0.64964269E-03     -0.40765694
    81    6 C   -0.64960055E-03     -0.40763050
    82    6 C   -0.64338534E-03     -0.40373040
    83    6 C   -0.65110805E-03     -0.40857647
    84    6 C   -0.64114044E-03     -0.40232170
    85    6 C   -0.64437602E-03     -0.40435206
    86    6 C   -0.64206856E-03     -0.40290410
    87    6 C   -0.64277204E-03     -0.40334554
    88    6 C   -0.64206856E-03     -0.40290410
    89    6 C   -0.64277204E-03     -0.40334554
    90    6 C   -0.64114044E-03     -0.40232170
    91    6 C   -0.64437602E-03     -0.40435206
    92    6 C   -0.63817613E-03     -0.40046157
    93    6 C   -0.64223085E-03     -0.40300594
    94    6 C   -0.64058777E-03     -0.40197490
    95    6 C   -0.64058840E-03     -0.40197529
    96    6 C   -0.58813893E-03     -0.36906275
    97    6 C   -0.59158774E-03     -0.37122691
    98    6 C   -0.59014271E-03     -0.37032014
    99    6 C   -0.59160334E-03     -0.37123670
   100    6 C   -0.59014271E-03     -0.37032014
   101    6 C   -0.59160334E-03     -0.37123670
   102    6 C   -0.58813893E-03     -0.36906275
   103    6 C   -0.59158774E-03     -0.37122691
   104    6 C   -0.67434527E-03     -0.42315804
   105    6 C   -0.67270765E-03     -0.42213042
   106    6 C   -0.67377328E-03     -0.42279912
   107    6 C   -0.67460652E-03     -0.42332198
   108    6 C   -0.67377328E-03     -0.42279912
   109    6 C   -0.67460652E-03     -0.42332198
   110    6 C   -0.67434527E-03     -0.42315804
   111    6 C   -0.67270765E-03     -0.42213042
   112    6 C   -0.58029631E-03     -0.36414143
   113    6 C   -0.58565625E-03     -0.36750485
   114    6 C   -0.58538093E-03     -0.36733208
   115    6 C   -0.58503903E-03     -0.36711753
   116    6 C   -0.58538093E-03     -0.36733208
   117    6 C   -0.58503903E-03     -0.36711753
   118    6 C   -0.58029631E-03     -0.36414143
   119    6 C   -0.58565625E-03     -0.36750485
   120    6 C   -0.63413927E-03     -0.39792840
   121    6 C   -0.63791174E-03     -0.40029566
   122    6 C   -0.63753026E-03     -0.40005628
   123    6 C   -0.63644295E-03     -0.39937398
   124    6 C   -0.63753026E-03     -0.40005628
   125    6 C   -0.63644295E-03     -0.39937398
   126    6 C   -0.63413927E-03     -0.39792840
   127    6 C   -0.63791174E-03     -0.40029566
--------------------------------------------------

Dispersion energy:      -7.7462411751419E-02 Eh

[Info] Dispersion energy written to .EDISP
