-----------------------------------
 s i m p l e   D F T - D 3  v1.2.1
-----------------------------------

Zero (Chai-Head-Gordon) damping: pbe-D3(0)
--------------------
  s6         1.0000
  s8         0.7220
  s9         0.0000
 rs6         1.2170
 rs8         1.0000
 alp        14.0000
--------------------

Atomic radii (in Angstrom):
-------------------------------------------
   Z          R(cov)     R(vdw)      r4/r2
-------------------------------------------
   3 Li       1.6000     1.7478     2.6564
   6 C        1.0000     1.4551     1.6431
-------------------------------------------

Atomic reference systems (in atomic units):
----------------------------------------------------------------------------
   Z        #      CN    C6(AA)   #      CN    C6(AA)   #      CN    C6(AA)
----------------------------------------------------------------------------
   3 Li     1  0.0000 1163.4454   2  0.9865   85.3197
   6 C      1  0.0000   49.1130   2  0.9868   43.2452   3  1.9985   29.3602
            4  2.9987   25.7809   5  3.9844   18.2067
----------------------------------------------------------------------------

Dispersion properties (in atomic units):
--------------------------------------------------------
     #    Z                CN       C6(AA)       C8(AA)
--------------------------------------------------------
     1    3 Li         0.1292    1071.1335   80974.7625
     2    3 Li         0.1311    1069.7896   80873.1622
     3    3 Li         0.1297    1070.7690   80947.2034
     4    3 Li         0.1326    1068.8127   80799.3136
     5    3 Li         0.0605    1108.0686   83766.9552
     6    3 Li         0.0579    1109.1338   83847.4810
     7    3 Li         0.0470    1113.4330   84172.4884
     8    6 C          1.1019      42.6692    1234.0673
     9    6 C          1.1005      42.6766    1234.2810
    10    6 C          1.1039      42.6588    1233.7667
    11    6 C          1.1000      42.6788    1234.3459
    12    6 C          1.1039      42.6588    1233.7667
    13    6 C          1.1000      42.6788    1234.3459
    14    6 C          1.1019      42.6692    1234.0673
    15    6 C          1.1005      42.6766    1234.2810
    16    6 C          1.0812      42.7699    1236.9788
    17    6 C          1.0673      42.8308    1238.7423
    18    6 C          1.0646      42.8421    1239.0678
    19    6 C          1.0681      42.8274    1238.6423
    20    6 C          1.0646      42.8421    1239.0678
    21    6 C          1.0681      42.8274    1238.6423
    22    6 C          1.0812      42.7699    1236.9788
    23    6 C          1.0673      42.8308    1238.7423
    24    6 C          1.0570      42.8732    1239.9669
    25    6 C          1.0660      42.8366    1238.9084
    26    6 C          1.0968      42.6955    1234.8294
    27    6 C          1.0562      42.8760    1240.0471
    28    6 C          1.0968      42.6955    1234.8294
    29    6 C          1.0562      42.8760    1240.0471
    30    6 C          1.0570      42.8732    1239.9669
    31    6 C          1.0660      42.8366    1238.9084
    32    6 C          0.9786      43.1310    1247.4247
    33    6 C          0.9599      43.1825    1248.9128
    34    6 C          0.9618      43.1775    1248.7671
    35    6 C          0.9626      43.1753    1248.7055
    36    6 C          0.9618      43.1775    1248.7671
    37    6 C          0.9626      43.1753    1248.7055
    38    6 C          0.9786      43.1310    1247.4247
    39    6 C          0.9599      43.1825    1248.9128
    40    6 C          1.0915      42.7214    1235.5778
    41    6 C          1.0888      42.7344    1235.9522
    42    6 C          1.1012      42.6731    1234.1809
    43    6 C          1.0907      42.7254    1235.6932
    44    6 C          1.1012      42.6731    1234.1809
    45    6 C          1.0907      42.7254    1235.6932
    46    6 C          1.0915      42.7214    1235.5778
    47    6 C          1.0888      42.7344    1235.9522
    48    6 C          1.0010      43.0660    1245.5431
    49    6 C          0.9961      43.0806    1245.9651
    50    6 C          1.0059      43.0508    1245.1040
    51    6 C          0.9968      43.0785    1245.9039
    52    6 C          1.0059      43.0508    1245.1040
    53    6 C          0.9968      43.0785    1245.9039
    54    6 C          1.0010      43.0660    1245.5431
    55    6 C          0.9961      43.0806    1245.9651
    56    6 C          1.0389      42.9412    1241.9327
    57    6 C          1.0154      43.0210    1244.2435
    58    6 C          1.0158      43.0196    1244.2018
    59    6 C          1.0185      43.0111    1243.9550
    60    6 C          1.0158      43.0196    1244.2018
    61    6 C          1.0185      43.0111    1243.9550
    62    6 C          1.0389      42.9412    1241.9327
    63    6 C          1.0154      43.0210    1244.2435
    64    6 C          1.0402      42.9367    1241.8029
    65    6 C          1.0301      42.9722    1242.8316
    66    6 C          1.0891      42.7329    1235.9096
    67    6 C          1.0376      42.9458    1242.0680
    68    6 C          1.0891      42.7329    1235.9096
    69    6 C          1.0376      42.9458    1242.0680
    70    6 C          1.0402      42.9367    1241.8029
    71    6 C          1.0301      42.9722    1242.8316
    72    6 C          0.5908      45.0477    1302.8580
    73    6 C          0.5886      45.0697    1303.4932
    74    6 C          0.5912      45.0432    1302.7272
    75    6 C          0.5849      45.1072    1304.5777
    76    6 C          1.0925      42.7164    1235.4334
    77    6 C          1.0875      42.7407    1236.1363
    78    6 C          1.0866      42.7449    1236.2577
    79    6 C          1.0894      42.7318    1235.8776
    80    6 C          1.0866      42.7449    1236.2577
    81    6 C          1.0894      42.7318    1235.8776
    82    6 C          1.0925      42.7164    1235.4334
    83    6 C          1.0875      42.7407    1236.1363
    84    6 C          1.0707      42.8166    1238.3303
    85    6 C          1.0716      42.8128    1238.2200
    86    6 C          1.0818      42.7674    1236.9076
    87    6 C          1.0715      42.8129    1238.2240
    88    6 C          1.0818      42.7674    1236.9076
    89    6 C          1.0715      42.8129    1238.2240
    90    6 C          1.0707      42.8166    1238.3303
    91    6 C          1.0716      42.8128    1238.2200
    92    6 C          0.9427      43.2285    1250.2433
    93    6 C          0.9443      43.2242    1250.1183
    94    6 C          0.9448      43.2229    1250.0801
    95    6 C          0.9419      43.2306    1250.3032
    96    6 C          1.0946      42.7065    1235.1471
    97    6 C          1.0862      42.7469    1236.3146
    98    6 C          1.0891      42.7331    1235.9159
    99    6 C          1.0855      42.7503    1236.4115
   100    6 C          1.0891      42.7331    1235.9159
   101    6 C          1.0855      42.7503    1236.4115
   102    6 C          1.0946      42.7065    1235.1471
   103    6 C          1.0862      42.7469    1236.3146
   104    6 C          0.5923      45.0325    1302.4191
   105    6 C          0.5924      45.0317    1302.3937
   106    6 C          0.5928      45.0272    1302.2635
   107    6 C          0.5936      45.0192    1302.0339
   108    6 C          0.5928      45.0272    1302.2635
   109    6 C          0.5936      45.0192    1302.0339
   110    6 C          0.5923      45.0325    1302.4191
   111    6 C          0.5924      45.0317    1302.3937
   112    6 C          1.0915      42.7215    1235.5794
   113    6 C          1.0549      42.8812    1240.1980
   114    6 C          1.0545      42.8827    1240.2419
   115    6 C          1.0751      42.7975    1237.7777
   116    6 C          1.0545      42.8827    1240.2419
   117    6 C          1.0751      42.7975    1237.7777
   118    6 C          1.0915      42.7215    1235.5794
   119    6 C          1.0549      42.8812    1240.1980
   120    6 C          1.0086      43.0424    1244.8618
   121    6 C          0.9977      43.0759    1245.8297
   122    6 C          1.0039      43.0569    1245.2815
   123    6 C          1.0003      43.0681    1245.6038
   124    6 C          1.0039      43.0569    1245.2815
   125    6 C          1.0003      43.0681    1245.6038
   126    6 C          1.0086      43.0424    1244.8618
   127    6 C          0.9977      43.0759    1245.8297
--------------------------------------------------------

Atom-resolved dispersion energies:
--------------------------------------------------
     #    Z           [Hartree]      [kcal/mol]
--------------------------------------------------
     1    3 Li  -0.68491324E-02     -4.29789548
     2    3 Li  -0.70399378E-02     -4.41762768
     3    3 Li  -0.68212602E-02     -4.28040538
     4    3 Li  -0.70293515E-02     -4.41098467
     5    3 Li  -0.58431936E-02     -3.66665936
     6    3 Li  -0.58197997E-02     -3.65197947
     7    3 Li  -0.53154258E-02     -3.33548007
     8    6 C   -0.18337986E-02     -1.15072598
     9    6 C   -0.18799351E-02     -1.17967711
    10    6 C   -0.18516878E-02     -1.16195163
    11    6 C   -0.18785762E-02     -1.17882434
    12    6 C   -0.18516878E-02     -1.16195163
    13    6 C   -0.18785762E-02     -1.17882434
    14    6 C   -0.18337986E-02     -1.15072598
    15    6 C   -0.18799351E-02     -1.17967711
    16    6 C   -0.18564978E-02     -1.16496996
    17    6 C   -0.21132913E-02     -1.32611031
    18    6 C   -0.21013124E-02     -1.31859341
    19    6 C   -0.20971176E-02     -1.31596119
    20    6 C   -0.21013124E-02     -1.31859341
    21    6 C   -0.20971176E-02     -1.31596119
    22    6 C   -0.18564978E-02     -1.16496996
    23    6 C   -0.21132913E-02     -1.32611031
    24    6 C   -0.19029247E-02     -1.19410329
    25    6 C   -0.18801879E-02     -1.17983574
    26    6 C   -0.17792495E-02     -1.11649589
    27    6 C   -0.19104212E-02     -1.19880742
    28    6 C   -0.17792495E-02     -1.11649589
    29    6 C   -0.19104212E-02     -1.19880742
    30    6 C   -0.19029247E-02     -1.19410329
    31    6 C   -0.18801879E-02     -1.17983574
    32    6 C   -0.18644720E-02     -1.16997385
    33    6 C   -0.19570997E-02     -1.22809860
    34    6 C   -0.19529171E-02     -1.22547397
    35    6 C   -0.19363498E-02     -1.21507783
    36    6 C   -0.19529171E-02     -1.22547397
    37    6 C   -0.19363498E-02     -1.21507783
    38    6 C   -0.18644720E-02     -1.16997385
    39    6 C   -0.19570997E-02     -1.22809860
    40    6 C   -0.18423725E-02     -1.15610622
    41    6 C   -0.18794297E-02     -1.17935994
    42    6 C   -0.17765580E-02     -1.11480696
    43    6 C   -0.18868817E-02     -1.18403615
    44    6 C   -0.17765580E-02     -1.11480696
    45    6 C   -0.18868817E-02     -1.18403615
    46    6 C   -0.18423725E-02     -1.15610622
    47    6 C   -0.18794297E-02     -1.17935994
    48    6 C   -0.21236562E-02     -1.33261441
    49    6 C   -0.21215321E-02     -1.33128150
    50    6 C   -0.20848742E-02     -1.30827832
    51    6 C   -0.21342335E-02     -1.33925174
    52    6 C   -0.20848742E-02     -1.30827832
    53    6 C   -0.21342335E-02     -1.33925174
    54    6 C   -0.21236562E-02     -1.33261441
    55    6 C   -0.21215321E-02     -1.33128150
    56    6 C   -0.18237830E-02     -1.14444114
    57    6 C   -0.19896841E-02     -1.24854561
    58    6 C   -0.19854968E-02     -1.24591808
    59    6 C   -0.19699959E-02     -1.23619111
    60    6 C   -0.19854968E-02     -1.24591808
    61    6 C   -0.19699959E-02     -1.23619111
    62    6 C   -0.18237830E-02     -1.14444114
    63    6 C   -0.19896841E-02     -1.24854561
    64    6 C   -0.19437561E-02     -1.21972534
    65    6 C   -0.19674143E-02     -1.23457112
    66    6 C   -0.16333993E-02     -1.02497352
    67    6 C   -0.19476252E-02     -1.22215328
    68    6 C   -0.16333993E-02     -1.02497352
    69    6 C   -0.19476252E-02     -1.22215328
    70    6 C   -0.19437561E-02     -1.21972534
    71    6 C   -0.19674143E-02     -1.23457112
    72    6 C   -0.19945041E-02     -1.25157021
    73    6 C   -0.20182506E-02     -1.26647136
    74    6 C   -0.20183104E-02     -1.26650891
    75    6 C   -0.19988478E-02     -1.25429593
    76    6 C   -0.19966519E-02     -1.25291796
    77    6 C   -0.21501628E-02     -1.34924750
    78    6 C   -0.21368278E-02     -1.34087967
    79    6 C   -0.21392879E-02     -1.34242341
    80    6 C   -0.21368278E-02     -1.34087967
    81    6 C   -0.21392879E-02     -1.34242341
    82    6 C   -0.19966519E-02     -1.25291796
    83    6 C   -0.21501628E-02     -1.34924750
    84    6 C   -0.20471605E-02     -1.28461261
    85    6 C   -0.20524792E-02     -1.28795013
    86    6 C   -0.20086075E-02     -1.26042025
    87    6 C   -0.20625991E-02     -1.29430045
    88    6 C   -0.20086075E-02     -1.26042025
    89    6 C   -0.20625991E-02     -1.29430045
    90    6 C   -0.20471605E-02     -1.28461261
    91    6 C   -0.20524792E-02     -1.28795013
    92    6 C   -0.21698587E-02     -1.36160687
    93    6 C   -0.21615529E-02     -1.35639494
    94    6 C   -0.21390408E-02     -1.34226837
    95    6 C   -0.21745664E-02     -1.36456104
    96    6 C   -0.18508945E-02     -1.16145382
    97    6 C   -0.19322050E-02     -1.21247692
    98    6 C   -0.19058152E-02     -1.19591712
    99    6 C   -0.19302881E-02     -1.21127409
   100    6 C   -0.19058152E-02     -1.19591712
   101    6 C   -0.19302881E-02     -1.21127409
   102    6 C   -0.18508945E-02     -1.16145382
   103    6 C   -0.19322050E-02     -1.21247692
   104    6 C   -0.21093970E-02     -1.32366661
   105    6 C   -0.20721391E-02     -1.30028692
   106    6 C   -0.20860402E-02     -1.30900999
   107    6 C   -0.21102873E-02     -1.32422528
   108    6 C   -0.20860402E-02     -1.30900999
   109    6 C   -0.21102873E-02     -1.32422528
   110    6 C   -0.21093970E-02     -1.32366661
   111    6 C   -0.20721391E-02     -1.30028692
   112    6 C   -0.16926289E-02     -1.06214069
   113    6 C   -0.18555829E-02     -1.16439587
   114    6 C   -0.18549965E-02     -1.16402791
   115    6 C   -0.17877025E-02     -1.12180025
   116    6 C   -0.18549965E-02     -1.16402791
   117    6 C   -0.17877025E-02     -1.12180025
   118    6 C   -0.16926289E-02     -1.06214069
   119    6 C   -0.18555829E-02     -1.16439587
   120    6 C   -0.19806169E-02     -1.24285585
   121    6 C   -0.20154706E-02     -1.26472688
   122    6 C   -0.19945367E-02     -1.25159069
   123    6 C   -0.20192963E-02     -1.26712754
   124    6 C   -0.19945367E-02     -1.25159069
   125    6 C   -0.20192963E-02     -1.26712754
   126    6 C   -0.19806169E-02     -1.24285585
   127    6 C   -0.20154706E-02     -1.26472688
--------------------------------------------------

Dispersion energy:      -2.8078944423361E-01 Eh

[Info] Dispersion energy written to .EDISP
