-----------------------------------
 s i m p l e   D F T - D 3  v1.2.1
-----------------------------------

Zero (Chai-Head-Gordon) damping: pbe-D3(0)
--------------------
  s6         1.0000
  s8         0.7220
  s9         0.0000
 rs6         1.2170
 rs8         1.0000
 alp        14.0000
--------------------

Atomic radii (in Angstrom):
-------------------------------------------
   Z          R(cov)     R(vdw)      r4/r2
-------------------------------------------
   3 Li       1.6000     1.7478     2.6564
  52 Te       1.6400     1.9450     3.0782
-------------------------------------------

Atomic reference systems (in atomic units):
----------------------------------------------------------------------------
   Z        #      CN    C6(AA)   #      CN    C6(AA)   #      CN    C6(AA)
----------------------------------------------------------------------------
   3 Li     1  0.0000 1163.4454   2  0.9865   85.3197
  52 Te     1  0.0000  425.5355   2  0.9811  425.1015   3  1.9639  418.5789
----------------------------------------------------------------------------

Dispersion properties (in atomic units):
--------------------------------------------------------
     #    Z                CN       C6(AA)       C8(AA)
--------------------------------------------------------
     1    3 Li         0.0025    1127.8140   85259.6496
     2    3 Li         0.0025    1127.8153   85259.7458
     3    3 Li         0.0025    1127.8110   85259.4265
     4    3 Li         0.0025    1127.8136   85259.6245
     5    3 Li         0.0026    1127.8058   85259.0285
     6    3 Li         0.0026    1127.8083   85259.2229
     7    3 Li         0.0026    1127.8068   85259.1090
     8    3 Li         0.0026    1127.8091   85259.2791
     9    3 Li         0.0026    1127.8067   85259.0979
    10    3 Li         0.0026    1127.8098   85259.3319
    11    3 Li         0.0025    1127.8262   85260.5716
    12    3 Li         0.0025    1127.8274   85260.6664
    13   52 Te         0.0029     425.5261   43194.2225
    14   52 Te         0.0029     425.5261   43194.2225
    15   52 Te         0.0029     425.5261   43194.2225
    16   52 Te         0.0029     425.5261   43194.2224
    17   52 Te         0.0029     425.5261   43194.2224
    18   52 Te         0.0029     425.5261   43194.2224
    19   52 Te         0.0029     425.5261   43194.2225
    20   52 Te         0.0029     425.5261   43194.2225
    21   52 Te         0.0029     425.5261   43194.2225
    22   52 Te         0.0029     425.5261   43194.2224
    23   52 Te         0.0029     425.5261   43194.2224
    24   52 Te         0.0029     425.5261   43194.2224
    25   52 Te         0.0030     425.5261   43194.2220
    26   52 Te         0.0030     425.5261   43194.2220
    27   52 Te         0.0030     425.5261   43194.2220
    28   52 Te         0.0030     425.5261   43194.2220
    29   52 Te         0.0030     425.5261   43194.2220
    30   52 Te         0.0030     425.5261   43194.2220
    31   52 Te         0.0030     425.5261   43194.2220
    32   52 Te         0.0030     425.5261   43194.2220
    33   52 Te         0.0030     425.5261   43194.2220
    34   52 Te         0.0030     425.5261   43194.2220
    35   52 Te         0.0030     425.5261   43194.2220
    36   52 Te         0.0030     425.5261   43194.2220
    37   52 Te         0.0030     425.5261   43194.2216
    38   52 Te         0.0030     425.5261   43194.2216
    39   52 Te         0.0030     425.5261   43194.2216
    40   52 Te         0.0030     425.5261   43194.2217
    41   52 Te         0.0030     425.5261   43194.2217
    42   52 Te         0.0030     425.5261   43194.2217
    43   52 Te         0.0029     425.5261   43194.2225
    44   52 Te         0.0029     425.5261   43194.2225
    45   52 Te         0.0029     425.5261   43194.2225
    46   52 Te         0.0029     425.5261   43194.2227
    47   52 Te         0.0029     425.5261   43194.2226
    48   52 Te         0.0029     425.5261   43194.2226
--------------------------------------------------------

Atom-resolved dispersion energies:
--------------------------------------------------
     #    Z           [Hartree]      [kcal/mol]
--------------------------------------------------
     1    3 Li  -0.86613405E-03     -0.54350732
     2    3 Li  -0.86463632E-03     -0.54256748
     3    3 Li  -0.86878364E-03     -0.54516996
     4    3 Li  -0.86625706E-03     -0.54358451
     5    3 Li  -0.87533522E-03     -0.54928114
     6    3 Li  -0.87266174E-03     -0.54760351
     7    3 Li  -0.87409417E-03     -0.54850237
     8    3 Li  -0.87164399E-03     -0.54696486
     9    3 Li  -0.87447339E-03     -0.54874034
    10    3 Li  -0.87150854E-03     -0.54687987
    11    3 Li  -0.85869405E-03     -0.53883865
    12    3 Li  -0.85705432E-03     -0.53780971
    13   52 Te  -0.76344681E-03     -0.47907010
    14   52 Te  -0.76334675E-03     -0.47900732
    15   52 Te  -0.76333935E-03     -0.47900267
    16   52 Te  -0.76490239E-03     -0.47998350
    17   52 Te  -0.76486101E-03     -0.47995753
    18   52 Te  -0.76496723E-03     -0.48002418
    19   52 Te  -0.76443924E-03     -0.47969286
    20   52 Te  -0.76442880E-03     -0.47968632
    21   52 Te  -0.76438419E-03     -0.47965832
    22   52 Te  -0.76584447E-03     -0.48057466
    23   52 Te  -0.76580861E-03     -0.48055216
    24   52 Te  -0.76591824E-03     -0.48062095
    25   52 Te  -0.74954517E-03     -0.47034669
    26   52 Te  -0.74973917E-03     -0.47046843
    27   52 Te  -0.74978906E-03     -0.47049974
    28   52 Te  -0.75254779E-03     -0.47223087
    29   52 Te  -0.75248898E-03     -0.47219396
    30   52 Te  -0.75235738E-03     -0.47211139
    31   52 Te  -0.75075963E-03     -0.47110878
    32   52 Te  -0.75068154E-03     -0.47105978
    33   52 Te  -0.75101732E-03     -0.47127048
    34   52 Te  -0.75252665E-03     -0.47221760
    35   52 Te  -0.75212592E-03     -0.47196614
    36   52 Te  -0.75241804E-03     -0.47214945
    37   52 Te  -0.74876474E-03     -0.46985697
    38   52 Te  -0.74868350E-03     -0.46980599
    39   52 Te  -0.74869471E-03     -0.46981302
    40   52 Te  -0.74725286E-03     -0.46890825
    41   52 Te  -0.74708607E-03     -0.46880359
    42   52 Te  -0.74718291E-03     -0.46886436
    43   52 Te  -0.77616939E-03     -0.48705365
    44   52 Te  -0.77633830E-03     -0.48715964
    45   52 Te  -0.77621846E-03     -0.48708444
    46   52 Te  -0.77342841E-03     -0.48533365
    47   52 Te  -0.77370457E-03     -0.48550695
    48   52 Te  -0.77362709E-03     -0.48545833
--------------------------------------------------

Dispersion energy:      -3.7750111232252E-02 Eh

[Info] Dispersion energy written to .EDISP
