-----------------------------------
 s i m p l e   D F T - D 3  v1.2.1
-----------------------------------

Zero (Chai-Head-Gordon) damping: pbe-D3(0)
--------------------
  s6         1.0000
  s8         0.7220
  s9         0.0000
 rs6         1.2170
 rs8         1.0000
 alp        14.0000
--------------------

Atomic radii (in Angstrom):
-------------------------------------------
   Z          R(cov)     R(vdw)      r4/r2
-------------------------------------------
  30 Zn       1.4533     1.6155     2.6978
  35 Br       1.5200     1.6831     2.4294
-------------------------------------------

Atomic reference systems (in atomic units):
----------------------------------------------------------------------------
   Z        #      CN    C6(AA)   #      CN    C6(AA)   #      CN    C6(AA)
----------------------------------------------------------------------------
  30 Zn     1  0.0000  340.5213   2  1.9419  153.4528
  35 Br     1  0.0000  167.1297   2  0.9974  169.2375
----------------------------------------------------------------------------

Dispersion properties (in atomic units):
--------------------------------------------------------
     #    Z                CN       C6(AA)       C8(AA)
--------------------------------------------------------
     1   30 Zn         4.3622     153.4528   11965.3374
     2   30 Zn         4.3617     153.4528   11965.3374
     3   30 Zn         4.3635     153.4528   11965.3374
     4   30 Zn         4.3617     153.4528   11965.3374
     5   30 Zn         4.3622     153.4528   11965.3374
     6   30 Zn         4.3617     153.4528   11965.3374
     7   30 Zn         4.3635     153.4528   11965.3374
     8   30 Zn         4.3680     153.4528   11965.3374
     9   30 Zn         4.3635     153.4528   11965.3374
    10   30 Zn         4.3680     153.4528   11965.3374
    11   30 Zn         4.3622     153.4528   11965.3374
    12   30 Zn         4.3680     153.4528   11965.3374
    13   30 Zn         4.3617     153.4528   11965.3374
    14   30 Zn         4.3635     153.4528   11965.3374
    15   30 Zn         4.3680     153.4528   11965.3374
    16   30 Zn         4.3622     153.4528   11965.3374
    17   35 Br         2.9400     169.2375   10700.7162
    18   35 Br         2.9289     169.2375   10700.7162
    19   35 Br         2.9337     169.2375   10700.7162
    20   35 Br         2.8699     169.2375   10700.7162
    21   35 Br         2.9328     169.2375   10700.7162
    22   35 Br         2.9289     169.2375   10700.7162
    23   35 Br         2.9337     169.2375   10700.7162
    24   35 Br         2.8699     169.2375   10700.7162
    25   35 Br         2.9337     169.2375   10700.7162
    26   35 Br         2.9261     169.2375   10700.7162
    27   35 Br         2.8699     169.2375   10700.7162
    28   35 Br         2.9495     169.2375   10700.7162
    29   35 Br         2.9289     169.2375   10700.7162
    30   35 Br         2.9400     169.2375   10700.7162
    31   35 Br         2.8699     169.2375   10700.7162
    32   35 Br         2.9269     169.2375   10700.7162
    33   35 Br         2.9495     169.2375   10700.7162
    34   35 Br         2.9400     169.2375   10700.7162
    35   35 Br         2.9261     169.2375   10700.7162
    36   35 Br         2.9328     169.2375   10700.7162
    37   35 Br         2.8686     169.2375   10700.7162
    38   35 Br         2.9261     169.2375   10700.7162
    39   35 Br         2.9289     169.2375   10700.7162
    40   35 Br         2.9328     169.2375   10700.7162
    41   35 Br         2.8685     169.2375   10700.7162
    42   35 Br         2.9337     169.2375   10700.7162
    43   35 Br         2.9400     169.2375   10700.7162
    44   35 Br         2.8685     169.2375   10700.7162
    45   35 Br         2.9328     169.2375   10700.7162
    46   35 Br         2.9269     169.2375   10700.7162
    47   35 Br         2.8686     169.2375   10700.7162
    48   35 Br         2.9261     169.2375   10700.7162
--------------------------------------------------------

Atom-resolved dispersion energies:
--------------------------------------------------
     #    Z           [Hartree]      [kcal/mol]
--------------------------------------------------
     1   30 Zn  -0.84603019E-02     -5.30891960
     2   30 Zn  -0.84429195E-02     -5.29801200
     3   30 Zn  -0.84637301E-02     -5.31107079
     4   30 Zn  -0.84429166E-02     -5.29801017
     5   30 Zn  -0.84603013E-02     -5.30891924
     6   30 Zn  -0.84429195E-02     -5.29801200
     7   30 Zn  -0.84637301E-02     -5.31107079
     8   30 Zn  -0.84585370E-02     -5.30781208
     9   30 Zn  -0.84637286E-02     -5.31106986
    10   30 Zn  -0.84585370E-02     -5.30781208
    11   30 Zn  -0.84603019E-02     -5.30891960
    12   30 Zn  -0.84585305E-02     -5.30780802
    13   30 Zn  -0.84429166E-02     -5.29801017
    14   30 Zn  -0.84637286E-02     -5.31106986
    15   30 Zn  -0.84585305E-02     -5.30780802
    16   30 Zn  -0.84603013E-02     -5.30891924
    17   35 Br  -0.85038602E-02     -5.33625286
    18   35 Br  -0.85791008E-02     -5.38346705
    19   35 Br  -0.85922215E-02     -5.39170038
    20   35 Br  -0.86123668E-02     -5.40434177
    21   35 Br  -0.85883006E-02     -5.38924000
    22   35 Br  -0.85791008E-02     -5.38346705
    23   35 Br  -0.85922204E-02     -5.39169971
    24   35 Br  -0.86123689E-02     -5.40434307
    25   35 Br  -0.85922215E-02     -5.39170038
    26   35 Br  -0.85834155E-02     -5.38617454
    27   35 Br  -0.86123668E-02     -5.40434177
    28   35 Br  -0.84975761E-02     -5.33230948
    29   35 Br  -0.85790966E-02     -5.38346443
    30   35 Br  -0.85038667E-02     -5.33625690
    31   35 Br  -0.86123689E-02     -5.40434307
    32   35 Br  -0.84993039E-02     -5.33339371
    33   35 Br  -0.84975761E-02     -5.33230948
    34   35 Br  -0.85038602E-02     -5.33625286
    35   35 Br  -0.85834155E-02     -5.38617454
    36   35 Br  -0.85882988E-02     -5.38923885
    37   35 Br  -0.86066496E-02     -5.40075414
    38   35 Br  -0.85834250E-02     -5.38618049
    39   35 Br  -0.85790966E-02     -5.38346443
    40   35 Br  -0.85882988E-02     -5.38923885
    41   35 Br  -0.86066483E-02     -5.40075332
    42   35 Br  -0.85922204E-02     -5.39169971
    43   35 Br  -0.85038667E-02     -5.33625690
    44   35 Br  -0.86066483E-02     -5.40075332
    45   35 Br  -0.85883006E-02     -5.38924000
    46   35 Br  -0.84993039E-02     -5.33339371
    47   35 Br  -0.86066496E-02     -5.40075414
    48   35 Br  -0.85834250E-02     -5.38618049
--------------------------------------------------

Dispersion energy:      -4.0955937014050E-01 Eh

[Info] Dispersion energy written to .EDISP
