-----------------------------------
 s i m p l e   D F T - D 3  v1.2.1
-----------------------------------

Zero (Chai-Head-Gordon) damping: pbe-D3(0)
--------------------
  s6         1.0000
  s8         0.7220
  s9         0.0000
 rs6         1.2170
 rs8         1.0000
 alp        14.0000
--------------------

Atomic radii (in Angstrom):
-------------------------------------------
   Z          R(cov)     R(vdw)      r4/r2
-------------------------------------------
  30 Zn       1.4533     1.6155     2.6978
  35 Br       1.5200     1.6831     2.4294
-------------------------------------------

Atomic reference systems (in atomic units):
----------------------------------------------------------------------------
   Z        #      CN    C6(AA)   #      CN    C6(AA)   #      CN    C6(AA)
----------------------------------------------------------------------------
  30 Zn     1  0.0000  340.5213   2  1.9419  153.4528
  35 Br     1  0.0000  167.1297   2  0.9974  169.2375
----------------------------------------------------------------------------

Dispersion properties (in atomic units):
--------------------------------------------------------
     #    Z                CN       C6(AA)       C8(AA)
--------------------------------------------------------
     1   30 Zn         0.0678     340.5211   26551.8126
     2   30 Zn         0.0677     340.5211   26551.8126
     3   30 Zn         0.0678     340.5211   26551.8126
     4   30 Zn         0.0677     340.5211   26551.8126
     5   30 Zn         0.0678     340.5211   26551.8126
     6   30 Zn         0.0677     340.5211   26551.8126
     7   30 Zn         0.0678     340.5211   26551.8126
     8   30 Zn         0.0679     340.5211   26551.8126
     9   30 Zn         0.0678     340.5211   26551.8126
    10   30 Zn         0.0679     340.5211   26551.8126
    11   30 Zn         0.0678     340.5211   26551.8126
    12   30 Zn         0.0679     340.5211   26551.8126
    13   30 Zn         0.0677     340.5211   26551.8126
    14   30 Zn         0.0678     340.5211   26551.8126
    15   30 Zn         0.0679     340.5211   26551.8126
    16   30 Zn         0.0678     340.5211   26551.8126
    17   35 Br         0.0355     167.1806   10570.6579
    18   35 Br         0.0360     167.1807   10570.6682
    19   35 Br         0.0359     167.1807   10570.6672
    20   35 Br         0.0361     167.1808   10570.6722
    21   35 Br         0.0361     167.1808   10570.6730
    22   35 Br         0.0360     167.1807   10570.6682
    23   35 Br         0.0359     167.1807   10570.6672
    24   35 Br         0.0361     167.1808   10570.6722
    25   35 Br         0.0359     167.1807   10570.6672
    26   35 Br         0.0360     167.1807   10570.6699
    27   35 Br         0.0361     167.1808   10570.6722
    28   35 Br         0.0354     167.1805   10570.6544
    29   35 Br         0.0360     167.1807   10570.6682
    30   35 Br         0.0355     167.1806   10570.6579
    31   35 Br         0.0361     167.1808   10570.6722
    32   35 Br         0.0353     167.1805   10570.6520
    33   35 Br         0.0354     167.1805   10570.6544
    34   35 Br         0.0355     167.1806   10570.6579
    35   35 Br         0.0360     167.1807   10570.6699
    36   35 Br         0.0361     167.1808   10570.6730
    37   35 Br         0.0361     167.1808   10570.6722
    38   35 Br         0.0360     167.1807   10570.6698
    39   35 Br         0.0360     167.1807   10570.6682
    40   35 Br         0.0361     167.1808   10570.6730
    41   35 Br         0.0361     167.1808   10570.6722
    42   35 Br         0.0359     167.1807   10570.6672
    43   35 Br         0.0355     167.1806   10570.6579
    44   35 Br         0.0361     167.1808   10570.6722
    45   35 Br         0.0361     167.1808   10570.6730
    46   35 Br         0.0353     167.1805   10570.6520
    47   35 Br         0.0361     167.1808   10570.6722
    48   35 Br         0.0360     167.1807   10570.6698
--------------------------------------------------------

Atom-resolved dispersion energies:
--------------------------------------------------
     #    Z           [Hartree]      [kcal/mol]
--------------------------------------------------
     1   30 Zn  -0.24365863E-02     -1.52898097
     2   30 Zn  -0.24350062E-02     -1.52798949
     3   30 Zn  -0.24375658E-02     -1.52959566
     4   30 Zn  -0.24350031E-02     -1.52798754
     5   30 Zn  -0.24365831E-02     -1.52897900
     6   30 Zn  -0.24350062E-02     -1.52798949
     7   30 Zn  -0.24375658E-02     -1.52959566
     8   30 Zn  -0.24405979E-02     -1.53149830
     9   30 Zn  -0.24375619E-02     -1.52959318
    10   30 Zn  -0.24405979E-02     -1.53149830
    11   30 Zn  -0.24365863E-02     -1.52898097
    12   30 Zn  -0.24405919E-02     -1.53149452
    13   30 Zn  -0.24350031E-02     -1.52798754
    14   30 Zn  -0.24375619E-02     -1.52959318
    15   30 Zn  -0.24405919E-02     -1.53149452
    16   30 Zn  -0.24365831E-02     -1.52897900
    17   35 Br  -0.13987972E-02     -0.87775851
    18   35 Br  -0.14124062E-02     -0.88629826
    19   35 Br  -0.14139265E-02     -0.88725227
    20   35 Br  -0.14025319E-02     -0.88010208
    21   35 Br  -0.14153044E-02     -0.88811691
    22   35 Br  -0.14124062E-02     -0.88629826
    23   35 Br  -0.14139309E-02     -0.88725502
    24   35 Br  -0.14025277E-02     -0.88009940
    25   35 Br  -0.14139265E-02     -0.88725227
    26   35 Br  -0.14128718E-02     -0.88659043
    27   35 Br  -0.14025319E-02     -0.88010208
    28   35 Br  -0.13993171E-02     -0.87808473
    29   35 Br  -0.14124053E-02     -0.88629773
    30   35 Br  -0.13987998E-02     -0.87776014
    31   35 Br  -0.14025277E-02     -0.88009940
    32   35 Br  -0.13943220E-02     -0.87495024
    33   35 Br  -0.13993171E-02     -0.87808473
    34   35 Br  -0.13987972E-02     -0.87775851
    35   35 Br  -0.14128718E-02     -0.88659043
    36   35 Br  -0.14153036E-02     -0.88811641
    37   35 Br  -0.14019418E-02     -0.87973175
    38   35 Br  -0.14128678E-02     -0.88658794
    39   35 Br  -0.14124053E-02     -0.88629773
    40   35 Br  -0.14153036E-02     -0.88811641
    41   35 Br  -0.14019441E-02     -0.87973322
    42   35 Br  -0.14139309E-02     -0.88725502
    43   35 Br  -0.13987998E-02     -0.87776014
    44   35 Br  -0.14019441E-02     -0.87973322
    45   35 Br  -0.14153044E-02     -0.88811691
    46   35 Br  -0.13943220E-02     -0.87495024
    47   35 Br  -0.14019418E-02     -0.87973175
    48   35 Br  -0.14128678E-02     -0.88658794
--------------------------------------------------

Dispersion energy:      -8.4017388673874E-02 Eh

[Info] Dispersion energy written to .EDISP
