-----------------------------------
 s i m p l e   D F T - D 3  v1.2.1
-----------------------------------

Zero (Chai-Head-Gordon) damping: pbe-D3(0)
--------------------
  s6         1.0000
  s8         0.7220
  s9         0.0000
 rs6         1.2170
 rs8         1.0000
 alp        14.0000
--------------------

Atomic radii (in Angstrom):
-------------------------------------------
   Z          R(cov)     R(vdw)      r4/r2
-------------------------------------------
  92 U        2.0400     2.1857     4.5795
  30 Zn       1.4533     1.6155     2.6978
-------------------------------------------

Atomic reference systems (in atomic units):
----------------------------------------------------------------------------
   Z        #      CN    C6(AA)   #      CN    C6(AA)   #      CN    C6(AA)
----------------------------------------------------------------------------
  92 U      1  0.0000 2728.4148   2  0.9766 2363.2093   3  2.8888  661.5498
            4  3.9129  626.4291   5  4.1181  712.9726   6  5.9187  734.6795
  30 Zn     1  0.0000  340.5213   2  1.9419  153.4528
----------------------------------------------------------------------------

Dispersion properties (in atomic units):
--------------------------------------------------------
     #    Z                CN       C6(AA)       C8(AA)
--------------------------------------------------------
     1   92 U          0.0432    2717.0593  610459.5156
     2   92 U          0.0427    2717.1079  610470.4455
     3   92 U          0.0432    2717.0593  610459.5156
     4   92 U          0.0424    2717.1341  610476.3186
     5   92 U          0.0425    2717.1221  610473.6189
     6   92 U          0.0425    2717.1221  610473.6189
     7   92 U          0.0425    2717.1221  610473.6189
     8   92 U          0.0427    2717.1079  610470.4455
     9   92 U          0.0424    2717.1341  610476.3186
    10   92 U          0.0427    2717.1079  610470.4455
    11   92 U          0.0427    2717.1079  610470.4455
    12   92 U          0.0425    2717.1221  610473.6189
    13   30 Zn         0.0286     340.5212   26551.8193
    14   30 Zn         0.0284     340.5212   26551.8193
    15   30 Zn         0.0275     340.5212   26551.8194
    16   30 Zn         0.0275     340.5212   26551.8194
    17   30 Zn         0.0284     340.5212   26551.8193
    18   30 Zn         0.0218     340.5212   26551.8201
    19   30 Zn         0.0286     340.5212   26551.8193
    20   30 Zn         0.0284     340.5212   26551.8193
    21   30 Zn         0.0284     340.5212   26551.8193
    22   30 Zn         0.0284     340.5212   26551.8193
    23   30 Zn         0.0314     340.5212   26551.8190
    24   30 Zn         0.0275     340.5212   26551.8194
    25   30 Zn         0.0216     340.5212   26551.8201
    26   30 Zn         0.0275     340.5212   26551.8194
    27   30 Zn         0.0316     340.5212   26551.8189
    28   30 Zn         0.0286     340.5212   26551.8193
    29   30 Zn         0.0275     340.5212   26551.8194
    30   30 Zn         0.0275     340.5212   26551.8194
    31   30 Zn         0.0286     340.5212   26551.8193
    32   30 Zn         0.0275     340.5212   26551.8194
    33   30 Zn         0.0275     340.5212   26551.8194
    34   30 Zn         0.0275     340.5212   26551.8194
    35   30 Zn         0.0286     340.5212   26551.8193
    36   30 Zn         0.0284     340.5212   26551.8193
    37   30 Zn         0.0284     340.5212   26551.8193
    38   30 Zn         0.0284     340.5212   26551.8193
    39   30 Zn         0.0276     340.5212   26551.8194
    40   30 Zn         0.0276     340.5212   26551.8194
    41   30 Zn         0.0284     340.5212   26551.8193
    42   30 Zn         0.0314     340.5212   26551.8190
    43   30 Zn         0.0314     340.5212   26551.8190
    44   30 Zn         0.0216     340.5212   26551.8201
    45   30 Zn         0.0284     340.5212   26551.8193
    46   30 Zn         0.0284     340.5212   26551.8193
    47   30 Zn         0.0275     340.5212   26551.8194
    48   30 Zn         0.0284     340.5212   26551.8193
    49   30 Zn         0.0284     340.5212   26551.8193
    50   30 Zn         0.0217     340.5212   26551.8201
    51   30 Zn         0.0275     340.5212   26551.8194
    52   30 Zn         0.0275     340.5212   26551.8194
    53   30 Zn         0.0275     340.5212   26551.8194
    54   30 Zn         0.0275     340.5212   26551.8194
    55   30 Zn         0.0314     340.5212   26551.8190
    56   30 Zn         0.0284     340.5212   26551.8193
    57   30 Zn         0.0217     340.5212   26551.8201
    58   30 Zn         0.0314     340.5212   26551.8190
    59   30 Zn         0.0216     340.5212   26551.8201
    60   30 Zn         0.0275     340.5212   26551.8194
    61   30 Zn         0.0276     340.5212   26551.8194
    62   30 Zn         0.0286     340.5212   26551.8193
    63   30 Zn         0.0217     340.5212   26551.8201
    64   30 Zn         0.0218     340.5212   26551.8201
    65   30 Zn         0.0276     340.5212   26551.8194
    66   30 Zn         0.0275     340.5212   26551.8194
    67   30 Zn         0.0275     340.5212   26551.8194
    68   30 Zn         0.0284     340.5212   26551.8193
    69   30 Zn         0.0276     340.5212   26551.8194
    70   30 Zn         0.0316     340.5212   26551.8189
    71   30 Zn         0.0276     340.5212   26551.8194
    72   30 Zn         0.0284     340.5212   26551.8193
    73   30 Zn         0.0286     340.5212   26551.8193
    74   30 Zn         0.0286     340.5212   26551.8193
    75   30 Zn         0.0316     340.5212   26551.8189
    76   30 Zn         0.0314     340.5212   26551.8190
    77   30 Zn         0.0276     340.5212   26551.8194
    78   30 Zn         0.0284     340.5212   26551.8193
    79   30 Zn         0.0275     340.5212   26551.8194
    80   30 Zn         0.0286     340.5212   26551.8193
    81   30 Zn         0.0276     340.5212   26551.8194
    82   30 Zn         0.0314     340.5212   26551.8190
    83   30 Zn         0.0216     340.5212   26551.8201
    84   30 Zn         0.0284     340.5212   26551.8193
    85   30 Zn         0.0284     340.5212   26551.8193
    86   30 Zn         0.0275     340.5212   26551.8194
    87   30 Zn         0.0275     340.5212   26551.8194
    88   30 Zn         0.0316     340.5212   26551.8189
    89   30 Zn         0.0316     340.5212   26551.8189
    90   30 Zn         0.0284     340.5212   26551.8193
    91   30 Zn         0.0284     340.5212   26551.8193
    92   30 Zn         0.0275     340.5212   26551.8194
    93   30 Zn         0.0275     340.5212   26551.8194
    94   30 Zn         0.0284     340.5212   26551.8193
    95   30 Zn         0.0284     340.5212   26551.8193
    96   30 Zn         0.0286     340.5212   26551.8193
    97   30 Zn         0.0275     340.5212   26551.8194
    98   30 Zn         0.0276     340.5212   26551.8194
    99   30 Zn         0.0314     340.5212   26551.8190
   100   30 Zn         0.0314     340.5212   26551.8190
   101   30 Zn         0.0218     340.5212   26551.8201
   102   30 Zn         0.0286     340.5212   26551.8193
   103   30 Zn         0.0276     340.5212   26551.8194
   104   30 Zn         0.0286     340.5212   26551.8193
   105   30 Zn         0.0314     340.5212   26551.8190
   106   30 Zn         0.0276     340.5212   26551.8194
   107   30 Zn         0.0314     340.5212   26551.8190
   108   30 Zn         0.0316     340.5212   26551.8189
   109   30 Zn         0.0314     340.5212   26551.8190
   110   30 Zn         0.0275     340.5212   26551.8194
   111   30 Zn         0.0284     340.5212   26551.8193
   112   30 Zn         0.0276     340.5212   26551.8194
   113   30 Zn         0.0218     340.5212   26551.8201
   114   30 Zn         0.0217     340.5212   26551.8201
--------------------------------------------------------

Atom-resolved dispersion energies:
--------------------------------------------------
     #    Z           [Hartree]      [kcal/mol]
--------------------------------------------------
     1   92 U   -0.11158971E-01     -7.00235984
     2   92 U   -0.10989171E-01     -6.89580877
     3   92 U   -0.11158971E-01     -7.00235984
     4   92 U   -0.10860489E-01     -6.81506004
     5   92 U   -0.10985811E-01     -6.89370045
     6   92 U   -0.10985811E-01     -6.89370045
     7   92 U   -0.10985811E-01     -6.89370045
     8   92 U   -0.10989171E-01     -6.89580877
     9   92 U   -0.10860489E-01     -6.81506004
    10   92 U   -0.10989171E-01     -6.89580877
    11   92 U   -0.10989171E-01     -6.89580877
    12   92 U   -0.10985811E-01     -6.89370045
    13   30 Zn  -0.63944881E-02     -4.01260188
    14   30 Zn  -0.63765125E-02     -4.00132198
    15   30 Zn  -0.63431284E-02     -3.98037319
    16   30 Zn  -0.63431315E-02     -3.98037512
    17   30 Zn  -0.63765125E-02     -4.00132198
    18   30 Zn  -0.58491697E-02     -3.67040938
    19   30 Zn  -0.63944970E-02     -4.01260744
    20   30 Zn  -0.63759863E-02     -4.00099180
    21   30 Zn  -0.63765125E-02     -4.00132198
    22   30 Zn  -0.63759863E-02     -4.00099180
    23   30 Zn  -0.66949121E-02     -4.20112080
    24   30 Zn  -0.63431315E-02     -3.98037512
    25   30 Zn  -0.58353017E-02     -3.66170709
    26   30 Zn  -0.63431315E-02     -3.98037512
    27   30 Zn  -0.67015121E-02     -4.20526234
    28   30 Zn  -0.63944881E-02     -4.01260188
    29   30 Zn  -0.63431247E-02     -3.98037085
    30   30 Zn  -0.63431284E-02     -3.98037319
    31   30 Zn  -0.63944881E-02     -4.01260188
    32   30 Zn  -0.63431315E-02     -3.98037512
    33   30 Zn  -0.63431247E-02     -3.98037085
    34   30 Zn  -0.63431315E-02     -3.98037512
    35   30 Zn  -0.63944881E-02     -4.01260188
    36   30 Zn  -0.63759863E-02     -4.00099180
    37   30 Zn  -0.63765125E-02     -4.00132198
    38   30 Zn  -0.63765125E-02     -4.00132198
    39   30 Zn  -0.63577571E-02     -3.98955284
    40   30 Zn  -0.63577571E-02     -3.98955284
    41   30 Zn  -0.63765066E-02     -4.00131832
    42   30 Zn  -0.66949121E-02     -4.20112080
    43   30 Zn  -0.66949121E-02     -4.20112080
    44   30 Zn  -0.58353017E-02     -3.66170709
    45   30 Zn  -0.63765066E-02     -4.00131832
    46   30 Zn  -0.63759843E-02     -4.00099053
    47   30 Zn  -0.63431284E-02     -3.98037319
    48   30 Zn  -0.63765066E-02     -4.00131832
    49   30 Zn  -0.63759863E-02     -4.00099180
    50   30 Zn  -0.58405699E-02     -3.66501293
    51   30 Zn  -0.63431284E-02     -3.98037319
    52   30 Zn  -0.63431247E-02     -3.98037085
    53   30 Zn  -0.63431284E-02     -3.98037319
    54   30 Zn  -0.63431284E-02     -3.98037319
    55   30 Zn  -0.66949121E-02     -4.20112080
    56   30 Zn  -0.63765125E-02     -4.00132198
    57   30 Zn  -0.58405699E-02     -3.66501293
    58   30 Zn  -0.66949121E-02     -4.20112080
    59   30 Zn  -0.58353017E-02     -3.66170709
    60   30 Zn  -0.63431315E-02     -3.98037512
    61   30 Zn  -0.63577729E-02     -3.98956275
    62   30 Zn  -0.63944881E-02     -4.01260188
    63   30 Zn  -0.58405699E-02     -3.66501293
    64   30 Zn  -0.58491697E-02     -3.67040938
    65   30 Zn  -0.63577571E-02     -3.98955284
    66   30 Zn  -0.63431315E-02     -3.98037512
    67   30 Zn  -0.63431247E-02     -3.98037085
    68   30 Zn  -0.63765125E-02     -4.00132198
    69   30 Zn  -0.63577659E-02     -3.98955832
    70   30 Zn  -0.67014993E-02     -4.20525431
    71   30 Zn  -0.63577729E-02     -3.98956275
    72   30 Zn  -0.63765066E-02     -4.00131832
    73   30 Zn  -0.63944970E-02     -4.01260744
    74   30 Zn  -0.63944970E-02     -4.01260744
    75   30 Zn  -0.67014993E-02     -4.20525431
    76   30 Zn  -0.66949037E-02     -4.20111553
    77   30 Zn  -0.63577659E-02     -3.98955832
    78   30 Zn  -0.63759843E-02     -4.00099053
    79   30 Zn  -0.63431247E-02     -3.98037085
    80   30 Zn  -0.63944970E-02     -4.01260744
    81   30 Zn  -0.63577659E-02     -3.98955832
    82   30 Zn  -0.66949121E-02     -4.20112080
    83   30 Zn  -0.58353017E-02     -3.66170709
    84   30 Zn  -0.63759863E-02     -4.00099180
    85   30 Zn  -0.63765125E-02     -4.00132198
    86   30 Zn  -0.63431247E-02     -3.98037085
    87   30 Zn  -0.63431247E-02     -3.98037085
    88   30 Zn  -0.67014993E-02     -4.20525431
    89   30 Zn  -0.67014993E-02     -4.20525431
    90   30 Zn  -0.63759863E-02     -4.00099180
    91   30 Zn  -0.63759863E-02     -4.00099180
    92   30 Zn  -0.63431284E-02     -3.98037319
    93   30 Zn  -0.63431247E-02     -3.98037085
    94   30 Zn  -0.63759863E-02     -4.00099180
    95   30 Zn  -0.63759843E-02     -4.00099053
    96   30 Zn  -0.63944881E-02     -4.01260188
    97   30 Zn  -0.63431315E-02     -3.98037512
    98   30 Zn  -0.63577659E-02     -3.98955832
    99   30 Zn  -0.66949037E-02     -4.20111553
   100   30 Zn  -0.66949121E-02     -4.20112080
   101   30 Zn  -0.58491697E-02     -3.67040938
   102   30 Zn  -0.63944881E-02     -4.01260188
   103   30 Zn  -0.63577729E-02     -3.98956275
   104   30 Zn  -0.63944881E-02     -4.01260188
   105   30 Zn  -0.66949037E-02     -4.20111553
   106   30 Zn  -0.63577729E-02     -3.98956275
   107   30 Zn  -0.66949037E-02     -4.20111553
   108   30 Zn  -0.67015121E-02     -4.20526234
   109   30 Zn  -0.66949121E-02     -4.20112080
   110   30 Zn  -0.63431284E-02     -3.98037319
   111   30 Zn  -0.63759843E-02     -4.00099053
   112   30 Zn  -0.63577571E-02     -3.98955284
   113   30 Zn  -0.58491697E-02     -3.67040938
   114   30 Zn  -0.58405699E-02     -3.66501293
--------------------------------------------------

Dispersion energy:      -7.8087905315449E-01 Eh

[Info] Dispersion energy written to .EDISP
