-----------------------------------
 s i m p l e   D F T - D 3  v1.2.1
-----------------------------------

Zero (Chai-Head-Gordon) damping: pbe-D3(0)
--------------------
  s6         1.0000
  s8         0.7220
  s9         0.0000
 rs6         1.2170
 rs8         1.0000
 alp        14.0000
--------------------

Atomic radii (in Angstrom):
-------------------------------------------
   Z          R(cov)     R(vdw)      r4/r2
-------------------------------------------
  12 Mg       1.6667     1.7420     2.8909
   8 O        0.8400     1.2408     1.3725
-------------------------------------------

Atomic reference systems (in atomic units):
----------------------------------------------------------------------------
   Z        #      CN    C6(AA)   #      CN    C6(AA)   #      CN    C6(AA)
----------------------------------------------------------------------------
  12 Mg     1  0.0000  683.3758   2  0.9628  451.2708   3  1.9496  175.5616
   8 O      1  0.0000   15.5059   2  0.9925   12.8161   3  1.9887   10.3708
----------------------------------------------------------------------------

Dispersion properties (in atomic units):
--------------------------------------------------------
     #    Z                CN       C6(AA)       C8(AA)
--------------------------------------------------------
     1   12 Mg         0.0456     674.7290   60409.6957
     2   12 Mg         0.0525     674.2775   60369.2654
     3   12 Mg         0.0408     675.0313   60436.7526
     4   12 Mg         0.0384     675.1810   60450.1628
     5   12 Mg         0.0413     675.0048   60434.3875
     6   12 Mg         0.0414     674.9942   60433.4314
     7   12 Mg         0.0401     675.0737   60440.5526
     8   12 Mg         0.0384     675.1790   60449.9817
     9   12 Mg         0.0332     675.4918   60477.9846
    10   12 Mg         0.0270     675.8490   60509.9686
    11   12 Mg         0.0365     675.2974   60460.5851
    12   12 Mg         0.0364     675.3023   60461.0214
    13   12 Mg         0.0390     675.1432   60446.7787
    14   12 Mg         0.0343     675.4292   60472.3843
    15   12 Mg         0.0326     675.5292   60481.3380
    16   12 Mg         0.0445     674.8001   60416.0574
    17   12 Mg         0.0351     675.3783   60467.8233
    18   12 Mg         0.0313     675.6004   60487.7092
    19   12 Mg         0.0491     674.5024   60389.4080
    20   12 Mg         0.0425     674.9256   60427.2930
    21   12 Mg         0.0365     675.2961   60460.4684
    22   12 Mg         0.0367     675.2848   60459.4523
    23   12 Mg         0.0336     675.4704   60476.0707
    24   12 Mg         0.0378     675.2150   60453.2032
    25   12 Mg         0.0364     675.2989   60460.7161
    26   12 Mg         0.0404     675.0564   60439.0085
    27   12 Mg         0.0396     675.1060   60443.4435
    28   12 Mg         0.0380     675.2047   60452.2833
    29   12 Mg         0.0326     675.5272   60481.1537
    30   12 Mg         0.0366     675.2868   60459.6341
    31   12 Mg         0.0334     675.4798   60476.9110
    32   12 Mg         0.0371     675.2620   60457.4123
    33   12 Mg         0.0390     675.1427   60446.7264
    34   12 Mg         0.0441     674.8266   60418.4325
    35   12 Mg         0.0565     674.0056   60344.9208
    36   12 Mg         0.0384     675.1810   60450.1573
    37   12 Mg         0.0353     675.3704   60467.1158
    38   12 Mg         0.0354     675.3644   60466.5786
    39   12 Mg         0.0419     674.9636   60430.6992
    40   12 Mg         0.0417     674.9756   60431.7689
    41    8 O          0.0168      15.4438     311.6651
    42    8 O          0.0176      15.4435     311.6573
    43    8 O          0.0167      15.4439     311.6659
    44    8 O          0.0232      15.4407     311.6016
    45    8 O          0.0177      15.4434     311.6560
    46    8 O          0.0217      15.4414     311.6162
    47    8 O          0.0347      15.4346     311.4783
    48    8 O          0.0202      15.4422     311.6320
    49    8 O          0.0238      15.4404     311.5947
    50    8 O          0.0217      15.4414     311.6165
    51    8 O          0.0145      15.4449     311.6871
    52    8 O          0.0175      15.4435     311.6579
    53    8 O          0.0248      15.4398     311.5845
    54    8 O          0.0216      15.4415     311.6174
    55    8 O          0.0217      15.4414     311.6168
    56    8 O          0.0197      15.4424     311.6363
    57    8 O          0.0205      15.4420     311.6285
    58    8 O          0.0224      15.4411     311.6091
    59    8 O          0.0249      15.4398     311.5834
    60    8 O          0.0233      15.4406     311.6005
    61    8 O          0.0225      15.4410     311.6084
    62    8 O          0.0195      15.4425     311.6390
    63    8 O          0.0158      15.4443     311.6750
    64    8 O          0.0142      15.4451     311.6900
    65    8 O          0.0296      15.4374     311.5343
    66    8 O          0.0241      15.4402     311.5918
    67    8 O          0.0174      15.4436     311.6594
    68    8 O          0.0261      15.4392     311.5714
    69    8 O          0.0196      15.4425     311.6379
    70    8 O          0.0225      15.4410     311.6081
    71    8 O          0.0203      15.4421     311.6309
    72    8 O          0.0245      15.4400     311.5884
    73    8 O          0.0218      15.4414     311.6155
    74    8 O          0.0145      15.4449     311.6870
    75    8 O          0.0247      15.4399     311.5864
    76    8 O          0.0234      15.4406     311.5989
    77    8 O          0.0259      15.4393     311.5737
    78    8 O          0.0269      15.4388     311.5629
    79    8 O          0.0313      15.4364     311.5157
    80    8 O          0.0213      15.4417     311.6209
--------------------------------------------------------

Atom-resolved dispersion energies:
--------------------------------------------------
     #    Z           [Hartree]      [kcal/mol]
--------------------------------------------------
     1   12 Mg  -0.46697355E-02     -2.93030329
     2   12 Mg  -0.55643836E-02     -3.49170344
     3   12 Mg  -0.48770018E-02     -3.06036481
     4   12 Mg  -0.46801676E-02     -2.93684951
     5   12 Mg  -0.48871053E-02     -3.06670490
     6   12 Mg  -0.50954674E-02     -3.19745409
     7   12 Mg  -0.45538821E-02     -2.85760419
     8   12 Mg  -0.48090967E-02     -3.01775372
     9   12 Mg  -0.38539496E-02     -2.41838989
    10   12 Mg  -0.40300220E-02     -2.52887700
    11   12 Mg  -0.43012817E-02     -2.69909499
    12   12 Mg  -0.48940495E-02     -3.07106241
    13   12 Mg  -0.45478614E-02     -2.85382609
    14   12 Mg  -0.37193884E-02     -2.33395148
    15   12 Mg  -0.44694584E-02     -2.80462747
    16   12 Mg  -0.49346356E-02     -3.09653059
    17   12 Mg  -0.39709807E-02     -2.49182801
    18   12 Mg  -0.42152266E-02     -2.64509460
    19   12 Mg  -0.50154996E-02     -3.14727354
    20   12 Mg  -0.48381908E-02     -3.03601058
    21   12 Mg  -0.34753734E-02     -2.18082972
    22   12 Mg  -0.42749931E-02     -2.68259864
    23   12 Mg  -0.40234462E-02     -2.52475058
    24   12 Mg  -0.43179646E-02     -2.70956368
    25   12 Mg  -0.42824983E-02     -2.68730826
    26   12 Mg  -0.43025049E-02     -2.69986257
    27   12 Mg  -0.41982387E-02     -2.63443458
    28   12 Mg  -0.51496165E-02     -3.23143315
    29   12 Mg  -0.38434369E-02     -2.41179306
    30   12 Mg  -0.45508489E-02     -2.85570083
    31   12 Mg  -0.46455763E-02     -2.91514312
    32   12 Mg  -0.41974535E-02     -2.63394183
    33   12 Mg  -0.43292735E-02     -2.71666014
    34   12 Mg  -0.43934834E-02     -2.75695243
    35   12 Mg  -0.56940982E-02     -3.57310058
    36   12 Mg  -0.47646828E-02     -2.98988358
    37   12 Mg  -0.46070521E-02     -2.89096884
    38   12 Mg  -0.46964674E-02     -2.94707777
    39   12 Mg  -0.46297243E-02     -2.90519587
    40   12 Mg  -0.49245004E-02     -3.09017065
    41    8 O   -0.99646555E-03     -0.62529157
    42    8 O   -0.10099779E-02     -0.63377071
    43    8 O   -0.10352104E-02     -0.64960433
    44    8 O   -0.96698983E-03     -0.60679528
    45    8 O   -0.10698391E-02     -0.67133419
    46    8 O   -0.11086497E-02     -0.69568819
    47    8 O   -0.10570612E-02     -0.66331591
    48    8 O   -0.96097321E-03     -0.60301979
    49    8 O   -0.10907873E-02     -0.68447936
    50    8 O   -0.11051502E-02     -0.69349224
    51    8 O   -0.96632865E-03     -0.60638038
    52    8 O   -0.10114193E-02     -0.63467522
    53    8 O   -0.11302900E-02     -0.70926769
    54    8 O   -0.92791902E-03     -0.58227798
    55    8 O   -0.94689954E-03     -0.59418843
    56    8 O   -0.93067639E-03     -0.58400825
    57    8 O   -0.10878926E-02     -0.68266290
    58    8 O   -0.10862752E-02     -0.68164797
    59    8 O   -0.10185530E-02     -0.63915164
    60    8 O   -0.10045616E-02     -0.63037193
    61    8 O   -0.97798831E-03     -0.61369693
    62    8 O   -0.99538599E-03     -0.62461414
    63    8 O   -0.10137590E-02     -0.63614339
    64    8 O   -0.88186640E-03     -0.55337952
    65    8 O   -0.99929130E-03     -0.62706476
    66    8 O   -0.98805844E-03     -0.62001603
    67    8 O   -0.10159263E-02     -0.63750337
    68    8 O   -0.94113900E-03     -0.59057364
    69    8 O   -0.95799119E-03     -0.60114854
    70    8 O   -0.98681923E-03     -0.61923841
    71    8 O   -0.10124317E-02     -0.63531046
    72    8 O   -0.97693797E-03     -0.61303783
    73    8 O   -0.10439863E-02     -0.65511131
    74    8 O   -0.94952251E-03     -0.59583437
    75    8 O   -0.10642311E-02     -0.66781508
    76    8 O   -0.10058696E-02     -0.63119267
    77    8 O   -0.11392229E-02     -0.71487318
    78    8 O   -0.11225942E-02     -0.70443848
    79    8 O   -0.10331118E-02     -0.64828746
    80    8 O   -0.88089069E-03     -0.55276725
--------------------------------------------------

Dispersion energy:      -2.2172756114209E-01 Eh

[Info] Dispersion energy written to .EDISP
