-----------------------------------
 s i m p l e   D F T - D 3  v1.2.1
-----------------------------------

Zero (Chai-Head-Gordon) damping: pbe-D3(0)
--------------------
  s6         1.0000
  s8         0.7220
  s9         0.0000
 rs6         1.2170
 rs8         1.0000
 alp        14.0000
--------------------

Atomic radii (in Angstrom):
-------------------------------------------
   Z          R(cov)     R(vdw)      r4/r2
-------------------------------------------
  12 Mg       1.6667     1.7420     2.8909
   8 O        0.8400     1.2408     1.3725
-------------------------------------------

Atomic reference systems (in atomic units):
----------------------------------------------------------------------------
   Z        #      CN    C6(AA)   #      CN    C6(AA)   #      CN    C6(AA)
----------------------------------------------------------------------------
  12 Mg     1  0.0000  683.3758   2  0.9628  451.2708   3  1.9496  175.5616
   8 O      1  0.0000   15.5059   2  0.9925   12.8161   3  1.9887   10.3708
----------------------------------------------------------------------------

Dispersion properties (in atomic units):
--------------------------------------------------------
     #    Z                CN       C6(AA)       C8(AA)
--------------------------------------------------------
     1   12 Mg         0.0609     673.6940   60317.0235
     2   12 Mg         0.0700     673.0242   60257.0565
     3   12 Mg         0.0541     674.1661   60359.2955
     4   12 Mg         0.0508     674.3936   60379.6634
     5   12 Mg         0.0547     674.1297   60356.0310
     6   12 Mg         0.0548     674.1208   60355.2370
     7   12 Mg         0.0534     674.2190   60364.0268
     8   12 Mg         0.0507     674.3947   60379.7617
     9   12 Mg         0.0439     674.8411   60419.7291
    10   12 Mg         0.0352     675.3755   60467.5712
    11   12 Mg         0.0483     674.5571   60394.3019
    12   12 Mg         0.0479     674.5838   60396.6906
    13   12 Mg         0.0517     674.3286   60373.8467
    14   12 Mg         0.0455     674.7372   60410.4283
    15   12 Mg         0.0428     674.9090   60425.8089
    16   12 Mg         0.0593     673.8111   60327.5121
    17   12 Mg         0.0465     674.6715   60404.5429
    18   12 Mg         0.0412     675.0083   60434.6948
    19   12 Mg         0.0655     673.3571   60286.8624
    20   12 Mg         0.0564     674.0073   60345.0779
    21   12 Mg         0.0487     674.5274   60391.6419
    22   12 Mg         0.0486     674.5378   60392.5744
    23   12 Mg         0.0443     674.8149   60417.3866
    24   12 Mg         0.0502     674.4341   60383.2920
    25   12 Mg         0.0482     674.5613   60394.6742
    26   12 Mg         0.0539     674.1850   60360.9822
    27   12 Mg         0.0527     674.2632   60367.9899
    28   12 Mg         0.0500     674.4432   60384.1069
    29   12 Mg         0.0431     674.8914   60424.2331
    30   12 Mg         0.0483     674.5539   60394.0186
    31   12 Mg         0.0439     674.8421   60419.8136
    32   12 Mg         0.0491     674.5027   60389.4336
    33   12 Mg         0.0518     674.3245   60373.4801
    34   12 Mg         0.0588     673.8417   60330.2490
    35   12 Mg         0.0755     672.5922   60218.3771
    36   12 Mg         0.0507     674.3956   60379.8403
    37   12 Mg         0.0465     674.6759   60404.9416
    38   12 Mg         0.0466     674.6647   60403.9367
    39   12 Mg         0.0557     674.0576   60349.5818
    40   12 Mg         0.0553     674.0851   60352.0376
    41    8 O          0.0222      15.4412     311.6111
    42    8 O          0.0233      15.4406     311.6002
    43    8 O          0.0221      15.4413     311.6129
    44    8 O          0.0311      15.4366     311.5183
    45    8 O          0.0235      15.4405     311.5986
    46    8 O          0.0289      15.4377     311.5416
    47    8 O          0.0471      15.4274     311.3338
    48    8 O          0.0269      15.4388     311.5627
    49    8 O          0.0319      15.4361     311.5095
    50    8 O          0.0289      15.4378     311.5422
    51    8 O          0.0191      15.4427     311.6426
    52    8 O          0.0232      15.4407     311.6009
    53    8 O          0.0332      15.4354     311.4952
    54    8 O          0.0289      15.4377     311.5414
    55    8 O          0.0290      15.4377     311.5407
    56    8 O          0.0264      15.4391     311.5687
    57    8 O          0.0272      15.4386     311.5594
    58    8 O          0.0299      15.4372     311.5310
    59    8 O          0.0335      15.4353     311.4921
    60    8 O          0.0312      15.4365     311.5171
    61    8 O          0.0302      15.4371     311.5285
    62    8 O          0.0259      15.4393     311.5734
    63    8 O          0.0208      15.4419     311.6253
    64    8 O          0.0188      15.4429     311.6455
    65    8 O          0.0400      15.4316     311.4183
    66    8 O          0.0324      15.4359     311.5041
    67    8 O          0.0231      15.4408     311.6028
    68    8 O          0.0352      15.4343     311.4730
    69    8 O          0.0261      15.4392     311.5714
    70    8 O          0.0302      15.4371     311.5282
    71    8 O          0.0270      15.4387     311.5617
    72    8 O          0.0329      15.4356     311.4991
    73    8 O          0.0292      15.4376     311.5393
    74    8 O          0.0192      15.4427     311.6419
    75    8 O          0.0331      15.4355     311.4961
    76    8 O          0.0314      15.4364     311.5148
    77    8 O          0.0347      15.4346     311.4788
    78    8 O          0.0361      15.4338     311.4630
    79    8 O          0.0424      15.4302     311.3908
    80    8 O          0.0286      15.4379     311.5453
--------------------------------------------------------

Atom-resolved dispersion energies:
--------------------------------------------------
     #    Z           [Hartree]      [kcal/mol]
--------------------------------------------------
     1   12 Mg  -0.53182642E-02     -3.33726116
     2   12 Mg  -0.62915679E-02     -3.94801844
     3   12 Mg  -0.55536351E-02     -3.48495864
     4   12 Mg  -0.53608171E-02     -3.36396352
     5   12 Mg  -0.55734479E-02     -3.49739137
     6   12 Mg  -0.58279935E-02     -3.65712116
     7   12 Mg  -0.51973065E-02     -3.26135904
     8   12 Mg  -0.54936868E-02     -3.44734049
     9   12 Mg  -0.44288274E-02     -2.77913117
    10   12 Mg  -0.46469172E-02     -2.91598460
    11   12 Mg  -0.49334890E-02     -3.09581110
    12   12 Mg  -0.56091210E-02     -3.51977659
    13   12 Mg  -0.52041008E-02     -3.26562257
    14   12 Mg  -0.42622706E-02     -2.67461519
    15   12 Mg  -0.51417927E-02     -3.22652366
    16   12 Mg  -0.55958204E-02     -3.51143033
    17   12 Mg  -0.45502538E-02     -2.85532739
    18   12 Mg  -0.48606212E-02     -3.05008582
    19   12 Mg  -0.56980731E-02     -3.57559484
    20   12 Mg  -0.55193488E-02     -3.46344365
    21   12 Mg  -0.39599752E-02     -2.48492196
    22   12 Mg  -0.48900364E-02     -3.06854415
    23   12 Mg  -0.46322998E-02     -2.90681204
    24   12 Mg  -0.49461757E-02     -3.10377213
    25   12 Mg  -0.49116463E-02     -3.08210460
    26   12 Mg  -0.49062668E-02     -3.07872889
    27   12 Mg  -0.47870187E-02     -3.00389962
    28   12 Mg  -0.58926381E-02     -3.69768621
    29   12 Mg  -0.44280596E-02     -2.77864934
    30   12 Mg  -0.52103672E-02     -3.26955477
    31   12 Mg  -0.53465687E-02     -3.35502249
    32   12 Mg  -0.48089260E-02     -3.01764660
    33   12 Mg  -0.49532072E-02     -3.10818443
    34   12 Mg  -0.49998845E-02     -3.13747488
    35   12 Mg  -0.64269362E-02     -4.03296335
    36   12 Mg  -0.54529637E-02     -3.42178640
    37   12 Mg  -0.52891333E-02     -3.31898125
    38   12 Mg  -0.53528088E-02     -3.35893825
    39   12 Mg  -0.52828728E-02     -3.31505275
    40   12 Mg  -0.56272245E-02     -3.53113671
    41    8 O   -0.10907714E-02     -0.68446940
    42    8 O   -0.10968700E-02     -0.68829634
    43    8 O   -0.11294584E-02     -0.70874587
    44    8 O   -0.10360755E-02     -0.65014717
    45    8 O   -0.11718340E-02     -0.73533696
    46    8 O   -0.12009306E-02     -0.75359530
    47    8 O   -0.11036043E-02     -0.69252215
    48    8 O   -0.10383720E-02     -0.65158825
    49    8 O   -0.11727053E-02     -0.73588367
    50    8 O   -0.11971483E-02     -0.75122189
    51    8 O   -0.10568962E-02     -0.66321241
    52    8 O   -0.11023043E-02     -0.69170641
    53    8 O   -0.12149196E-02     -0.76237356
    54    8 O   -0.99487073E-03     -0.62429081
    55    8 O   -0.10171908E-02     -0.63829686
    56    8 O   -0.10043322E-02     -0.63022800
    57    8 O   -0.11805446E-02     -0.74080290
    58    8 O   -0.11703327E-02     -0.73439483
    59    8 O   -0.10910263E-02     -0.68462935
    60    8 O   -0.10792708E-02     -0.67725268
    61    8 O   -0.10522622E-02     -0.66030448
    62    8 O   -0.10818301E-02     -0.67885862
    63    8 O   -0.11079456E-02     -0.69524634
    64    8 O   -0.97038114E-03     -0.60892336
    65    8 O   -0.10526494E-02     -0.66054749
    66    8 O   -0.10579963E-02     -0.66390269
    67    8 O   -0.11110803E-02     -0.69721341
    68    8 O   -0.99522732E-03     -0.62451457
    69    8 O   -0.10373995E-02     -0.65097800
    70    8 O   -0.10620987E-02     -0.66647699
    71    8 O   -0.10952164E-02     -0.68725867
    72    8 O   -0.10431990E-02     -0.65461723
    73    8 O   -0.11225593E-02     -0.70441661
    74    8 O   -0.10400497E-02     -0.65264104
    75    8 O   -0.11442594E-02     -0.71803363
    76    8 O   -0.10813671E-02     -0.67856812
    77    8 O   -0.12209541E-02     -0.76616027
    78    8 O   -0.11973602E-02     -0.75135487
    79    8 O   -0.10849942E-02     -0.68084414
    80    8 O   -0.94625918E-03     -0.59378660
--------------------------------------------------

Dispersion energy:      -2.5082691183056E-01 Eh

[Info] Dispersion energy written to .EDISP
