-----------------------------------
 s i m p l e   D F T - D 3  v1.2.1
-----------------------------------

Zero (Chai-Head-Gordon) damping: pbe-D3(0)
--------------------
  s6         1.0000
  s8         0.7220
  s9         0.0000
 rs6         1.2170
 rs8         1.0000
 alp        14.0000
--------------------

Atomic radii (in Angstrom):
-------------------------------------------
   Z          R(cov)     R(vdw)      r4/r2
-------------------------------------------
  12 Mg       1.6667     1.7420     2.8909
   8 O        0.8400     1.2408     1.3725
-------------------------------------------

Atomic reference systems (in atomic units):
----------------------------------------------------------------------------
   Z        #      CN    C6(AA)   #      CN    C6(AA)   #      CN    C6(AA)
----------------------------------------------------------------------------
  12 Mg     1  0.0000  683.3758   2  0.9628  451.2708   3  1.9496  175.5616
   8 O      1  0.0000   15.5059   2  0.9925   12.8161   3  1.9887   10.3708
----------------------------------------------------------------------------

Dispersion properties (in atomic units):
--------------------------------------------------------
     #    Z                CN       C6(AA)       C8(AA)
--------------------------------------------------------
     1   12 Mg         0.5023     551.5369   49380.0853
     2   12 Mg         0.5743     521.5873   46698.6415
     3   12 Mg         0.4309     583.4035   52233.1548
     4   12 Mg         0.3968     598.0765   53546.8536
     5   12 Mg         0.4343     581.9363   52101.7953
     6   12 Mg         0.4297     583.9314   52280.4184
     7   12 Mg         0.4277     584.8049   52358.6226
     8   12 Mg         0.3944     599.0899   53637.5878
     9   12 Mg         0.3435     618.8807   55409.4937
    10   12 Mg         0.2520     646.3176   57865.9723
    11   12 Mg         0.3820     604.1359   54089.3669
    12   12 Mg         0.3645     611.0325   54706.8300
    13   12 Mg         0.4120     591.6405   52970.6284
    14   12 Mg         0.3666     610.2168   54633.7957
    15   12 Mg         0.3239     625.6655   56016.9456
    16   12 Mg         0.4839     559.7303   50113.6500
    17   12 Mg         0.3683     609.5928   54577.9326
    18   12 Mg         0.3139     628.9711   56312.9050
    19   12 Mg         0.5411     534.8313   47884.4038
    20   12 Mg         0.4509     574.5513   51440.6049
    21   12 Mg         0.4034     595.3013   53298.3877
    22   12 Mg         0.3840     603.3545   54019.4029
    23   12 Mg         0.3444     618.5532   55380.1701
    24   12 Mg         0.3985     597.3582   53482.5458
    25   12 Mg         0.3801     604.9178   54159.3675
    26   12 Mg         0.4404     579.2109   51857.7813
    27   12 Mg         0.4275     584.9304   52369.8641
    28   12 Mg         0.3807     604.6616   54136.4364
    29   12 Mg         0.3353     621.7732   55668.4621
    30   12 Mg         0.3728     607.8288   54419.9990
    31   12 Mg         0.3283     624.1842   55884.3228
    32   12 Mg         0.3903     600.7570   53786.8472
    33   12 Mg         0.4149     590.3908   52858.7432
    34   12 Mg         0.4847     559.3612   50080.6063
    35   12 Mg         0.6286     502.6144   44999.9678
    36   12 Mg         0.3944     599.0683   53635.6531
    37   12 Mg         0.3563     614.1648   54987.2704
    38   12 Mg         0.3600     612.7727   54862.6336
    39   12 Mg         0.4503     574.8151   51464.2191
    40   12 Mg         0.4395     579.6108   51893.5886
    41    8 O          0.1769      15.2969     308.6997
    42    8 O          0.1859      15.2827     308.4137
    43    8 O          0.1728      15.3032     308.8269
    44    8 O          0.2651      15.1156     305.0410
    45    8 O          0.1858      15.2829     308.4162
    46    8 O          0.2364      15.1857     306.4548
    47    8 O          0.4223      14.5058     292.7347
    48    8 O          0.2250      15.2103     306.9525
    49    8 O          0.2685      15.1066     304.8587
    50    8 O          0.2359      15.1868     306.4780
    51    8 O          0.1462      15.3394     309.5575
    52    8 O          0.1854      15.2836     308.4317
    53    8 O          0.2786      15.0784     304.2894
    54    8 O          0.2449      15.1662     306.0621
    55    8 O          0.2450      15.1661     306.0597
    56    8 O          0.2211      15.2186     307.1187
    57    8 O          0.2203      15.2201     307.1495
    58    8 O          0.2475      15.1601     305.9397
    59    8 O          0.2875      15.0524     303.7663
    60    8 O          0.2656      15.1143     305.0153
    61    8 O          0.2556      15.1403     305.5386
    62    8 O          0.2129      15.2348     307.4464
    63    8 O          0.1630      15.3173     309.1111
    64    8 O          0.1490      15.3359     309.4868
    65    8 O          0.3531      14.8213     299.1027
    66    8 O          0.2775      15.0816     304.3547
    67    8 O          0.1843      15.2854     308.4679
    68    8 O          0.3072      14.9903     302.5120
    69    8 O          0.2163      15.2280     307.3102
    70    8 O          0.2555      15.1403     305.5393
    71    8 O          0.2238      15.2130     307.0070
    72    8 O          0.2821      15.0685     304.0905
    73    8 O          0.2437      15.1689     306.1169
    74    8 O          0.1488      15.3361     309.4901
    75    8 O          0.2835      15.0644     304.0071
    76    8 O          0.2674      15.1095     304.9181
    77    8 O          0.2940      15.0327     303.3672
    78    8 O          0.3082      14.9869     302.4436
    79    8 O          0.3758      14.7250     297.1593
    80    8 O          0.2458      15.1641     306.0188
--------------------------------------------------------

Atom-resolved dispersion energies:
--------------------------------------------------
     #    Z           [Hartree]      [kcal/mol]
--------------------------------------------------
     1   12 Mg  -0.96689293E-02     -6.06734473
     2   12 Mg  -0.10507363E-01     -6.59347013
     3   12 Mg  -0.10179568E-01     -6.38777527
     4   12 Mg  -0.10345454E-01     -6.49187061
     5   12 Mg  -0.10509804E-01     -6.59500141
     6   12 Mg  -0.10952142E-01     -6.87257285
     7   12 Mg  -0.94172334E-02     -5.90940318
     8   12 Mg  -0.10624368E-01     -6.66689170
     9   12 Mg  -0.90618803E-02     -5.68641576
    10   12 Mg  -0.98717994E-02     -6.19464767
    11   12 Mg  -0.97980043E-02     -6.14834052
    12   12 Mg  -0.10835988E-01     -6.79968486
    13   12 Mg  -0.10022774E-01     -6.28938591
    14   12 Mg  -0.86849862E-02     -5.44991112
    15   12 Mg  -0.10354835E-01     -6.49775731
    16   12 Mg  -0.98386521E-02     -6.17384741
    17   12 Mg  -0.91625022E-02     -5.74955691
    18   12 Mg  -0.10014051E-01     -6.28391216
    19   12 Mg  -0.10209362E-01     -6.40647158
    20   12 Mg  -0.10366640E-01     -6.50516510
    21   12 Mg  -0.79589692E-02     -4.99432859
    22   12 Mg  -0.96749738E-02     -6.07113770
    23   12 Mg  -0.95934567E-02     -6.01998497
    24   12 Mg  -0.97621280E-02     -6.12582782
    25   12 Mg  -0.97733484E-02     -6.13286873
    26   12 Mg  -0.94427889E-02     -5.92543948
    27   12 Mg  -0.90636093E-02     -5.68750071
    28   12 Mg  -0.11220669E-01     -7.04107584
    29   12 Mg  -0.92362519E-02     -5.79583555
    30   12 Mg  -0.10100472E-01     -6.33814164
    31   12 Mg  -0.10835169E-01     -6.79917145
    32   12 Mg  -0.94930968E-02     -5.95700816
    33   12 Mg  -0.95876615E-02     -6.01634840
    34   12 Mg  -0.91523608E-02     -5.74319314
    35   12 Mg  -0.10054949E-01     -6.30957562
    36   12 Mg  -0.10498697E-01     -6.58803167
    37   12 Mg  -0.10770610E-01     -6.75866001
    38   12 Mg  -0.10266926E-01     -6.44259350
    39   12 Mg  -0.98376218E-02     -6.17320089
    40   12 Mg  -0.10493206E-01     -6.58458602
    41    8 O   -0.14118354E-02     -0.88594010
    42    8 O   -0.13287210E-02     -0.83378499
    43    8 O   -0.14340050E-02     -0.89985171
    44    8 O   -0.11202087E-02     -0.70294157
    45    8 O   -0.15105355E-02     -0.94787532
    46    8 O   -0.13410152E-02     -0.84149974
    47    8 O   -0.11213224E-02     -0.70364042
    48    8 O   -0.12913628E-02     -0.81034238
    49    8 O   -0.13014724E-02     -0.81668627
    50    8 O   -0.13144378E-02     -0.82482217
    51    8 O   -0.13762753E-02     -0.86362582
    52    8 O   -0.13447356E-02     -0.84383435
    53    8 O   -0.12829934E-02     -0.80509052
    54    8 O   -0.10584650E-02     -0.66419679
    55    8 O   -0.10995452E-02     -0.68997502
    56    8 O   -0.11936467E-02     -0.74902463
    57    8 O   -0.13143484E-02     -0.82476609
    58    8 O   -0.12704371E-02     -0.79721132
    59    8 O   -0.11862540E-02     -0.74438564
    60    8 O   -0.12043471E-02     -0.75573924
    61    8 O   -0.12077368E-02     -0.75786629
    62    8 O   -0.12785005E-02     -0.80227116
    63    8 O   -0.15136472E-02     -0.94982799
    64    8 O   -0.13159653E-02     -0.82578072
    65    8 O   -0.10846079E-02     -0.68060176
    66    8 O   -0.11656388E-02     -0.73144939
    67    8 O   -0.13905271E-02     -0.87256892
    68    8 O   -0.10460312E-02     -0.65639446
    69    8 O   -0.12447975E-02     -0.78112220
    70    8 O   -0.12036115E-02     -0.75527761
    71    8 O   -0.12896926E-02     -0.80929433
    72    8 O   -0.10689554E-02     -0.67077964
    73    8 O   -0.13300950E-02     -0.83464718
    74    8 O   -0.14000195E-02     -0.87852551
    75    8 O   -0.13939490E-02     -0.87471617
    76    8 O   -0.12283137E-02     -0.77077851
    77    8 O   -0.13706333E-02     -0.86008540
    78    8 O   -0.12137667E-02     -0.76165010
    79    8 O   -0.10768512E-02     -0.67573434
    80    8 O   -0.11141592E-02     -0.69914546
--------------------------------------------------

Dispersion energy:      -4.4768676629672E-01 Eh

[Info] Dispersion energy written to .EDISP
