-----------------------------------
 s i m p l e   D F T - D 3  v1.2.1
-----------------------------------

Zero (Chai-Head-Gordon) damping: pbe-D3(0)
--------------------
  s6         1.0000
  s8         0.7220
  s9         0.0000
 rs6         1.2170
 rs8         1.0000
 alp        14.0000
--------------------

Atomic radii (in Angstrom):
-------------------------------------------
   Z          R(cov)     R(vdw)      r4/r2
-------------------------------------------
  12 Mg       1.6667     1.7420     2.8909
   8 O        0.8400     1.2408     1.3725
-------------------------------------------

Atomic reference systems (in atomic units):
----------------------------------------------------------------------------
   Z        #      CN    C6(AA)   #      CN    C6(AA)   #      CN    C6(AA)
----------------------------------------------------------------------------
  12 Mg     1  0.0000  683.3758   2  0.9628  451.2708   3  1.9496  175.5616
   8 O      1  0.0000   15.5059   2  0.9925   12.8161   3  1.9887   10.3708
----------------------------------------------------------------------------

Dispersion properties (in atomic units):
--------------------------------------------------------
     #    Z                CN       C6(AA)       C8(AA)
--------------------------------------------------------
     1   12 Mg         0.3376     620.9735   55596.8625
     2   12 Mg         0.3852     602.8589   53975.0330
     3   12 Mg         0.2904     636.1604   56956.5738
     4   12 Mg         0.2679     642.3352   57509.4148
     5   12 Mg         0.2925     635.5409   56901.1127
     6   12 Mg         0.2902     636.2110   56961.1107
     7   12 Mg         0.2887     636.6513   57000.5301
     8   12 Mg         0.2664     642.7366   57545.3525
     9   12 Mg         0.2319     650.9091   58277.0509
    10   12 Mg         0.1723     661.7515   59247.7912
    11   12 Mg         0.2578     644.9084   57739.7982
    12   12 Mg         0.2470     647.5217   57973.7737
    13   12 Mg         0.2777     639.7275   57275.9444
    14   12 Mg         0.2470     647.5211   57973.7205
    15   12 Mg         0.2197     653.4522   58504.7373
    16   12 Mg         0.3248     625.3886   55992.1610
    17   12 Mg         0.2484     647.1724   57942.5035
    18   12 Mg         0.2127     654.8158   58626.8248
    19   12 Mg         0.3633     611.5180   54750.3024
    20   12 Mg         0.3042     632.0035   56584.4048
    21   12 Mg         0.2714     641.4378   57429.0671
    22   12 Mg         0.2592     644.5688   57709.3985
    23   12 Mg         0.2327     650.7254   58260.6076
    24   12 Mg         0.2687     642.1361   57491.5922
    25   12 Mg         0.2566     645.2181   57767.5320
    26   12 Mg         0.2961     634.4680   56805.0567
    27   12 Mg         0.2875     636.9924   57031.0667
    28   12 Mg         0.2579     644.8949   57738.5918
    29   12 Mg         0.2268     651.9853   58373.4104
    30   12 Mg         0.2521     646.3087   57865.1719
    31   12 Mg         0.2230     652.7700   58443.6658
    32   12 Mg         0.2631     643.5901   57621.7734
    33   12 Mg         0.2795     639.2210   57230.5928
    34   12 Mg         0.3252     625.2354   55978.4392
    35   12 Mg         0.4216     587.5110   52600.9044
    36   12 Mg         0.2665     642.7136   57543.2938
    37   12 Mg         0.2415     648.7751   58085.9891
    38   12 Mg         0.2435     648.3177   58045.0404
    39   12 Mg         0.3029     632.4195   56621.6509
    40   12 Mg         0.2962     634.4332   56801.9328
    41    8 O          0.1191      15.3700     310.1757
    42    8 O          0.1251      15.3637     310.0487
    43    8 O          0.1165      15.3726     310.2278
    44    8 O          0.1770      15.2967     308.6967
    45    8 O          0.1251      15.3637     310.0483
    46    8 O          0.1585      15.3235     309.2358
    47    8 O          0.2814      15.0704     304.1285
    48    8 O          0.1507      15.3337     309.4428
    49    8 O          0.1795      15.2930     308.6201
    50    8 O          0.1581      15.3239     309.2451
    51    8 O          0.0989      15.3893     310.5639
    52    8 O          0.1247      15.3642     310.0569
    53    8 O          0.1863      15.2821     308.4021
    54    8 O          0.1637      15.3163     309.0921
    55    8 O          0.1636      15.3164     309.0931
    56    8 O          0.1478      15.3373     309.5157
    57    8 O          0.1479      15.3373     309.5150
    58    8 O          0.1657      15.3134     309.0332
    59    8 O          0.1918      15.2730     308.2165
    60    8 O          0.1774      15.2961     308.6844
    61    8 O          0.1709      15.3060     308.8826
    62    8 O          0.1427      15.3437     309.6445
    63    8 O          0.1100      15.3790     310.3573
    64    8 O          0.1003      15.3880     310.5382
    65    8 O          0.2355      15.1877     306.4957
    66    8 O          0.1853      15.2838     308.4351
    67    8 O          0.1239      15.3650     310.0734
    68    8 O          0.2052      15.2493     307.7384
    69    8 O          0.1448      15.3410     309.5907
    70    8 O          0.1708      15.3061     308.8845
    71    8 O          0.1499      15.3348     309.4638
    72    8 O          0.1881      15.2791     308.3415
    73    8 O          0.1632      15.3169     309.1040
    74    8 O          0.1005      15.3878     310.5350
    75    8 O          0.1896      15.2766     308.2902
    76    8 O          0.1785      15.2944     308.6503
    77    8 O          0.1966      15.2647     308.0495
    78    8 O          0.2058      15.2482     307.7173
    79    8 O          0.2502      15.1535     305.8061
    80    8 O          0.1642      15.3156     309.0772
--------------------------------------------------------

Atom-resolved dispersion energies:
--------------------------------------------------
     #    Z           [Hartree]      [kcal/mol]
--------------------------------------------------
     1   12 Mg  -0.94078424E-02     -5.90351025
     2   12 Mg  -0.10484451E-01     -6.57909230
     3   12 Mg  -0.98158873E-02     -6.15956230
     4   12 Mg  -0.97327263E-02     -6.10737797
     5   12 Mg  -0.10050708E-01     -6.30691474
     6   12 Mg  -0.10403626E-01     -6.52837366
     7   12 Mg  -0.91132058E-02     -5.71862295
     8   12 Mg  -0.10080616E-01     -6.32568203
     9   12 Mg  -0.83922475E-02     -5.26621483
    10   12 Mg  -0.90175958E-02     -5.65862680
    11   12 Mg  -0.92026765E-02     -5.77476672
    12   12 Mg  -0.10200284E-01     -6.40077486
    13   12 Mg  -0.95133643E-02     -5.96972621
    14   12 Mg  -0.80434945E-02     -5.04736902
    15   12 Mg  -0.96530666E-02     -6.05739073
    16   12 Mg  -0.96436380E-02     -6.05147422
    17   12 Mg  -0.85084264E-02     -5.33911816
    18   12 Mg  -0.92318681E-02     -5.79308466
    19   12 Mg  -0.99789062E-02     -6.26185817
    20   12 Mg  -0.98931968E-02     -6.20807473
    21   12 Mg  -0.73734510E-02     -4.62691036
    22   12 Mg  -0.90728174E-02     -5.69327889
    23   12 Mg  -0.88598697E-02     -5.55965220
    24   12 Mg  -0.91757489E-02     -5.75786939
    25   12 Mg  -0.91527746E-02     -5.74345276
    26   12 Mg  -0.90022780E-02     -5.64901471
    27   12 Mg  -0.86192176E-02     -5.40864071
    28   12 Mg  -0.10646129E-01     -6.68054707
    29   12 Mg  -0.85059160E-02     -5.33754286
    30   12 Mg  -0.95010836E-02     -5.96201996
    31   12 Mg  -0.10106589E-01     -6.34198005
    32   12 Mg  -0.88871094E-02     -5.57674536
    33   12 Mg  -0.90798428E-02     -5.69768737
    34   12 Mg  -0.88394160E-02     -5.54681726
    35   12 Mg  -0.10206350E-01     -6.40458124
    36   12 Mg  -0.99672199E-02     -6.25452493
    37   12 Mg  -0.10007948E-01     -6.28008201
    38   12 Mg  -0.97257993E-02     -6.10303122
    39   12 Mg  -0.94655047E-02     -5.93969386
    40   12 Mg  -0.10024878E-01     -6.29070602
    41    8 O   -0.14054206E-02     -0.88191473
    42    8 O   -0.13512903E-02     -0.84794745
    43    8 O   -0.14536650E-02     -0.91218854
    44    8 O   -0.11361643E-02     -0.71295385
    45    8 O   -0.15088605E-02     -0.94682426
    46    8 O   -0.13812371E-02     -0.86673934
    47    8 O   -0.11179521E-02     -0.70152554
    48    8 O   -0.12820399E-02     -0.80449217
    49    8 O   -0.13186212E-02     -0.82744728
    50    8 O   -0.13624358E-02     -0.85494136
    51    8 O   -0.13901098E-02     -0.87230707
    52    8 O   -0.13624274E-02     -0.85493611
    53    8 O   -0.13272101E-02     -0.83283691
    54    8 O   -0.10829443E-02     -0.67955784
    55    8 O   -0.11179673E-02     -0.70153509
    56    8 O   -0.11875470E-02     -0.74519697
    57    8 O   -0.13645415E-02     -0.85626272
    58    8 O   -0.13192282E-02     -0.82782817
    59    8 O   -0.11953419E-02     -0.75008840
    60    8 O   -0.12179784E-02     -0.76429296
    61    8 O   -0.12152211E-02     -0.76256275
    62    8 O   -0.12925152E-02     -0.81106555
    63    8 O   -0.14975974E-02     -0.93975656
    64    8 O   -0.12968932E-02     -0.81381274
    65    8 O   -0.10937997E-02     -0.68636966
    66    8 O   -0.11730179E-02     -0.73607984
    67    8 O   -0.14000841E-02     -0.87856601
    68    8 O   -0.10600775E-02     -0.66520868
    69    8 O   -0.12470260E-02     -0.78252060
    70    8 O   -0.12150454E-02     -0.76245250
    71    8 O   -0.12968828E-02     -0.81380624
    72    8 O   -0.10903980E-02     -0.68423505
    73    8 O   -0.13374608E-02     -0.83926933
    74    8 O   -0.13867982E-02     -0.87022900
    75    8 O   -0.13801452E-02     -0.86605421
    76    8 O   -0.12280419E-02     -0.77060791
    77    8 O   -0.13968504E-02     -0.87653689
    78    8 O   -0.12591805E-02     -0.79014771
    79    8 O   -0.10831420E-02     -0.67968186
    80    8 O   -0.11017773E-02     -0.69137569
--------------------------------------------------

Dispersion energy:      -4.2752270708493E-01 Eh

[Info] Dispersion energy written to .EDISP
