-----------------------------------
 s i m p l e   D F T - D 3  v1.2.1
-----------------------------------

Zero (Chai-Head-Gordon) damping: pbe-D3(0)
--------------------
  s6         1.0000
  s8         0.7220
  s9         0.0000
 rs6         1.2170
 rs8         1.0000
 alp        14.0000
--------------------

Atomic radii (in Angstrom):
-------------------------------------------
   Z          R(cov)     R(vdw)      r4/r2
-------------------------------------------
  12 Mg       1.6667     1.7420     2.8909
   8 O        0.8400     1.2408     1.3725
-------------------------------------------

Atomic reference systems (in atomic units):
----------------------------------------------------------------------------
   Z        #      CN    C6(AA)   #      CN    C6(AA)   #      CN    C6(AA)
----------------------------------------------------------------------------
  12 Mg     1  0.0000  683.3758   2  0.9628  451.2708   3  1.9496  175.5616
   8 O      1  0.0000   15.5059   2  0.9925   12.8161   3  1.9887   10.3708
----------------------------------------------------------------------------

Dispersion properties (in atomic units):
--------------------------------------------------------
     #    Z                CN       C6(AA)       C8(AA)
--------------------------------------------------------
     1   12 Mg         4.8328     175.5616   15718.3434
     2   12 Mg         6.2571     175.5616   15718.3434
     3   12 Mg         4.8373     175.5616   15718.3434
     4   12 Mg         4.6024     175.5616   15718.3434
     5   12 Mg         4.8819     175.5616   15718.3434
     6   12 Mg         5.0295     175.5616   15718.3434
     7   12 Mg         4.4431     175.5616   15718.3434
     8   12 Mg         4.6997     175.5616   15718.3434
     9   12 Mg         3.8234     175.5616   15718.3435
    10   12 Mg         3.4427     175.5616   15718.3461
    11   12 Mg         4.0417     175.5616   15718.3434
    12   12 Mg         4.6229     175.5616   15718.3434
    13   12 Mg         4.4330     175.5616   15718.3434
    14   12 Mg         3.6010     175.5616   15718.3442
    15   12 Mg         4.0255     175.5616   15718.3434
    16   12 Mg         5.2029     175.5616   15718.3434
    17   12 Mg         3.9744     175.5616   15718.3434
    18   12 Mg         3.6612     175.5616   15718.3439
    19   12 Mg         5.4180     175.5616   15718.3434
    20   12 Mg         4.8498     175.5616   15718.3434
    21   12 Mg         3.6137     175.5616   15718.3441
    22   12 Mg         4.1479     175.5616   15718.3434
    23   12 Mg         3.8682     175.5616   15718.3435
    24   12 Mg         4.2746     175.5616   15718.3434
    25   12 Mg         4.1353     175.5616   15718.3434
    26   12 Mg         4.2009     175.5616   15718.3434
    27   12 Mg         4.3941     175.5616   15718.3434
    28   12 Mg         4.9410     175.5616   15718.3434
    29   12 Mg         3.6277     175.5616   15718.3440
    30   12 Mg         4.5549     175.5616   15718.3434
    31   12 Mg         4.1324     175.5616   15718.3434
    32   12 Mg         4.2457     175.5616   15718.3434
    33   12 Mg         4.3667     175.5616   15718.3434
    34   12 Mg         4.8042     175.5616   15718.3434
    35   12 Mg         6.4838     175.5616   15718.3434
    36   12 Mg         4.6580     175.5616   15718.3434
    37   12 Mg         4.0967     175.5616   15718.3434
    38   12 Mg         4.2892     175.5616   15718.3434
    39   12 Mg         4.7148     175.5616   15718.3434
    40   12 Mg         4.9610     175.5616   15718.3434
    41    8 O          2.1038      10.3877     209.6300
    42    8 O          2.2205      10.3775     209.4237
    43    8 O          2.1649      10.3812     209.4989
    44    8 O          2.5840      10.3712     209.2959
    45    8 O          2.2628      10.3756     209.3851
    46    8 O          2.7449      10.3709     209.2905
    47    8 O          3.1422      10.3708     209.2885
    48    8 O          2.2670      10.3754     209.3819
    49    8 O          2.7320      10.3709     209.2907
    50    8 O          2.7542      10.3709     209.2903
    51    8 O          1.9049      10.4513     210.9128
    52    8 O          2.2149      10.3778     209.4300
    53    8 O          2.9494      10.3708     209.2888
    54    8 O          2.4721      10.3717     209.3067
    55    8 O          2.5066      10.3715     209.3023
    56    8 O          2.2023      10.3786     209.4449
    57    8 O          2.6487      10.3710     209.2929
    58    8 O          2.7185      10.3709     209.2910
    59    8 O          2.7265      10.3709     209.2908
    60    8 O          2.5635      10.3712     209.2972
    61    8 O          2.4959      10.3715     209.3035
    62    8 O          2.3486      10.3732     209.3373
    63    8 O          1.9341      10.4350     210.5845
    64    8 O          1.6939      10.7492     216.9248
    65    8 O          2.8593      10.3708     209.2892
    66    8 O          2.6337      10.3710     209.2934
    67    8 O          2.1611      10.3816     209.5054
    68    8 O          2.5988      10.3711     209.2950
    69    8 O          2.3032      10.3743     209.3585
    70    8 O          2.5182      10.3714     209.3011
    71    8 O          2.3653      10.3729     209.3312
    72    8 O          2.7189      10.3709     209.2910
    73    8 O          2.4340      10.3720     209.3131
    74    8 O          1.8183      10.5263     212.4256
    75    8 O          2.5345      10.3714     209.2995
    76    8 O          2.6192      10.3711     209.2941
    77    8 O          2.8694      10.3708     209.2892
    78    8 O          3.0234      10.3708     209.2886
    79    8 O          3.0549      10.3708     209.2886
    80    8 O          2.1675      10.3810     209.4947
--------------------------------------------------------

Atom-resolved dispersion energies:
--------------------------------------------------
     #    Z           [Hartree]      [kcal/mol]
--------------------------------------------------
     1   12 Mg  -0.59381722E-02     -3.72625934
     2   12 Mg  -0.53183849E-02     -3.33733691
     3   12 Mg  -0.54206304E-02     -3.40149695
     4   12 Mg  -0.59039751E-02     -3.70480031
     5   12 Mg  -0.61223310E-02     -3.84182071
     6   12 Mg  -0.57215405E-02     -3.59032087
     7   12 Mg  -0.56778652E-02     -3.56291421
     8   12 Mg  -0.61672805E-02     -3.87002692
     9   12 Mg  -0.59726592E-02     -3.74790026
    10   12 Mg  -0.60793009E-02     -3.81481890
    11   12 Mg  -0.61476308E-02     -3.85769660
    12   12 Mg  -0.58456766E-02     -3.66821744
    13   12 Mg  -0.59973486E-02     -3.76339307
    14   12 Mg  -0.58090864E-02     -3.64525673
    15   12 Mg  -0.60818839E-02     -3.81643977
    16   12 Mg  -0.52928740E-02     -3.32132858
    17   12 Mg  -0.58879294E-02     -3.69473148
    18   12 Mg  -0.59567507E-02     -3.73791753
    19   12 Mg  -0.59640022E-02     -3.74246790
    20   12 Mg  -0.56938881E-02     -3.57296875
    21   12 Mg  -0.54832007E-02     -3.44076038
    22   12 Mg  -0.58208015E-02     -3.65260807
    23   12 Mg  -0.64311317E-02     -4.03559605
    24   12 Mg  -0.62338959E-02     -3.91182873
    25   12 Mg  -0.61870279E-02     -3.88241861
    26   12 Mg  -0.58862342E-02     -3.69366770
    27   12 Mg  -0.56640491E-02     -3.55424450
    28   12 Mg  -0.58681306E-02     -3.68230752
    29   12 Mg  -0.61367096E-02     -3.85084344
    30   12 Mg  -0.57720884E-02     -3.62204013
    31   12 Mg  -0.62160831E-02     -3.90065105
    32   12 Mg  -0.58539561E-02     -3.67341293
    33   12 Mg  -0.59122064E-02     -3.70996555
    34   12 Mg  -0.56741867E-02     -3.56060590
    35   12 Mg  -0.49230911E-02     -3.08928631
    36   12 Mg  -0.60952227E-02     -3.82480997
    37   12 Mg  -0.63404896E-02     -3.97871730
    38   12 Mg  -0.55299143E-02     -3.47007361
    39   12 Mg  -0.58595601E-02     -3.67692949
    40   12 Mg  -0.55963135E-02     -3.51173971
    41    8 O   -0.13727957E-02     -0.86144229
    42    8 O   -0.12389269E-02     -0.77743839
    43    8 O   -0.13318653E-02     -0.83575808
    44    8 O   -0.12839674E-02     -0.80570172
    45    8 O   -0.15073796E-02     -0.94589496
    46    8 O   -0.13886490E-02     -0.87139038
    47    8 O   -0.14656203E-02     -0.91969062
    48    8 O   -0.14230712E-02     -0.89299066
    49    8 O   -0.13229493E-02     -0.83016322
    50    8 O   -0.13106622E-02     -0.82245294
    51    8 O   -0.12802931E-02     -0.80339605
    52    8 O   -0.13056742E-02     -0.81932293
    53    8 O   -0.13324748E-02     -0.83614059
    54    8 O   -0.11716981E-02     -0.73525165
    55    8 O   -0.12643946E-02     -0.79341960
    56    8 O   -0.12816455E-02     -0.80424469
    57    8 O   -0.13293444E-02     -0.83417623
    58    8 O   -0.12818068E-02     -0.80434590
    59    8 O   -0.14312173E-02     -0.89810239
    60    8 O   -0.13281785E-02     -0.83344459
    61    8 O   -0.13689520E-02     -0.85903032
    62    8 O   -0.13094494E-02     -0.82169191
    63    8 O   -0.13936113E-02     -0.87450431
    64    8 O   -0.12850684E-02     -0.80639257
    65    8 O   -0.13885244E-02     -0.87131224
    66    8 O   -0.13700403E-02     -0.85971324
    67    8 O   -0.12940569E-02     -0.81203294
    68    8 O   -0.12249800E-02     -0.76868654
    69    8 O   -0.13857160E-02     -0.86954992
    70    8 O   -0.13820703E-02     -0.86726218
    71    8 O   -0.13124473E-02     -0.82357314
    72    8 O   -0.12911920E-02     -0.81023519
    73    8 O   -0.12950566E-02     -0.81266027
    74    8 O   -0.13657474E-02     -0.85701946
    75    8 O   -0.14715127E-02     -0.92338815
    76    8 O   -0.13948678E-02     -0.87529278
    77    8 O   -0.14215807E-02     -0.89205539
    78    8 O   -0.12618899E-02     -0.79184788
    79    8 O   -0.13927117E-02     -0.87393981
    80    8 O   -0.12580680E-02     -0.78944960
--------------------------------------------------

Dispersion energy:      -2.8800366107281E-01 Eh

[Info] Dispersion energy written to .EDISP
