-----------------------------------
 s i m p l e   D F T - D 3  v1.2.1
-----------------------------------

Zero (Chai-Head-Gordon) damping: pbe-D3(0)
--------------------
  s6         1.0000
  s8         0.7220
  s9         0.0000
 rs6         1.2170
 rs8         1.0000
 alp        14.0000
--------------------

Atomic radii (in Angstrom):
-------------------------------------------
   Z          R(cov)     R(vdw)      r4/r2
-------------------------------------------
  12 Mg       1.6667     1.7420     2.8909
  28 Ni       1.3200     1.6731     2.7967
-------------------------------------------

Atomic reference systems (in atomic units):
----------------------------------------------------------------------------
   Z        #      CN    C6(AA)   #      CN    C6(AA)   #      CN    C6(AA)
----------------------------------------------------------------------------
  12 Mg     1  0.0000  683.3758   2  0.9628  451.2708   3  1.9496  175.5616
  28 Ni     1  0.0000  574.7436   2  1.7937  178.3311   3  6.5458  128.7820
            4  6.2918  141.8763
----------------------------------------------------------------------------

Dispersion properties (in atomic units):
--------------------------------------------------------
     #    Z                CN       C6(AA)       C8(AA)
--------------------------------------------------------
     1   12 Mg         0.0491     674.5039   60389.5423
     2   12 Mg         0.0491     674.5039   60389.5401
     3   12 Mg         0.0555     674.0735   60351.0063
     4   12 Mg         0.0555     674.0735   60351.0028
     5   12 Mg         0.0555     674.0735   60351.0027
     6   12 Mg         0.0555     674.0736   60351.0086
     7   12 Mg         0.0499     674.4529   60384.9731
     8   12 Mg         0.0499     674.4529   60384.9708
     9   12 Mg         0.0497     674.4646   60386.0223
    10   12 Mg         0.0497     674.4672   60386.2511
    11   12 Mg         0.0491     674.5039   60389.5416
    12   12 Mg         0.0491     674.5039   60389.5395
    13   12 Mg         0.0497     674.4646   60386.0229
    14   12 Mg         0.0497     674.4646   60386.0211
    15   12 Mg         0.0495     674.4766   60387.0931
    16   12 Mg         0.0495     674.4766   60387.0930
    17   12 Mg         0.0491     674.5040   60389.5426
    18   12 Mg         0.0491     674.5039   60389.5411
    19   12 Mg         0.0499     674.4529   60384.9707
    20   12 Mg         0.0495     674.4766   60387.0937
    21   12 Mg         0.0496     674.4672   60386.2530
    22   12 Mg         0.0497     674.4672   60386.2505
    23   12 Mg         0.0555     674.0735   60351.0053
    24   12 Mg         0.0555     674.0735   60351.0044
    25   12 Mg         0.0548     674.1234   60355.4717
    26   12 Mg         0.0548     674.1234   60355.4699
    27   12 Mg         0.0548     674.1234   60355.4701
    28   12 Mg         0.0497     674.4622   60385.8044
    29   12 Mg         0.0497     674.4622   60385.8038
    30   12 Mg         0.0497     674.4622   60385.8044
    31   12 Mg         0.0497     674.4622   60385.8059
    32   12 Mg         0.0497     674.4622   60385.8039
    33   12 Mg         0.0497     674.4622   60385.8045
    34   12 Mg         0.0495     674.4760   60387.0394
    35   12 Mg         0.0495     674.4760   60387.0417
    36   12 Mg         0.0495     674.4760   60387.0412
    37   12 Mg         0.0494     674.4860   60387.9320
    38   12 Mg         0.0494     674.4860   60387.9337
    39   12 Mg         0.0494     674.4859   60387.9308
    40   12 Mg         0.0507     674.3966   60379.9330
    41   12 Mg         0.0507     674.3966   60379.9323
    42   12 Mg         0.0507     674.3966   60379.9329
    43   12 Mg         0.0507     674.3966   60379.9335
    44   12 Mg         0.0507     674.3966   60379.9316
    45   12 Mg         0.0507     674.3966   60379.9329
    46   12 Mg         0.0507     674.3963   60379.9037
    47   12 Mg         0.0520     674.3127   60372.4222
    48   12 Mg         0.0520     674.3127   60372.4205
    49   12 Mg         0.0520     674.3127   60372.4203
    50   12 Mg         0.0500     674.4439   60384.1681
    51   12 Mg         0.0498     674.4601   60385.6152
    52   12 Mg         0.0498     674.4601   60385.6126
    53   12 Mg         0.0498     674.4601   60385.6139
    54   12 Mg         0.0498     674.4601   60385.6151
    55   12 Mg         0.0498     674.4601   60385.6146
    56   12 Mg         0.0498     674.4601   60385.6146
    57   12 Mg         0.0498     674.4605   60385.6503
    58   12 Mg         0.0498     674.4605   60385.6496
    59   12 Mg         0.0498     674.4605   60385.6501
    60   12 Mg         0.0498     674.4605   60385.6520
    61   12 Mg         0.0498     674.4605   60385.6503
    62   12 Mg         0.0498     674.4605   60385.6496
    63   12 Mg         0.0500     674.4470   60384.4477
    64   12 Mg         0.0500     674.4471   60384.4502
    65   12 Mg         0.0500     674.4471   60384.4484
    66   12 Mg         0.0499     674.4507   60384.7762
    67   12 Mg         0.0499     674.4507   60384.7737
    68   12 Mg         0.0499     674.4507   60384.7737
    69   12 Mg         0.0502     674.4298   60382.9042
    70   12 Mg         0.0502     674.4298   60382.9049
    71   12 Mg         0.0502     674.4298   60382.9042
    72   12 Mg         0.0503     674.4242   60382.3984
    73   12 Mg         0.0503     674.4242   60382.4033
    74   12 Mg         0.0503     674.4242   60382.3984
    75   12 Mg         0.0497     674.4619   60385.7811
    76   12 Mg         0.0497     674.4656   60386.1068
    77   12 Mg         0.0497     674.4656   60386.1093
    78   12 Mg         0.0503     674.4227   60382.2666
    79   12 Mg         0.0503     674.4227   60382.2641
    80   12 Mg         0.0496     674.4685   60386.3683
    81   12 Mg         0.0496     674.4685   60386.3672
    82   12 Mg         0.0503     674.4230   60382.2951
    83   12 Mg         0.0503     674.4227   60382.2653
    84   12 Mg         0.0503     674.4227   60382.2660
    85   12 Mg         0.0497     674.4630   60385.8784
    86   12 Mg         0.0497     674.4642   60385.9823
    87   12 Mg         0.0497     674.4642   60385.9793
    88   12 Mg         0.0503     674.4227   60382.2636
    89   12 Mg         0.0503     674.4227   60382.2648
    90   12 Mg         0.0497     674.4630   60385.8796
    91   12 Mg         0.0497     674.4630   60385.8749
    92   12 Mg         0.0496     674.4685   60386.3713
    93   12 Mg         0.0496     674.4685   60386.3706
    94   12 Mg         0.0497     674.4656   60386.1082
    95   12 Mg         0.0497     674.4642   60385.9818
    96   12 Mg         0.0497     674.4619   60385.7800
    97   12 Mg         0.0497     674.4619   60385.7819
    98   12 Mg         0.0496     674.4685   60386.3709
    99   12 Mg         0.0496     674.4685   60386.3701
   100   12 Mg         0.0503     674.4242   60382.3985
   101   12 Mg         0.0503     674.4242   60382.4033
   102   12 Mg         0.0503     674.4242   60382.3985
   103   12 Mg         0.0502     674.4298   60382.9042
   104   12 Mg         0.0502     674.4298   60382.9049
   105   12 Mg         0.0502     674.4298   60382.9043
   106   12 Mg         0.0499     674.4507   60384.7743
   107   12 Mg         0.0499     674.4507   60384.7718
   108   12 Mg         0.0499     674.4507   60384.7718
   109   12 Mg         0.0500     674.4470   60384.4468
   110   12 Mg         0.0500     674.4471   60384.4492
   111   12 Mg         0.0500     674.4470   60384.4474
   112   12 Mg         0.0498     674.4605   60385.6503
   113   12 Mg         0.0498     674.4605   60385.6496
   114   12 Mg         0.0498     674.4605   60385.6501
   115   12 Mg         0.0498     674.4605   60385.6520
   116   12 Mg         0.0498     674.4605   60385.6503
   117   12 Mg         0.0498     674.4605   60385.6496
   118   12 Mg         0.0498     674.4601   60385.6152
   119   12 Mg         0.0498     674.4601   60385.6126
   120   12 Mg         0.0498     674.4601   60385.6139
   121   12 Mg         0.0498     674.4601   60385.6151
   122   12 Mg         0.0498     674.4601   60385.6146
   123   12 Mg         0.0498     674.4601   60385.6146
   124   12 Mg         0.0500     674.4439   60384.1681
   125   12 Mg         0.0520     674.3127   60372.4232
   126   12 Mg         0.0520     674.3127   60372.4216
   127   12 Mg         0.0520     674.3127   60372.4214
   128   12 Mg         0.0507     674.3963   60379.9066
   129   12 Mg         0.0507     674.3966   60379.9350
   130   12 Mg         0.0507     674.3966   60379.9343
   131   12 Mg         0.0507     674.3966   60379.9349
   132   12 Mg         0.0507     674.3966   60379.9355
   133   12 Mg         0.0507     674.3966   60379.9336
   134   12 Mg         0.0507     674.3966   60379.9348
   135   12 Mg         0.0494     674.4860   60387.9339
   136   12 Mg         0.0494     674.4860   60387.9356
   137   12 Mg         0.0494     674.4860   60387.9327
   138   12 Mg         0.0495     674.4760   60387.0404
   139   12 Mg         0.0495     674.4760   60387.0427
   140   12 Mg         0.0495     674.4760   60387.0421
   141   12 Mg         0.0497     674.4622   60385.8045
   142   12 Mg         0.0497     674.4622   60385.8038
   143   12 Mg         0.0497     674.4622   60385.8045
   144   12 Mg         0.0497     674.4622   60385.8059
   145   12 Mg         0.0497     674.4622   60385.8039
   146   12 Mg         0.0497     674.4622   60385.8046
   147   12 Mg         0.0548     674.1234   60355.4717
   148   12 Mg         0.0548     674.1234   60355.4700
   149   12 Mg         0.0548     674.1234   60355.4701
   150   28 Ni         0.0266     574.7416   48159.2055
--------------------------------------------------------

Atom-resolved dispersion energies:
--------------------------------------------------
     #    Z           [Hartree]      [kcal/mol]
--------------------------------------------------
     1   12 Mg  -0.81267036E-02     -5.09958352
     2   12 Mg  -0.81267274E-02     -5.09959842
     3   12 Mg  -0.86784471E-02     -5.44580777
     4   12 Mg  -0.86784774E-02     -5.44582677
     5   12 Mg  -0.86784747E-02     -5.44582507
     6   12 Mg  -0.86784367E-02     -5.44580125
     7   12 Mg  -0.81997177E-02     -5.14540054
     8   12 Mg  -0.81997476E-02     -5.14541928
     9   12 Mg  -0.81772443E-02     -5.13129828
    10   12 Mg  -0.81717852E-02     -5.12787266
    11   12 Mg  -0.81267137E-02     -5.09958983
    12   12 Mg  -0.81267371E-02     -5.09960452
    13   12 Mg  -0.81772379E-02     -5.13129424
    14   12 Mg  -0.81772587E-02     -5.13130729
    15   12 Mg  -0.81519598E-02     -5.11543198
    16   12 Mg  -0.81519649E-02     -5.11543519
    17   12 Mg  -0.81267018E-02     -5.09958234
    18   12 Mg  -0.81267203E-02     -5.09959400
    19   12 Mg  -0.81997453E-02     -5.14541786
    20   12 Mg  -0.81519553E-02     -5.11542921
    21   12 Mg  -0.81717658E-02     -5.12786048
    22   12 Mg  -0.81717939E-02     -5.12787811
    23   12 Mg  -0.86784559E-02     -5.44581328
    24   12 Mg  -0.86784665E-02     -5.44581998
    25   12 Mg  -0.86418270E-02     -5.42282834
    26   12 Mg  -0.86418446E-02     -5.42283937
    27   12 Mg  -0.86418333E-02     -5.42283227
    28   12 Mg  -0.81812516E-02     -5.13381292
    29   12 Mg  -0.81812592E-02     -5.13381767
    30   12 Mg  -0.81812545E-02     -5.13381469
    31   12 Mg  -0.81812374E-02     -5.13380398
    32   12 Mg  -0.81812580E-02     -5.13381689
    33   12 Mg  -0.81812516E-02     -5.13381286
    34   12 Mg  -0.81584924E-02     -5.11953127
    35   12 Mg  -0.81584623E-02     -5.11951238
    36   12 Mg  -0.81584723E-02     -5.11951863
    37   12 Mg  -0.81494730E-02     -5.11387154
    38   12 Mg  -0.81494528E-02     -5.11385886
    39   12 Mg  -0.81494863E-02     -5.11387988
    40   12 Mg  -0.82365211E-02     -5.16849503
    41   12 Mg  -0.82365271E-02     -5.16849881
    42   12 Mg  -0.82365231E-02     -5.16849628
    43   12 Mg  -0.82365166E-02     -5.16849220
    44   12 Mg  -0.82365372E-02     -5.16850516
    45   12 Mg  -0.82365213E-02     -5.16849513
    46   12 Mg  -0.82384184E-02     -5.16968561
    47   12 Mg  -0.83431905E-02     -5.23543106
    48   12 Mg  -0.83432048E-02     -5.23544007
    49   12 Mg  -0.83432099E-02     -5.23544323
    50   12 Mg  -0.81950452E-02     -5.14246850
    51   12 Mg  -0.81702342E-02     -5.12689935
    52   12 Mg  -0.81702608E-02     -5.12691606
    53   12 Mg  -0.81702455E-02     -5.12690643
    54   12 Mg  -0.81702350E-02     -5.12689988
    55   12 Mg  -0.81702394E-02     -5.12690265
    56   12 Mg  -0.81702405E-02     -5.12690330
    57   12 Mg  -0.81790210E-02     -5.13241319
    58   12 Mg  -0.81790292E-02     -5.13241830
    59   12 Mg  -0.81790248E-02     -5.13241555
    60   12 Mg  -0.81790005E-02     -5.13240031
    61   12 Mg  -0.81790193E-02     -5.13241208
    62   12 Mg  -0.81790285E-02     -5.13241790
    63   12 Mg  -0.81821345E-02     -5.13436693
    64   12 Mg  -0.81821059E-02     -5.13434898
    65   12 Mg  -0.81821291E-02     -5.13436355
    66   12 Mg  -0.81796708E-02     -5.13282094
    67   12 Mg  -0.81797011E-02     -5.13283992
    68   12 Mg  -0.81796986E-02     -5.13283835
    69   12 Mg  -0.82123341E-02     -5.15331743
    70   12 Mg  -0.82123298E-02     -5.15331474
    71   12 Mg  -0.82123356E-02     -5.15331839
    72   12 Mg  -0.82166758E-02     -5.15604190
    73   12 Mg  -0.82166232E-02     -5.15600889
    74   12 Mg  -0.82166753E-02     -5.15604161
    75   12 Mg  -0.81696083E-02     -5.12650658
    76   12 Mg  -0.81689435E-02     -5.12608946
    77   12 Mg  -0.81689130E-02     -5.12607029
    78   12 Mg  -0.82116403E-02     -5.15288208
    79   12 Mg  -0.82116685E-02     -5.15289979
    80   12 Mg  -0.81667334E-02     -5.12470259
    81   12 Mg  -0.81667480E-02     -5.12471174
    82   12 Mg  -0.82189822E-02     -5.15748921
    83   12 Mg  -0.82116588E-02     -5.15289367
    84   12 Mg  -0.82116481E-02     -5.15288696
    85   12 Mg  -0.81730257E-02     -5.12865104
    86   12 Mg  -0.81733986E-02     -5.12888508
    87   12 Mg  -0.81734351E-02     -5.12890798
    88   12 Mg  -0.82116765E-02     -5.15290482
    89   12 Mg  -0.82116611E-02     -5.15289513
    90   12 Mg  -0.81730112E-02     -5.12864196
    91   12 Mg  -0.81730628E-02     -5.12867433
    92   12 Mg  -0.81667000E-02     -5.12468163
    93   12 Mg  -0.81667097E-02     -5.12468773
    94   12 Mg  -0.81689273E-02     -5.12607930
    95   12 Mg  -0.81734095E-02     -5.12889192
    96   12 Mg  -0.81696182E-02     -5.12651285
    97   12 Mg  -0.81695996E-02     -5.12650114
    98   12 Mg  -0.81667045E-02     -5.12468443
    99   12 Mg  -0.81667157E-02     -5.12469146
   100   12 Mg  -0.82166746E-02     -5.15604117
   101   12 Mg  -0.82166220E-02     -5.15600815
   102   12 Mg  -0.82166742E-02     -5.15604088
   103   12 Mg  -0.82123329E-02     -5.15331669
   104   12 Mg  -0.82123286E-02     -5.15331400
   105   12 Mg  -0.82123344E-02     -5.15331765
   106   12 Mg  -0.81796925E-02     -5.13283454
   107   12 Mg  -0.81797227E-02     -5.13285352
   108   12 Mg  -0.81797202E-02     -5.13285195
   109   12 Mg  -0.81821453E-02     -5.13437372
   110   12 Mg  -0.81821167E-02     -5.13435577
   111   12 Mg  -0.81821400E-02     -5.13437034
   112   12 Mg  -0.81790215E-02     -5.13241350
   113   12 Mg  -0.81790297E-02     -5.13241861
   114   12 Mg  -0.81790253E-02     -5.13241586
   115   12 Mg  -0.81790010E-02     -5.13240063
   116   12 Mg  -0.81790198E-02     -5.13241239
   117   12 Mg  -0.81790290E-02     -5.13241821
   118   12 Mg  -0.81702340E-02     -5.12689925
   119   12 Mg  -0.81702606E-02     -5.12691595
   120   12 Mg  -0.81702453E-02     -5.12690632
   121   12 Mg  -0.81702348E-02     -5.12689977
   122   12 Mg  -0.81702393E-02     -5.12690254
   123   12 Mg  -0.81702403E-02     -5.12690320
   124   12 Mg  -0.81950451E-02     -5.14246846
   125   12 Mg  -0.83431790E-02     -5.23542390
   126   12 Mg  -0.83431934E-02     -5.23543290
   127   12 Mg  -0.83431984E-02     -5.23543607
   128   12 Mg  -0.82383833E-02     -5.16966357
   129   12 Mg  -0.82364980E-02     -5.16848055
   130   12 Mg  -0.82365041E-02     -5.16848433
   131   12 Mg  -0.82365000E-02     -5.16848180
   132   12 Mg  -0.82364935E-02     -5.16847772
   133   12 Mg  -0.82365142E-02     -5.16849068
   134   12 Mg  -0.82364982E-02     -5.16848065
   135   12 Mg  -0.81494513E-02     -5.11385790
   136   12 Mg  -0.81494311E-02     -5.11384521
   137   12 Mg  -0.81494646E-02     -5.11386624
   138   12 Mg  -0.81584803E-02     -5.11952368
   139   12 Mg  -0.81584502E-02     -5.11950479
   140   12 Mg  -0.81584602E-02     -5.11951104
   141   12 Mg  -0.81812496E-02     -5.13381164
   142   12 Mg  -0.81812572E-02     -5.13381640
   143   12 Mg  -0.81812524E-02     -5.13381341
   144   12 Mg  -0.81812354E-02     -5.13380270
   145   12 Mg  -0.81812559E-02     -5.13381562
   146   12 Mg  -0.81812495E-02     -5.13381158
   147   12 Mg  -0.86418267E-02     -5.42282812
   148   12 Mg  -0.86418443E-02     -5.42283915
   149   12 Mg  -0.86418330E-02     -5.42283205
   150   28 Ni  -0.93418466E-02     -5.86209722
--------------------------------------------------

Dispersion energy:      -1.2353931826348E+00 Eh

[Info] Dispersion energy written to .EDISP
