-----------------------------------
 s i m p l e   D F T - D 3  v1.2.1
-----------------------------------

Zero (Chai-Head-Gordon) damping: pbe-D3(0)
--------------------
  s6         1.0000
  s8         0.7220
  s9         0.0000
 rs6         1.2170
 rs8         1.0000
 alp        14.0000
--------------------

Atomic radii (in Angstrom):
-------------------------------------------
   Z          R(cov)     R(vdw)      r4/r2
-------------------------------------------
  12 Mg       1.6667     1.7420     2.8909
  28 Ni       1.3200     1.6731     2.7967
-------------------------------------------

Atomic reference systems (in atomic units):
----------------------------------------------------------------------------
   Z        #      CN    C6(AA)   #      CN    C6(AA)   #      CN    C6(AA)
----------------------------------------------------------------------------
  12 Mg     1  0.0000  683.3758   2  0.9628  451.2708   3  1.9496  175.5616
  28 Ni     1  0.0000  574.7436   2  1.7937  178.3311   3  6.5458  128.7820
            4  6.2918  141.8763
----------------------------------------------------------------------------

Dispersion properties (in atomic units):
--------------------------------------------------------
     #    Z                CN       C6(AA)       C8(AA)
--------------------------------------------------------
     1   12 Mg         5.7763     175.5616   15718.3434
     2   12 Mg         5.7763     175.5616   15718.3434
     3   12 Mg         6.0968     175.5616   15718.3434
     4   12 Mg         6.0969     175.5616   15718.3434
     5   12 Mg         6.0969     175.5616   15718.3434
     6   12 Mg         6.0968     175.5616   15718.3434
     7   12 Mg         5.8679     175.5616   15718.3434
     8   12 Mg         5.8679     175.5616   15718.3434
     9   12 Mg         5.8559     175.5616   15718.3434
    10   12 Mg         5.8397     175.5616   15718.3434
    11   12 Mg         5.7763     175.5616   15718.3434
    12   12 Mg         5.7763     175.5616   15718.3434
    13   12 Mg         5.8558     175.5616   15718.3434
    14   12 Mg         5.8559     175.5616   15718.3434
    15   12 Mg         5.8372     175.5616   15718.3434
    16   12 Mg         5.8372     175.5616   15718.3434
    17   12 Mg         5.7762     175.5616   15718.3434
    18   12 Mg         5.7763     175.5616   15718.3434
    19   12 Mg         5.8679     175.5616   15718.3434
    20   12 Mg         5.8372     175.5616   15718.3434
    21   12 Mg         5.8397     175.5616   15718.3434
    22   12 Mg         5.8397     175.5616   15718.3434
    23   12 Mg         6.0968     175.5616   15718.3434
    24   12 Mg         6.0969     175.5616   15718.3434
    25   12 Mg         6.0421     175.5616   15718.3434
    26   12 Mg         6.0422     175.5616   15718.3434
    27   12 Mg         6.0422     175.5616   15718.3434
    28   12 Mg         5.8506     175.5616   15718.3434
    29   12 Mg         5.8507     175.5616   15718.3434
    30   12 Mg         5.8506     175.5616   15718.3434
    31   12 Mg         5.8506     175.5616   15718.3434
    32   12 Mg         5.8507     175.5616   15718.3434
    33   12 Mg         5.8506     175.5616   15718.3434
    34   12 Mg         5.8383     175.5616   15718.3434
    35   12 Mg         5.8382     175.5616   15718.3434
    36   12 Mg         5.8382     175.5616   15718.3434
    37   12 Mg         5.8251     175.5616   15718.3434
    38   12 Mg         5.8251     175.5616   15718.3434
    39   12 Mg         5.8252     175.5616   15718.3434
    40   12 Mg         5.9566     175.5616   15718.3434
    41   12 Mg         5.9566     175.5616   15718.3434
    42   12 Mg         5.9566     175.5616   15718.3434
    43   12 Mg         5.9566     175.5616   15718.3434
    44   12 Mg         5.9566     175.5616   15718.3434
    45   12 Mg         5.9566     175.5616   15718.3434
    46   12 Mg         5.9570     175.5616   15718.3434
    47   12 Mg         6.0725     175.5616   15718.3434
    48   12 Mg         6.0725     175.5616   15718.3434
    49   12 Mg         6.0725     175.5616   15718.3434
    50   12 Mg         5.8724     175.5616   15718.3434
    51   12 Mg         5.8464     175.5616   15718.3434
    52   12 Mg         5.8464     175.5616   15718.3434
    53   12 Mg         5.8464     175.5616   15718.3434
    54   12 Mg         5.8464     175.5616   15718.3434
    55   12 Mg         5.8464     175.5616   15718.3434
    56   12 Mg         5.8464     175.5616   15718.3434
    57   12 Mg         5.8640     175.5616   15718.3434
    58   12 Mg         5.8640     175.5616   15718.3434
    59   12 Mg         5.8640     175.5616   15718.3434
    60   12 Mg         5.8639     175.5616   15718.3434
    61   12 Mg         5.8640     175.5616   15718.3434
    62   12 Mg         5.8640     175.5616   15718.3434
    63   12 Mg         5.8842     175.5616   15718.3434
    64   12 Mg         5.8842     175.5616   15718.3434
    65   12 Mg         5.8842     175.5616   15718.3434
    66   12 Mg         5.8799     175.5616   15718.3434
    67   12 Mg         5.8800     175.5616   15718.3434
    68   12 Mg         5.8800     175.5616   15718.3434
    69   12 Mg         5.9103     175.5616   15718.3434
    70   12 Mg         5.9103     175.5616   15718.3434
    71   12 Mg         5.9103     175.5616   15718.3434
    72   12 Mg         5.9181     175.5616   15718.3434
    73   12 Mg         5.9180     175.5616   15718.3434
    74   12 Mg         5.9181     175.5616   15718.3434
    75   12 Mg         5.8569     175.5616   15718.3434
    76   12 Mg         5.8528     175.5616   15718.3434
    77   12 Mg         5.8528     175.5616   15718.3434
    78   12 Mg         5.9206     175.5616   15718.3434
    79   12 Mg         5.9207     175.5616   15718.3434
    80   12 Mg         5.8504     175.5616   15718.3434
    81   12 Mg         5.8504     175.5616   15718.3434
    82   12 Mg         5.9226     175.5616   15718.3434
    83   12 Mg         5.9207     175.5616   15718.3434
    84   12 Mg         5.9206     175.5616   15718.3434
    85   12 Mg         5.8615     175.5616   15718.3434
    86   12 Mg         5.8599     175.5616   15718.3434
    87   12 Mg         5.8599     175.5616   15718.3434
    88   12 Mg         5.9207     175.5616   15718.3434
    89   12 Mg         5.9207     175.5616   15718.3434
    90   12 Mg         5.8614     175.5616   15718.3434
    91   12 Mg         5.8615     175.5616   15718.3434
    92   12 Mg         5.8503     175.5616   15718.3434
    93   12 Mg         5.8503     175.5616   15718.3434
    94   12 Mg         5.8528     175.5616   15718.3434
    95   12 Mg         5.8599     175.5616   15718.3434
    96   12 Mg         5.8569     175.5616   15718.3434
    97   12 Mg         5.8569     175.5616   15718.3434
    98   12 Mg         5.8503     175.5616   15718.3434
    99   12 Mg         5.8503     175.5616   15718.3434
   100   12 Mg         5.9181     175.5616   15718.3434
   101   12 Mg         5.9180     175.5616   15718.3434
   102   12 Mg         5.9181     175.5616   15718.3434
   103   12 Mg         5.9103     175.5616   15718.3434
   104   12 Mg         5.9103     175.5616   15718.3434
   105   12 Mg         5.9103     175.5616   15718.3434
   106   12 Mg         5.8800     175.5616   15718.3434
   107   12 Mg         5.8800     175.5616   15718.3434
   108   12 Mg         5.8800     175.5616   15718.3434
   109   12 Mg         5.8842     175.5616   15718.3434
   110   12 Mg         5.8842     175.5616   15718.3434
   111   12 Mg         5.8842     175.5616   15718.3434
   112   12 Mg         5.8640     175.5616   15718.3434
   113   12 Mg         5.8640     175.5616   15718.3434
   114   12 Mg         5.8640     175.5616   15718.3434
   115   12 Mg         5.8639     175.5616   15718.3434
   116   12 Mg         5.8640     175.5616   15718.3434
   117   12 Mg         5.8640     175.5616   15718.3434
   118   12 Mg         5.8464     175.5616   15718.3434
   119   12 Mg         5.8464     175.5616   15718.3434
   120   12 Mg         5.8464     175.5616   15718.3434
   121   12 Mg         5.8464     175.5616   15718.3434
   122   12 Mg         5.8464     175.5616   15718.3434
   123   12 Mg         5.8464     175.5616   15718.3434
   124   12 Mg         5.8724     175.5616   15718.3434
   125   12 Mg         6.0725     175.5616   15718.3434
   126   12 Mg         6.0725     175.5616   15718.3434
   127   12 Mg         6.0725     175.5616   15718.3434
   128   12 Mg         5.9570     175.5616   15718.3434
   129   12 Mg         5.9565     175.5616   15718.3434
   130   12 Mg         5.9566     175.5616   15718.3434
   131   12 Mg         5.9565     175.5616   15718.3434
   132   12 Mg         5.9565     175.5616   15718.3434
   133   12 Mg         5.9566     175.5616   15718.3434
   134   12 Mg         5.9565     175.5616   15718.3434
   135   12 Mg         5.8251     175.5616   15718.3434
   136   12 Mg         5.8251     175.5616   15718.3434
   137   12 Mg         5.8251     175.5616   15718.3434
   138   12 Mg         5.8383     175.5616   15718.3434
   139   12 Mg         5.8382     175.5616   15718.3434
   140   12 Mg         5.8382     175.5616   15718.3434
   141   12 Mg         5.8506     175.5616   15718.3434
   142   12 Mg         5.8507     175.5616   15718.3434
   143   12 Mg         5.8506     175.5616   15718.3434
   144   12 Mg         5.8506     175.5616   15718.3434
   145   12 Mg         5.8507     175.5616   15718.3434
   146   12 Mg         5.8506     175.5616   15718.3434
   147   12 Mg         6.0421     175.5616   15718.3434
   148   12 Mg         6.0422     175.5616   15718.3434
   149   12 Mg         6.0422     175.5616   15718.3434
   150   28 Ni         3.1733     178.3311   14942.8615
--------------------------------------------------------

Atom-resolved dispersion energies:
--------------------------------------------------
     #    Z           [Hartree]      [kcal/mol]
--------------------------------------------------
     1   12 Mg  -0.67486620E-02     -4.23484933
     2   12 Mg  -0.67486448E-02     -4.23483852
     3   12 Mg  -0.67338909E-02     -4.22558035
     4   12 Mg  -0.67338800E-02     -4.22557348
     5   12 Mg  -0.67338789E-02     -4.22557280
     6   12 Mg  -0.67338807E-02     -4.22557393
     7   12 Mg  -0.67498942E-02     -4.23562254
     8   12 Mg  -0.67498877E-02     -4.23561845
     9   12 Mg  -0.66986290E-02     -4.20345318
    10   12 Mg  -0.67339054E-02     -4.22558943
    11   12 Mg  -0.67486495E-02     -4.23484152
    12   12 Mg  -0.67486478E-02     -4.23484045
    13   12 Mg  -0.66986323E-02     -4.20345525
    14   12 Mg  -0.66986250E-02     -4.20345066
    15   12 Mg  -0.66704946E-02     -4.18579853
    16   12 Mg  -0.66705055E-02     -4.18580542
    17   12 Mg  -0.67486571E-02     -4.23484625
    18   12 Mg  -0.67486621E-02     -4.23484942
    19   12 Mg  -0.67498842E-02     -4.23561628
    20   12 Mg  -0.66705032E-02     -4.18580395
    21   12 Mg  -0.67339143E-02     -4.22559499
    22   12 Mg  -0.67339045E-02     -4.22558889
    23   12 Mg  -0.67338791E-02     -4.22557294
    24   12 Mg  -0.67338816E-02     -4.22557450
    25   12 Mg  -0.67607246E-02     -4.24241873
    26   12 Mg  -0.67607093E-02     -4.24240914
    27   12 Mg  -0.67607058E-02     -4.24240696
    28   12 Mg  -0.67392319E-02     -4.22893187
    29   12 Mg  -0.67392307E-02     -4.22893112
    30   12 Mg  -0.67392387E-02     -4.22893614
    31   12 Mg  -0.67392370E-02     -4.22893505
    32   12 Mg  -0.67392293E-02     -4.22893023
    33   12 Mg  -0.67392313E-02     -4.22893151
    34   12 Mg  -0.66851444E-02     -4.19499142
    35   12 Mg  -0.66851488E-02     -4.19499420
    36   12 Mg  -0.66851522E-02     -4.19499635
    37   12 Mg  -0.66835265E-02     -4.19397620
    38   12 Mg  -0.66835346E-02     -4.19398126
    39   12 Mg  -0.66835199E-02     -4.19397206
    40   12 Mg  -0.66521642E-02     -4.17429605
    41   12 Mg  -0.66521594E-02     -4.17429302
    42   12 Mg  -0.66521684E-02     -4.17429867
    43   12 Mg  -0.66521688E-02     -4.17429897
    44   12 Mg  -0.66521621E-02     -4.17429474
    45   12 Mg  -0.66521633E-02     -4.17429547
    46   12 Mg  -0.66549468E-02     -4.17604217
    47   12 Mg  -0.67135090E-02     -4.21279048
    48   12 Mg  -0.67134984E-02     -4.21278387
    49   12 Mg  -0.67134985E-02     -4.21278391
    50   12 Mg  -0.67375566E-02     -4.22788062
    51   12 Mg  -0.67186187E-02     -4.21599691
    52   12 Mg  -0.67186036E-02     -4.21598742
    53   12 Mg  -0.67186070E-02     -4.21598952
    54   12 Mg  -0.67186206E-02     -4.21599805
    55   12 Mg  -0.67186100E-02     -4.21599140
    56   12 Mg  -0.67186164E-02     -4.21599543
    57   12 Mg  -0.66841613E-02     -4.19437457
    58   12 Mg  -0.66841597E-02     -4.19437352
    59   12 Mg  -0.66841682E-02     -4.19437885
    60   12 Mg  -0.66841685E-02     -4.19437906
    61   12 Mg  -0.66841564E-02     -4.19437148
    62   12 Mg  -0.66841596E-02     -4.19437345
    63   12 Mg  -0.66585618E-02     -4.17831061
    64   12 Mg  -0.66585693E-02     -4.17831529
    65   12 Mg  -0.66585684E-02     -4.17831473
    66   12 Mg  -0.66568968E-02     -4.17726580
    67   12 Mg  -0.66568906E-02     -4.17726191
    68   12 Mg  -0.66568843E-02     -4.17725794
    69   12 Mg  -0.66779750E-02     -4.19049261
    70   12 Mg  -0.66779831E-02     -4.19049768
    71   12 Mg  -0.66779782E-02     -4.19049458
    72   12 Mg  -0.66722538E-02     -4.18690246
    73   12 Mg  -0.66722819E-02     -4.18692010
    74   12 Mg  -0.66722517E-02     -4.18690113
    75   12 Mg  -0.66758144E-02     -4.18913680
    76   12 Mg  -0.66868448E-02     -4.19605848
    77   12 Mg  -0.66868478E-02     -4.19606035
    78   12 Mg  -0.66575239E-02     -4.17765929
    79   12 Mg  -0.66575152E-02     -4.17765385
    80   12 Mg  -0.66813332E-02     -4.19259986
    81   12 Mg  -0.66813279E-02     -4.19259657
    82   12 Mg  -0.66693070E-02     -4.18505335
    83   12 Mg  -0.66575274E-02     -4.17766154
    84   12 Mg  -0.66575238E-02     -4.17765926
    85   12 Mg  -0.66718731E-02     -4.18666355
    86   12 Mg  -0.66778129E-02     -4.19039086
    87   12 Mg  -0.66778038E-02     -4.19038518
    88   12 Mg  -0.66575127E-02     -4.17765230
    89   12 Mg  -0.66575160E-02     -4.17765439
    90   12 Mg  -0.66718736E-02     -4.18666386
    91   12 Mg  -0.66718463E-02     -4.18664677
    92   12 Mg  -0.66813466E-02     -4.19260828
    93   12 Mg  -0.66813530E-02     -4.19261231
    94   12 Mg  -0.66868464E-02     -4.19605950
    95   12 Mg  -0.66778169E-02     -4.19039339
    96   12 Mg  -0.66758007E-02     -4.18912819
    97   12 Mg  -0.66758121E-02     -4.18913534
    98   12 Mg  -0.66813408E-02     -4.19260462
    99   12 Mg  -0.66813482E-02     -4.19260928
   100   12 Mg  -0.66722511E-02     -4.18690078
   101   12 Mg  -0.66722792E-02     -4.18691842
   102   12 Mg  -0.66722490E-02     -4.18689945
   103   12 Mg  -0.66779711E-02     -4.19049015
   104   12 Mg  -0.66779792E-02     -4.19049522
   105   12 Mg  -0.66779743E-02     -4.19049212
   106   12 Mg  -0.66568853E-02     -4.17725859
   107   12 Mg  -0.66568791E-02     -4.17725470
   108   12 Mg  -0.66568728E-02     -4.17725073
   109   12 Mg  -0.66585565E-02     -4.17830727
   110   12 Mg  -0.66585639E-02     -4.17831196
   111   12 Mg  -0.66585630E-02     -4.17831139
   112   12 Mg  -0.66841618E-02     -4.19437484
   113   12 Mg  -0.66841601E-02     -4.19437380
   114   12 Mg  -0.66841686E-02     -4.19437913
   115   12 Mg  -0.66841689E-02     -4.19437933
   116   12 Mg  -0.66841569E-02     -4.19437175
   117   12 Mg  -0.66841600E-02     -4.19437373
   118   12 Mg  -0.67186186E-02     -4.21599682
   119   12 Mg  -0.67186035E-02     -4.21598733
   120   12 Mg  -0.67186068E-02     -4.21598943
   121   12 Mg  -0.67186204E-02     -4.21599796
   122   12 Mg  -0.67186098E-02     -4.21599131
   123   12 Mg  -0.67186162E-02     -4.21599533
   124   12 Mg  -0.67375564E-02     -4.22788045
   125   12 Mg  -0.67135125E-02     -4.21279272
   126   12 Mg  -0.67135020E-02     -4.21278611
   127   12 Mg  -0.67135021E-02     -4.21278615
   128   12 Mg  -0.66549570E-02     -4.17604859
   129   12 Mg  -0.66521708E-02     -4.17430023
   130   12 Mg  -0.66521660E-02     -4.17429720
   131   12 Mg  -0.66521750E-02     -4.17430285
   132   12 Mg  -0.66521755E-02     -4.17430316
   133   12 Mg  -0.66521688E-02     -4.17429892
   134   12 Mg  -0.66521699E-02     -4.17429965
   135   12 Mg  -0.66835375E-02     -4.19398311
   136   12 Mg  -0.66835456E-02     -4.19398817
   137   12 Mg  -0.66835309E-02     -4.19397897
   138   12 Mg  -0.66851464E-02     -4.19499268
   139   12 Mg  -0.66851508E-02     -4.19499546
   140   12 Mg  -0.66851542E-02     -4.19499761
   141   12 Mg  -0.67392278E-02     -4.22892929
   142   12 Mg  -0.67392266E-02     -4.22892855
   143   12 Mg  -0.67392346E-02     -4.22893357
   144   12 Mg  -0.67392329E-02     -4.22893247
   145   12 Mg  -0.67392252E-02     -4.22892766
   146   12 Mg  -0.67392272E-02     -4.22892894
   147   12 Mg  -0.67607232E-02     -4.24241786
   148   12 Mg  -0.67607079E-02     -4.24240827
   149   12 Mg  -0.67607045E-02     -4.24240610
   150   28 Ni  -0.67138282E-02     -4.21299083
--------------------------------------------------

Dispersion energy:      -1.0043739036960E+00 Eh

[Info] Dispersion energy written to .EDISP
