-----------------------------------
 s i m p l e   D F T - D 3  v1.2.1
-----------------------------------

Zero (Chai-Head-Gordon) damping: pbe-D3(0)
--------------------
  s6         1.0000
  s8         0.7220
  s9         0.0000
 rs6         1.2170
 rs8         1.0000
 alp        14.0000
--------------------

Atomic radii (in Angstrom):
-------------------------------------------
   Z          R(cov)     R(vdw)      r4/r2
-------------------------------------------
  12 Mg       1.6667     1.7420     2.8909
  24 Cr       1.4667     1.7207     2.9350
-------------------------------------------

Atomic reference systems (in atomic units):
----------------------------------------------------------------------------
   Z        #      CN    C6(AA)   #      CN    C6(AA)   #      CN    C6(AA)
----------------------------------------------------------------------------
  12 Mg     1  0.0000  683.3758   2  0.9628  451.2708   3  1.9496  175.5616
  24 Cr     1  0.0000  690.7425   2  1.8269  285.6905   3 10.6191  153.3435
----------------------------------------------------------------------------

Dispersion properties (in atomic units):
--------------------------------------------------------
     #    Z                CN       C6(AA)       C8(AA)
--------------------------------------------------------
     1   12 Mg         0.0161     676.4381   60562.7067
     2   12 Mg         0.0161     676.4381   60562.7072
     3   12 Mg         0.0166     676.4119   60560.3690
     4   12 Mg         0.0166     676.4119   60560.3691
     5   12 Mg         0.0166     676.4120   60560.3694
     6   12 Mg         0.0166     676.4120   60560.3694
     7   12 Mg         0.0162     676.4296   60561.9492
     8   12 Mg         0.0162     676.4296   60561.9488
     9   12 Mg         0.0162     676.4312   60562.0936
    10   12 Mg         0.0161     676.4381   60562.7060
    11   12 Mg         0.0161     676.4381   60562.7075
    12   12 Mg         0.0162     676.4316   60562.1263
    13   12 Mg         0.0162     676.4312   60562.0932
    14   12 Mg         0.0162     676.4312   60562.0932
    15   12 Mg         0.0162     676.4327   60562.2292
    16   12 Mg         0.0162     676.4327   60562.2297
    17   12 Mg         0.0162     676.4296   60561.9495
    18   12 Mg         0.0161     676.4381   60562.7066
    19   12 Mg         0.0161     676.4381   60562.7076
    20   12 Mg         0.0162     676.4327   60562.2294
    21   12 Mg         0.0162     676.4316   60562.1261
    22   12 Mg         0.0162     676.4316   60562.1259
    23   12 Mg         0.0166     676.4119   60560.3690
    24   12 Mg         0.0166     676.4120   60560.3694
    25   12 Mg         0.0165     676.4168   60560.8059
    26   12 Mg         0.0165     676.4168   60560.8058
    27   12 Mg         0.0165     676.4168   60560.8050
    28   12 Mg         0.0162     676.4309   60562.0698
    29   12 Mg         0.0162     676.4309   60562.0688
    30   12 Mg         0.0162     676.4309   60562.0694
    31   12 Mg         0.0162     676.4309   60562.0698
    32   12 Mg         0.0162     676.4309   60562.0692
    33   12 Mg         0.0162     676.4309   60562.0692
    34   12 Mg         0.0162     676.4326   60562.2166
    35   12 Mg         0.0162     676.4326   60562.2147
    36   12 Mg         0.0162     676.4326   60562.2155
    37   12 Mg         0.0163     676.4257   60561.6002
    38   12 Mg         0.0163     676.4243   60561.4712
    39   12 Mg         0.0163     676.4243   60561.4714
    40   12 Mg         0.0163     676.4243   60561.4708
    41   12 Mg         0.0163     676.4243   60561.4718
    42   12 Mg         0.0163     676.4243   60561.4715
    43   12 Mg         0.0163     676.4243   60561.4718
    44   12 Mg         0.0162     676.4301   60561.9980
    45   12 Mg         0.0162     676.4301   60561.9983
    46   12 Mg         0.0162     676.4301   60561.9985
    47   12 Mg         0.0164     676.4177   60560.8875
    48   12 Mg         0.0164     676.4178   60560.8886
    49   12 Mg         0.0164     676.4178   60560.8886
    50   12 Mg         0.0162     676.4327   60562.2275
    51   12 Mg         0.0162     676.4327   60562.2270
    52   12 Mg         0.0162     676.4327   60562.2276
    53   12 Mg         0.0162     676.4327   60562.2273
    54   12 Mg         0.0162     676.4327   60562.2270
    55   12 Mg         0.0162     676.4327   60562.2272
    56   12 Mg         0.0162     676.4332   60562.2743
    57   12 Mg         0.0162     676.4287   60561.8711
    58   12 Mg         0.0162     676.4287   60561.8705
    59   12 Mg         0.0162     676.4287   60561.8678
    60   12 Mg         0.0162     676.4287   60561.8703
    61   12 Mg         0.0162     676.4287   60561.8706
    62   12 Mg         0.0162     676.4287   60561.8686
    63   12 Mg         0.0163     676.4271   60561.7252
    64   12 Mg         0.0163     676.4271   60561.7276
    65   12 Mg         0.0163     676.4271   60561.7249
    66   12 Mg         0.0163     676.4263   60561.6553
    67   12 Mg         0.0163     676.4263   60561.6581
    68   12 Mg         0.0163     676.4263   60561.6560
    69   12 Mg         0.0163     676.4269   60561.7115
    70   12 Mg         0.0163     676.4270   60561.7121
    71   12 Mg         0.0163     676.4269   60561.7118
    72   12 Mg         0.0163     676.4274   60561.7490
    73   12 Mg         0.0163     676.4274   60561.7484
    74   12 Mg         0.0163     676.4274   60561.7489
    75   12 Mg         0.0161     676.4346   60562.4002
    76   12 Mg         0.0161     676.4345   60562.3918
    77   12 Mg         0.0162     676.4322   60562.1777
    78   12 Mg         0.0163     676.4252   60561.5541
    79   12 Mg         0.0163     676.4252   60561.5567
    80   12 Mg         0.0162     676.4311   60562.0793
    81   12 Mg         0.0162     676.4311   60562.0854
    82   12 Mg         0.0163     676.4251   60561.5507
    83   12 Mg         0.0163     676.4252   60561.5562
    84   12 Mg         0.0163     676.4248   60561.5183
    85   12 Mg         0.0163     676.4252   60561.5511
    86   12 Mg         0.0163     676.4252   60561.5538
    87   12 Mg         0.0162     676.4287   60561.8706
    88   12 Mg         0.0162     676.4288   60561.8784
    89   12 Mg         0.0163     676.4273   60561.7440
    90   12 Mg         0.0163     676.4273   60561.7441
    91   12 Mg         0.0163     676.4273   60561.7448
    92   12 Mg         0.0162     676.4311   60562.0830
    93   12 Mg         0.0162     676.4311   60562.0800
    94   12 Mg         0.0161     676.4346   60562.3926
    95   12 Mg         0.0162     676.4322   60562.1781
    96   12 Mg         0.0162     676.4321   60562.1772
    97   12 Mg         0.0162     676.4311   60562.0854
    98   12 Mg         0.0162     676.4311   60562.0828
    99   12 Mg         0.0162     676.4288   60561.8794
   100   12 Mg         0.0163     676.4274   60561.7489
   101   12 Mg         0.0163     676.4274   60561.7483
   102   12 Mg         0.0163     676.4274   60561.7489
   103   12 Mg         0.0163     676.4269   60561.7111
   104   12 Mg         0.0163     676.4269   60561.7117
   105   12 Mg         0.0163     676.4269   60561.7114
   106   12 Mg         0.0163     676.4263   60561.6553
   107   12 Mg         0.0163     676.4263   60561.6581
   108   12 Mg         0.0163     676.4263   60561.6560
   109   12 Mg         0.0163     676.4271   60561.7254
   110   12 Mg         0.0163     676.4271   60561.7278
   111   12 Mg         0.0163     676.4271   60561.7251
   112   12 Mg         0.0162     676.4287   60561.8708
   113   12 Mg         0.0162     676.4287   60561.8702
   114   12 Mg         0.0162     676.4287   60561.8675
   115   12 Mg         0.0162     676.4287   60561.8700
   116   12 Mg         0.0162     676.4287   60561.8703
   117   12 Mg         0.0162     676.4287   60561.8683
   118   12 Mg         0.0162     676.4332   60562.2743
   119   12 Mg         0.0162     676.4327   60562.2272
   120   12 Mg         0.0162     676.4327   60562.2267
   121   12 Mg         0.0162     676.4327   60562.2272
   122   12 Mg         0.0162     676.4327   60562.2269
   123   12 Mg         0.0162     676.4327   60562.2267
   124   12 Mg         0.0162     676.4327   60562.2268
   125   12 Mg         0.0164     676.4177   60560.8874
   126   12 Mg         0.0164     676.4178   60560.8885
   127   12 Mg         0.0164     676.4178   60560.8885
   128   12 Mg         0.0162     676.4300   60561.9850
   129   12 Mg         0.0162     676.4300   60561.9853
   130   12 Mg         0.0162     676.4300   60561.9856
   131   12 Mg         0.0163     676.4243   60561.4711
   132   12 Mg         0.0163     676.4243   60561.4713
   133   12 Mg         0.0163     676.4243   60561.4707
   134   12 Mg         0.0163     676.4243   60561.4717
   135   12 Mg         0.0163     676.4243   60561.4714
   136   12 Mg         0.0163     676.4243   60561.4718
   137   12 Mg         0.0163     676.4257   60561.6002
   138   12 Mg         0.0162     676.4326   60562.2160
   139   12 Mg         0.0162     676.4326   60562.2141
   140   12 Mg         0.0162     676.4326   60562.2149
   141   12 Mg         0.0162     676.4308   60562.0572
   142   12 Mg         0.0162     676.4308   60562.0562
   143   12 Mg         0.0162     676.4308   60562.0568
   144   12 Mg         0.0162     676.4308   60562.0572
   145   12 Mg         0.0162     676.4308   60562.0566
   146   12 Mg         0.0162     676.4308   60562.0566
   147   12 Mg         0.0165     676.4168   60560.8056
   148   12 Mg         0.0165     676.4168   60560.8055
   149   12 Mg         0.0165     676.4168   60560.8048
   150   24 Cr         0.0113     690.7415   63747.6302
--------------------------------------------------------

Atom-resolved dispersion energies:
--------------------------------------------------
     #    Z           [Hartree]      [kcal/mol]
--------------------------------------------------
     1   12 Mg  -0.42273179E-02     -2.65268206
     2   12 Mg  -0.42273036E-02     -2.65267305
     3   12 Mg  -0.44319537E-02     -2.78109294
     4   12 Mg  -0.44319473E-02     -2.78108889
     5   12 Mg  -0.44319390E-02     -2.78108374
     6   12 Mg  -0.44319377E-02     -2.78108288
     7   12 Mg  -0.42564414E-02     -2.67095730
     8   12 Mg  -0.42564571E-02     -2.67096714
     9   12 Mg  -0.42491703E-02     -2.66639463
    10   12 Mg  -0.42273448E-02     -2.65269890
    11   12 Mg  -0.42272899E-02     -2.65266447
    12   12 Mg  -0.42492412E-02     -2.66643913
    13   12 Mg  -0.42491834E-02     -2.66640287
    14   12 Mg  -0.42491807E-02     -2.66640112
    15   12 Mg  -0.42432041E-02     -2.66265079
    16   12 Mg  -0.42431839E-02     -2.66263808
    17   12 Mg  -0.42564326E-02     -2.67095179
    18   12 Mg  -0.42273241E-02     -2.65268590
    19   12 Mg  -0.42272857E-02     -2.65266182
    20   12 Mg  -0.42431935E-02     -2.66264414
    21   12 Mg  -0.42492490E-02     -2.66644403
    22   12 Mg  -0.42492519E-02     -2.66644582
    23   12 Mg  -0.44319478E-02     -2.78108921
    24   12 Mg  -0.44319414E-02     -2.78108523
    25   12 Mg  -0.44184144E-02     -2.77259692
    26   12 Mg  -0.44184184E-02     -2.77259940
    27   12 Mg  -0.44184419E-02     -2.77261418
    28   12 Mg  -0.42517540E-02     -2.66801594
    29   12 Mg  -0.42517900E-02     -2.66803854
    30   12 Mg  -0.42517696E-02     -2.66802569
    31   12 Mg  -0.42517533E-02     -2.66801547
    32   12 Mg  -0.42517759E-02     -2.66802964
    33   12 Mg  -0.42517740E-02     -2.66802844
    34   12 Mg  -0.42443827E-02     -2.66339037
    35   12 Mg  -0.42444488E-02     -2.66343187
    36   12 Mg  -0.42444206E-02     -2.66341416
    37   12 Mg  -0.42655683E-02     -2.67668452
    38   12 Mg  -0.42696122E-02     -2.67922213
    39   12 Mg  -0.42696062E-02     -2.67921832
    40   12 Mg  -0.42696272E-02     -2.67923154
    41   12 Mg  -0.42695905E-02     -2.67920848
    42   12 Mg  -0.42696020E-02     -2.67921568
    43   12 Mg  -0.42695888E-02     -2.67920744
    44   12 Mg  -0.42517263E-02     -2.66799853
    45   12 Mg  -0.42517173E-02     -2.66799290
    46   12 Mg  -0.42517072E-02     -2.66798652
    47   12 Mg  -0.42984907E-02     -2.69734363
    48   12 Mg  -0.42984534E-02     -2.69732023
    49   12 Mg  -0.42984519E-02     -2.69731930
    50   12 Mg  -0.42438963E-02     -2.66308511
    51   12 Mg  -0.42439212E-02     -2.66310077
    52   12 Mg  -0.42439008E-02     -2.66308794
    53   12 Mg  -0.42439124E-02     -2.66309525
    54   12 Mg  -0.42439140E-02     -2.66309623
    55   12 Mg  -0.42439150E-02     -2.66309690
    56   12 Mg  -0.42443175E-02     -2.66334946
    57   12 Mg  -0.42566572E-02     -2.67109270
    58   12 Mg  -0.42566843E-02     -2.67110975
    59   12 Mg  -0.42567819E-02     -2.67117097
    60   12 Mg  -0.42566858E-02     -2.67111064
    61   12 Mg  -0.42566808E-02     -2.67110751
    62   12 Mg  -0.42567542E-02     -2.67115361
    63   12 Mg  -0.42621068E-02     -2.67451238
    64   12 Mg  -0.42620320E-02     -2.67446548
    65   12 Mg  -0.42621162E-02     -2.67451829
    66   12 Mg  -0.42641444E-02     -2.67579099
    67   12 Mg  -0.42640448E-02     -2.67572854
    68   12 Mg  -0.42641210E-02     -2.67577631
    69   12 Mg  -0.42607529E-02     -2.67366281
    70   12 Mg  -0.42607322E-02     -2.67364982
    71   12 Mg  -0.42607414E-02     -2.67365558
    72   12 Mg  -0.42600287E-02     -2.67320837
    73   12 Mg  -0.42600486E-02     -2.67322088
    74   12 Mg  -0.42600285E-02     -2.67320823
    75   12 Mg  -0.42377908E-02     -2.65925390
    76   12 Mg  -0.42380894E-02     -2.65944124
    77   12 Mg  -0.42446117E-02     -2.66353405
    78   12 Mg  -0.42666285E-02     -2.67734983
    79   12 Mg  -0.42665341E-02     -2.67729054
    80   12 Mg  -0.42487408E-02     -2.66612513
    81   12 Mg  -0.42485244E-02     -2.66598934
    82   12 Mg  -0.42667519E-02     -2.67742723
    83   12 Mg  -0.42665492E-02     -2.67730006
    84   12 Mg  -0.42687033E-02     -2.67865177
    85   12 Mg  -0.42667360E-02     -2.67741727
    86   12 Mg  -0.42666375E-02     -2.67735544
    87   12 Mg  -0.42566313E-02     -2.67107648
    88   12 Mg  -0.42563589E-02     -2.67090556
    89   12 Mg  -0.42606061E-02     -2.67357070
    90   12 Mg  -0.42605981E-02     -2.67356565
    91   12 Mg  -0.42605778E-02     -2.67355296
    92   12 Mg  -0.42486082E-02     -2.66604188
    93   12 Mg  -0.42487161E-02     -2.66610959
    94   12 Mg  -0.42380600E-02     -2.65942280
    95   12 Mg  -0.42446003E-02     -2.66352690
    96   12 Mg  -0.42446290E-02     -2.66354494
    97   12 Mg  -0.42485231E-02     -2.66598847
    98   12 Mg  -0.42486180E-02     -2.66604802
    99   12 Mg  -0.42563262E-02     -2.67088502
   100   12 Mg  -0.42600378E-02     -2.67321409
   101   12 Mg  -0.42600578E-02     -2.67322660
   102   12 Mg  -0.42600376E-02     -2.67321395
   103   12 Mg  -0.42607809E-02     -2.67368039
   104   12 Mg  -0.42607602E-02     -2.67366740
   105   12 Mg  -0.42607694E-02     -2.67367316
   106   12 Mg  -0.42641462E-02     -2.67579216
   107   12 Mg  -0.42640467E-02     -2.67572971
   108   12 Mg  -0.42641228E-02     -2.67577748
   109   12 Mg  -0.42621005E-02     -2.67450842
   110   12 Mg  -0.42620257E-02     -2.67446151
   111   12 Mg  -0.42621099E-02     -2.67451433
   112   12 Mg  -0.42566698E-02     -2.67110063
   113   12 Mg  -0.42566970E-02     -2.67111767
   114   12 Mg  -0.42567945E-02     -2.67117889
   115   12 Mg  -0.42566984E-02     -2.67111856
   116   12 Mg  -0.42566934E-02     -2.67111543
   117   12 Mg  -0.42567669E-02     -2.67116153
   118   12 Mg  -0.42443199E-02     -2.66335097
   119   12 Mg  -0.42439114E-02     -2.66309460
   120   12 Mg  -0.42439363E-02     -2.66311026
   121   12 Mg  -0.42439159E-02     -2.66309743
   122   12 Mg  -0.42439275E-02     -2.66310474
   123   12 Mg  -0.42439291E-02     -2.66310572
   124   12 Mg  -0.42439302E-02     -2.66310639
   125   12 Mg  -0.42985002E-02     -2.69734963
   126   12 Mg  -0.42984630E-02     -2.69732623
   127   12 Mg  -0.42984615E-02     -2.69732530
   128   12 Mg  -0.42521843E-02     -2.66828595
   129   12 Mg  -0.42521754E-02     -2.66828032
   130   12 Mg  -0.42521652E-02     -2.66827394
   131   12 Mg  -0.42696178E-02     -2.67922560
   132   12 Mg  -0.42696117E-02     -2.67922179
   133   12 Mg  -0.42696328E-02     -2.67923501
   134   12 Mg  -0.42695960E-02     -2.67921195
   135   12 Mg  -0.42696075E-02     -2.67921915
   136   12 Mg  -0.42695944E-02     -2.67921092
   137   12 Mg  -0.42655690E-02     -2.67668494
   138   12 Mg  -0.42444347E-02     -2.66342302
   139   12 Mg  -0.42445009E-02     -2.66346451
   140   12 Mg  -0.42444727E-02     -2.66344680
   141   12 Mg  -0.42521986E-02     -2.66829490
   142   12 Mg  -0.42522346E-02     -2.66831750
   143   12 Mg  -0.42522141E-02     -2.66830466
   144   12 Mg  -0.42521978E-02     -2.66829444
   145   12 Mg  -0.42522204E-02     -2.66830861
   146   12 Mg  -0.42522185E-02     -2.66830741
   147   12 Mg  -0.44184389E-02     -2.77261226
   148   12 Mg  -0.44184428E-02     -2.77261474
   149   12 Mg  -0.44184664E-02     -2.77262952
   150   24 Cr  -0.50824754E-02     -3.18930149
--------------------------------------------------

Dispersion energy:      -6.4123955781795E-01 Eh

[Info] Dispersion energy written to .EDISP
