-----------------------------------
 s i m p l e   D F T - D 3  v1.2.1
-----------------------------------

Zero (Chai-Head-Gordon) damping: pbe-D3(0)
--------------------
  s6         1.0000
  s8         0.7220
  s9         0.0000
 rs6         1.2170
 rs8         1.0000
 alp        14.0000
--------------------

Atomic radii (in Angstrom):
-------------------------------------------
   Z          R(cov)     R(vdw)      r4/r2
-------------------------------------------
  67 Ho       1.9867     2.1397     4.5207
  12 Mg       1.6667     1.7420     2.8909
-------------------------------------------

Atomic reference systems (in atomic units):
----------------------------------------------------------------------------
   Z        #      CN    C6(AA)   #      CN    C6(AA)   #      CN    C6(AA)
----------------------------------------------------------------------------
  67 Ho     1  0.0000 2664.1668   2  2.9242  472.7950
  12 Mg     1  0.0000  683.3758   2  0.9628  451.2708   3  1.9496  175.5616
----------------------------------------------------------------------------

Dispersion properties (in atomic units):
--------------------------------------------------------
     #    Z                CN       C6(AA)       C8(AA)
--------------------------------------------------------
     1   67 Ho         0.3257    2664.1668  583300.7882
     2   12 Mg         0.1374     666.4881   59671.8708
     3   12 Mg         0.1373     666.4955   59672.5348
     4   12 Mg         0.1373     666.4971   59672.6768
     5   12 Mg         0.1493     664.9914   59537.8698
     6   12 Mg         0.1493     664.9892   59537.6742
     7   12 Mg         0.1379     666.4268   59666.3842
     8   12 Mg         0.1379     666.4270   59666.3963
     9   12 Mg         0.1374     666.4879   59671.8518
    10   12 Mg         0.1374     666.4883   59671.8895
    11   12 Mg         0.1400     666.1722   59643.5847
    12   12 Mg         0.1373     666.4964   59672.6085
    13   12 Mg         0.1390     666.2886   59654.0059
    14   12 Mg         0.1390     666.2892   59654.0575
    15   12 Mg         0.1379     666.4258   59666.2921
    16   12 Mg         0.1379     666.4268   59666.3816
    17   12 Mg         0.1400     666.1707   59643.4475
    18   12 Mg         0.1400     666.1722   59643.5881
    19   12 Mg         0.1494     664.9824   59537.0587
    20   12 Mg         0.1493     664.9852   59537.3091
    21   12 Mg         0.1390     666.2886   59654.0040
    22   12 Mg         0.1493     664.9892   59537.6730
    23   12 Mg         0.1493     664.9857   59537.3536
    24   12 Mg         0.1379     666.4265   59666.3511
    25   12 Mg         0.1379     666.4246   59666.1879
    26   12 Mg         0.1341     666.8754   59706.5448
    27   12 Mg         0.1341     666.8772   59706.7036
    28   12 Mg         0.1341     666.8769   59706.6787
    29   12 Mg         0.1351     666.7590   59696.1216
    30   12 Mg         0.1354     666.7290   59693.4348
    31   12 Mg         0.1353     666.7310   59693.6186
    32   12 Mg         0.1353     666.7299   59693.5175
    33   12 Mg         0.1353     666.7300   59693.5286
    34   12 Mg         0.1353     666.7306   59693.5806
    35   12 Mg         0.1353     666.7306   59693.5831
    36   12 Mg         0.1378     666.4296   59666.6274
    37   12 Mg         0.1379     666.4289   59666.5727
    38   12 Mg         0.1379     666.4289   59666.5726
    39   12 Mg         0.1400     666.1668   59643.0988
    40   12 Mg         0.1400     666.1668   59643.1033
    41   12 Mg         0.1400     666.1675   59643.1657
    42   12 Mg         0.1382     666.3900   59663.0889
    43   12 Mg         0.1382     666.3904   59663.1226
    44   12 Mg         0.1382     666.3893   59663.0198
    45   12 Mg         0.1382     666.3903   59663.1166
    46   12 Mg         0.1382     666.3889   59662.9873
    47   12 Mg         0.1382     666.3897   59663.0624
    48   12 Mg         0.1507     664.8073   59521.3857
    49   12 Mg         0.1507     664.8019   59520.9018
    50   12 Mg         0.1507     664.8050   59521.1751
    51   12 Mg         0.1358     666.6802   59689.0652
    52   12 Mg         0.1358     666.6790   59688.9568
    53   12 Mg         0.1358     666.6799   59689.0385
    54   12 Mg         0.1355     666.7129   59691.9926
    55   12 Mg         0.1355     666.7125   59691.9558
    56   12 Mg         0.1355     666.7135   59692.0478
    57   12 Mg         0.1370     666.5269   59675.3412
    58   12 Mg         0.1370     666.5264   59675.2939
    59   12 Mg         0.1370     666.5282   59675.4596
    60   12 Mg         0.1370     666.5270   59675.3550
    61   12 Mg         0.1370     666.5265   59675.3045
    62   12 Mg         0.1370     666.5265   59675.3079
    63   12 Mg         0.1380     666.4131   59665.1504
    64   12 Mg         0.1380     666.4140   59665.2330
    65   12 Mg         0.1380     666.4125   59665.0999
    66   12 Mg         0.1380     666.4128   59665.1264
    67   12 Mg         0.1380     666.4132   59665.1664
    68   12 Mg         0.1380     666.4124   59665.0950
    69   12 Mg         0.1376     666.4547   59668.8812
    70   12 Mg         0.1376     666.4537   59668.7870
    71   12 Mg         0.1376     666.4545   59668.8617
    72   12 Mg         0.1383     666.3782   59662.0297
    73   12 Mg         0.1383     666.3784   59662.0495
    74   12 Mg         0.1383     666.3780   59662.0151
    75   12 Mg         0.1363     666.6181   59683.5113
    76   12 Mg         0.1364     666.6073   59682.5394
    77   12 Mg         0.1364     666.6071   59682.5202
    78   12 Mg         0.1368     666.5615   59678.4426
    79   12 Mg         0.1365     666.5876   59680.7762
    80   12 Mg         0.1365     666.5877   59680.7905
    81   12 Mg         0.1365     666.5873   59680.7540
    82   12 Mg         0.1365     666.5874   59680.7552
    83   12 Mg         0.1363     666.6198   59683.6567
    84   12 Mg         0.1374     666.4809   59671.2274
    85   12 Mg         0.1374     666.4808   59671.2173
    86   12 Mg         0.1365     666.5882   59680.8286
    87   12 Mg         0.1365     666.5869   59680.7189
    88   12 Mg         0.1373     666.4940   59672.3978
    89   12 Mg         0.1373     666.4941   59672.4047
    90   12 Mg         0.1375     666.4764   59670.8231
    91   12 Mg         0.1364     666.6063   59682.4539
    92   12 Mg         0.1374     666.4802   59671.1632
    93   12 Mg         0.1374     666.4809   59671.2268
    94   12 Mg         0.1375     666.4772   59670.8907
    95   12 Mg         0.1375     666.4769   59670.8629
    96   12 Mg         0.1368     666.5608   59678.3800
    97   12 Mg         0.1368     666.5613   59678.4240
    98   12 Mg         0.1374     666.4800   59671.1425
    99   12 Mg         0.1374     666.4806   59671.2004
   100   12 Mg         0.1373     666.4952   59672.5010
   101   12 Mg         0.1363     666.6180   59683.4980
   102   12 Mg         0.1383     666.3775   59661.9683
   103   12 Mg         0.1383     666.3776   59661.9743
   104   12 Mg         0.1383     666.3773   59661.9515
   105   12 Mg         0.1376     666.4541   59668.8264
   106   12 Mg         0.1376     666.4540   59668.8150
   107   12 Mg         0.1376     666.4542   59668.8382
   108   12 Mg         0.1380     666.4122   59665.0696
   109   12 Mg         0.1380     666.4129   59665.1359
   110   12 Mg         0.1380     666.4125   59665.0988
   111   12 Mg         0.1380     666.4120   59665.0539
   112   12 Mg         0.1380     666.4135   59665.1897
   113   12 Mg         0.1380     666.4133   59665.1690
   114   12 Mg         0.1370     666.5262   59675.2785
   115   12 Mg         0.1370     666.5272   59675.3707
   116   12 Mg         0.1370     666.5274   59675.3859
   117   12 Mg         0.1370     666.5274   59675.3871
   118   12 Mg         0.1370     666.5267   59675.3293
   119   12 Mg         0.1370     666.5278   59675.4265
   120   12 Mg         0.1355     666.7136   59692.0589
   121   12 Mg         0.1355     666.7143   59692.1218
   122   12 Mg         0.1355     666.7144   59692.1260
   123   12 Mg         0.1358     666.6803   59689.0731
   124   12 Mg         0.1358     666.6794   59689.0002
   125   12 Mg         0.1358     666.6805   59689.0981
   126   12 Mg         0.1506     664.8147   59522.0423
   127   12 Mg         0.1507     664.8105   59521.6739
   128   12 Mg         0.1507     664.8116   59521.7711
   129   12 Mg         0.1382     666.3891   59663.0086
   130   12 Mg         0.1382     666.3900   59663.0904
   131   12 Mg         0.1382     666.3897   59663.0604
   132   12 Mg         0.1382     666.3905   59663.1295
   133   12 Mg         0.1382     666.3884   59662.9403
   134   12 Mg         0.1382     666.3898   59663.0691
   135   12 Mg         0.1400     666.1666   59643.0831
   136   12 Mg         0.1400     666.1668   59643.1000
   137   12 Mg         0.1400     666.1667   59643.0953
   138   12 Mg         0.1379     666.4289   59666.5661
   139   12 Mg         0.1379     666.4285   59666.5327
   140   12 Mg         0.1379     666.4288   59666.5637
   141   12 Mg         0.1353     666.7298   59693.5079
   142   12 Mg         0.1353     666.7304   59693.5638
   143   12 Mg         0.1353     666.7305   59693.5700
   144   12 Mg         0.1353     666.7299   59693.5164
   145   12 Mg         0.1353     666.7309   59693.6104
   146   12 Mg         0.1353     666.7307   59693.5906
   147   12 Mg         0.1351     666.7596   59696.1806
   148   12 Mg         0.1341     666.8749   59706.5015
   149   12 Mg         0.1341     666.8770   59706.6911
   150   12 Mg         0.1341     666.8770   59706.6884
--------------------------------------------------------

Atom-resolved dispersion energies:
--------------------------------------------------
     #    Z           [Hartree]      [kcal/mol]
--------------------------------------------------
     1   67 Ho  -0.23194906E-01    -14.55502346
     2   12 Mg  -0.12498849E-01     -7.84314646
     3   12 Mg  -0.12513374E-01     -7.85226088
     4   12 Mg  -0.12513037E-01     -7.85204941
     5   12 Mg  -0.13005981E-01     -8.16137620
     6   12 Mg  -0.13006164E-01     -8.16149137
     7   12 Mg  -0.12520576E-01     -7.85678036
     8   12 Mg  -0.12520530E-01     -7.85675122
     9   12 Mg  -0.12498864E-01     -7.84315554
    10   12 Mg  -0.12498799E-01     -7.84311453
    11   12 Mg  -0.12595321E-01     -7.90368302
    12   12 Mg  -0.12513203E-01     -7.85215324
    13   12 Mg  -0.12561362E-01     -7.88237375
    14   12 Mg  -0.12561229E-01     -7.88229013
    15   12 Mg  -0.12520639E-01     -7.85681941
    16   12 Mg  -0.12520585E-01     -7.85678564
    17   12 Mg  -0.12595636E-01     -7.90388084
    18   12 Mg  -0.12595370E-01     -7.90371424
    19   12 Mg  -0.13006906E-01     -8.16195652
    20   12 Mg  -0.13006616E-01     -8.16177492
    21   12 Mg  -0.12561373E-01     -7.88238067
    22   12 Mg  -0.13006360E-01     -8.16161435
    23   12 Mg  -0.13006601E-01     -8.16176522
    24   12 Mg  -0.12520645E-01     -7.85682321
    25   12 Mg  -0.12521026E-01     -7.85706252
    26   12 Mg  -0.12549916E-01     -7.87519120
    27   12 Mg  -0.12549557E-01     -7.87496564
    28   12 Mg  -0.12549777E-01     -7.87510366
    29   12 Mg  -0.12445788E-01     -7.80985011
    30   12 Mg  -0.12456974E-01     -7.81686899
    31   12 Mg  -0.12456510E-01     -7.81657822
    32   12 Mg  -0.12456737E-01     -7.81672040
    33   12 Mg  -0.12456682E-01     -7.81668627
    34   12 Mg  -0.12456582E-01     -7.81662352
    35   12 Mg  -0.12456604E-01     -7.81663734
    36   12 Mg  -0.12524160E-01     -7.85902881
    37   12 Mg  -0.12524309E-01     -7.85912227
    38   12 Mg  -0.12524323E-01     -7.85913136
    39   12 Mg  -0.12578228E-01     -7.89295723
    40   12 Mg  -0.12578255E-01     -7.89297390
    41   12 Mg  -0.12578099E-01     -7.89287614
    42   12 Mg  -0.12553758E-01     -7.87760198
    43   12 Mg  -0.12553666E-01     -7.87754462
    44   12 Mg  -0.12553960E-01     -7.87772906
    45   12 Mg  -0.12553703E-01     -7.87756753
    46   12 Mg  -0.12554029E-01     -7.87777245
    47   12 Mg  -0.12553831E-01     -7.87764782
    48   12 Mg  -0.13032183E-01     -8.17781835
    49   12 Mg  -0.13032821E-01     -8.17821892
    50   12 Mg  -0.13032367E-01     -8.17793350
    51   12 Mg  -0.12458415E-01     -7.81777328
    52   12 Mg  -0.12458715E-01     -7.81796168
    53   12 Mg  -0.12458504E-01     -7.81782954
    54   12 Mg  -0.12453390E-01     -7.81462015
    55   12 Mg  -0.12453502E-01     -7.81469070
    56   12 Mg  -0.12453278E-01     -7.81454999
    57   12 Mg  -0.12506249E-01     -7.84778992
    58   12 Mg  -0.12506381E-01     -7.84787275
    59   12 Mg  -0.12505989E-01     -7.84762679
    60   12 Mg  -0.12506227E-01     -7.84777595
    61   12 Mg  -0.12506353E-01     -7.84785472
    62   12 Mg  -0.12506266E-01     -7.84780043
    63   12 Mg  -0.12515154E-01     -7.85337779
    64   12 Mg  -0.12514952E-01     -7.85325108
    65   12 Mg  -0.12515260E-01     -7.85344394
    66   12 Mg  -0.12515190E-01     -7.85340012
    67   12 Mg  -0.12515118E-01     -7.85335490
    68   12 Mg  -0.12515190E-01     -7.85340001
    69   12 Mg  -0.12525332E-01     -7.85976436
    70   12 Mg  -0.12525561E-01     -7.85990850
    71   12 Mg  -0.12525366E-01     -7.85978556
    72   12 Mg  -0.12537642E-01     -7.86748893
    73   12 Mg  -0.12537606E-01     -7.86746632
    74   12 Mg  -0.12537699E-01     -7.86752514
    75   12 Mg  -0.12520392E-01     -7.85666460
    76   12 Mg  -0.12480298E-01     -7.83150531
    77   12 Mg  -0.12480338E-01     -7.83153016
    78   12 Mg  -0.12489956E-01     -7.83756586
    79   12 Mg  -0.12481218E-01     -7.83208237
    80   12 Mg  -0.12481155E-01     -7.83204285
    81   12 Mg  -0.12481253E-01     -7.83210466
    82   12 Mg  -0.12481263E-01     -7.83211047
    83   12 Mg  -0.12464951E-01     -7.82187477
    84   12 Mg  -0.12507049E-01     -7.84829185
    85   12 Mg  -0.12507094E-01     -7.84832004
    86   12 Mg  -0.12481081E-01     -7.83199681
    87   12 Mg  -0.12481350E-01     -7.83216521
    88   12 Mg  -0.12505978E-01     -7.84761982
    89   12 Mg  -0.12505974E-01     -7.84761709
    90   12 Mg  -0.12509595E-01     -7.84988935
    91   12 Mg  -0.12480472E-01     -7.83161470
    92   12 Mg  -0.12507213E-01     -7.84839440
    93   12 Mg  -0.12507070E-01     -7.84830482
    94   12 Mg  -0.12509467E-01     -7.84980918
    95   12 Mg  -0.12509498E-01     -7.84982871
    96   12 Mg  -0.12490133E-01     -7.83767689
    97   12 Mg  -0.12490029E-01     -7.83761148
    98   12 Mg  -0.12507229E-01     -7.84840500
    99   12 Mg  -0.12507131E-01     -7.84834318
   100   12 Mg  -0.12505755E-01     -7.84748001
   101   12 Mg  -0.12520235E-01     -7.85656580
   102   12 Mg  -0.12537796E-01     -7.86758558
   103   12 Mg  -0.12537767E-01     -7.86756745
   104   12 Mg  -0.12537836E-01     -7.86761076
   105   12 Mg  -0.12525475E-01     -7.85985398
   106   12 Mg  -0.12525504E-01     -7.85987214
   107   12 Mg  -0.12525449E-01     -7.85983791
   108   12 Mg  -0.12515335E-01     -7.85349132
   109   12 Mg  -0.12515179E-01     -7.85339342
   110   12 Mg  -0.12515242E-01     -7.85343318
   111   12 Mg  -0.12515263E-01     -7.85344625
   112   12 Mg  -0.12515051E-01     -7.85331278
   113   12 Mg  -0.12515094E-01     -7.85333986
   114   12 Mg  -0.12506368E-01     -7.84786432
   115   12 Mg  -0.12506210E-01     -7.84776551
   116   12 Mg  -0.12506060E-01     -7.84767093
   117   12 Mg  -0.12506148E-01     -7.84772660
   118   12 Mg  -0.12506265E-01     -7.84779955
   119   12 Mg  -0.12506058E-01     -7.84767017
   120   12 Mg  -0.12453227E-01     -7.81451806
   121   12 Mg  -0.12453089E-01     -7.81443147
   122   12 Mg  -0.12453065E-01     -7.81441633
   123   12 Mg  -0.12458412E-01     -7.81777148
   124   12 Mg  -0.12458573E-01     -7.81787240
   125   12 Mg  -0.12458326E-01     -7.81771788
   126   12 Mg  -0.13031410E-01     -8.17733304
   127   12 Mg  -0.13031880E-01     -8.17762791
   128   12 Mg  -0.13031658E-01     -8.17748896
   129   12 Mg  -0.12553905E-01     -7.87769426
   130   12 Mg  -0.12553744E-01     -7.87759319
   131   12 Mg  -0.12553833E-01     -7.87764910
   132   12 Mg  -0.12553675E-01     -7.87754972
   133   12 Mg  -0.12554123E-01     -7.87783082
   134   12 Mg  -0.12553816E-01     -7.87763857
   135   12 Mg  -0.12578293E-01     -7.89299805
   136   12 Mg  -0.12578262E-01     -7.89297832
   137   12 Mg  -0.12578269E-01     -7.89298326
   138   12 Mg  -0.12524299E-01     -7.85911641
   139   12 Mg  -0.12524394E-01     -7.85917619
   140   12 Mg  -0.12524354E-01     -7.85915056
   141   12 Mg  -0.12456786E-01     -7.81675149
   142   12 Mg  -0.12456630E-01     -7.81665360
   143   12 Mg  -0.12456603E-01     -7.81663612
   144   12 Mg  -0.12456724E-01     -7.81671212
   145   12 Mg  -0.12456508E-01     -7.81657671
   146   12 Mg  -0.12456564E-01     -7.81661163
   147   12 Mg  -0.12445607E-01     -7.80973648
   148   12 Mg  -0.12549847E-01     -7.87514764
   149   12 Mg  -0.12549464E-01     -7.87490749
   150   12 Mg  -0.12549573E-01     -7.87497602
--------------------------------------------------

Dispersion energy:      -1.8934862986011E+00 Eh

[Info] Dispersion energy written to .EDISP
