-----------------------------------
 s i m p l e   D F T - D 3  v1.2.1
-----------------------------------

Zero (Chai-Head-Gordon) damping: pbe-D3(0)
--------------------
  s6         1.0000
  s8         0.7220
  s9         0.0000
 rs6         1.2170
 rs8         1.0000
 alp        14.0000
--------------------

Atomic radii (in Angstrom):
-------------------------------------------
   Z          R(cov)     R(vdw)      r4/r2
-------------------------------------------
  67 Ho       1.9867     2.1397     4.5207
  30 Zn       1.4533     1.6155     2.6978
-------------------------------------------

Atomic reference systems (in atomic units):
----------------------------------------------------------------------------
   Z        #      CN    C6(AA)   #      CN    C6(AA)   #      CN    C6(AA)
----------------------------------------------------------------------------
  67 Ho     1  0.0000 2664.1668   2  2.9242  472.7950
  30 Zn     1  0.0000  340.5213   2  1.9419  153.4528
----------------------------------------------------------------------------

Dispersion properties (in atomic units):
--------------------------------------------------------
     #    Z                CN       C6(AA)       C8(AA)
--------------------------------------------------------
     1   67 Ho         0.4599    2664.1668  583300.7882
     2   67 Ho         0.4599    2664.1668  583300.7882
     3   67 Ho         0.3775    2664.1668  583300.7882
     4   67 Ho         0.3775    2664.1668  583300.7882
     5   67 Ho         0.3775    2664.1668  583300.7882
     6   67 Ho         0.3775    2664.1668  583300.7882
     7   67 Ho         0.3775    2664.1668  583300.7882
     8   67 Ho         0.3775    2664.1668  583300.7882
     9   67 Ho         0.2849    2664.1668  583300.7882
    10   67 Ho         0.2850    2664.1668  583300.7882
    11   67 Ho         0.2849    2664.1668  583300.7882
    12   67 Ho         0.2849    2664.1668  583300.7882
    13   67 Ho         0.2850    2664.1668  583300.7882
    14   67 Ho         0.2849    2664.1668  583300.7882
    15   67 Ho         0.3682    2664.1668  583300.7882
    16   67 Ho         0.3682    2664.1668  583300.7882
    17   67 Ho         0.3682    2664.1668  583300.7882
    18   67 Ho         0.3682    2664.1668  583300.7882
    19   67 Ho         0.3682    2664.1668  583300.7882
    20   67 Ho         0.3682    2664.1668  583300.7882
    21   67 Ho         0.3682    2664.1668  583300.7882
    22   67 Ho         0.3682    2664.1668  583300.7882
    23   67 Ho         0.3682    2664.1668  583300.7882
    24   67 Ho         0.3682    2664.1668  583300.7882
    25   67 Ho         0.3682    2664.1668  583300.7882
    26   67 Ho         0.3682    2664.1668  583300.7882
    27   30 Zn         0.1694     340.5204   26551.7561
    28   30 Zn         0.1694     340.5204   26551.7561
    29   30 Zn         0.1877     340.5201   26551.7327
    30   30 Zn         0.1877     340.5201   26551.7327
    31   30 Zn         0.2370     340.5187   26551.6236
    32   30 Zn         0.2370     340.5187   26551.6236
    33   30 Zn         0.2370     340.5187   26551.6236
    34   30 Zn         0.2370     340.5187   26551.6236
    35   30 Zn         0.2209     340.5193   26551.6688
    36   30 Zn         0.2209     340.5193   26551.6688
    37   30 Zn         0.2209     340.5193   26551.6688
    38   30 Zn         0.2209     340.5193   26551.6688
    39   30 Zn         0.2209     340.5193   26551.6688
    40   30 Zn         0.2209     340.5193   26551.6688
    41   30 Zn         0.2244     340.5192   26551.6600
    42   30 Zn         0.2244     340.5192   26551.6600
    43   30 Zn         0.2244     340.5192   26551.6600
    44   30 Zn         0.2244     340.5192   26551.6600
    45   30 Zn         0.2244     340.5192   26551.6600
    46   30 Zn         0.2244     340.5192   26551.6600
    47   30 Zn         0.2351     340.5188   26551.6296
    48   30 Zn         0.2351     340.5188   26551.6296
    49   30 Zn         0.2351     340.5188   26551.6296
    50   30 Zn         0.2351     340.5188   26551.6296
    51   30 Zn         0.2351     340.5188   26551.6296
    52   30 Zn         0.2351     340.5188   26551.6296
    53   30 Zn         0.2351     340.5188   26551.6296
    54   30 Zn         0.2351     340.5188   26551.6296
    55   30 Zn         0.2351     340.5188   26551.6296
    56   30 Zn         0.2351     340.5188   26551.6296
    57   30 Zn         0.2351     340.5188   26551.6296
    58   30 Zn         0.2351     340.5188   26551.6296
    59   30 Zn         0.1882     340.5201   26551.7319
    60   30 Zn         0.1882     340.5201   26551.7319
    61   30 Zn         0.1882     340.5201   26551.7319
    62   30 Zn         0.1882     340.5201   26551.7319
    63   30 Zn         0.1882     340.5201   26551.7319
    64   30 Zn         0.1882     340.5201   26551.7319
    65   30 Zn         0.1882     340.5201   26551.7319
    66   30 Zn         0.1882     340.5201   26551.7319
    67   30 Zn         0.1882     340.5201   26551.7319
    68   30 Zn         0.1882     340.5201   26551.7319
    69   30 Zn         0.1882     340.5201   26551.7319
    70   30 Zn         0.1882     340.5201   26551.7319
    71   30 Zn         0.1846     340.5201   26551.7371
    72   30 Zn         0.1846     340.5201   26551.7371
    73   30 Zn         0.1846     340.5201   26551.7371
    74   30 Zn         0.1846     340.5201   26551.7371
    75   30 Zn         0.1846     340.5201   26551.7371
    76   30 Zn         0.1846     340.5201   26551.7371
    77   30 Zn         0.1846     340.5201   26551.7371
    78   30 Zn         0.1846     340.5201   26551.7371
    79   30 Zn         0.1846     340.5201   26551.7371
    80   30 Zn         0.1846     340.5201   26551.7371
    81   30 Zn         0.1846     340.5201   26551.7371
    82   30 Zn         0.1846     340.5201   26551.7371
    83   30 Zn         0.1881     340.5201   26551.7321
    84   30 Zn         0.1881     340.5201   26551.7321
    85   30 Zn         0.1881     340.5201   26551.7321
    86   30 Zn         0.1881     340.5201   26551.7321
    87   30 Zn         0.1881     340.5201   26551.7321
    88   30 Zn         0.1881     340.5201   26551.7321
    89   30 Zn         0.1881     340.5201   26551.7321
    90   30 Zn         0.1881     340.5201   26551.7321
    91   30 Zn         0.1881     340.5201   26551.7321
    92   30 Zn         0.1881     340.5201   26551.7321
    93   30 Zn         0.1881     340.5201   26551.7321
    94   30 Zn         0.1881     340.5201   26551.7321
    95   30 Zn         0.2105     340.5196   26551.6924
    96   30 Zn         0.2105     340.5196   26551.6924
    97   30 Zn         0.2105     340.5196   26551.6924
    98   30 Zn         0.2105     340.5196   26551.6924
    99   30 Zn         0.2105     340.5196   26551.6924
   100   30 Zn         0.2105     340.5196   26551.6924
   101   30 Zn         0.2105     340.5196   26551.6924
   102   30 Zn         0.2105     340.5196   26551.6924
   103   30 Zn         0.2105     340.5196   26551.6924
   104   30 Zn         0.2105     340.5196   26551.6924
   105   30 Zn         0.2105     340.5196   26551.6924
   106   30 Zn         0.2105     340.5196   26551.6924
   107   30 Zn         0.2712     340.5169   26551.4807
   108   30 Zn         0.2713     340.5169   26551.4806
   109   30 Zn         0.2712     340.5169   26551.4807
   110   30 Zn         0.2712     340.5169   26551.4807
   111   30 Zn         0.2713     340.5169   26551.4806
   112   30 Zn         0.2712     340.5169   26551.4807
   113   30 Zn         0.2712     340.5169   26551.4807
   114   30 Zn         0.2713     340.5169   26551.4806
   115   30 Zn         0.2712     340.5169   26551.4807
   116   30 Zn         0.2712     340.5169   26551.4807
   117   30 Zn         0.2713     340.5169   26551.4806
   118   30 Zn         0.2712     340.5169   26551.4807
   119   30 Zn         0.2096     340.5196   26551.6943
   120   30 Zn         0.2096     340.5196   26551.6943
   121   30 Zn         0.2096     340.5196   26551.6943
   122   30 Zn         0.2096     340.5196   26551.6943
   123   30 Zn         0.2096     340.5196   26551.6943
   124   30 Zn         0.2096     340.5196   26551.6943
   125   30 Zn         0.2096     340.5196   26551.6943
   126   30 Zn         0.2096     340.5196   26551.6943
   127   30 Zn         0.2096     340.5196   26551.6943
   128   30 Zn         0.2096     340.5196   26551.6943
   129   30 Zn         0.2096     340.5196   26551.6943
   130   30 Zn         0.2096     340.5196   26551.6943
   131   30 Zn         0.2096     340.5196   26551.6943
   132   30 Zn         0.2096     340.5196   26551.6943
   133   30 Zn         0.2096     340.5196   26551.6943
   134   30 Zn         0.2096     340.5196   26551.6943
   135   30 Zn         0.2096     340.5196   26551.6943
   136   30 Zn         0.2096     340.5196   26551.6943
   137   30 Zn         0.2096     340.5196   26551.6943
   138   30 Zn         0.2096     340.5196   26551.6943
   139   30 Zn         0.2096     340.5196   26551.6943
   140   30 Zn         0.2096     340.5196   26551.6943
   141   30 Zn         0.2096     340.5196   26551.6943
   142   30 Zn         0.2096     340.5196   26551.6943
--------------------------------------------------------

Atom-resolved dispersion energies:
--------------------------------------------------
     #    Z           [Hartree]      [kcal/mol]
--------------------------------------------------
     1   67 Ho  -0.25838043E-01    -16.21361667
     2   67 Ho  -0.25838043E-01    -16.21361667
     3   67 Ho  -0.28845780E-01    -18.10100032
     4   67 Ho  -0.28844860E-01    -18.10042309
     5   67 Ho  -0.28845780E-01    -18.10100032
     6   67 Ho  -0.28845780E-01    -18.10100032
     7   67 Ho  -0.28844860E-01    -18.10042309
     8   67 Ho  -0.28845780E-01    -18.10100032
     9   67 Ho  -0.26564525E-01    -16.66949128
    10   67 Ho  -0.26564465E-01    -16.66945358
    11   67 Ho  -0.26564525E-01    -16.66949128
    12   67 Ho  -0.26564525E-01    -16.66949128
    13   67 Ho  -0.26564465E-01    -16.66945358
    14   67 Ho  -0.26564525E-01    -16.66949128
    15   67 Ho  -0.28787741E-01    -18.06458037
    16   67 Ho  -0.28787445E-01    -18.06439478
    17   67 Ho  -0.28787741E-01    -18.06458037
    18   67 Ho  -0.28787741E-01    -18.06458037
    19   67 Ho  -0.28787445E-01    -18.06439478
    20   67 Ho  -0.28787741E-01    -18.06458037
    21   67 Ho  -0.28787741E-01    -18.06458037
    22   67 Ho  -0.28787445E-01    -18.06439478
    23   67 Ho  -0.28787741E-01    -18.06458037
    24   67 Ho  -0.28787741E-01    -18.06458037
    25   67 Ho  -0.28787445E-01    -18.06439478
    26   67 Ho  -0.28787741E-01    -18.06458037
    27   30 Zn  -0.13529122E-01     -8.48965204
    28   30 Zn  -0.13529122E-01     -8.48965204
    29   30 Zn  -0.14954538E-01     -9.38411412
    30   30 Zn  -0.14954538E-01     -9.38411412
    31   30 Zn  -0.15457571E-01     -9.69977243
    32   30 Zn  -0.15457571E-01     -9.69977243
    33   30 Zn  -0.15457571E-01     -9.69977243
    34   30 Zn  -0.15457571E-01     -9.69977243
    35   30 Zn  -0.14277400E-01     -8.95920396
    36   30 Zn  -0.14277285E-01     -8.95913176
    37   30 Zn  -0.14277400E-01     -8.95920396
    38   30 Zn  -0.14277400E-01     -8.95920396
    39   30 Zn  -0.14277285E-01     -8.95913176
    40   30 Zn  -0.14277400E-01     -8.95920396
    41   30 Zn  -0.15227320E-01     -9.55528739
    42   30 Zn  -0.15226986E-01     -9.55507782
    43   30 Zn  -0.15227320E-01     -9.55528739
    44   30 Zn  -0.15227320E-01     -9.55528739
    45   30 Zn  -0.15226986E-01     -9.55507782
    46   30 Zn  -0.15227320E-01     -9.55528739
    47   30 Zn  -0.13620890E-01     -8.54723765
    48   30 Zn  -0.13620872E-01     -8.54722622
    49   30 Zn  -0.13620890E-01     -8.54723765
    50   30 Zn  -0.13620890E-01     -8.54723765
    51   30 Zn  -0.13620890E-01     -8.54723765
    52   30 Zn  -0.13620872E-01     -8.54722622
    53   30 Zn  -0.13620890E-01     -8.54723765
    54   30 Zn  -0.13620872E-01     -8.54722622
    55   30 Zn  -0.13620890E-01     -8.54723765
    56   30 Zn  -0.13620890E-01     -8.54723765
    57   30 Zn  -0.13620890E-01     -8.54723765
    58   30 Zn  -0.13620872E-01     -8.54722622
    59   30 Zn  -0.14162231E-01     -8.88693388
    60   30 Zn  -0.14162041E-01     -8.88681476
    61   30 Zn  -0.14162122E-01     -8.88686594
    62   30 Zn  -0.14162122E-01     -8.88686594
    63   30 Zn  -0.14162231E-01     -8.88693388
    64   30 Zn  -0.14162041E-01     -8.88681476
    65   30 Zn  -0.14162231E-01     -8.88693388
    66   30 Zn  -0.14162041E-01     -8.88681476
    67   30 Zn  -0.14162122E-01     -8.88686594
    68   30 Zn  -0.14162122E-01     -8.88686594
    69   30 Zn  -0.14162231E-01     -8.88693388
    70   30 Zn  -0.14162041E-01     -8.88681476
    71   30 Zn  -0.13783841E-01     -8.64949097
    72   30 Zn  -0.13783795E-01     -8.64946213
    73   30 Zn  -0.13783841E-01     -8.64949097
    74   30 Zn  -0.13783841E-01     -8.64949097
    75   30 Zn  -0.13783795E-01     -8.64946213
    76   30 Zn  -0.13783841E-01     -8.64949097
    77   30 Zn  -0.13783841E-01     -8.64949097
    78   30 Zn  -0.13783795E-01     -8.64946213
    79   30 Zn  -0.13783841E-01     -8.64949097
    80   30 Zn  -0.13783841E-01     -8.64949097
    81   30 Zn  -0.13783795E-01     -8.64946213
    82   30 Zn  -0.13783841E-01     -8.64949097
    83   30 Zn  -0.14512396E-01     -9.10666617
    84   30 Zn  -0.14512557E-01     -9.10676680
    85   30 Zn  -0.14512396E-01     -9.10666617
    86   30 Zn  -0.14512396E-01     -9.10666617
    87   30 Zn  -0.14512557E-01     -9.10676680
    88   30 Zn  -0.14512396E-01     -9.10666617
    89   30 Zn  -0.14512396E-01     -9.10666617
    90   30 Zn  -0.14512557E-01     -9.10676680
    91   30 Zn  -0.14512396E-01     -9.10666617
    92   30 Zn  -0.14512396E-01     -9.10666617
    93   30 Zn  -0.14512557E-01     -9.10676680
    94   30 Zn  -0.14512396E-01     -9.10666617
    95   30 Zn  -0.14960322E-01     -9.38774379
    96   30 Zn  -0.14960417E-01     -9.38780351
    97   30 Zn  -0.14960322E-01     -9.38774379
    98   30 Zn  -0.14960322E-01     -9.38774379
    99   30 Zn  -0.14960417E-01     -9.38780351
   100   30 Zn  -0.14960322E-01     -9.38774379
   101   30 Zn  -0.14960322E-01     -9.38774379
   102   30 Zn  -0.14960417E-01     -9.38780351
   103   30 Zn  -0.14960322E-01     -9.38774379
   104   30 Zn  -0.14960322E-01     -9.38774379
   105   30 Zn  -0.14960417E-01     -9.38780351
   106   30 Zn  -0.14960322E-01     -9.38774379
   107   30 Zn  -0.14766366E-01     -9.26603457
   108   30 Zn  -0.14766336E-01     -9.26601603
   109   30 Zn  -0.14766366E-01     -9.26603457
   110   30 Zn  -0.14766366E-01     -9.26603457
   111   30 Zn  -0.14766336E-01     -9.26601603
   112   30 Zn  -0.14766366E-01     -9.26603457
   113   30 Zn  -0.14766366E-01     -9.26603457
   114   30 Zn  -0.14766336E-01     -9.26601603
   115   30 Zn  -0.14766366E-01     -9.26603457
   116   30 Zn  -0.14766366E-01     -9.26603457
   117   30 Zn  -0.14766336E-01     -9.26601603
   118   30 Zn  -0.14766366E-01     -9.26603457
   119   30 Zn  -0.14201657E-01     -8.91167413
   120   30 Zn  -0.14201493E-01     -8.91157154
   121   30 Zn  -0.14201808E-01     -8.91176933
   122   30 Zn  -0.14201808E-01     -8.91176933
   123   30 Zn  -0.14201657E-01     -8.91167413
   124   30 Zn  -0.14201493E-01     -8.91157154
   125   30 Zn  -0.14201657E-01     -8.91167413
   126   30 Zn  -0.14201493E-01     -8.91157154
   127   30 Zn  -0.14201808E-01     -8.91176933
   128   30 Zn  -0.14201808E-01     -8.91176933
   129   30 Zn  -0.14201657E-01     -8.91167413
   130   30 Zn  -0.14201493E-01     -8.91157154
   131   30 Zn  -0.14201657E-01     -8.91167413
   132   30 Zn  -0.14201493E-01     -8.91157154
   133   30 Zn  -0.14201808E-01     -8.91176933
   134   30 Zn  -0.14201808E-01     -8.91176933
   135   30 Zn  -0.14201657E-01     -8.91167413
   136   30 Zn  -0.14201493E-01     -8.91157154
   137   30 Zn  -0.14201657E-01     -8.91167413
   138   30 Zn  -0.14201493E-01     -8.91157154
   139   30 Zn  -0.14201808E-01     -8.91176933
   140   30 Zn  -0.14201808E-01     -8.91176933
   141   30 Zn  -0.14201657E-01     -8.91167413
   142   30 Zn  -0.14201493E-01     -8.91157154
--------------------------------------------------

Dispersion energy:      -2.3959243742116E+00 Eh

[Info] Dispersion energy written to .EDISP
