-----------------------------------
 s i m p l e   D F T - D 3  v1.2.1
-----------------------------------

Zero (Chai-Head-Gordon) damping: pbe-D3(0)
--------------------
  s6         1.0000
  s8         0.7220
  s9         0.0000
 rs6         1.2170
 rs8         1.0000
 alp        14.0000
--------------------

Atomic radii (in Angstrom):
-------------------------------------------
   Z          R(cov)     R(vdw)      r4/r2
-------------------------------------------
  62 Sm       2.0667     2.2258     4.6660
  30 Zn       1.4533     1.6155     2.6978
-------------------------------------------

Atomic reference systems (in atomic units):
----------------------------------------------------------------------------
   Z        #      CN    C6(AA)   #      CN    C6(AA)   #      CN    C6(AA)
----------------------------------------------------------------------------
  62 Sm     1  0.0000 3522.0508   2  2.9300  587.7891
  30 Zn     1  0.0000  340.5213   2  1.9419  153.4528
----------------------------------------------------------------------------

Dispersion properties (in atomic units):
--------------------------------------------------------
     #    Z                CN       C6(AA)       C8(AA)
--------------------------------------------------------
     1   62 Sm         0.1671    3522.0508  821475.9286
     2   62 Sm         0.1671    3522.0508  821475.9286
     3   62 Sm         0.1671    3522.0508  821475.9286
     4   62 Sm         0.1671    3522.0508  821475.9286
     5   62 Sm         0.1775    3522.0508  821475.9286
     6   62 Sm         0.1775    3522.0508  821475.9286
     7   30 Zn         0.1088     340.5209   26551.7995
     8   30 Zn         0.1088     340.5209   26551.7995
     9   30 Zn         0.1088     340.5209   26551.7995
    10   30 Zn         0.1088     340.5209   26551.7995
    11   30 Zn         0.1088     340.5209   26551.7995
    12   30 Zn         0.1088     340.5209   26551.7995
    13   30 Zn         0.1088     340.5209   26551.7995
    14   30 Zn         0.1088     340.5209   26551.7995
    15   30 Zn         0.1088     340.5209   26551.7995
    16   30 Zn         0.1088     340.5209   26551.7995
    17   30 Zn         0.1088     340.5209   26551.7995
    18   30 Zn         0.1088     340.5209   26551.7995
    19   30 Zn         0.1088     340.5209   26551.7995
    20   30 Zn         0.1088     340.5209   26551.7995
    21   30 Zn         0.1088     340.5209   26551.7995
    22   30 Zn         0.1088     340.5209   26551.7995
    23   30 Zn         0.1074     340.5210   26551.8001
    24   30 Zn         0.1074     340.5210   26551.8001
    25   30 Zn         0.1074     340.5210   26551.8001
    26   30 Zn         0.1074     340.5210   26551.8001
    27   30 Zn         0.1074     340.5210   26551.8001
    28   30 Zn         0.1074     340.5210   26551.8001
    29   30 Zn         0.1074     340.5210   26551.8001
    30   30 Zn         0.1074     340.5210   26551.8001
    31   30 Zn         0.1050     340.5210   26551.8011
    32   30 Zn         0.1050     340.5210   26551.8011
    33   30 Zn         0.1050     340.5210   26551.8011
    34   30 Zn         0.1050     340.5210   26551.8011
    35   30 Zn         0.1050     340.5210   26551.8011
    36   30 Zn         0.1050     340.5210   26551.8011
    37   30 Zn         0.1050     340.5210   26551.8011
    38   30 Zn         0.1050     340.5210   26551.8011
    39   30 Zn         0.1129     340.5209   26551.7977
    40   30 Zn         0.1129     340.5209   26551.7977
    41   30 Zn         0.1129     340.5209   26551.7977
    42   30 Zn         0.1129     340.5209   26551.7977
    43   30 Zn         0.1129     340.5209   26551.7977
    44   30 Zn         0.1129     340.5209   26551.7977
    45   30 Zn         0.1129     340.5209   26551.7977
    46   30 Zn         0.1129     340.5209   26551.7977
    47   30 Zn         0.1338     340.5208   26551.7863
    48   30 Zn         0.1338     340.5208   26551.7863
    49   30 Zn         0.1338     340.5208   26551.7863
    50   30 Zn         0.1338     340.5208   26551.7863
--------------------------------------------------------

Atom-resolved dispersion energies:
--------------------------------------------------
     #    Z           [Hartree]      [kcal/mol]
--------------------------------------------------
     1   62 Sm  -0.22280144E-01    -13.98100169
     2   62 Sm  -0.22280144E-01    -13.98100169
     3   62 Sm  -0.22280144E-01    -13.98100169
     4   62 Sm  -0.22280144E-01    -13.98100169
     5   62 Sm  -0.23114027E-01    -14.50427099
     6   62 Sm  -0.23114027E-01    -14.50427099
     7   30 Zn  -0.11713069E-01     -7.35006157
     8   30 Zn  -0.11713073E-01     -7.35006401
     9   30 Zn  -0.11713069E-01     -7.35006157
    10   30 Zn  -0.11713041E-01     -7.35004402
    11   30 Zn  -0.11713041E-01     -7.35004402
    12   30 Zn  -0.11713045E-01     -7.35004646
    13   30 Zn  -0.11713073E-01     -7.35006401
    14   30 Zn  -0.11713045E-01     -7.35004646
    15   30 Zn  -0.11713069E-01     -7.35006157
    16   30 Zn  -0.11713073E-01     -7.35006401
    17   30 Zn  -0.11713069E-01     -7.35006157
    18   30 Zn  -0.11713041E-01     -7.35004402
    19   30 Zn  -0.11713041E-01     -7.35004402
    20   30 Zn  -0.11713045E-01     -7.35004646
    21   30 Zn  -0.11713073E-01     -7.35006401
    22   30 Zn  -0.11713045E-01     -7.35004646
    23   30 Zn  -0.11541448E-01     -7.24236778
    24   30 Zn  -0.11541448E-01     -7.24236778
    25   30 Zn  -0.11541459E-01     -7.24237480
    26   30 Zn  -0.11541459E-01     -7.24237480
    27   30 Zn  -0.11541448E-01     -7.24236778
    28   30 Zn  -0.11541448E-01     -7.24236778
    29   30 Zn  -0.11541459E-01     -7.24237480
    30   30 Zn  -0.11541459E-01     -7.24237480
    31   30 Zn  -0.11748076E-01     -7.37202926
    32   30 Zn  -0.11748076E-01     -7.37202926
    33   30 Zn  -0.11748067E-01     -7.37202347
    34   30 Zn  -0.11748067E-01     -7.37202347
    35   30 Zn  -0.11748076E-01     -7.37202926
    36   30 Zn  -0.11748076E-01     -7.37202926
    37   30 Zn  -0.11748067E-01     -7.37202347
    38   30 Zn  -0.11748067E-01     -7.37202347
    39   30 Zn  -0.11972357E-01     -7.51276716
    40   30 Zn  -0.11972357E-01     -7.51276716
    41   30 Zn  -0.11972374E-01     -7.51277825
    42   30 Zn  -0.11972374E-01     -7.51277825
    43   30 Zn  -0.11972357E-01     -7.51276716
    44   30 Zn  -0.11972357E-01     -7.51276716
    45   30 Zn  -0.11972374E-01     -7.51277825
    46   30 Zn  -0.11972374E-01     -7.51277825
    47   30 Zn  -0.12449925E-01     -7.81244619
    48   30 Zn  -0.12449925E-01     -7.81244619
    49   30 Zn  -0.12449902E-01     -7.81243115
    50   30 Zn  -0.12449902E-01     -7.81243115
--------------------------------------------------

Dispersion energy:      -6.5465231618705E-01 Eh

[Info] Dispersion energy written to .EDISP
