-----------------------------------
 s i m p l e   D F T - D 3  v1.2.1
-----------------------------------

Zero (Chai-Head-Gordon) damping: pbe-D3(0)
--------------------
  s6         1.0000
  s8         0.7220
  s9         0.0000
 rs6         1.2170
 rs8         1.0000
 alp        14.0000
--------------------

Atomic radii (in Angstrom):
-------------------------------------------
   Z          R(cov)     R(vdw)      r4/r2
-------------------------------------------
  62 Sm       2.0667     2.2258     4.6660
  30 Zn       1.4533     1.6155     2.6978
-------------------------------------------

Atomic reference systems (in atomic units):
----------------------------------------------------------------------------
   Z        #      CN    C6(AA)   #      CN    C6(AA)   #      CN    C6(AA)
----------------------------------------------------------------------------
  62 Sm     1  0.0000 3522.0508   2  2.9300  587.7891
  30 Zn     1  0.0000  340.5213   2  1.9419  153.4528
----------------------------------------------------------------------------

Dispersion properties (in atomic units):
--------------------------------------------------------
     #    Z                CN       C6(AA)       C8(AA)
--------------------------------------------------------
     1   62 Sm         0.5388    3522.0508  821475.9282
     2   62 Sm         0.5388    3522.0508  821475.9282
     3   62 Sm         0.5388    3522.0508  821475.9282
     4   62 Sm         0.5388    3522.0508  821475.9282
     5   62 Sm         0.5721    3522.0508  821475.9278
     6   62 Sm         0.5721    3522.0508  821475.9278
     7   30 Zn         0.3521     340.5057   26550.6105
     8   30 Zn         0.3521     340.5057   26550.6105
     9   30 Zn         0.3521     340.5057   26550.6105
    10   30 Zn         0.3521     340.5057   26550.6106
    11   30 Zn         0.3521     340.5057   26550.6106
    12   30 Zn         0.3521     340.5057   26550.6105
    13   30 Zn         0.3521     340.5057   26550.6105
    14   30 Zn         0.3521     340.5057   26550.6105
    15   30 Zn         0.3521     340.5057   26550.6105
    16   30 Zn         0.3521     340.5057   26550.6105
    17   30 Zn         0.3521     340.5057   26550.6105
    18   30 Zn         0.3521     340.5057   26550.6106
    19   30 Zn         0.3521     340.5057   26550.6106
    20   30 Zn         0.3521     340.5057   26550.6105
    21   30 Zn         0.3521     340.5057   26550.6105
    22   30 Zn         0.3521     340.5057   26550.6105
    23   30 Zn         0.3485     340.5065   26550.6771
    24   30 Zn         0.3485     340.5065   26550.6771
    25   30 Zn         0.3485     340.5065   26550.6771
    26   30 Zn         0.3485     340.5065   26550.6771
    27   30 Zn         0.3485     340.5065   26550.6771
    28   30 Zn         0.3485     340.5065   26550.6771
    29   30 Zn         0.3485     340.5065   26550.6771
    30   30 Zn         0.3485     340.5065   26550.6771
    31   30 Zn         0.3387     340.5086   26550.8395
    32   30 Zn         0.3387     340.5086   26550.8395
    33   30 Zn         0.3387     340.5086   26550.8395
    34   30 Zn         0.3387     340.5086   26550.8395
    35   30 Zn         0.3387     340.5086   26550.8395
    36   30 Zn         0.3387     340.5086   26550.8395
    37   30 Zn         0.3387     340.5086   26550.8395
    38   30 Zn         0.3387     340.5086   26550.8395
    39   30 Zn         0.3670     340.5016   26550.2939
    40   30 Zn         0.3670     340.5016   26550.2939
    41   30 Zn         0.3670     340.5016   26550.2938
    42   30 Zn         0.3670     340.5016   26550.2938
    43   30 Zn         0.3670     340.5016   26550.2939
    44   30 Zn         0.3670     340.5016   26550.2939
    45   30 Zn         0.3670     340.5016   26550.2938
    46   30 Zn         0.3670     340.5016   26550.2938
    47   30 Zn         0.4413     340.4589   26546.9606
    48   30 Zn         0.4413     340.4589   26546.9606
    49   30 Zn         0.4413     340.4589   26546.9609
    50   30 Zn         0.4413     340.4589   26546.9609
--------------------------------------------------------

Atom-resolved dispersion energies:
--------------------------------------------------
     #    Z           [Hartree]      [kcal/mol]
--------------------------------------------------
     1   62 Sm  -0.34306030E-01    -21.52735863
     2   62 Sm  -0.34306030E-01    -21.52735863
     3   62 Sm  -0.34306030E-01    -21.52735863
     4   62 Sm  -0.34306030E-01    -21.52735863
     5   62 Sm  -0.35471360E-01    -22.25861466
     6   62 Sm  -0.35471360E-01    -22.25861466
     7   30 Zn  -0.16855039E-01    -10.57669681
     8   30 Zn  -0.16855016E-01    -10.57668193
     9   30 Zn  -0.16855039E-01    -10.57669681
    10   30 Zn  -0.16855012E-01    -10.57667992
    11   30 Zn  -0.16855012E-01    -10.57667992
    12   30 Zn  -0.16854989E-01    -10.57666505
    13   30 Zn  -0.16855016E-01    -10.57668193
    14   30 Zn  -0.16854989E-01    -10.57666505
    15   30 Zn  -0.16855039E-01    -10.57669681
    16   30 Zn  -0.16855016E-01    -10.57668193
    17   30 Zn  -0.16855039E-01    -10.57669681
    18   30 Zn  -0.16855012E-01    -10.57667992
    19   30 Zn  -0.16855012E-01    -10.57667992
    20   30 Zn  -0.16854989E-01    -10.57666505
    21   30 Zn  -0.16855016E-01    -10.57668193
    22   30 Zn  -0.16854989E-01    -10.57666505
    23   30 Zn  -0.16585702E-01    -10.40768521
    24   30 Zn  -0.16585702E-01    -10.40768521
    25   30 Zn  -0.16585717E-01    -10.40769486
    26   30 Zn  -0.16585717E-01    -10.40769487
    27   30 Zn  -0.16585702E-01    -10.40768521
    28   30 Zn  -0.16585702E-01    -10.40768521
    29   30 Zn  -0.16585717E-01    -10.40769486
    30   30 Zn  -0.16585717E-01    -10.40769487
    31   30 Zn  -0.17005166E-01    -10.67090280
    32   30 Zn  -0.17005166E-01    -10.67090280
    33   30 Zn  -0.17005125E-01    -10.67087694
    34   30 Zn  -0.17005125E-01    -10.67087694
    35   30 Zn  -0.17005166E-01    -10.67090280
    36   30 Zn  -0.17005166E-01    -10.67090280
    37   30 Zn  -0.17005125E-01    -10.67087694
    38   30 Zn  -0.17005125E-01    -10.67087694
    39   30 Zn  -0.17066475E-01    -10.70937474
    40   30 Zn  -0.17066475E-01    -10.70937474
    41   30 Zn  -0.17066471E-01    -10.70937203
    42   30 Zn  -0.17066471E-01    -10.70937203
    43   30 Zn  -0.17066475E-01    -10.70937474
    44   30 Zn  -0.17066475E-01    -10.70937474
    45   30 Zn  -0.17066471E-01    -10.70937203
    46   30 Zn  -0.17066471E-01    -10.70937203
    47   30 Zn  -0.17037184E-01    -10.69099445
    48   30 Zn  -0.17037184E-01    -10.69099445
    49   30 Zn  -0.17037189E-01    -10.69099756
    50   30 Zn  -0.17037189E-01    -10.69099756
--------------------------------------------------

Dispersion energy:      -9.5125443317360E-01 Eh

[Info] Dispersion energy written to .EDISP
