-----------------------------------
 s i m p l e   D F T - D 3  v1.2.1
-----------------------------------

Zero (Chai-Head-Gordon) damping: pbe-D3(0)
--------------------
  s6         1.0000
  s8         0.7220
  s9         0.0000
 rs6         1.2170
 rs8         1.0000
 alp        14.0000
--------------------

Atomic radii (in Angstrom):
-------------------------------------------
   Z          R(cov)     R(vdw)      r4/r2
-------------------------------------------
   3 Li       1.6000     1.7478     2.6564
  82 Pb       1.7333     2.1382     3.8442
-------------------------------------------

Atomic reference systems (in atomic units):
----------------------------------------------------------------------------
   Z        #      CN    C6(AA)   #      CN    C6(AA)   #      CN    C6(AA)
----------------------------------------------------------------------------
   3 Li     1  0.0000 1163.4454   2  0.9865   85.3197
  82 Pb     1  0.0000  738.8156   2  0.9383  632.9991   3  1.9356  544.4563
            4  2.9081  524.1840   5  3.9098  455.2854
----------------------------------------------------------------------------

Dispersion properties (in atomic units):
--------------------------------------------------------
     #    Z                CN       C6(AA)       C8(AA)
--------------------------------------------------------
     1    3 Li        15.3431      85.3197    6449.9358
     2    3 Li        14.3840      85.3197    6449.9358
     3    3 Li        14.6452      85.3197    6449.9358
     4    3 Li        15.2369      85.3197    6449.9358
     5    3 Li        15.6134      85.3197    6449.9358
     6    3 Li        15.2369      85.3197    6449.9358
     7    3 Li        14.3840      85.3197    6449.9358
     8    3 Li        15.1819      85.3197    6449.9358
     9    3 Li        14.3468      85.3197    6449.9358
    10    3 Li        15.1819      85.3197    6449.9358
    11    3 Li        14.3468      85.3197    6449.9358
    12    3 Li        14.6452      85.3197    6449.9358
    13    3 Li        15.3431      85.3197    6449.9358
    14    3 Li        14.9956      85.3197    6449.9358
    15    3 Li        15.1819      85.3197    6449.9358
    16    3 Li        15.4395      85.3197    6449.9358
    17    3 Li        15.1819      85.3197    6449.9358
    18    3 Li        14.6452      85.3197    6449.9358
    19    3 Li        15.2369      85.3197    6449.9358
    20    3 Li        15.6134      85.3197    6449.9358
    21    3 Li        15.4395      85.3197    6449.9358
    22    3 Li        14.3673      85.3197    6449.9358
    23    3 Li        14.9956      85.3197    6449.9358
    24    3 Li        14.3673      85.3197    6449.9358
    25    3 Li        15.6134      85.3197    6449.9358
    26    3 Li        14.3840      85.3197    6449.9358
    27    3 Li        14.3468      85.3197    6449.9358
    28    3 Li        14.6452      85.3197    6449.9358
    29    3 Li        14.3468      85.3197    6449.9358
    30    3 Li        15.1819      85.3197    6449.9358
    31    3 Li        13.9366      85.3197    6449.9358
    32    3 Li        14.3673      85.3197    6449.9358
    33    3 Li        15.6134      85.3197    6449.9358
    34    3 Li        14.9956      85.3197    6449.9358
    35    3 Li        15.1819      85.3197    6449.9358
    36    3 Li        15.6134      85.3197    6449.9358
    37    3 Li        13.9366      85.3197    6449.9358
    38    3 Li        14.6452      85.3197    6449.9358
    39    3 Li        15.3431      85.3197    6449.9358
    40    3 Li        15.2369      85.3197    6449.9358
    41    3 Li        14.9956      85.3197    6449.9358
    42    3 Li        15.2369      85.3197    6449.9358
    43    3 Li        13.9366      85.3197    6449.9358
    44    3 Li        15.6134      85.3197    6449.9358
    45    3 Li        14.6452      85.3197    6449.9358
    46    3 Li        15.1819      85.3197    6449.9358
    47    3 Li        15.6134      85.3197    6449.9358
    48    3 Li        15.2369      85.3197    6449.9358
    49    3 Li        15.1819      85.3197    6449.9358
    50    3 Li        15.6134      85.3197    6449.9358
    51    3 Li        14.4631      85.3197    6449.9358
    52    3 Li        14.6452      85.3197    6449.9358
    53    3 Li        15.2369      85.3197    6449.9358
    54    3 Li        15.6134      85.3197    6449.9358
    55    3 Li        15.4395      85.3197    6449.9358
    56    3 Li        14.6452      85.3197    6449.9358
    57    3 Li        15.1819      85.3197    6449.9358
    58    3 Li        14.3840      85.3197    6449.9358
    59    3 Li        13.9366      85.3197    6449.9358
    60    3 Li        15.3431      85.3197    6449.9358
    61    3 Li        14.6452      85.3197    6449.9358
    62    3 Li        15.4395      85.3197    6449.9358
    63    3 Li        15.6134      85.3197    6449.9358
    64    3 Li        14.4631      85.3197    6449.9358
    65    3 Li        15.1819      85.3197    6449.9358
    66    3 Li        14.6452      85.3197    6449.9358
    67    3 Li        15.6134      85.3197    6449.9358
    68    3 Li        15.4395      85.3197    6449.9358
    69    3 Li        14.4631      85.3197    6449.9358
    70    3 Li        15.2369      85.3197    6449.9358
    71    3 Li        15.6134      85.3197    6449.9358
    72    3 Li        14.6452      85.3197    6449.9358
    73    3 Li        15.3460      85.3197    6449.9358
    74    3 Li        14.3673      85.3197    6449.9358
    75    3 Li        14.3673      85.3197    6449.9358
    76    3 Li        15.1819      85.3197    6449.9358
    77    3 Li        14.3673      85.3197    6449.9358
    78    3 Li        15.4395      85.3197    6449.9358
    79    3 Li        15.1819      85.3197    6449.9358
    80    3 Li        15.2369      85.3197    6449.9358
    81    3 Li        15.2369      85.3197    6449.9358
    82    3 Li        14.4631      85.3197    6449.9358
    83    3 Li        15.2369      85.3197    6449.9358
    84    3 Li        14.6452      85.3197    6449.9358
    85    3 Li        15.2369      85.3197    6449.9358
    86   82 Pb        16.4693     455.2854   72079.0562
    87   82 Pb        15.5861     455.2854   72079.0562
    88   82 Pb        16.4693     455.2854   72079.0562
    89   82 Pb        15.5861     455.2854   72079.0562
    90   82 Pb        16.4693     455.2854   72079.0562
    91   82 Pb        15.2265     455.2854   72079.0562
    92   82 Pb        15.5861     455.2854   72079.0562
    93   82 Pb        16.4693     455.2854   72079.0562
    94   82 Pb        15.5861     455.2854   72079.0562
    95   82 Pb        15.3785     455.2854   72079.0562
    96   82 Pb        15.3785     455.2854   72079.0562
    97   82 Pb        15.5861     455.2854   72079.0562
    98   82 Pb        15.3785     455.2854   72079.0562
    99   82 Pb        15.5861     455.2854   72079.0562
   100   82 Pb        15.2265     455.2854   72079.0562
   101   82 Pb        15.2265     455.2854   72079.0562
   102   82 Pb        15.3785     455.2854   72079.0562
   103   82 Pb        15.2265     455.2854   72079.0562
   104   82 Pb        15.3785     455.2854   72079.0562
   105   82 Pb        15.3785     455.2854   72079.0562
--------------------------------------------------------

Atom-resolved dispersion energies:
--------------------------------------------------
     #    Z           [Hartree]      [kcal/mol]
--------------------------------------------------
     1    3 Li  -0.94057600E-02     -5.90220348
     2    3 Li  -0.98006622E-02     -6.15000840
     3    3 Li  -0.97846712E-02     -6.13997387
     4    3 Li  -0.95035848E-02     -5.96358953
     5    3 Li  -0.92031511E-02     -5.77506451
     6    3 Li  -0.95035848E-02     -5.96358950
     7    3 Li  -0.98006622E-02     -6.15000839
     8    3 Li  -0.95558215E-02     -5.99636853
     9    3 Li  -0.96702385E-02     -6.06816630
    10    3 Li  -0.95558215E-02     -5.99636851
    11    3 Li  -0.96702385E-02     -6.06816627
    12    3 Li  -0.97846712E-02     -6.13997387
    13    3 Li  -0.94057599E-02     -5.90220342
    14    3 Li  -0.95851527E-02     -6.01477413
    15    3 Li  -0.95558215E-02     -5.99636854
    16    3 Li  -0.95327150E-02     -5.98186895
    17    3 Li  -0.95558215E-02     -5.99636852
    18    3 Li  -0.97846712E-02     -6.13997389
    19    3 Li  -0.95035848E-02     -5.96358951
    20    3 Li  -0.92031511E-02     -5.77506451
    21    3 Li  -0.95327151E-02     -5.98186902
    22    3 Li  -0.99140216E-02     -6.22114246
    23    3 Li  -0.95851526E-02     -6.01477408
    24    3 Li  -0.99140216E-02     -6.22114250
    25    3 Li  -0.92031511E-02     -5.77506454
    26    3 Li  -0.98006622E-02     -6.15000841
    27    3 Li  -0.96702385E-02     -6.06816629
    28    3 Li  -0.97846712E-02     -6.13997389
    29    3 Li  -0.96702385E-02     -6.06816625
    30    3 Li  -0.95558215E-02     -5.99636851
    31    3 Li  -0.10043844E-01     -6.30260728
    32    3 Li  -0.99140216E-02     -6.22114248
    33    3 Li  -0.92031512E-02     -5.77506455
    34    3 Li  -0.95851526E-02     -6.01477407
    35    3 Li  -0.95558215E-02     -5.99636853
    36    3 Li  -0.92031512E-02     -5.77506454
    37    3 Li  -0.10043844E-01     -6.30260733
    38    3 Li  -0.97846712E-02     -6.13997386
    39    3 Li  -0.94057600E-02     -5.90220351
    40    3 Li  -0.95035848E-02     -5.96358952
    41    3 Li  -0.95851526E-02     -6.01477410
    42    3 Li  -0.95035848E-02     -5.96358953
    43    3 Li  -0.10043844E-01     -6.30260741
    44    3 Li  -0.92031511E-02     -5.77506453
    45    3 Li  -0.97846712E-02     -6.13997391
    46    3 Li  -0.95558215E-02     -5.99636853
    47    3 Li  -0.92031512E-02     -5.77506454
    48    3 Li  -0.95035848E-02     -5.96358951
    49    3 Li  -0.95558215E-02     -5.99636852
    50    3 Li  -0.92031511E-02     -5.77506450
    51    3 Li  -0.93992706E-02     -5.89813135
    52    3 Li  -0.97846712E-02     -6.13997388
    53    3 Li  -0.95035848E-02     -5.96358951
    54    3 Li  -0.92031511E-02     -5.77506449
    55    3 Li  -0.95327150E-02     -5.98186897
    56    3 Li  -0.97846712E-02     -6.13997390
    57    3 Li  -0.95558215E-02     -5.99636855
    58    3 Li  -0.98006622E-02     -6.15000839
    59    3 Li  -0.10043844E-01     -6.30260737
    60    3 Li  -0.94057600E-02     -5.90220353
    61    3 Li  -0.97846712E-02     -6.13997387
    62    3 Li  -0.95327151E-02     -5.98186903
    63    3 Li  -0.92031511E-02     -5.77506453
    64    3 Li  -0.93992707E-02     -5.89813140
    65    3 Li  -0.95558215E-02     -5.99636850
    66    3 Li  -0.97846712E-02     -6.13997388
    67    3 Li  -0.92031512E-02     -5.77506454
    68    3 Li  -0.95327150E-02     -5.98186898
    69    3 Li  -0.93992706E-02     -5.89813137
    70    3 Li  -0.95035848E-02     -5.96358951
    71    3 Li  -0.92031512E-02     -5.77506455
    72    3 Li  -0.97846712E-02     -6.13997389
    73    3 Li  -0.97026867E-02     -6.08852784
    74    3 Li  -0.99140216E-02     -6.22114248
    75    3 Li  -0.99140216E-02     -6.22114251
    76    3 Li  -0.95558215E-02     -5.99636854
    77    3 Li  -0.99140216E-02     -6.22114250
    78    3 Li  -0.95327151E-02     -5.98186901
    79    3 Li  -0.95558215E-02     -5.99636850
    80    3 Li  -0.95035848E-02     -5.96358952
    81    3 Li  -0.95035848E-02     -5.96358951
    82    3 Li  -0.93992706E-02     -5.89813134
    83    3 Li  -0.95035848E-02     -5.96358949
    84    3 Li  -0.97846713E-02     -6.13997392
    85    3 Li  -0.95035848E-02     -5.96358949
    86   82 Pb  -0.15279390E-01     -9.58796220
    87   82 Pb  -0.15633965E-01     -9.81046144
    88   82 Pb  -0.15279390E-01     -9.58796227
    89   82 Pb  -0.15633965E-01     -9.81046145
    90   82 Pb  -0.15279390E-01     -9.58796218
    91   82 Pb  -0.15857373E-01     -9.95065205
    92   82 Pb  -0.15633965E-01     -9.81046142
    93   82 Pb  -0.15279390E-01     -9.58796224
    94   82 Pb  -0.15633966E-01     -9.81046150
    95   82 Pb  -0.15871105E-01     -9.95926858
    96   82 Pb  -0.15871105E-01     -9.95926861
    97   82 Pb  -0.15633966E-01     -9.81046148
    98   82 Pb  -0.15871105E-01     -9.95926858
    99   82 Pb  -0.15633966E-01     -9.81046147
   100   82 Pb  -0.15857373E-01     -9.95065205
   101   82 Pb  -0.15857373E-01     -9.95065205
   102   82 Pb  -0.15871105E-01     -9.95926859
   103   82 Pb  -0.15857373E-01     -9.95065205
   104   82 Pb  -0.15871105E-01     -9.95926860
   105   82 Pb  -0.15871105E-01     -9.95926858
--------------------------------------------------

Dispersion energy:      -1.1281470393142E+00 Eh

[Info] Dispersion energy written to .EDISP
