-----------------------------------
 s i m p l e   D F T - D 3  v1.2.1
-----------------------------------

Zero (Chai-Head-Gordon) damping: pbe-D3(0)
--------------------
  s6         1.0000
  s8         0.7220
  s9         0.0000
 rs6         1.2170
 rs8         1.0000
 alp        14.0000
--------------------

Atomic radii (in Angstrom):
-------------------------------------------
   Z          R(cov)     R(vdw)      r4/r2
-------------------------------------------
   3 Li       1.6000     1.7478     2.6564
  82 Pb       1.7333     2.1382     3.8442
-------------------------------------------

Atomic reference systems (in atomic units):
----------------------------------------------------------------------------
   Z        #      CN    C6(AA)   #      CN    C6(AA)   #      CN    C6(AA)
----------------------------------------------------------------------------
   3 Li     1  0.0000 1163.4454   2  0.9865   85.3197
  82 Pb     1  0.0000  738.8156   2  0.9383  632.9991   3  1.9356  544.4563
            4  2.9081  524.1840   5  3.9098  455.2854
----------------------------------------------------------------------------

Dispersion properties (in atomic units):
--------------------------------------------------------
     #    Z                CN       C6(AA)       C8(AA)
--------------------------------------------------------
     1    3 Li         0.0218    1122.1593   84832.1741
     2    3 Li         0.0320    1118.8187   84579.6305
     3    3 Li         0.0259    1120.8555   84733.6046
     4    3 Li         0.0218    1122.1691   84832.9160
     5    3 Li         0.0211    1122.3700   84848.0966
     6    3 Li         0.0218    1122.1691   84832.9161
     7    3 Li         0.0320    1118.8187   84579.6305
     8    3 Li         0.0248    1121.1951   84759.2775
     9    3 Li         0.0238    1121.5239   84784.1406
    10    3 Li         0.0248    1121.1951   84759.2774
    11    3 Li         0.0238    1121.5239   84784.1406
    12    3 Li         0.0259    1120.8555   84733.6046
    13    3 Li         0.0218    1122.1593   84832.1741
    14    3 Li         0.0303    1119.3786   84621.9619
    15    3 Li         0.0248    1121.1951   84759.2774
    16    3 Li         0.0232    1121.7161   84798.6680
    17    3 Li         0.0248    1121.1951   84759.2774
    18    3 Li         0.0259    1120.8555   84733.6046
    19    3 Li         0.0218    1122.1691   84832.9161
    20    3 Li         0.0211    1122.3700   84848.0966
    21    3 Li         0.0232    1121.7161   84798.6681
    22    3 Li         0.0238    1121.5114   84783.1927
    23    3 Li         0.0303    1119.3786   84621.9619
    24    3 Li         0.0238    1121.5114   84783.1927
    25    3 Li         0.0211    1122.3700   84848.0966
    26    3 Li         0.0320    1118.8187   84579.6307
    27    3 Li         0.0238    1121.5239   84784.1406
    28    3 Li         0.0259    1120.8555   84733.6046
    29    3 Li         0.0238    1121.5239   84784.1406
    30    3 Li         0.0248    1121.1951   84759.2774
    31    3 Li         0.0256    1120.9279   84739.0812
    32    3 Li         0.0238    1121.5114   84783.1928
    33    3 Li         0.0211    1122.3700   84848.0965
    34    3 Li         0.0303    1119.3786   84621.9619
    35    3 Li         0.0248    1121.1951   84759.2774
    36    3 Li         0.0211    1122.3700   84848.0965
    37    3 Li         0.0256    1120.9279   84739.0811
    38    3 Li         0.0259    1120.8555   84733.6046
    39    3 Li         0.0218    1122.1593   84832.1741
    40    3 Li         0.0218    1122.1691   84832.9161
    41    3 Li         0.0303    1119.3786   84621.9618
    42    3 Li         0.0218    1122.1691   84832.9160
    43    3 Li         0.0256    1120.9279   84739.0811
    44    3 Li         0.0211    1122.3700   84848.0966
    45    3 Li         0.0259    1120.8555   84733.6045
    46    3 Li         0.0248    1121.1951   84759.2774
    47    3 Li         0.0211    1122.3700   84848.0965
    48    3 Li         0.0218    1122.1691   84832.9160
    49    3 Li         0.0248    1121.1951   84759.2774
    50    3 Li         0.0211    1122.3700   84848.0966
    51    3 Li         0.0266    1120.6206   84715.8522
    52    3 Li         0.0259    1120.8555   84733.6046
    53    3 Li         0.0218    1122.1691   84832.9160
    54    3 Li         0.0211    1122.3700   84848.0966
    55    3 Li         0.0232    1121.7161   84798.6680
    56    3 Li         0.0259    1120.8555   84733.6045
    57    3 Li         0.0248    1121.1951   84759.2774
    58    3 Li         0.0320    1118.8187   84579.6305
    59    3 Li         0.0256    1120.9279   84739.0811
    60    3 Li         0.0218    1122.1593   84832.1741
    61    3 Li         0.0259    1120.8555   84733.6046
    62    3 Li         0.0232    1121.7161   84798.6681
    63    3 Li         0.0211    1122.3700   84848.0966
    64    3 Li         0.0266    1120.6206   84715.8521
    65    3 Li         0.0248    1121.1951   84759.2774
    66    3 Li         0.0259    1120.8555   84733.6046
    67    3 Li         0.0211    1122.3700   84848.0966
    68    3 Li         0.0232    1121.7161   84798.6680
    69    3 Li         0.0266    1120.6206   84715.8521
    70    3 Li         0.0218    1122.1691   84832.9160
    71    3 Li         0.0211    1122.3700   84848.0966
    72    3 Li         0.0259    1120.8555   84733.6046
    73    3 Li         0.0451    1114.1582   84227.3068
    74    3 Li         0.0238    1121.5114   84783.1927
    75    3 Li         0.0238    1121.5114   84783.1927
    76    3 Li         0.0248    1121.1951   84759.2775
    77    3 Li         0.0238    1121.5114   84783.1927
    78    3 Li         0.0232    1121.7161   84798.6680
    79    3 Li         0.0248    1121.1951   84759.2774
    80    3 Li         0.0218    1122.1691   84832.9160
    81    3 Li         0.0218    1122.1691   84832.9160
    82    3 Li         0.0266    1120.6206   84715.8522
    83    3 Li         0.0218    1122.1691   84832.9160
    84    3 Li         0.0259    1120.8555   84733.6045
    85    3 Li         0.0218    1122.1691   84832.9161
    86   82 Pb         0.0333     734.7310  116319.8207
    87   82 Pb         0.0318     734.7757  116326.8940
    88   82 Pb         0.0333     734.7310  116319.8207
    89   82 Pb         0.0318     734.7757  116326.8940
    90   82 Pb         0.0333     734.7310  116319.8207
    91   82 Pb         0.0332     734.7366  116320.7104
    92   82 Pb         0.0318     734.7757  116326.8940
    93   82 Pb         0.0333     734.7310  116319.8207
    94   82 Pb         0.0318     734.7757  116326.8940
    95   82 Pb         0.0312     734.7925  116329.5654
    96   82 Pb         0.0312     734.7925  116329.5653
    97   82 Pb         0.0318     734.7757  116326.8940
    98   82 Pb         0.0312     734.7925  116329.5654
    99   82 Pb         0.0318     734.7757  116326.8940
   100   82 Pb         0.0332     734.7366  116320.7104
   101   82 Pb         0.0332     734.7366  116320.7104
   102   82 Pb         0.0312     734.7925  116329.5653
   103   82 Pb         0.0332     734.7366  116320.7104
   104   82 Pb         0.0312     734.7925  116329.5653
   105   82 Pb         0.0312     734.7925  116329.5653
--------------------------------------------------------

Atom-resolved dispersion energies:
--------------------------------------------------
     #    Z           [Hartree]      [kcal/mol]
--------------------------------------------------
     1    3 Li  -0.78995972E-02     -4.95707209
     2    3 Li  -0.90833137E-02     -5.69986540
     3    3 Li  -0.88077837E-02     -5.52696772
     4    3 Li  -0.81984815E-02     -5.14462480
     5    3 Li  -0.79964627E-02     -5.01785607
     6    3 Li  -0.81984815E-02     -5.14462478
     7    3 Li  -0.90833137E-02     -5.69986538
     8    3 Li  -0.85134247E-02     -5.34225468
     9    3 Li  -0.89770208E-02     -5.63316559
    10    3 Li  -0.85134247E-02     -5.34225465
    11    3 Li  -0.89770208E-02     -5.63316559
    12    3 Li  -0.88077836E-02     -5.52696765
    13    3 Li  -0.78995978E-02     -4.95707246
    14    3 Li  -0.93535889E-02     -5.86946563
    15    3 Li  -0.85134247E-02     -5.34225463
    16    3 Li  -0.84318620E-02     -5.29107330
    17    3 Li  -0.85134247E-02     -5.34225466
    18    3 Li  -0.88077837E-02     -5.52696770
    19    3 Li  -0.81984814E-02     -5.14462477
    20    3 Li  -0.79964626E-02     -5.01785603
    21    3 Li  -0.84318618E-02     -5.29107318
    22    3 Li  -0.85946199E-02     -5.39320540
    23    3 Li  -0.93535892E-02     -5.86946581
    24    3 Li  -0.85946200E-02     -5.39320545
    25    3 Li  -0.79964626E-02     -5.01785606
    26    3 Li  -0.90833130E-02     -5.69986498
    27    3 Li  -0.89770208E-02     -5.63316559
    28    3 Li  -0.88077836E-02     -5.52696764
    29    3 Li  -0.89770208E-02     -5.63316561
    30    3 Li  -0.85134248E-02     -5.34225470
    31    3 Li  -0.93014154E-02     -5.83672630
    32    3 Li  -0.85946200E-02     -5.39320545
    33    3 Li  -0.79964627E-02     -5.01785608
    34    3 Li  -0.93535892E-02     -5.86946582
    35    3 Li  -0.85134246E-02     -5.34225461
    36    3 Li  -0.79964627E-02     -5.01785610
    37    3 Li  -0.93014154E-02     -5.83672632
    38    3 Li  -0.88077836E-02     -5.52696766
    39    3 Li  -0.78995973E-02     -4.95707212
    40    3 Li  -0.81984814E-02     -5.14462475
    41    3 Li  -0.93535891E-02     -5.86946580
    42    3 Li  -0.81984814E-02     -5.14462476
    43    3 Li  -0.93014154E-02     -5.83672631
    44    3 Li  -0.79964626E-02     -5.01785604
    45    3 Li  -0.88077840E-02     -5.52696793
    46    3 Li  -0.85134247E-02     -5.34225468
    47    3 Li  -0.79964626E-02     -5.01785606
    48    3 Li  -0.81984813E-02     -5.14462469
    49    3 Li  -0.85134247E-02     -5.34225466
    50    3 Li  -0.79964627E-02     -5.01785610
    51    3 Li  -0.90588597E-02     -5.68452030
    52    3 Li  -0.88077837E-02     -5.52696770
    53    3 Li  -0.81984814E-02     -5.14462478
    54    3 Li  -0.79964627E-02     -5.01785612
    55    3 Li  -0.84318620E-02     -5.29107330
    56    3 Li  -0.88077840E-02     -5.52696792
    57    3 Li  -0.85134247E-02     -5.34225463
    58    3 Li  -0.90833137E-02     -5.69986540
    59    3 Li  -0.93014154E-02     -5.83672631
    60    3 Li  -0.78995973E-02     -4.95707214
    61    3 Li  -0.88077837E-02     -5.52696771
    62    3 Li  -0.84318618E-02     -5.29107319
    63    3 Li  -0.79964626E-02     -5.01785602
    64    3 Li  -0.90588600E-02     -5.68452046
    65    3 Li  -0.85134248E-02     -5.34225469
    66    3 Li  -0.88077837E-02     -5.52696773
    67    3 Li  -0.79964626E-02     -5.01785606
    68    3 Li  -0.84318620E-02     -5.29107329
    69    3 Li  -0.90588600E-02     -5.68452046
    70    3 Li  -0.81984813E-02     -5.14462470
    71    3 Li  -0.79964626E-02     -5.01785603
    72    3 Li  -0.88077837E-02     -5.52696772
    73    3 Li  -0.97214917E-02     -6.10032811
    74    3 Li  -0.85946199E-02     -5.39320541
    75    3 Li  -0.85946199E-02     -5.39320543
    76    3 Li  -0.85134247E-02     -5.34225469
    77    3 Li  -0.85946199E-02     -5.39320541
    78    3 Li  -0.84318618E-02     -5.29107316
    79    3 Li  -0.85134248E-02     -5.34225469
    80    3 Li  -0.81984815E-02     -5.14462479
    81    3 Li  -0.81984815E-02     -5.14462480
    82    3 Li  -0.90588600E-02     -5.68452047
    83    3 Li  -0.81984814E-02     -5.14462472
    84    3 Li  -0.88077840E-02     -5.52696794
    85    3 Li  -0.81984814E-02     -5.14462476
    86   82 Pb  -0.57759992E-02     -3.62449421
    87   82 Pb  -0.54676426E-02     -3.43099754
    88   82 Pb  -0.57759993E-02     -3.62449426
    89   82 Pb  -0.54676426E-02     -3.43099754
    90   82 Pb  -0.57759992E-02     -3.62449420
    91   82 Pb  -0.55768724E-02     -3.49954025
    92   82 Pb  -0.54676426E-02     -3.43099754
    93   82 Pb  -0.57759992E-02     -3.62449421
    94   82 Pb  -0.54676424E-02     -3.43099742
    95   82 Pb  -0.54664434E-02     -3.43024501
    96   82 Pb  -0.54664434E-02     -3.43024504
    97   82 Pb  -0.54676424E-02     -3.43099741
    98   82 Pb  -0.54664434E-02     -3.43024500
    99   82 Pb  -0.54676424E-02     -3.43099740
   100   82 Pb  -0.55768724E-02     -3.49954024
   101   82 Pb  -0.55768724E-02     -3.49954025
   102   82 Pb  -0.54664434E-02     -3.43024504
   103   82 Pb  -0.55768724E-02     -3.49954025
   104   82 Pb  -0.54664434E-02     -3.43024504
   105   82 Pb  -0.54664434E-02     -3.43024502
--------------------------------------------------

Dispersion energy:      -8.3978539918777E-01 Eh

[Info] Dispersion energy written to .EDISP
