-----------------------------------
 s i m p l e   D F T - D 3  v1.2.1
-----------------------------------

Zero (Chai-Head-Gordon) damping: pbe-D3(0)
--------------------
  s6         1.0000
  s8         0.7220
  s9         0.0000
 rs6         1.2170
 rs8         1.0000
 alp        14.0000
--------------------

Atomic radii (in Angstrom):
-------------------------------------------
   Z          R(cov)     R(vdw)      r4/r2
-------------------------------------------
  25 Mn       1.4267     1.7731     3.0718
   8 O        0.8400     1.2408     1.3725
-------------------------------------------

Atomic reference systems (in atomic units):
----------------------------------------------------------------------------
   Z        #      CN    C6(AA)   #      CN    C6(AA)   #      CN    C6(AA)
----------------------------------------------------------------------------
  25 Mn     1  0.0000  802.7484   2  1.6406  239.5554   3  9.8849  113.8463
   8 O      1  0.0000   15.5059   2  0.9925   12.8161   3  1.9887   10.3708
----------------------------------------------------------------------------

Dispersion properties (in atomic units):
--------------------------------------------------------
     #    Z                CN       C6(AA)       C8(AA)
--------------------------------------------------------
     1   25 Mn        10.9930     113.8463   11508.8363
     2   25 Mn        11.1670     113.8463   11508.8363
     3   25 Mn        10.9203     113.8463   11508.8363
     4   25 Mn        13.9293     113.8463   11508.8363
     5   25 Mn        13.9293     113.8463   11508.8363
     6   25 Mn        13.4454     113.8463   11508.8363
     7   25 Mn        14.9860     113.8463   11508.8363
     8   25 Mn        13.9501     113.8463   11508.8363
     9   25 Mn        14.1070     113.8463   11508.8363
    10   25 Mn        13.2315     113.8463   11508.8363
    11   25 Mn        13.9501     113.8463   11508.8363
    12   25 Mn        13.2315     113.8463   11508.8363
    13   25 Mn        14.1070     113.8463   11508.8363
    14   25 Mn        10.9203     113.8463   11508.8363
    15   25 Mn        11.1670     113.8463   11508.8363
    16   25 Mn        10.9930     113.8463   11508.8363
    17   25 Mn        10.9930     113.8463   11508.8363
    18   25 Mn        10.9203     113.8463   11508.8363
    19   25 Mn        11.1670     113.8463   11508.8363
    20   25 Mn        14.1070     113.8463   11508.8363
    21   25 Mn        13.2315     113.8463   11508.8363
    22   25 Mn        13.9501     113.8463   11508.8363
    23   25 Mn        14.1070     113.8463   11508.8363
    24   25 Mn        13.2315     113.8463   11508.8363
    25   25 Mn        14.9860     113.8463   11508.8363
    26   25 Mn        13.9501     113.8463   11508.8363
    27   25 Mn        13.4454     113.8463   11508.8363
    28   25 Mn        13.9293     113.8463   11508.8363
    29   25 Mn        13.9293     113.8463   11508.8363
    30   25 Mn        11.1670     113.8463   11508.8363
    31   25 Mn        10.9203     113.8463   11508.8363
    32   25 Mn        10.9930     113.8463   11508.8363
    33   25 Mn        10.9930     113.8463   11508.8363
    34   25 Mn        11.1670     113.8463   11508.8363
    35   25 Mn        10.9203     113.8463   11508.8363
    36   25 Mn        13.9293     113.8463   11508.8363
    37   25 Mn        13.9293     113.8463   11508.8363
    38   25 Mn        13.4454     113.8463   11508.8363
    39   25 Mn        13.9501     113.8463   11508.8363
    40   25 Mn        14.9860     113.8463   11508.8363
    41   25 Mn        14.1070     113.8463   11508.8363
    42   25 Mn        13.2315     113.8463   11508.8363
    43   25 Mn        13.2315     113.8463   11508.8363
    44   25 Mn        13.9501     113.8463   11508.8363
    45   25 Mn        14.1070     113.8463   11508.8363
    46   25 Mn        11.1670     113.8463   11508.8363
    47   25 Mn        10.9203     113.8463   11508.8363
    48   25 Mn        10.9930     113.8463   11508.8363
    49   25 Mn        10.9930     113.8463   11508.8363
    50   25 Mn        10.9203     113.8463   11508.8363
    51   25 Mn        11.1670     113.8463   11508.8363
    52   25 Mn        13.2315     113.8463   11508.8363
    53   25 Mn        14.1070     113.8463   11508.8363
    54   25 Mn        13.9501     113.8463   11508.8363
    55   25 Mn        13.9501     113.8463   11508.8363
    56   25 Mn        13.2315     113.8463   11508.8363
    57   25 Mn        14.1070     113.8463   11508.8363
    58   25 Mn        14.9860     113.8463   11508.8363
    59   25 Mn        13.4454     113.8463   11508.8363
    60   25 Mn        13.9293     113.8463   11508.8363
    61   25 Mn        13.9293     113.8463   11508.8363
    62   25 Mn        10.9203     113.8463   11508.8363
    63   25 Mn        11.1670     113.8463   11508.8363
    64   25 Mn        10.9930     113.8463   11508.8363
    65    8 O          4.3605      10.3708     209.2884
    66    8 O          4.3886      10.3708     209.2884
    67    8 O          4.3754      10.3708     209.2884
    68    8 O          3.3928      10.3708     209.2884
    69    8 O          3.4233      10.3708     209.2884
    70    8 O          4.3377      10.3708     209.2884
    71    8 O          4.3377      10.3708     209.2884
    72    8 O          3.3928      10.3708     209.2884
    73    8 O          3.4233      10.3708     209.2884
    74    8 O          4.3342      10.3708     209.2884
    75    8 O          3.4024      10.3708     209.2884
    76    8 O          3.4280      10.3708     209.2884
    77    8 O          3.4032      10.3708     209.2884
    78    8 O          3.3712      10.3708     209.2884
    79    8 O          4.3380      10.3708     209.2884
    80    8 O          3.4024      10.3708     209.2884
    81    8 O          4.3342      10.3708     209.2884
    82    8 O          3.4280      10.3708     209.2884
    83    8 O          4.3380      10.3708     209.2884
    84    8 O          3.4032      10.3708     209.2884
    85    8 O          3.3712      10.3708     209.2884
    86    8 O          4.3754      10.3708     209.2884
    87    8 O          4.3886      10.3708     209.2884
    88    8 O          4.3605      10.3708     209.2884
    89    8 O          4.3886      10.3708     209.2884
    90    8 O          4.3605      10.3708     209.2884
    91    8 O          4.3754      10.3708     209.2884
    92    8 O          4.3380      10.3708     209.2884
    93    8 O          3.3712      10.3708     209.2884
    94    8 O          3.4032      10.3708     209.2884
    95    8 O          3.4024      10.3708     209.2884
    96    8 O          3.4280      10.3708     209.2884
    97    8 O          4.3342      10.3708     209.2884
    98    8 O          3.3712      10.3708     209.2884
    99    8 O          4.3380      10.3708     209.2884
   100    8 O          3.4032      10.3708     209.2884
   101    8 O          4.3342      10.3708     209.2884
   102    8 O          3.4280      10.3708     209.2884
   103    8 O          3.4024      10.3708     209.2884
   104    8 O          3.4233      10.3708     209.2884
   105    8 O          3.3928      10.3708     209.2884
   106    8 O          4.3377      10.3708     209.2884
   107    8 O          4.3377      10.3708     209.2884
   108    8 O          3.3928      10.3708     209.2884
   109    8 O          3.4233      10.3708     209.2884
   110    8 O          4.3754      10.3708     209.2884
   111    8 O          4.3605      10.3708     209.2884
   112    8 O          4.3886      10.3708     209.2884
   113    8 O          4.3886      10.3708     209.2884
   114    8 O          4.3605      10.3708     209.2884
   115    8 O          4.3754      10.3708     209.2884
   116    8 O          3.4233      10.3708     209.2884
   117    8 O          3.3928      10.3708     209.2884
   118    8 O          4.3377      10.3708     209.2884
   119    8 O          4.3377      10.3708     209.2884
   120    8 O          3.3928      10.3708     209.2884
   121    8 O          3.4233      10.3708     209.2884
   122    8 O          3.4280      10.3708     209.2884
   123    8 O          3.4024      10.3708     209.2884
   124    8 O          4.3342      10.3708     209.2884
   125    8 O          3.4032      10.3708     209.2884
   126    8 O          3.3712      10.3708     209.2884
   127    8 O          4.3380      10.3708     209.2884
   128    8 O          4.3342      10.3708     209.2884
   129    8 O          3.4024      10.3708     209.2884
   130    8 O          3.4280      10.3708     209.2884
   131    8 O          3.4032      10.3708     209.2884
   132    8 O          4.3380      10.3708     209.2884
   133    8 O          3.3712      10.3708     209.2884
   134    8 O          4.3754      10.3708     209.2884
   135    8 O          4.3886      10.3708     209.2884
   136    8 O          4.3605      10.3708     209.2884
   137    8 O          4.3605      10.3708     209.2884
   138    8 O          4.3886      10.3708     209.2884
   139    8 O          4.3754      10.3708     209.2884
   140    8 O          3.3712      10.3708     209.2884
   141    8 O          4.3380      10.3708     209.2884
   142    8 O          3.4032      10.3708     209.2884
   143    8 O          3.4024      10.3708     209.2884
   144    8 O          3.4280      10.3708     209.2884
   145    8 O          4.3342      10.3708     209.2884
   146    8 O          3.4032      10.3708     209.2884
   147    8 O          4.3380      10.3708     209.2884
   148    8 O          3.3712      10.3708     209.2884
   149    8 O          3.4280      10.3708     209.2884
   150    8 O          4.3342      10.3708     209.2884
   151    8 O          3.4024      10.3708     209.2884
   152    8 O          3.3928      10.3708     209.2884
   153    8 O          3.4233      10.3708     209.2884
   154    8 O          4.3377      10.3708     209.2884
   155    8 O          4.3377      10.3708     209.2884
   156    8 O          3.4233      10.3708     209.2884
   157    8 O          3.3928      10.3708     209.2884
   158    8 O          4.3754      10.3708     209.2884
   159    8 O          4.3605      10.3708     209.2884
   160    8 O          4.3886      10.3708     209.2884
--------------------------------------------------------

Atom-resolved dispersion energies:
--------------------------------------------------
     #    Z           [Hartree]      [kcal/mol]
--------------------------------------------------
     1   25 Mn  -0.11453271E-01     -7.18703581
     2   25 Mn  -0.11406013E-01     -7.15738106
     3   25 Mn  -0.11572416E-01     -7.26180094
     4   25 Mn  -0.12260112E-01     -7.69333650
     5   25 Mn  -0.12260112E-01     -7.69333650
     6   25 Mn  -0.12471512E-01     -7.82599164
     7   25 Mn  -0.11675105E-01     -7.32623913
     8   25 Mn  -0.12173745E-01     -7.63914012
     9   25 Mn  -0.12203227E-01     -7.65764082
    10   25 Mn  -0.12611916E-01     -7.91409691
    11   25 Mn  -0.12173745E-01     -7.63914012
    12   25 Mn  -0.12611916E-01     -7.91409691
    13   25 Mn  -0.12203227E-01     -7.65764082
    14   25 Mn  -0.11572416E-01     -7.26180094
    15   25 Mn  -0.11406013E-01     -7.15738106
    16   25 Mn  -0.11453271E-01     -7.18703581
    17   25 Mn  -0.11453271E-01     -7.18703581
    18   25 Mn  -0.11572416E-01     -7.26180094
    19   25 Mn  -0.11406013E-01     -7.15738106
    20   25 Mn  -0.12203227E-01     -7.65764082
    21   25 Mn  -0.12611916E-01     -7.91409691
    22   25 Mn  -0.12173745E-01     -7.63914012
    23   25 Mn  -0.12203227E-01     -7.65764082
    24   25 Mn  -0.12611916E-01     -7.91409691
    25   25 Mn  -0.11675105E-01     -7.32623913
    26   25 Mn  -0.12173745E-01     -7.63914012
    27   25 Mn  -0.12471512E-01     -7.82599164
    28   25 Mn  -0.12260112E-01     -7.69333650
    29   25 Mn  -0.12260112E-01     -7.69333650
    30   25 Mn  -0.11406013E-01     -7.15738106
    31   25 Mn  -0.11572416E-01     -7.26180094
    32   25 Mn  -0.11453271E-01     -7.18703581
    33   25 Mn  -0.11453271E-01     -7.18703581
    34   25 Mn  -0.11406013E-01     -7.15738106
    35   25 Mn  -0.11572416E-01     -7.26180094
    36   25 Mn  -0.12260112E-01     -7.69333650
    37   25 Mn  -0.12260112E-01     -7.69333650
    38   25 Mn  -0.12471512E-01     -7.82599164
    39   25 Mn  -0.12173745E-01     -7.63914012
    40   25 Mn  -0.11675105E-01     -7.32623913
    41   25 Mn  -0.12203227E-01     -7.65764082
    42   25 Mn  -0.12611916E-01     -7.91409691
    43   25 Mn  -0.12611916E-01     -7.91409691
    44   25 Mn  -0.12173745E-01     -7.63914012
    45   25 Mn  -0.12203227E-01     -7.65764082
    46   25 Mn  -0.11406013E-01     -7.15738106
    47   25 Mn  -0.11572416E-01     -7.26180094
    48   25 Mn  -0.11453271E-01     -7.18703581
    49   25 Mn  -0.11453271E-01     -7.18703581
    50   25 Mn  -0.11572416E-01     -7.26180094
    51   25 Mn  -0.11406013E-01     -7.15738106
    52   25 Mn  -0.12611916E-01     -7.91409691
    53   25 Mn  -0.12203227E-01     -7.65764082
    54   25 Mn  -0.12173745E-01     -7.63914012
    55   25 Mn  -0.12173745E-01     -7.63914012
    56   25 Mn  -0.12611916E-01     -7.91409691
    57   25 Mn  -0.12203227E-01     -7.65764082
    58   25 Mn  -0.11675105E-01     -7.32623913
    59   25 Mn  -0.12471512E-01     -7.82599164
    60   25 Mn  -0.12260112E-01     -7.69333650
    61   25 Mn  -0.12260112E-01     -7.69333650
    62   25 Mn  -0.11572416E-01     -7.26180094
    63   25 Mn  -0.11406013E-01     -7.15738106
    64   25 Mn  -0.11453271E-01     -7.18703581
    65    8 O   -0.44823705E-02     -2.81272993
    66    8 O   -0.44103632E-02     -2.76754466
    67    8 O   -0.44166937E-02     -2.77151713
    68    8 O   -0.46751079E-02     -2.93367452
    69    8 O   -0.48452440E-02     -3.04043652
    70    8 O   -0.45716167E-02     -2.86873281
    71    8 O   -0.45716167E-02     -2.86873281
    72    8 O   -0.46751079E-02     -2.93367452
    73    8 O   -0.48452440E-02     -3.04043652
    74    8 O   -0.45565345E-02     -2.85926857
    75    8 O   -0.47329144E-02     -2.96994866
    76    8 O   -0.47019610E-02     -2.95052506
    77    8 O   -0.46388646E-02     -2.91093147
    78    8 O   -0.47707039E-02     -2.99366190
    79    8 O   -0.45809650E-02     -2.87459895
    80    8 O   -0.47329144E-02     -2.96994866
    81    8 O   -0.45565345E-02     -2.85926857
    82    8 O   -0.47019610E-02     -2.95052506
    83    8 O   -0.45809650E-02     -2.87459895
    84    8 O   -0.46388646E-02     -2.91093147
    85    8 O   -0.47707039E-02     -2.99366190
    86    8 O   -0.44166937E-02     -2.77151713
    87    8 O   -0.44103632E-02     -2.76754466
    88    8 O   -0.44823705E-02     -2.81272993
    89    8 O   -0.44103632E-02     -2.76754466
    90    8 O   -0.44823705E-02     -2.81272993
    91    8 O   -0.44166937E-02     -2.77151713
    92    8 O   -0.45809650E-02     -2.87459895
    93    8 O   -0.47707039E-02     -2.99366190
    94    8 O   -0.46388646E-02     -2.91093147
    95    8 O   -0.47329144E-02     -2.96994866
    96    8 O   -0.47019610E-02     -2.95052506
    97    8 O   -0.45565345E-02     -2.85926857
    98    8 O   -0.47707039E-02     -2.99366190
    99    8 O   -0.45809650E-02     -2.87459895
   100    8 O   -0.46388646E-02     -2.91093147
   101    8 O   -0.45565345E-02     -2.85926857
   102    8 O   -0.47019610E-02     -2.95052506
   103    8 O   -0.47329144E-02     -2.96994866
   104    8 O   -0.48452440E-02     -3.04043652
   105    8 O   -0.46751079E-02     -2.93367452
   106    8 O   -0.45716167E-02     -2.86873281
   107    8 O   -0.45716167E-02     -2.86873281
   108    8 O   -0.46751079E-02     -2.93367452
   109    8 O   -0.48452440E-02     -3.04043652
   110    8 O   -0.44166937E-02     -2.77151713
   111    8 O   -0.44823705E-02     -2.81272993
   112    8 O   -0.44103632E-02     -2.76754466
   113    8 O   -0.44103632E-02     -2.76754466
   114    8 O   -0.44823705E-02     -2.81272993
   115    8 O   -0.44166937E-02     -2.77151713
   116    8 O   -0.48452440E-02     -3.04043652
   117    8 O   -0.46751079E-02     -2.93367452
   118    8 O   -0.45716167E-02     -2.86873281
   119    8 O   -0.45716167E-02     -2.86873281
   120    8 O   -0.46751079E-02     -2.93367452
   121    8 O   -0.48452440E-02     -3.04043652
   122    8 O   -0.47019610E-02     -2.95052506
   123    8 O   -0.47329144E-02     -2.96994866
   124    8 O   -0.45565345E-02     -2.85926857
   125    8 O   -0.46388646E-02     -2.91093147
   126    8 O   -0.47707039E-02     -2.99366190
   127    8 O   -0.45809650E-02     -2.87459895
   128    8 O   -0.45565345E-02     -2.85926857
   129    8 O   -0.47329144E-02     -2.96994866
   130    8 O   -0.47019610E-02     -2.95052506
   131    8 O   -0.46388646E-02     -2.91093147
   132    8 O   -0.45809650E-02     -2.87459895
   133    8 O   -0.47707039E-02     -2.99366190
   134    8 O   -0.44166937E-02     -2.77151713
   135    8 O   -0.44103632E-02     -2.76754466
   136    8 O   -0.44823705E-02     -2.81272993
   137    8 O   -0.44823705E-02     -2.81272993
   138    8 O   -0.44103632E-02     -2.76754466
   139    8 O   -0.44166937E-02     -2.77151713
   140    8 O   -0.47707039E-02     -2.99366190
   141    8 O   -0.45809650E-02     -2.87459895
   142    8 O   -0.46388646E-02     -2.91093147
   143    8 O   -0.47329144E-02     -2.96994866
   144    8 O   -0.47019610E-02     -2.95052506
   145    8 O   -0.45565345E-02     -2.85926857
   146    8 O   -0.46388646E-02     -2.91093147
   147    8 O   -0.45809650E-02     -2.87459895
   148    8 O   -0.47707039E-02     -2.99366190
   149    8 O   -0.47019610E-02     -2.95052506
   150    8 O   -0.45565345E-02     -2.85926857
   151    8 O   -0.47329144E-02     -2.96994866
   152    8 O   -0.46751079E-02     -2.93367452
   153    8 O   -0.48452440E-02     -3.04043652
   154    8 O   -0.45716167E-02     -2.86873281
   155    8 O   -0.45716167E-02     -2.86873281
   156    8 O   -0.48452440E-02     -3.04043652
   157    8 O   -0.46751079E-02     -2.93367452
   158    8 O   -0.44166937E-02     -2.77151713
   159    8 O   -0.44823705E-02     -2.81272993
   160    8 O   -0.44103632E-02     -2.76754466
--------------------------------------------------

Dispersion energy:      -1.2090987838378E+00 Eh

[Info] Dispersion energy written to .EDISP
