-----------------------------------
 s i m p l e   D F T - D 3  v1.2.1
-----------------------------------

Zero (Chai-Head-Gordon) damping: pbe-D3(0)
--------------------
  s6         1.0000
  s8         0.7220
  s9         0.0000
 rs6         1.2170
 rs8         1.0000
 alp        14.0000
--------------------

Atomic radii (in Angstrom):
-------------------------------------------
   Z          R(cov)     R(vdw)      r4/r2
-------------------------------------------
  25 Mn       1.4267     1.7731     3.0718
   8 O        0.8400     1.2408     1.3725
-------------------------------------------

Atomic reference systems (in atomic units):
----------------------------------------------------------------------------
   Z        #      CN    C6(AA)   #      CN    C6(AA)   #      CN    C6(AA)
----------------------------------------------------------------------------
  25 Mn     1  0.0000  802.7484   2  1.6406  239.5554   3  9.8849  113.8463
   8 O      1  0.0000   15.5059   2  0.9925   12.8161   3  1.9887   10.3708
----------------------------------------------------------------------------

Dispersion properties (in atomic units):
--------------------------------------------------------
     #    Z                CN       C6(AA)       C8(AA)
--------------------------------------------------------
     1   25 Mn         0.0489     802.7177   81147.5398
     2   25 Mn         0.0461     802.7189   81147.6533
     3   25 Mn         0.0536     802.7158   81147.3435
     4   25 Mn         0.1198     802.6706   81142.7783
     5   25 Mn         0.1198     802.6706   81142.7783
     6   25 Mn         0.1154     802.6750   81143.2196
     7   25 Mn         0.0806     802.7019   81145.9398
     8   25 Mn         0.0957     802.6918   81144.9141
     9   25 Mn         0.0833     802.7003   81145.7746
    10   25 Mn         0.1193     802.6712   81142.8375
    11   25 Mn         0.0957     802.6918   81144.9141
    12   25 Mn         0.1193     802.6712   81142.8375
    13   25 Mn         0.0833     802.7003   81145.7746
    14   25 Mn         0.0536     802.7158   81147.3435
    15   25 Mn         0.0461     802.7189   81147.6533
    16   25 Mn         0.0489     802.7177   81147.5398
    17   25 Mn         0.0489     802.7177   81147.5398
    18   25 Mn         0.0536     802.7158   81147.3435
    19   25 Mn         0.0461     802.7189   81147.6533
    20   25 Mn         0.0833     802.7003   81145.7746
    21   25 Mn         0.1193     802.6712   81142.8375
    22   25 Mn         0.0957     802.6918   81144.9141
    23   25 Mn         0.0833     802.7003   81145.7746
    24   25 Mn         0.1193     802.6712   81142.8375
    25   25 Mn         0.0806     802.7019   81145.9398
    26   25 Mn         0.0957     802.6918   81144.9141
    27   25 Mn         0.1154     802.6750   81143.2196
    28   25 Mn         0.1198     802.6706   81142.7783
    29   25 Mn         0.1198     802.6706   81142.7783
    30   25 Mn         0.0461     802.7189   81147.6533
    31   25 Mn         0.0536     802.7158   81147.3435
    32   25 Mn         0.0489     802.7177   81147.5398
    33   25 Mn         0.0489     802.7177   81147.5398
    34   25 Mn         0.0461     802.7189   81147.6533
    35   25 Mn         0.0536     802.7158   81147.3435
    36   25 Mn         0.1198     802.6706   81142.7783
    37   25 Mn         0.1198     802.6706   81142.7783
    38   25 Mn         0.1154     802.6750   81143.2196
    39   25 Mn         0.0957     802.6918   81144.9141
    40   25 Mn         0.0806     802.7019   81145.9398
    41   25 Mn         0.0833     802.7003   81145.7746
    42   25 Mn         0.1193     802.6712   81142.8375
    43   25 Mn         0.1193     802.6712   81142.8375
    44   25 Mn         0.0957     802.6918   81144.9141
    45   25 Mn         0.0833     802.7003   81145.7746
    46   25 Mn         0.0461     802.7189   81147.6533
    47   25 Mn         0.0536     802.7158   81147.3435
    48   25 Mn         0.0489     802.7177   81147.5398
    49   25 Mn         0.0489     802.7177   81147.5398
    50   25 Mn         0.0536     802.7158   81147.3435
    51   25 Mn         0.0461     802.7189   81147.6533
    52   25 Mn         0.1193     802.6712   81142.8375
    53   25 Mn         0.0833     802.7003   81145.7746
    54   25 Mn         0.0957     802.6918   81144.9141
    55   25 Mn         0.0957     802.6918   81144.9141
    56   25 Mn         0.1193     802.6712   81142.8375
    57   25 Mn         0.0833     802.7003   81145.7746
    58   25 Mn         0.0806     802.7019   81145.9398
    59   25 Mn         0.1154     802.6750   81143.2196
    60   25 Mn         0.1198     802.6706   81142.7783
    61   25 Mn         0.1198     802.6706   81142.7783
    62   25 Mn         0.0536     802.7158   81147.3435
    63   25 Mn         0.0461     802.7189   81147.6533
    64   25 Mn         0.0489     802.7177   81147.5398
    65    8 O          0.0473      15.4273     311.3313
    66    8 O          0.0456      15.4283     311.3523
    67    8 O          0.0452      15.4286     311.3571
    68    8 O          0.0548      15.4227     311.2379
    69    8 O          0.0507      15.4252     311.2894
    70    8 O          0.0415      15.4307     311.4008
    71    8 O          0.0415      15.4307     311.4008
    72    8 O          0.0548      15.4227     311.2379
    73    8 O          0.0507      15.4252     311.2894
    74    8 O          0.0416      15.4307     311.4002
    75    8 O          0.0569      15.4213     311.2100
    76    8 O          0.0524      15.4242     311.2678
    77    8 O          0.0587      15.4201     311.1860
    78    8 O          0.0516      15.4247     311.2781
    79    8 O          0.0422      15.4304     311.3933
    80    8 O          0.0569      15.4213     311.2100
    81    8 O          0.0416      15.4307     311.4002
    82    8 O          0.0524      15.4242     311.2678
    83    8 O          0.0422      15.4304     311.3933
    84    8 O          0.0587      15.4201     311.1860
    85    8 O          0.0516      15.4247     311.2781
    86    8 O          0.0452      15.4286     311.3571
    87    8 O          0.0456      15.4283     311.3523
    88    8 O          0.0473      15.4273     311.3313
    89    8 O          0.0456      15.4283     311.3523
    90    8 O          0.0473      15.4273     311.3313
    91    8 O          0.0452      15.4286     311.3571
    92    8 O          0.0422      15.4304     311.3933
    93    8 O          0.0516      15.4247     311.2781
    94    8 O          0.0587      15.4201     311.1860
    95    8 O          0.0569      15.4213     311.2100
    96    8 O          0.0524      15.4242     311.2678
    97    8 O          0.0416      15.4307     311.4002
    98    8 O          0.0516      15.4247     311.2781
    99    8 O          0.0422      15.4304     311.3933
   100    8 O          0.0587      15.4201     311.1860
   101    8 O          0.0416      15.4307     311.4002
   102    8 O          0.0524      15.4242     311.2678
   103    8 O          0.0569      15.4213     311.2100
   104    8 O          0.0507      15.4252     311.2894
   105    8 O          0.0548      15.4227     311.2379
   106    8 O          0.0415      15.4307     311.4008
   107    8 O          0.0415      15.4307     311.4008
   108    8 O          0.0548      15.4227     311.2379
   109    8 O          0.0507      15.4252     311.2894
   110    8 O          0.0452      15.4286     311.3571
   111    8 O          0.0473      15.4273     311.3313
   112    8 O          0.0456      15.4283     311.3523
   113    8 O          0.0456      15.4283     311.3523
   114    8 O          0.0473      15.4273     311.3313
   115    8 O          0.0452      15.4286     311.3571
   116    8 O          0.0507      15.4252     311.2894
   117    8 O          0.0548      15.4227     311.2379
   118    8 O          0.0415      15.4307     311.4008
   119    8 O          0.0415      15.4307     311.4008
   120    8 O          0.0548      15.4227     311.2379
   121    8 O          0.0507      15.4252     311.2894
   122    8 O          0.0524      15.4242     311.2678
   123    8 O          0.0569      15.4213     311.2100
   124    8 O          0.0416      15.4307     311.4002
   125    8 O          0.0587      15.4201     311.1860
   126    8 O          0.0516      15.4247     311.2781
   127    8 O          0.0422      15.4304     311.3933
   128    8 O          0.0416      15.4307     311.4002
   129    8 O          0.0569      15.4213     311.2100
   130    8 O          0.0524      15.4242     311.2678
   131    8 O          0.0587      15.4201     311.1860
   132    8 O          0.0422      15.4304     311.3933
   133    8 O          0.0516      15.4247     311.2781
   134    8 O          0.0452      15.4286     311.3571
   135    8 O          0.0456      15.4283     311.3523
   136    8 O          0.0473      15.4273     311.3313
   137    8 O          0.0473      15.4273     311.3313
   138    8 O          0.0456      15.4283     311.3523
   139    8 O          0.0452      15.4286     311.3571
   140    8 O          0.0516      15.4247     311.2781
   141    8 O          0.0422      15.4304     311.3933
   142    8 O          0.0587      15.4201     311.1860
   143    8 O          0.0569      15.4213     311.2100
   144    8 O          0.0524      15.4242     311.2678
   145    8 O          0.0416      15.4307     311.4002
   146    8 O          0.0587      15.4201     311.1860
   147    8 O          0.0422      15.4304     311.3933
   148    8 O          0.0516      15.4247     311.2781
   149    8 O          0.0524      15.4242     311.2678
   150    8 O          0.0416      15.4307     311.4002
   151    8 O          0.0569      15.4213     311.2100
   152    8 O          0.0548      15.4227     311.2379
   153    8 O          0.0507      15.4252     311.2894
   154    8 O          0.0415      15.4307     311.4008
   155    8 O          0.0415      15.4307     311.4008
   156    8 O          0.0507      15.4252     311.2894
   157    8 O          0.0548      15.4227     311.2379
   158    8 O          0.0452      15.4286     311.3571
   159    8 O          0.0473      15.4273     311.3313
   160    8 O          0.0456      15.4283     311.3523
--------------------------------------------------------

Atom-resolved dispersion energies:
--------------------------------------------------
     #    Z           [Hartree]      [kcal/mol]
--------------------------------------------------
     1   25 Mn  -0.84673567E-02     -5.31334655
     2   25 Mn  -0.85634445E-02     -5.37364253
     3   25 Mn  -0.84064160E-02     -5.27510569
     4   25 Mn  -0.10244658E-01     -6.42862011
     5   25 Mn  -0.10244658E-01     -6.42862011
     6   25 Mn  -0.96401921E-02     -6.04931185
     7   25 Mn  -0.11163923E-01     -7.00546773
     8   25 Mn  -0.10318110E-01     -6.47471166
     9   25 Mn  -0.10432845E-01     -6.54670916
    10   25 Mn  -0.95875073E-02     -6.01625167
    11   25 Mn  -0.10318110E-01     -6.47471166
    12   25 Mn  -0.95875073E-02     -6.01625167
    13   25 Mn  -0.10432845E-01     -6.54670916
    14   25 Mn  -0.84064160E-02     -5.27510569
    15   25 Mn  -0.85634445E-02     -5.37364253
    16   25 Mn  -0.84673567E-02     -5.31334655
    17   25 Mn  -0.84673567E-02     -5.31334655
    18   25 Mn  -0.84064160E-02     -5.27510569
    19   25 Mn  -0.85634445E-02     -5.37364253
    20   25 Mn  -0.10432845E-01     -6.54670916
    21   25 Mn  -0.95875073E-02     -6.01625167
    22   25 Mn  -0.10318110E-01     -6.47471166
    23   25 Mn  -0.10432845E-01     -6.54670916
    24   25 Mn  -0.95875073E-02     -6.01625167
    25   25 Mn  -0.11163923E-01     -7.00546773
    26   25 Mn  -0.10318110E-01     -6.47471166
    27   25 Mn  -0.96401921E-02     -6.04931185
    28   25 Mn  -0.10244658E-01     -6.42862011
    29   25 Mn  -0.10244658E-01     -6.42862011
    30   25 Mn  -0.85634445E-02     -5.37364253
    31   25 Mn  -0.84064160E-02     -5.27510569
    32   25 Mn  -0.84673567E-02     -5.31334655
    33   25 Mn  -0.84673567E-02     -5.31334655
    34   25 Mn  -0.85634445E-02     -5.37364253
    35   25 Mn  -0.84064160E-02     -5.27510569
    36   25 Mn  -0.10244658E-01     -6.42862011
    37   25 Mn  -0.10244658E-01     -6.42862011
    38   25 Mn  -0.96401921E-02     -6.04931185
    39   25 Mn  -0.10318110E-01     -6.47471166
    40   25 Mn  -0.11163923E-01     -7.00546773
    41   25 Mn  -0.10432845E-01     -6.54670916
    42   25 Mn  -0.95875073E-02     -6.01625167
    43   25 Mn  -0.95875073E-02     -6.01625167
    44   25 Mn  -0.10318110E-01     -6.47471166
    45   25 Mn  -0.10432845E-01     -6.54670916
    46   25 Mn  -0.85634445E-02     -5.37364253
    47   25 Mn  -0.84064160E-02     -5.27510569
    48   25 Mn  -0.84673567E-02     -5.31334655
    49   25 Mn  -0.84673567E-02     -5.31334655
    50   25 Mn  -0.84064160E-02     -5.27510569
    51   25 Mn  -0.85634445E-02     -5.37364253
    52   25 Mn  -0.95875073E-02     -6.01625167
    53   25 Mn  -0.10432845E-01     -6.54670916
    54   25 Mn  -0.10318110E-01     -6.47471166
    55   25 Mn  -0.10318110E-01     -6.47471166
    56   25 Mn  -0.95875073E-02     -6.01625167
    57   25 Mn  -0.10432845E-01     -6.54670916
    58   25 Mn  -0.11163923E-01     -7.00546773
    59   25 Mn  -0.96401921E-02     -6.04931185
    60   25 Mn  -0.10244658E-01     -6.42862011
    61   25 Mn  -0.10244658E-01     -6.42862011
    62   25 Mn  -0.84064160E-02     -5.27510569
    63   25 Mn  -0.85634445E-02     -5.37364253
    64   25 Mn  -0.84673567E-02     -5.31334655
    65    8 O   -0.13605181E-02     -0.85373802
    66    8 O   -0.13759785E-02     -0.86343952
    67    8 O   -0.13564355E-02     -0.85117611
    68    8 O   -0.11104973E-02     -0.69684756
    69    8 O   -0.10863871E-02     -0.68171823
    70    8 O   -0.13726305E-02     -0.86133861
    71    8 O   -0.13726305E-02     -0.86133861
    72    8 O   -0.11104973E-02     -0.69684756
    73    8 O   -0.10863871E-02     -0.68171823
    74    8 O   -0.13622712E-02     -0.85483811
    75    8 O   -0.10942818E-02     -0.68667220
    76    8 O   -0.11080467E-02     -0.69530983
    77    8 O   -0.11054905E-02     -0.69370574
    78    8 O   -0.10847587E-02     -0.68069638
    79    8 O   -0.13833674E-02     -0.86807617
    80    8 O   -0.10942818E-02     -0.68667220
    81    8 O   -0.13622712E-02     -0.85483811
    82    8 O   -0.11080467E-02     -0.69530983
    83    8 O   -0.13833674E-02     -0.86807617
    84    8 O   -0.11054905E-02     -0.69370574
    85    8 O   -0.10847587E-02     -0.68069638
    86    8 O   -0.13564355E-02     -0.85117611
    87    8 O   -0.13759785E-02     -0.86343952
    88    8 O   -0.13605181E-02     -0.85373802
    89    8 O   -0.13759785E-02     -0.86343952
    90    8 O   -0.13605181E-02     -0.85373802
    91    8 O   -0.13564355E-02     -0.85117611
    92    8 O   -0.13833674E-02     -0.86807617
    93    8 O   -0.10847587E-02     -0.68069638
    94    8 O   -0.11054905E-02     -0.69370574
    95    8 O   -0.10942818E-02     -0.68667220
    96    8 O   -0.11080467E-02     -0.69530983
    97    8 O   -0.13622712E-02     -0.85483811
    98    8 O   -0.10847587E-02     -0.68069638
    99    8 O   -0.13833674E-02     -0.86807617
   100    8 O   -0.11054905E-02     -0.69370574
   101    8 O   -0.13622712E-02     -0.85483811
   102    8 O   -0.11080467E-02     -0.69530983
   103    8 O   -0.10942818E-02     -0.68667220
   104    8 O   -0.10863871E-02     -0.68171823
   105    8 O   -0.11104973E-02     -0.69684756
   106    8 O   -0.13726305E-02     -0.86133861
   107    8 O   -0.13726305E-02     -0.86133861
   108    8 O   -0.11104973E-02     -0.69684756
   109    8 O   -0.10863871E-02     -0.68171823
   110    8 O   -0.13564355E-02     -0.85117611
   111    8 O   -0.13605181E-02     -0.85373802
   112    8 O   -0.13759785E-02     -0.86343952
   113    8 O   -0.13759785E-02     -0.86343952
   114    8 O   -0.13605181E-02     -0.85373802
   115    8 O   -0.13564355E-02     -0.85117611
   116    8 O   -0.10863871E-02     -0.68171823
   117    8 O   -0.11104973E-02     -0.69684756
   118    8 O   -0.13726305E-02     -0.86133861
   119    8 O   -0.13726305E-02     -0.86133861
   120    8 O   -0.11104973E-02     -0.69684756
   121    8 O   -0.10863871E-02     -0.68171823
   122    8 O   -0.11080467E-02     -0.69530983
   123    8 O   -0.10942818E-02     -0.68667220
   124    8 O   -0.13622712E-02     -0.85483811
   125    8 O   -0.11054905E-02     -0.69370574
   126    8 O   -0.10847587E-02     -0.68069638
   127    8 O   -0.13833674E-02     -0.86807617
   128    8 O   -0.13622712E-02     -0.85483811
   129    8 O   -0.10942818E-02     -0.68667220
   130    8 O   -0.11080467E-02     -0.69530983
   131    8 O   -0.11054905E-02     -0.69370574
   132    8 O   -0.13833674E-02     -0.86807617
   133    8 O   -0.10847587E-02     -0.68069638
   134    8 O   -0.13564355E-02     -0.85117611
   135    8 O   -0.13759785E-02     -0.86343952
   136    8 O   -0.13605181E-02     -0.85373802
   137    8 O   -0.13605181E-02     -0.85373802
   138    8 O   -0.13759785E-02     -0.86343952
   139    8 O   -0.13564355E-02     -0.85117611
   140    8 O   -0.10847587E-02     -0.68069638
   141    8 O   -0.13833674E-02     -0.86807617
   142    8 O   -0.11054905E-02     -0.69370574
   143    8 O   -0.10942818E-02     -0.68667220
   144    8 O   -0.11080467E-02     -0.69530983
   145    8 O   -0.13622712E-02     -0.85483811
   146    8 O   -0.11054905E-02     -0.69370574
   147    8 O   -0.13833674E-02     -0.86807617
   148    8 O   -0.10847587E-02     -0.68069638
   149    8 O   -0.11080467E-02     -0.69530983
   150    8 O   -0.13622712E-02     -0.85483811
   151    8 O   -0.10942818E-02     -0.68667220
   152    8 O   -0.11104973E-02     -0.69684756
   153    8 O   -0.10863871E-02     -0.68171823
   154    8 O   -0.13726305E-02     -0.86133861
   155    8 O   -0.13726305E-02     -0.86133861
   156    8 O   -0.10863871E-02     -0.68171823
   157    8 O   -0.11104973E-02     -0.69684756
   158    8 O   -0.13564355E-02     -0.85117611
   159    8 O   -0.13605181E-02     -0.85373802
   160    8 O   -0.13759785E-02     -0.86343952
--------------------------------------------------

Dispersion energy:      -7.2978447036739E-01 Eh

[Info] Dispersion energy written to .EDISP
