-----------------------------------
 s i m p l e   D F T - D 3  v1.2.1
-----------------------------------

Zero (Chai-Head-Gordon) damping: pbe-D3(0)
--------------------
  s6         1.0000
  s8         0.7220
  s9         0.0000
 rs6         1.2170
 rs8         1.0000
 alp        14.0000
--------------------

Atomic radii (in Angstrom):
-------------------------------------------
   Z          R(cov)     R(vdw)      r4/r2
-------------------------------------------
  25 Mn       1.4267     1.7731     3.0718
   8 O        0.8400     1.2408     1.3725
-------------------------------------------

Atomic reference systems (in atomic units):
----------------------------------------------------------------------------
   Z        #      CN    C6(AA)   #      CN    C6(AA)   #      CN    C6(AA)
----------------------------------------------------------------------------
  25 Mn     1  0.0000  802.7484   2  1.6406  239.5554   3  9.8849  113.8463
   8 O      1  0.0000   15.5059   2  0.9925   12.8161   3  1.9887   10.3708
----------------------------------------------------------------------------

Dispersion properties (in atomic units):
--------------------------------------------------------
     #    Z                CN       C6(AA)       C8(AA)
--------------------------------------------------------
     1   25 Mn         0.9625     291.6304   29481.2131
     2   25 Mn         0.8989     348.4942   35229.6284
     3   25 Mn         1.0679     253.3509   25611.4917
     4   25 Mn         2.3528     239.5554   24216.8950
     5   25 Mn         2.3528     239.5554   24216.8950
     6   25 Mn         2.2997     239.5554   24216.8951
     7   25 Mn         1.6007     239.5683   24218.1974
     8   25 Mn         1.9113     239.5556   24216.9171
     9   25 Mn         1.6501     239.5621   24217.5759
    10   25 Mn         2.3881     239.5554   24216.8950
    11   25 Mn         1.9113     239.5556   24216.9171
    12   25 Mn         2.3881     239.5554   24216.8950
    13   25 Mn         1.6501     239.5621   24217.5759
    14   25 Mn         1.0679     253.3509   25611.4917
    15   25 Mn         0.8989     348.4942   35229.6284
    16   25 Mn         0.9625     291.6304   29481.2131
    17   25 Mn         0.9625     291.6304   29481.2131
    18   25 Mn         1.0679     253.3509   25611.4917
    19   25 Mn         0.8989     348.4942   35229.6284
    20   25 Mn         1.6501     239.5621   24217.5759
    21   25 Mn         2.3881     239.5554   24216.8950
    22   25 Mn         1.9113     239.5556   24216.9171
    23   25 Mn         1.6501     239.5621   24217.5759
    24   25 Mn         2.3881     239.5554   24216.8950
    25   25 Mn         1.6007     239.5683   24218.1974
    26   25 Mn         1.9113     239.5556   24216.9171
    27   25 Mn         2.2997     239.5554   24216.8951
    28   25 Mn         2.3528     239.5554   24216.8950
    29   25 Mn         2.3528     239.5554   24216.8950
    30   25 Mn         0.8989     348.4942   35229.6284
    31   25 Mn         1.0679     253.3509   25611.4917
    32   25 Mn         0.9625     291.6304   29481.2131
    33   25 Mn         0.9625     291.6304   29481.2131
    34   25 Mn         0.8989     348.4942   35229.6284
    35   25 Mn         1.0679     253.3509   25611.4917
    36   25 Mn         2.3528     239.5554   24216.8950
    37   25 Mn         2.3528     239.5554   24216.8950
    38   25 Mn         2.2997     239.5554   24216.8951
    39   25 Mn         1.9113     239.5556   24216.9171
    40   25 Mn         1.6007     239.5683   24218.1974
    41   25 Mn         1.6501     239.5621   24217.5759
    42   25 Mn         2.3881     239.5554   24216.8950
    43   25 Mn         2.3881     239.5554   24216.8950
    44   25 Mn         1.9113     239.5556   24216.9171
    45   25 Mn         1.6501     239.5621   24217.5759
    46   25 Mn         0.8989     348.4942   35229.6284
    47   25 Mn         1.0679     253.3509   25611.4917
    48   25 Mn         0.9625     291.6304   29481.2131
    49   25 Mn         0.9625     291.6304   29481.2131
    50   25 Mn         1.0679     253.3509   25611.4917
    51   25 Mn         0.8989     348.4942   35229.6284
    52   25 Mn         2.3881     239.5554   24216.8950
    53   25 Mn         1.6501     239.5621   24217.5759
    54   25 Mn         1.9113     239.5556   24216.9171
    55   25 Mn         1.9113     239.5556   24216.9171
    56   25 Mn         2.3881     239.5554   24216.8950
    57   25 Mn         1.6501     239.5621   24217.5759
    58   25 Mn         1.6007     239.5683   24218.1974
    59   25 Mn         2.2997     239.5554   24216.8951
    60   25 Mn         2.3528     239.5554   24216.8950
    61   25 Mn         2.3528     239.5554   24216.8950
    62   25 Mn         1.0679     253.3509   25611.4917
    63   25 Mn         0.8989     348.4942   35229.6284
    64   25 Mn         0.9625     291.6304   29481.2131
    65    8 O          0.9822      12.8233     258.7806
    66    8 O          0.9661      12.8356     259.0293
    67    8 O          0.9609      12.8396     259.1105
    68    8 O          1.0921      12.7329     256.9570
    69    8 O          1.0392      12.7795     257.8967
    70    8 O          0.8641      12.9277     260.8889
    71    8 O          0.8641      12.9277     260.8889
    72    8 O          1.0921      12.7329     256.9570
    73    8 O          1.0392      12.7795     257.8967
    74    8 O          0.8799      12.9107     260.5448
    75    8 O          1.1423      12.6772     255.8335
    76    8 O          1.0640      12.7587     257.4785
    77    8 O          1.1600      12.6536     255.3572
    78    8 O          1.0489      12.7715     257.7368
    79    8 O          0.8679      12.9235     260.8037
    80    8 O          1.1423      12.6772     255.8335
    81    8 O          0.8799      12.9107     260.5448
    82    8 O          1.0640      12.7587     257.4785
    83    8 O          0.8679      12.9235     260.8037
    84    8 O          1.1600      12.6536     255.3572
    85    8 O          1.0489      12.7715     257.7368
    86    8 O          0.9609      12.8396     259.1105
    87    8 O          0.9661      12.8356     259.0293
    88    8 O          0.9822      12.8233     258.7806
    89    8 O          0.9661      12.8356     259.0293
    90    8 O          0.9822      12.8233     258.7806
    91    8 O          0.9609      12.8396     259.1105
    92    8 O          0.8679      12.9235     260.8037
    93    8 O          1.0489      12.7715     257.7368
    94    8 O          1.1600      12.6536     255.3572
    95    8 O          1.1423      12.6772     255.8335
    96    8 O          1.0640      12.7587     257.4785
    97    8 O          0.8799      12.9107     260.5448
    98    8 O          1.0489      12.7715     257.7368
    99    8 O          0.8679      12.9235     260.8037
   100    8 O          1.1600      12.6536     255.3572
   101    8 O          0.8799      12.9107     260.5448
   102    8 O          1.0640      12.7587     257.4785
   103    8 O          1.1423      12.6772     255.8335
   104    8 O          1.0392      12.7795     257.8967
   105    8 O          1.0921      12.7329     256.9570
   106    8 O          0.8641      12.9277     260.8889
   107    8 O          0.8641      12.9277     260.8889
   108    8 O          1.0921      12.7329     256.9570
   109    8 O          1.0392      12.7795     257.8967
   110    8 O          0.9609      12.8396     259.1105
   111    8 O          0.9822      12.8233     258.7806
   112    8 O          0.9661      12.8356     259.0293
   113    8 O          0.9661      12.8356     259.0293
   114    8 O          0.9822      12.8233     258.7806
   115    8 O          0.9609      12.8396     259.1105
   116    8 O          1.0392      12.7795     257.8967
   117    8 O          1.0921      12.7329     256.9570
   118    8 O          0.8641      12.9277     260.8889
   119    8 O          0.8641      12.9277     260.8889
   120    8 O          1.0921      12.7329     256.9570
   121    8 O          1.0392      12.7795     257.8967
   122    8 O          1.0640      12.7587     257.4785
   123    8 O          1.1423      12.6772     255.8335
   124    8 O          0.8799      12.9107     260.5448
   125    8 O          1.1600      12.6536     255.3572
   126    8 O          1.0489      12.7715     257.7368
   127    8 O          0.8679      12.9235     260.8037
   128    8 O          0.8799      12.9107     260.5448
   129    8 O          1.1423      12.6772     255.8335
   130    8 O          1.0640      12.7587     257.4785
   131    8 O          1.1600      12.6536     255.3572
   132    8 O          0.8679      12.9235     260.8037
   133    8 O          1.0489      12.7715     257.7368
   134    8 O          0.9609      12.8396     259.1105
   135    8 O          0.9661      12.8356     259.0293
   136    8 O          0.9822      12.8233     258.7806
   137    8 O          0.9822      12.8233     258.7806
   138    8 O          0.9661      12.8356     259.0293
   139    8 O          0.9609      12.8396     259.1105
   140    8 O          1.0489      12.7715     257.7368
   141    8 O          0.8679      12.9235     260.8037
   142    8 O          1.1600      12.6536     255.3572
   143    8 O          1.1423      12.6772     255.8335
   144    8 O          1.0640      12.7587     257.4785
   145    8 O          0.8799      12.9107     260.5448
   146    8 O          1.1600      12.6536     255.3572
   147    8 O          0.8679      12.9235     260.8037
   148    8 O          1.0489      12.7715     257.7368
   149    8 O          1.0640      12.7587     257.4785
   150    8 O          0.8799      12.9107     260.5448
   151    8 O          1.1423      12.6772     255.8335
   152    8 O          1.0921      12.7329     256.9570
   153    8 O          1.0392      12.7795     257.8967
   154    8 O          0.8641      12.9277     260.8889
   155    8 O          0.8641      12.9277     260.8889
   156    8 O          1.0392      12.7795     257.8967
   157    8 O          1.0921      12.7329     256.9570
   158    8 O          0.9609      12.8396     259.1105
   159    8 O          0.9822      12.8233     258.7806
   160    8 O          0.9661      12.8356     259.0293
--------------------------------------------------------

Atom-resolved dispersion energies:
--------------------------------------------------
     #    Z           [Hartree]      [kcal/mol]
--------------------------------------------------
     1   25 Mn  -0.99364619E-02     -6.23522399
     2   25 Mn  -0.10695407E-01     -6.71146909
     3   25 Mn  -0.92403103E-02     -5.79838226
     4   25 Mn  -0.76926611E-02     -4.82721775
     5   25 Mn  -0.76926611E-02     -4.82721775
     6   25 Mn  -0.74186975E-02     -4.65530298
     7   25 Mn  -0.81427405E-02     -5.10964682
     8   25 Mn  -0.77107393E-02     -4.83856194
     9   25 Mn  -0.78234823E-02     -4.90930926
    10   25 Mn  -0.73966969E-02     -4.64149739
    11   25 Mn  -0.77107393E-02     -4.83856194
    12   25 Mn  -0.73966969E-02     -4.64149739
    13   25 Mn  -0.78234823E-02     -4.90930926
    14   25 Mn  -0.92403103E-02     -5.79838226
    15   25 Mn  -0.10695407E-01     -6.71146909
    16   25 Mn  -0.99364619E-02     -6.23522399
    17   25 Mn  -0.99364619E-02     -6.23522399
    18   25 Mn  -0.92403103E-02     -5.79838226
    19   25 Mn  -0.10695407E-01     -6.71146909
    20   25 Mn  -0.78234823E-02     -4.90930926
    21   25 Mn  -0.73966969E-02     -4.64149739
    22   25 Mn  -0.77107393E-02     -4.83856194
    23   25 Mn  -0.78234823E-02     -4.90930926
    24   25 Mn  -0.73966969E-02     -4.64149739
    25   25 Mn  -0.81427405E-02     -5.10964682
    26   25 Mn  -0.77107393E-02     -4.83856194
    27   25 Mn  -0.74186975E-02     -4.65530298
    28   25 Mn  -0.76926611E-02     -4.82721775
    29   25 Mn  -0.76926611E-02     -4.82721775
    30   25 Mn  -0.10695407E-01     -6.71146909
    31   25 Mn  -0.92403103E-02     -5.79838226
    32   25 Mn  -0.99364619E-02     -6.23522399
    33   25 Mn  -0.99364619E-02     -6.23522399
    34   25 Mn  -0.10695407E-01     -6.71146909
    35   25 Mn  -0.92403103E-02     -5.79838226
    36   25 Mn  -0.76926611E-02     -4.82721775
    37   25 Mn  -0.76926611E-02     -4.82721775
    38   25 Mn  -0.74186975E-02     -4.65530298
    39   25 Mn  -0.77107393E-02     -4.83856194
    40   25 Mn  -0.81427405E-02     -5.10964682
    41   25 Mn  -0.78234823E-02     -4.90930926
    42   25 Mn  -0.73966969E-02     -4.64149739
    43   25 Mn  -0.73966969E-02     -4.64149739
    44   25 Mn  -0.77107393E-02     -4.83856194
    45   25 Mn  -0.78234823E-02     -4.90930926
    46   25 Mn  -0.10695407E-01     -6.71146909
    47   25 Mn  -0.92403103E-02     -5.79838226
    48   25 Mn  -0.99364619E-02     -6.23522399
    49   25 Mn  -0.99364619E-02     -6.23522399
    50   25 Mn  -0.92403103E-02     -5.79838226
    51   25 Mn  -0.10695407E-01     -6.71146909
    52   25 Mn  -0.73966969E-02     -4.64149739
    53   25 Mn  -0.78234823E-02     -4.90930926
    54   25 Mn  -0.77107393E-02     -4.83856194
    55   25 Mn  -0.77107393E-02     -4.83856194
    56   25 Mn  -0.73966969E-02     -4.64149739
    57   25 Mn  -0.78234823E-02     -4.90930926
    58   25 Mn  -0.81427405E-02     -5.10964682
    59   25 Mn  -0.74186975E-02     -4.65530298
    60   25 Mn  -0.76926611E-02     -4.82721775
    61   25 Mn  -0.76926611E-02     -4.82721775
    62   25 Mn  -0.92403103E-02     -5.79838226
    63   25 Mn  -0.10695407E-01     -6.71146909
    64   25 Mn  -0.99364619E-02     -6.23522399
    65    8 O   -0.19348380E-02     -1.21412919
    66    8 O   -0.19480402E-02     -1.22241371
    67    8 O   -0.19269320E-02     -1.20916807
    68    8 O   -0.19076010E-02     -1.19703767
    69    8 O   -0.18465349E-02     -1.15871813
    70    8 O   -0.19065212E-02     -1.19636014
    71    8 O   -0.19065212E-02     -1.19636014
    72    8 O   -0.19076010E-02     -1.19703767
    73    8 O   -0.18465349E-02     -1.15871813
    74    8 O   -0.19188782E-02     -1.20411427
    75    8 O   -0.19168831E-02     -1.20286228
    76    8 O   -0.18714396E-02     -1.17434607
    77    8 O   -0.19355302E-02     -1.21456356
    78    8 O   -0.18566711E-02     -1.16507870
    79    8 O   -0.19092461E-02     -1.19807000
    80    8 O   -0.19168831E-02     -1.20286228
    81    8 O   -0.19188782E-02     -1.20411427
    82    8 O   -0.18714396E-02     -1.17434607
    83    8 O   -0.19092461E-02     -1.19807000
    84    8 O   -0.19355302E-02     -1.21456356
    85    8 O   -0.18566711E-02     -1.16507870
    86    8 O   -0.19269320E-02     -1.20916807
    87    8 O   -0.19480402E-02     -1.22241371
    88    8 O   -0.19348380E-02     -1.21412919
    89    8 O   -0.19480402E-02     -1.22241371
    90    8 O   -0.19348380E-02     -1.21412919
    91    8 O   -0.19269320E-02     -1.20916807
    92    8 O   -0.19092461E-02     -1.19807000
    93    8 O   -0.18566711E-02     -1.16507870
    94    8 O   -0.19355302E-02     -1.21456356
    95    8 O   -0.19168831E-02     -1.20286228
    96    8 O   -0.18714396E-02     -1.17434607
    97    8 O   -0.19188782E-02     -1.20411427
    98    8 O   -0.18566711E-02     -1.16507870
    99    8 O   -0.19092461E-02     -1.19807000
   100    8 O   -0.19355302E-02     -1.21456356
   101    8 O   -0.19188782E-02     -1.20411427
   102    8 O   -0.18714396E-02     -1.17434607
   103    8 O   -0.19168831E-02     -1.20286228
   104    8 O   -0.18465349E-02     -1.15871813
   105    8 O   -0.19076010E-02     -1.19703767
   106    8 O   -0.19065212E-02     -1.19636014
   107    8 O   -0.19065212E-02     -1.19636014
   108    8 O   -0.19076010E-02     -1.19703767
   109    8 O   -0.18465349E-02     -1.15871813
   110    8 O   -0.19269320E-02     -1.20916807
   111    8 O   -0.19348380E-02     -1.21412919
   112    8 O   -0.19480402E-02     -1.22241371
   113    8 O   -0.19480402E-02     -1.22241371
   114    8 O   -0.19348380E-02     -1.21412919
   115    8 O   -0.19269320E-02     -1.20916807
   116    8 O   -0.18465349E-02     -1.15871813
   117    8 O   -0.19076010E-02     -1.19703767
   118    8 O   -0.19065212E-02     -1.19636014
   119    8 O   -0.19065212E-02     -1.19636014
   120    8 O   -0.19076010E-02     -1.19703767
   121    8 O   -0.18465349E-02     -1.15871813
   122    8 O   -0.18714396E-02     -1.17434607
   123    8 O   -0.19168831E-02     -1.20286228
   124    8 O   -0.19188782E-02     -1.20411427
   125    8 O   -0.19355302E-02     -1.21456356
   126    8 O   -0.18566711E-02     -1.16507870
   127    8 O   -0.19092461E-02     -1.19807000
   128    8 O   -0.19188782E-02     -1.20411427
   129    8 O   -0.19168831E-02     -1.20286228
   130    8 O   -0.18714396E-02     -1.17434607
   131    8 O   -0.19355302E-02     -1.21456356
   132    8 O   -0.19092461E-02     -1.19807000
   133    8 O   -0.18566711E-02     -1.16507870
   134    8 O   -0.19269320E-02     -1.20916807
   135    8 O   -0.19480402E-02     -1.22241371
   136    8 O   -0.19348380E-02     -1.21412919
   137    8 O   -0.19348380E-02     -1.21412919
   138    8 O   -0.19480402E-02     -1.22241371
   139    8 O   -0.19269320E-02     -1.20916807
   140    8 O   -0.18566711E-02     -1.16507870
   141    8 O   -0.19092461E-02     -1.19807000
   142    8 O   -0.19355302E-02     -1.21456356
   143    8 O   -0.19168831E-02     -1.20286228
   144    8 O   -0.18714396E-02     -1.17434607
   145    8 O   -0.19188782E-02     -1.20411427
   146    8 O   -0.19355302E-02     -1.21456356
   147    8 O   -0.19092461E-02     -1.19807000
   148    8 O   -0.18566711E-02     -1.16507870
   149    8 O   -0.18714396E-02     -1.17434607
   150    8 O   -0.19188782E-02     -1.20411427
   151    8 O   -0.19168831E-02     -1.20286228
   152    8 O   -0.19076010E-02     -1.19703767
   153    8 O   -0.18465349E-02     -1.15871813
   154    8 O   -0.19065212E-02     -1.19636014
   155    8 O   -0.19065212E-02     -1.19636014
   156    8 O   -0.18465349E-02     -1.15871813
   157    8 O   -0.19076010E-02     -1.19703767
   158    8 O   -0.19269320E-02     -1.20916807
   159    8 O   -0.19348380E-02     -1.21412919
   160    8 O   -0.19480402E-02     -1.22241371
--------------------------------------------------

Dispersion energy:      -7.2924474587031E-01 Eh

[Info] Dispersion energy written to .EDISP
