-----------------------------------
 s i m p l e   D F T - D 3  v1.2.1
-----------------------------------

Zero (Chai-Head-Gordon) damping: pbe-D3(0)
--------------------
  s6         1.0000
  s8         0.7220
  s9         0.0000
 rs6         1.2170
 rs8         1.0000
 alp        14.0000
--------------------

Atomic radii (in Angstrom):
-------------------------------------------
   Z          R(cov)     R(vdw)      r4/r2
-------------------------------------------
  25 Mn       1.4267     1.7731     3.0718
   8 O        0.8400     1.2408     1.3725
-------------------------------------------

Atomic reference systems (in atomic units):
----------------------------------------------------------------------------
   Z        #      CN    C6(AA)   #      CN    C6(AA)   #      CN    C6(AA)
----------------------------------------------------------------------------
  25 Mn     1  0.0000  802.7484   2  1.6406  239.5554   3  9.8849  113.8463
   8 O      1  0.0000   15.5059   2  0.9925   12.8161   3  1.9887   10.3708
----------------------------------------------------------------------------

Dispersion properties (in atomic units):
--------------------------------------------------------
     #    Z                CN       C6(AA)       C8(AA)
--------------------------------------------------------
     1   25 Mn         0.1021     802.6868   81144.4065
     2   25 Mn         0.0956     802.6918   81144.9196
     3   25 Mn         0.1129     802.6774   81143.4595
     4   25 Mn         0.2623     802.2446   81099.7061
     5   25 Mn         0.2623     802.2446   81099.7061
     6   25 Mn         0.2523     802.3064   81105.9581
     7   25 Mn         0.1714     802.5953   81135.1650
     8   25 Mn         0.2061     802.5073   81126.2673
     9   25 Mn         0.1779     802.5819   81133.8048
    10   25 Mn         0.2611     802.2522   81100.4739
    11   25 Mn         0.2061     802.5073   81126.2673
    12   25 Mn         0.2611     802.2522   81100.4739
    13   25 Mn         0.1779     802.5819   81133.8048
    14   25 Mn         0.1129     802.6774   81143.4595
    15   25 Mn         0.0956     802.6918   81144.9196
    16   25 Mn         0.1021     802.6868   81144.4065
    17   25 Mn         0.1021     802.6868   81144.4065
    18   25 Mn         0.1129     802.6774   81143.4595
    19   25 Mn         0.0956     802.6918   81144.9196
    20   25 Mn         0.1779     802.5819   81133.8048
    21   25 Mn         0.2611     802.2522   81100.4739
    22   25 Mn         0.2061     802.5073   81126.2673
    23   25 Mn         0.1779     802.5819   81133.8048
    24   25 Mn         0.2611     802.2522   81100.4739
    25   25 Mn         0.1714     802.5953   81135.1650
    26   25 Mn         0.2061     802.5073   81126.2673
    27   25 Mn         0.2523     802.3064   81105.9581
    28   25 Mn         0.2623     802.2446   81099.7061
    29   25 Mn         0.2623     802.2446   81099.7061
    30   25 Mn         0.0956     802.6918   81144.9196
    31   25 Mn         0.1129     802.6774   81143.4595
    32   25 Mn         0.1021     802.6868   81144.4065
    33   25 Mn         0.1021     802.6868   81144.4065
    34   25 Mn         0.0956     802.6918   81144.9196
    35   25 Mn         0.1129     802.6774   81143.4595
    36   25 Mn         0.2623     802.2446   81099.7061
    37   25 Mn         0.2623     802.2446   81099.7061
    38   25 Mn         0.2523     802.3064   81105.9581
    39   25 Mn         0.2061     802.5073   81126.2673
    40   25 Mn         0.1714     802.5953   81135.1650
    41   25 Mn         0.1779     802.5819   81133.8048
    42   25 Mn         0.2611     802.2522   81100.4739
    43   25 Mn         0.2611     802.2522   81100.4739
    44   25 Mn         0.2061     802.5073   81126.2673
    45   25 Mn         0.1779     802.5819   81133.8048
    46   25 Mn         0.0956     802.6918   81144.9196
    47   25 Mn         0.1129     802.6774   81143.4595
    48   25 Mn         0.1021     802.6868   81144.4065
    49   25 Mn         0.1021     802.6868   81144.4065
    50   25 Mn         0.1129     802.6774   81143.4595
    51   25 Mn         0.0956     802.6918   81144.9196
    52   25 Mn         0.2611     802.2522   81100.4739
    53   25 Mn         0.1779     802.5819   81133.8048
    54   25 Mn         0.2061     802.5073   81126.2673
    55   25 Mn         0.2061     802.5073   81126.2673
    56   25 Mn         0.2611     802.2522   81100.4739
    57   25 Mn         0.1779     802.5819   81133.8048
    58   25 Mn         0.1714     802.5953   81135.1650
    59   25 Mn         0.2523     802.3064   81105.9581
    60   25 Mn         0.2623     802.2446   81099.7061
    61   25 Mn         0.2623     802.2446   81099.7061
    62   25 Mn         0.1129     802.6774   81143.4595
    63   25 Mn         0.0956     802.6918   81144.9196
    64   25 Mn         0.1021     802.6868   81144.4065
    65    8 O          0.1027      15.3859     310.4954
    66    8 O          0.0983      15.3898     310.5740
    67    8 O          0.0974      15.3906     310.5911
    68    8 O          0.1212      15.3679     310.1319
    69    8 O          0.1117      15.3774     310.3242
    70    8 O          0.0892      15.3976     310.7310
    71    8 O          0.0892      15.3976     310.7310
    72    8 O          0.1212      15.3679     310.1319
    73    8 O          0.1117      15.3774     310.3242
    74    8 O          0.0891      15.3977     310.7330
    75    8 O          0.1261      15.3626     310.0263
    76    8 O          0.1157      15.3735     310.2449
    77    8 O          0.1303      15.3580     309.9327
    78    8 O          0.1138      15.3753     310.2821
    79    8 O          0.0909      15.3962     310.7030
    80    8 O          0.1261      15.3626     310.0263
    81    8 O          0.0891      15.3977     310.7330
    82    8 O          0.1157      15.3735     310.2449
    83    8 O          0.0909      15.3962     310.7030
    84    8 O          0.1303      15.3580     309.9327
    85    8 O          0.1138      15.3753     310.2821
    86    8 O          0.0974      15.3906     310.5911
    87    8 O          0.0983      15.3898     310.5740
    88    8 O          0.1027      15.3859     310.4954
    89    8 O          0.0983      15.3898     310.5740
    90    8 O          0.1027      15.3859     310.4954
    91    8 O          0.0974      15.3906     310.5911
    92    8 O          0.0909      15.3962     310.7030
    93    8 O          0.1138      15.3753     310.2821
    94    8 O          0.1303      15.3580     309.9327
    95    8 O          0.1261      15.3626     310.0263
    96    8 O          0.1157      15.3735     310.2449
    97    8 O          0.0891      15.3977     310.7330
    98    8 O          0.1138      15.3753     310.2821
    99    8 O          0.0909      15.3962     310.7030
   100    8 O          0.1303      15.3580     309.9327
   101    8 O          0.0891      15.3977     310.7330
   102    8 O          0.1157      15.3735     310.2449
   103    8 O          0.1261      15.3626     310.0263
   104    8 O          0.1117      15.3774     310.3242
   105    8 O          0.1212      15.3679     310.1319
   106    8 O          0.0892      15.3976     310.7310
   107    8 O          0.0892      15.3976     310.7310
   108    8 O          0.1212      15.3679     310.1319
   109    8 O          0.1117      15.3774     310.3242
   110    8 O          0.0974      15.3906     310.5911
   111    8 O          0.1027      15.3859     310.4954
   112    8 O          0.0983      15.3898     310.5740
   113    8 O          0.0983      15.3898     310.5740
   114    8 O          0.1027      15.3859     310.4954
   115    8 O          0.0974      15.3906     310.5911
   116    8 O          0.1117      15.3774     310.3242
   117    8 O          0.1212      15.3679     310.1319
   118    8 O          0.0892      15.3976     310.7310
   119    8 O          0.0892      15.3976     310.7310
   120    8 O          0.1212      15.3679     310.1319
   121    8 O          0.1117      15.3774     310.3242
   122    8 O          0.1157      15.3735     310.2449
   123    8 O          0.1261      15.3626     310.0263
   124    8 O          0.0891      15.3977     310.7330
   125    8 O          0.1303      15.3580     309.9327
   126    8 O          0.1138      15.3753     310.2821
   127    8 O          0.0909      15.3962     310.7030
   128    8 O          0.0891      15.3977     310.7330
   129    8 O          0.1261      15.3626     310.0263
   130    8 O          0.1157      15.3735     310.2449
   131    8 O          0.1303      15.3580     309.9327
   132    8 O          0.0909      15.3962     310.7030
   133    8 O          0.1138      15.3753     310.2821
   134    8 O          0.0974      15.3906     310.5911
   135    8 O          0.0983      15.3898     310.5740
   136    8 O          0.1027      15.3859     310.4954
   137    8 O          0.1027      15.3859     310.4954
   138    8 O          0.0983      15.3898     310.5740
   139    8 O          0.0974      15.3906     310.5911
   140    8 O          0.1138      15.3753     310.2821
   141    8 O          0.0909      15.3962     310.7030
   142    8 O          0.1303      15.3580     309.9327
   143    8 O          0.1261      15.3626     310.0263
   144    8 O          0.1157      15.3735     310.2449
   145    8 O          0.0891      15.3977     310.7330
   146    8 O          0.1303      15.3580     309.9327
   147    8 O          0.0909      15.3962     310.7030
   148    8 O          0.1138      15.3753     310.2821
   149    8 O          0.1157      15.3735     310.2449
   150    8 O          0.0891      15.3977     310.7330
   151    8 O          0.1261      15.3626     310.0263
   152    8 O          0.1212      15.3679     310.1319
   153    8 O          0.1117      15.3774     310.3242
   154    8 O          0.0892      15.3976     310.7310
   155    8 O          0.0892      15.3976     310.7310
   156    8 O          0.1117      15.3774     310.3242
   157    8 O          0.1212      15.3679     310.1319
   158    8 O          0.0974      15.3906     310.5911
   159    8 O          0.1027      15.3859     310.4954
   160    8 O          0.0983      15.3898     310.5740
--------------------------------------------------------

Atom-resolved dispersion energies:
--------------------------------------------------
     #    Z           [Hartree]      [kcal/mol]
--------------------------------------------------
     1   25 Mn  -0.11683342E-01     -7.33140806
     2   25 Mn  -0.11799540E-01     -7.40432329
     3   25 Mn  -0.11613772E-01     -7.28775205
     4   25 Mn  -0.13441052E-01     -8.43438766
     5   25 Mn  -0.13441052E-01     -8.43438766
     6   25 Mn  -0.12625058E-01     -7.92234336
     7   25 Mn  -0.14602182E-01     -9.16300736
     8   25 Mn  -0.13483427E-01     -8.46097802
     9   25 Mn  -0.13630990E-01     -8.55357511
    10   25 Mn  -0.12558794E-01     -7.88076196
    11   25 Mn  -0.13483427E-01     -8.46097802
    12   25 Mn  -0.12558794E-01     -7.88076196
    13   25 Mn  -0.13630990E-01     -8.55357511
    14   25 Mn  -0.11613772E-01     -7.28775205
    15   25 Mn  -0.11799540E-01     -7.40432329
    16   25 Mn  -0.11683342E-01     -7.33140806
    17   25 Mn  -0.11683342E-01     -7.33140806
    18   25 Mn  -0.11613772E-01     -7.28775205
    19   25 Mn  -0.11799540E-01     -7.40432329
    20   25 Mn  -0.13630990E-01     -8.55357511
    21   25 Mn  -0.12558794E-01     -7.88076196
    22   25 Mn  -0.13483427E-01     -8.46097802
    23   25 Mn  -0.13630990E-01     -8.55357511
    24   25 Mn  -0.12558794E-01     -7.88076196
    25   25 Mn  -0.14602182E-01     -9.16300736
    26   25 Mn  -0.13483427E-01     -8.46097802
    27   25 Mn  -0.12625058E-01     -7.92234336
    28   25 Mn  -0.13441052E-01     -8.43438766
    29   25 Mn  -0.13441052E-01     -8.43438766
    30   25 Mn  -0.11799540E-01     -7.40432329
    31   25 Mn  -0.11613772E-01     -7.28775205
    32   25 Mn  -0.11683342E-01     -7.33140806
    33   25 Mn  -0.11683342E-01     -7.33140806
    34   25 Mn  -0.11799540E-01     -7.40432329
    35   25 Mn  -0.11613772E-01     -7.28775205
    36   25 Mn  -0.13441052E-01     -8.43438766
    37   25 Mn  -0.13441052E-01     -8.43438766
    38   25 Mn  -0.12625058E-01     -7.92234336
    39   25 Mn  -0.13483427E-01     -8.46097802
    40   25 Mn  -0.14602182E-01     -9.16300736
    41   25 Mn  -0.13630990E-01     -8.55357511
    42   25 Mn  -0.12558794E-01     -7.88076196
    43   25 Mn  -0.12558794E-01     -7.88076196
    44   25 Mn  -0.13483427E-01     -8.46097802
    45   25 Mn  -0.13630990E-01     -8.55357511
    46   25 Mn  -0.11799540E-01     -7.40432329
    47   25 Mn  -0.11613772E-01     -7.28775205
    48   25 Mn  -0.11683342E-01     -7.33140806
    49   25 Mn  -0.11683342E-01     -7.33140806
    50   25 Mn  -0.11613772E-01     -7.28775205
    51   25 Mn  -0.11799540E-01     -7.40432329
    52   25 Mn  -0.12558794E-01     -7.88076196
    53   25 Mn  -0.13630990E-01     -8.55357511
    54   25 Mn  -0.13483427E-01     -8.46097802
    55   25 Mn  -0.13483427E-01     -8.46097802
    56   25 Mn  -0.12558794E-01     -7.88076196
    57   25 Mn  -0.13630990E-01     -8.55357511
    58   25 Mn  -0.14602182E-01     -9.16300736
    59   25 Mn  -0.12625058E-01     -7.92234336
    60   25 Mn  -0.13441052E-01     -8.43438766
    61   25 Mn  -0.13441052E-01     -8.43438766
    62   25 Mn  -0.11613772E-01     -7.28775205
    63   25 Mn  -0.11799540E-01     -7.40432329
    64   25 Mn  -0.11683342E-01     -7.33140806
    65    8 O   -0.14962682E-02     -0.93892247
    66    8 O   -0.15054070E-02     -0.94465718
    67    8 O   -0.14712797E-02     -0.92324197
    68    8 O   -0.13149895E-02     -0.82516835
    69    8 O   -0.12658666E-02     -0.79434327
    70    8 O   -0.14859559E-02     -0.93245140
    71    8 O   -0.14859559E-02     -0.93245140
    72    8 O   -0.13149895E-02     -0.82516835
    73    8 O   -0.12658666E-02     -0.79434327
    74    8 O   -0.14701594E-02     -0.92253893
    75    8 O   -0.13008568E-02     -0.81629995
    76    8 O   -0.13016487E-02     -0.81679688
    77    8 O   -0.13179388E-02     -0.82701909
    78    8 O   -0.12706303E-02     -0.79733258
    79    8 O   -0.15149449E-02     -0.95064228
    80    8 O   -0.13008568E-02     -0.81629995
    81    8 O   -0.14701594E-02     -0.92253893
    82    8 O   -0.13016487E-02     -0.81679688
    83    8 O   -0.15149449E-02     -0.95064228
    84    8 O   -0.13179388E-02     -0.82701909
    85    8 O   -0.12706303E-02     -0.79733258
    86    8 O   -0.14712797E-02     -0.92324197
    87    8 O   -0.15054070E-02     -0.94465718
    88    8 O   -0.14962682E-02     -0.93892247
    89    8 O   -0.15054070E-02     -0.94465718
    90    8 O   -0.14962682E-02     -0.93892247
    91    8 O   -0.14712797E-02     -0.92324197
    92    8 O   -0.15149449E-02     -0.95064228
    93    8 O   -0.12706303E-02     -0.79733258
    94    8 O   -0.13179388E-02     -0.82701909
    95    8 O   -0.13008568E-02     -0.81629995
    96    8 O   -0.13016487E-02     -0.81679688
    97    8 O   -0.14701594E-02     -0.92253893
    98    8 O   -0.12706303E-02     -0.79733258
    99    8 O   -0.15149449E-02     -0.95064228
   100    8 O   -0.13179388E-02     -0.82701909
   101    8 O   -0.14701594E-02     -0.92253893
   102    8 O   -0.13016487E-02     -0.81679688
   103    8 O   -0.13008568E-02     -0.81629995
   104    8 O   -0.12658666E-02     -0.79434327
   105    8 O   -0.13149895E-02     -0.82516835
   106    8 O   -0.14859559E-02     -0.93245140
   107    8 O   -0.14859559E-02     -0.93245140
   108    8 O   -0.13149895E-02     -0.82516835
   109    8 O   -0.12658666E-02     -0.79434327
   110    8 O   -0.14712797E-02     -0.92324197
   111    8 O   -0.14962682E-02     -0.93892247
   112    8 O   -0.15054070E-02     -0.94465718
   113    8 O   -0.15054070E-02     -0.94465718
   114    8 O   -0.14962682E-02     -0.93892247
   115    8 O   -0.14712797E-02     -0.92324197
   116    8 O   -0.12658666E-02     -0.79434327
   117    8 O   -0.13149895E-02     -0.82516835
   118    8 O   -0.14859559E-02     -0.93245140
   119    8 O   -0.14859559E-02     -0.93245140
   120    8 O   -0.13149895E-02     -0.82516835
   121    8 O   -0.12658666E-02     -0.79434327
   122    8 O   -0.13016487E-02     -0.81679688
   123    8 O   -0.13008568E-02     -0.81629995
   124    8 O   -0.14701594E-02     -0.92253893
   125    8 O   -0.13179388E-02     -0.82701909
   126    8 O   -0.12706303E-02     -0.79733258
   127    8 O   -0.15149449E-02     -0.95064228
   128    8 O   -0.14701594E-02     -0.92253893
   129    8 O   -0.13008568E-02     -0.81629995
   130    8 O   -0.13016487E-02     -0.81679688
   131    8 O   -0.13179388E-02     -0.82701909
   132    8 O   -0.15149449E-02     -0.95064228
   133    8 O   -0.12706303E-02     -0.79733258
   134    8 O   -0.14712797E-02     -0.92324197
   135    8 O   -0.15054070E-02     -0.94465718
   136    8 O   -0.14962682E-02     -0.93892247
   137    8 O   -0.14962682E-02     -0.93892247
   138    8 O   -0.15054070E-02     -0.94465718
   139    8 O   -0.14712797E-02     -0.92324197
   140    8 O   -0.12706303E-02     -0.79733258
   141    8 O   -0.15149449E-02     -0.95064228
   142    8 O   -0.13179388E-02     -0.82701909
   143    8 O   -0.13008568E-02     -0.81629995
   144    8 O   -0.13016487E-02     -0.81679688
   145    8 O   -0.14701594E-02     -0.92253893
   146    8 O   -0.13179388E-02     -0.82701909
   147    8 O   -0.15149449E-02     -0.95064228
   148    8 O   -0.12706303E-02     -0.79733258
   149    8 O   -0.13016487E-02     -0.81679688
   150    8 O   -0.14701594E-02     -0.92253893
   151    8 O   -0.13008568E-02     -0.81629995
   152    8 O   -0.13149895E-02     -0.82516835
   153    8 O   -0.12658666E-02     -0.79434327
   154    8 O   -0.14859559E-02     -0.93245140
   155    8 O   -0.14859559E-02     -0.93245140
   156    8 O   -0.12658666E-02     -0.79434327
   157    8 O   -0.13149895E-02     -0.82516835
   158    8 O   -0.14712797E-02     -0.92324197
   159    8 O   -0.14962682E-02     -0.93892247
   160    8 O   -0.15054070E-02     -0.94465718
--------------------------------------------------

Dispersion energy:      -9.4832386019154E-01 Eh

[Info] Dispersion energy written to .EDISP
