-----------------------------------
 s i m p l e   D F T - D 3  v1.2.1
-----------------------------------

Zero (Chai-Head-Gordon) damping: pbe-D3(0)
--------------------
  s6         1.0000
  s8         0.7220
  s9         0.0000
 rs6         1.2170
 rs8         1.0000
 alp        14.0000
--------------------

Atomic radii (in Angstrom):
-------------------------------------------
   Z          R(cov)     R(vdw)      r4/r2
-------------------------------------------
  62 Sm       2.0667     2.2258     4.6660
  12 Mg       1.6667     1.7420     2.8909
-------------------------------------------

Atomic reference systems (in atomic units):
----------------------------------------------------------------------------
   Z        #      CN    C6(AA)   #      CN    C6(AA)   #      CN    C6(AA)
----------------------------------------------------------------------------
  62 Sm     1  0.0000 3522.0508   2  2.9300  587.7891
  12 Mg     1  0.0000  683.3758   2  0.9628  451.2708   3  1.9496  175.5616
----------------------------------------------------------------------------

Dispersion properties (in atomic units):
--------------------------------------------------------
     #    Z                CN       C6(AA)       C8(AA)
--------------------------------------------------------
     1   62 Sm        15.5233     587.7891  137094.7281
     2   12 Mg        12.6108     175.5616   15718.3434
     3   12 Mg        12.6115     175.5616   15718.3434
     4   12 Mg        12.6115     175.5616   15718.3434
     5   12 Mg        12.5738     175.5616   15718.3434
     6   12 Mg        12.5738     175.5616   15718.3434
     7   12 Mg        12.6108     175.5616   15718.3434
     8   12 Mg        12.6108     175.5616   15718.3434
     9   12 Mg        12.6150     175.5616   15718.3434
    10   12 Mg        12.6150     175.5616   15718.3434
    11   12 Mg        12.6478     175.5616   15718.3434
    12   12 Mg        12.6115     175.5616   15718.3434
    13   12 Mg        12.6150     175.5616   15718.3434
    14   12 Mg        12.6150     175.5616   15718.3434
    15   12 Mg        12.6544     175.5616   15718.3434
    16   12 Mg        12.6544     175.5616   15718.3434
    17   12 Mg        12.5738     175.5616   15718.3434
    18   12 Mg        12.5738     175.5616   15718.3434
    19   12 Mg        12.6478     175.5616   15718.3434
    20   12 Mg        12.6478     175.5616   15718.3434
    21   12 Mg        12.6544     175.5616   15718.3434
    22   12 Mg        12.5738     175.5616   15718.3434
    23   12 Mg        12.5738     175.5616   15718.3434
    24   12 Mg        12.6150     175.5616   15718.3434
    25   12 Mg        12.6150     175.5616   15718.3434
    26   12 Mg        12.8916     175.5616   15718.3434
    27   12 Mg        12.8916     175.5616   15718.3434
    28   12 Mg        12.8916     175.5616   15718.3434
    29   12 Mg        12.6198     175.5616   15718.3434
    30   12 Mg        12.6209     175.5616   15718.3434
    31   12 Mg        12.6209     175.5616   15718.3434
    32   12 Mg        12.6209     175.5616   15718.3434
    33   12 Mg        12.6209     175.5616   15718.3434
    34   12 Mg        12.6209     175.5616   15718.3434
    35   12 Mg        12.6209     175.5616   15718.3434
    36   12 Mg        12.6330     175.5616   15718.3434
    37   12 Mg        12.6330     175.5616   15718.3434
    38   12 Mg        12.6330     175.5616   15718.3434
    39   12 Mg        12.6350     175.5616   15718.3434
    40   12 Mg        12.6350     175.5616   15718.3434
    41   12 Mg        12.6350     175.5616   15718.3434
    42   12 Mg        12.6507     175.5616   15718.3434
    43   12 Mg        12.6507     175.5616   15718.3434
    44   12 Mg        12.6507     175.5616   15718.3434
    45   12 Mg        12.6507     175.5616   15718.3434
    46   12 Mg        12.6507     175.5616   15718.3434
    47   12 Mg        12.6507     175.5616   15718.3434
    48   12 Mg        12.5613     175.5616   15718.3434
    49   12 Mg        12.5613     175.5616   15718.3434
    50   12 Mg        12.5613     175.5616   15718.3434
    51   12 Mg        12.6040     175.5616   15718.3434
    52   12 Mg        12.6040     175.5616   15718.3434
    53   12 Mg        12.6040     175.5616   15718.3434
    54   12 Mg        12.6149     175.5616   15718.3434
    55   12 Mg        12.6149     175.5616   15718.3434
    56   12 Mg        12.6149     175.5616   15718.3434
    57   12 Mg        12.6263     175.5616   15718.3434
    58   12 Mg        12.6263     175.5616   15718.3434
    59   12 Mg        12.6263     175.5616   15718.3434
    60   12 Mg        12.6263     175.5616   15718.3434
    61   12 Mg        12.6263     175.5616   15718.3434
    62   12 Mg        12.6263     175.5616   15718.3434
    63   12 Mg        12.6097     175.5616   15718.3434
    64   12 Mg        12.6097     175.5616   15718.3434
    65   12 Mg        12.6097     175.5616   15718.3434
    66   12 Mg        12.6097     175.5616   15718.3434
    67   12 Mg        12.6097     175.5616   15718.3434
    68   12 Mg        12.6097     175.5616   15718.3434
    69   12 Mg        12.6530     175.5616   15718.3434
    70   12 Mg        12.6530     175.5616   15718.3434
    71   12 Mg        12.6530     175.5616   15718.3434
    72   12 Mg        12.6472     175.5616   15718.3434
    73   12 Mg        12.6472     175.5616   15718.3434
    74   12 Mg        12.6472     175.5616   15718.3434
    75   12 Mg        12.6698     175.5616   15718.3434
    76   12 Mg        12.6194     175.5616   15718.3434
    77   12 Mg        12.6194     175.5616   15718.3434
    78   12 Mg        12.6144     175.5616   15718.3434
    79   12 Mg        12.6222     175.5616   15718.3434
    80   12 Mg        12.6222     175.5616   15718.3434
    81   12 Mg        12.6222     175.5616   15718.3434
    82   12 Mg        12.6222     175.5616   15718.3434
    83   12 Mg        12.6007     175.5616   15718.3434
    84   12 Mg        12.6222     175.5616   15718.3434
    85   12 Mg        12.6222     175.5616   15718.3434
    86   12 Mg        12.6222     175.5616   15718.3434
    87   12 Mg        12.6222     175.5616   15718.3434
    88   12 Mg        12.6283     175.5616   15718.3434
    89   12 Mg        12.6283     175.5616   15718.3434
    90   12 Mg        12.6261     175.5616   15718.3434
    91   12 Mg        12.6194     175.5616   15718.3434
    92   12 Mg        12.6222     175.5616   15718.3434
    93   12 Mg        12.6222     175.5616   15718.3434
    94   12 Mg        12.6261     175.5616   15718.3434
    95   12 Mg        12.6261     175.5616   15718.3434
    96   12 Mg        12.6144     175.5616   15718.3434
    97   12 Mg        12.6144     175.5616   15718.3434
    98   12 Mg        12.6222     175.5616   15718.3434
    99   12 Mg        12.6222     175.5616   15718.3434
   100   12 Mg        12.6283     175.5616   15718.3434
   101   12 Mg        12.6698     175.5616   15718.3434
   102   12 Mg        12.6472     175.5616   15718.3434
   103   12 Mg        12.6472     175.5616   15718.3434
   104   12 Mg        12.6472     175.5616   15718.3434
   105   12 Mg        12.6530     175.5616   15718.3434
   106   12 Mg        12.6530     175.5616   15718.3434
   107   12 Mg        12.6530     175.5616   15718.3434
   108   12 Mg        12.6097     175.5616   15718.3434
   109   12 Mg        12.6097     175.5616   15718.3434
   110   12 Mg        12.6097     175.5616   15718.3434
   111   12 Mg        12.6097     175.5616   15718.3434
   112   12 Mg        12.6097     175.5616   15718.3434
   113   12 Mg        12.6097     175.5616   15718.3434
   114   12 Mg        12.6263     175.5616   15718.3434
   115   12 Mg        12.6263     175.5616   15718.3434
   116   12 Mg        12.6263     175.5616   15718.3434
   117   12 Mg        12.6263     175.5616   15718.3434
   118   12 Mg        12.6263     175.5616   15718.3434
   119   12 Mg        12.6263     175.5616   15718.3434
   120   12 Mg        12.6149     175.5616   15718.3434
   121   12 Mg        12.6149     175.5616   15718.3434
   122   12 Mg        12.6149     175.5616   15718.3434
   123   12 Mg        12.6040     175.5616   15718.3434
   124   12 Mg        12.6040     175.5616   15718.3434
   125   12 Mg        12.6040     175.5616   15718.3434
   126   12 Mg        12.5613     175.5616   15718.3434
   127   12 Mg        12.5613     175.5616   15718.3434
   128   12 Mg        12.5613     175.5616   15718.3434
   129   12 Mg        12.6507     175.5616   15718.3434
   130   12 Mg        12.6507     175.5616   15718.3434
   131   12 Mg        12.6507     175.5616   15718.3434
   132   12 Mg        12.6507     175.5616   15718.3434
   133   12 Mg        12.6507     175.5616   15718.3434
   134   12 Mg        12.6507     175.5616   15718.3434
   135   12 Mg        12.6350     175.5616   15718.3434
   136   12 Mg        12.6350     175.5616   15718.3434
   137   12 Mg        12.6350     175.5616   15718.3434
   138   12 Mg        12.6330     175.5616   15718.3434
   139   12 Mg        12.6330     175.5616   15718.3434
   140   12 Mg        12.6330     175.5616   15718.3434
   141   12 Mg        12.6209     175.5616   15718.3434
   142   12 Mg        12.6209     175.5616   15718.3434
   143   12 Mg        12.6209     175.5616   15718.3434
   144   12 Mg        12.6209     175.5616   15718.3434
   145   12 Mg        12.6209     175.5616   15718.3434
   146   12 Mg        12.6209     175.5616   15718.3434
   147   12 Mg        12.6198     175.5616   15718.3434
   148   12 Mg        12.8916     175.5616   15718.3434
   149   12 Mg        12.8916     175.5616   15718.3434
   150   12 Mg        12.8916     175.5616   15718.3434
--------------------------------------------------------

Atom-resolved dispersion energies:
--------------------------------------------------
     #    Z           [Hartree]      [kcal/mol]
--------------------------------------------------
     1   62 Sm  -0.19560677E-01    -12.27450999
     2   12 Mg  -0.12910672E-01     -8.10156882
     3   12 Mg  -0.12985785E-01     -8.14870296
     4   12 Mg  -0.12985790E-01     -8.14870636
     5   12 Mg  -0.12814335E-01     -8.04111657
     6   12 Mg  -0.12814336E-01     -8.04111703
     7   12 Mg  -0.12910670E-01     -8.10156752
     8   12 Mg  -0.12910686E-01     -8.10157791
     9   12 Mg  -0.12979899E-01     -8.14500957
    10   12 Mg  -0.12979892E-01     -8.14500530
    11   12 Mg  -0.13005696E-01     -8.16119725
    12   12 Mg  -0.12985779E-01     -8.14869943
    13   12 Mg  -0.12979897E-01     -8.14500838
    14   12 Mg  -0.12979893E-01     -8.14500585
    15   12 Mg  -0.12959167E-01     -8.13200013
    16   12 Mg  -0.12959169E-01     -8.13200150
    17   12 Mg  -0.12814333E-01     -8.04111559
    18   12 Mg  -0.12814336E-01     -8.04111736
    19   12 Mg  -0.13005701E-01     -8.16120059
    20   12 Mg  -0.13005694E-01     -8.16119595
    21   12 Mg  -0.12959166E-01     -8.13199962
    22   12 Mg  -0.12814332E-01     -8.04111466
    23   12 Mg  -0.12814336E-01     -8.04111706
    24   12 Mg  -0.12979895E-01     -8.14500704
    25   12 Mg  -0.12979895E-01     -8.14500724
    26   12 Mg  -0.12693772E-01     -7.96546217
    27   12 Mg  -0.12693771E-01     -7.96546144
    28   12 Mg  -0.12693767E-01     -7.96545919
    29   12 Mg  -0.12887162E-01     -8.08681607
    30   12 Mg  -0.12930933E-01     -8.11428267
    31   12 Mg  -0.12930928E-01     -8.11427993
    32   12 Mg  -0.12930934E-01     -8.11428340
    33   12 Mg  -0.12930928E-01     -8.11427983
    34   12 Mg  -0.12930931E-01     -8.11428169
    35   12 Mg  -0.12930924E-01     -8.11427745
    36   12 Mg  -0.12946182E-01     -8.12385180
    37   12 Mg  -0.12946194E-01     -8.12385942
    38   12 Mg  -0.12946182E-01     -8.12385156
    39   12 Mg  -0.12970274E-01     -8.13897008
    40   12 Mg  -0.12970277E-01     -8.13897175
    41   12 Mg  -0.12970275E-01     -8.13897059
    42   12 Mg  -0.12980991E-01     -8.14569513
    43   12 Mg  -0.12980995E-01     -8.14569724
    44   12 Mg  -0.12980995E-01     -8.14569757
    45   12 Mg  -0.12980994E-01     -8.14569689
    46   12 Mg  -0.12980995E-01     -8.14569747
    47   12 Mg  -0.12980991E-01     -8.14569452
    48   12 Mg  -0.12817825E-01     -8.04330667
    49   12 Mg  -0.12817833E-01     -8.04331141
    50   12 Mg  -0.12817825E-01     -8.04330676
    51   12 Mg  -0.12933192E-01     -8.11570043
    52   12 Mg  -0.12933193E-01     -8.11570091
    53   12 Mg  -0.12933189E-01     -8.11569847
    54   12 Mg  -0.12891150E-01     -8.08931896
    55   12 Mg  -0.12891145E-01     -8.08931533
    56   12 Mg  -0.12891144E-01     -8.08931513
    57   12 Mg  -0.12959710E-01     -8.13234109
    58   12 Mg  -0.12959708E-01     -8.13233952
    59   12 Mg  -0.12959711E-01     -8.13234127
    60   12 Mg  -0.12959717E-01     -8.13234498
    61   12 Mg  -0.12959714E-01     -8.13234351
    62   12 Mg  -0.12959711E-01     -8.13234162
    63   12 Mg  -0.12935901E-01     -8.11740073
    64   12 Mg  -0.12935901E-01     -8.11740073
    65   12 Mg  -0.12935905E-01     -8.11740265
    66   12 Mg  -0.12935895E-01     -8.11739690
    67   12 Mg  -0.12935896E-01     -8.11739730
    68   12 Mg  -0.12935904E-01     -8.11740230
    69   12 Mg  -0.12919589E-01     -8.10716476
    70   12 Mg  -0.12919597E-01     -8.10716978
    71   12 Mg  -0.12919588E-01     -8.10716395
    72   12 Mg  -0.12927645E-01     -8.11221992
    73   12 Mg  -0.12927644E-01     -8.11221917
    74   12 Mg  -0.12927642E-01     -8.11221793
    75   12 Mg  -0.12937129E-01     -8.11817081
    76   12 Mg  -0.12914079E-01     -8.10370686
    77   12 Mg  -0.12914074E-01     -8.10370358
    78   12 Mg  -0.12951259E-01     -8.12703796
    79   12 Mg  -0.12891982E-01     -8.08984101
    80   12 Mg  -0.12891986E-01     -8.08984361
    81   12 Mg  -0.12891985E-01     -8.08984249
    82   12 Mg  -0.12891976E-01     -8.08983681
    83   12 Mg  -0.12898682E-01     -8.09404521
    84   12 Mg  -0.12926865E-01     -8.11173006
    85   12 Mg  -0.12926881E-01     -8.11174051
    86   12 Mg  -0.12891979E-01     -8.08983925
    87   12 Mg  -0.12891983E-01     -8.08984129
    88   12 Mg  -0.12918934E-01     -8.10675353
    89   12 Mg  -0.12918939E-01     -8.10675691
    90   12 Mg  -0.12937459E-01     -8.11837788
    91   12 Mg  -0.12914073E-01     -8.10370302
    92   12 Mg  -0.12926873E-01     -8.11173558
    93   12 Mg  -0.12926871E-01     -8.11173373
    94   12 Mg  -0.12937456E-01     -8.11837619
    95   12 Mg  -0.12937456E-01     -8.11837645
    96   12 Mg  -0.12951262E-01     -8.12703944
    97   12 Mg  -0.12951251E-01     -8.12703271
    98   12 Mg  -0.12926867E-01     -8.11173133
    99   12 Mg  -0.12926868E-01     -8.11173227
   100   12 Mg  -0.12918937E-01     -8.10675516
   101   12 Mg  -0.12937129E-01     -8.11817081
   102   12 Mg  -0.12927645E-01     -8.11221992
   103   12 Mg  -0.12927644E-01     -8.11221917
   104   12 Mg  -0.12927642E-01     -8.11221793
   105   12 Mg  -0.12919589E-01     -8.10716476
   106   12 Mg  -0.12919597E-01     -8.10716978
   107   12 Mg  -0.12919588E-01     -8.10716395
   108   12 Mg  -0.12935901E-01     -8.11740073
   109   12 Mg  -0.12935901E-01     -8.11740073
   110   12 Mg  -0.12935905E-01     -8.11740265
   111   12 Mg  -0.12935895E-01     -8.11739690
   112   12 Mg  -0.12935896E-01     -8.11739730
   113   12 Mg  -0.12935904E-01     -8.11740230
   114   12 Mg  -0.12959710E-01     -8.13234109
   115   12 Mg  -0.12959708E-01     -8.13233952
   116   12 Mg  -0.12959711E-01     -8.13234127
   117   12 Mg  -0.12959717E-01     -8.13234498
   118   12 Mg  -0.12959714E-01     -8.13234351
   119   12 Mg  -0.12959711E-01     -8.13234162
   120   12 Mg  -0.12891150E-01     -8.08931896
   121   12 Mg  -0.12891145E-01     -8.08931533
   122   12 Mg  -0.12891144E-01     -8.08931513
   123   12 Mg  -0.12933192E-01     -8.11570043
   124   12 Mg  -0.12933193E-01     -8.11570091
   125   12 Mg  -0.12933189E-01     -8.11569847
   126   12 Mg  -0.12817825E-01     -8.04330667
   127   12 Mg  -0.12817833E-01     -8.04331141
   128   12 Mg  -0.12817825E-01     -8.04330676
   129   12 Mg  -0.12980991E-01     -8.14569513
   130   12 Mg  -0.12980995E-01     -8.14569724
   131   12 Mg  -0.12980995E-01     -8.14569757
   132   12 Mg  -0.12980994E-01     -8.14569689
   133   12 Mg  -0.12980995E-01     -8.14569747
   134   12 Mg  -0.12980991E-01     -8.14569452
   135   12 Mg  -0.12970274E-01     -8.13897008
   136   12 Mg  -0.12970277E-01     -8.13897175
   137   12 Mg  -0.12970275E-01     -8.13897059
   138   12 Mg  -0.12946182E-01     -8.12385180
   139   12 Mg  -0.12946194E-01     -8.12385942
   140   12 Mg  -0.12946182E-01     -8.12385156
   141   12 Mg  -0.12930933E-01     -8.11428267
   142   12 Mg  -0.12930928E-01     -8.11427993
   143   12 Mg  -0.12930934E-01     -8.11428340
   144   12 Mg  -0.12930928E-01     -8.11427983
   145   12 Mg  -0.12930931E-01     -8.11428169
   146   12 Mg  -0.12930924E-01     -8.11427745
   147   12 Mg  -0.12887162E-01     -8.08681607
   148   12 Mg  -0.12693772E-01     -7.96546217
   149   12 Mg  -0.12693771E-01     -7.96546144
   150   12 Mg  -0.12693767E-01     -7.96545919
--------------------------------------------------

Dispersion energy:      -1.9448238070016E+00 Eh

[Info] Dispersion energy written to .EDISP
