-----------------------------------
 s i m p l e   D F T - D 3  v1.2.1
-----------------------------------

Zero (Chai-Head-Gordon) damping: pbe-D3(0)
--------------------
  s6         1.0000
  s8         0.7220
  s9         0.0000
 rs6         1.2170
 rs8         1.0000
 alp        14.0000
--------------------

Atomic radii (in Angstrom):
-------------------------------------------
   Z          R(cov)     R(vdw)      r4/r2
-------------------------------------------
  62 Sm       2.0667     2.2258     4.6660
  12 Mg       1.6667     1.7420     2.8909
-------------------------------------------

Atomic reference systems (in atomic units):
----------------------------------------------------------------------------
   Z        #      CN    C6(AA)   #      CN    C6(AA)   #      CN    C6(AA)
----------------------------------------------------------------------------
  62 Sm     1  0.0000 3522.0508   2  2.9300  587.7891
  12 Mg     1  0.0000  683.3758   2  0.9628  451.2708   3  1.9496  175.5616
----------------------------------------------------------------------------

Dispersion properties (in atomic units):
--------------------------------------------------------
     #    Z                CN       C6(AA)       C8(AA)
--------------------------------------------------------
     1   62 Sm         0.1834    3522.0508  821475.9286
     2   12 Mg         0.0674     673.2173   60274.3472
     3   12 Mg         0.0673     673.2233   60274.8865
     4   12 Mg         0.0673     673.2233   60274.8838
     5   12 Mg         0.0750     672.6338   60222.1022
     6   12 Mg         0.0750     672.6338   60222.1026
     7   12 Mg         0.0674     673.2173   60274.3472
     8   12 Mg         0.0674     673.2173   60274.3480
     9   12 Mg         0.0679     673.1835   60271.3194
    10   12 Mg         0.0679     673.1835   60271.3230
    11   12 Mg         0.0689     673.1034   60264.1455
    12   12 Mg         0.0673     673.2233   60274.8810
    13   12 Mg         0.0679     673.1835   60271.3179
    14   12 Mg         0.0679     673.1835   60271.3203
    15   12 Mg         0.0684     673.1447   60267.8479
    16   12 Mg         0.0684     673.1447   60267.8470
    17   12 Mg         0.0750     672.6338   60222.1038
    18   12 Mg         0.0750     672.6338   60222.1049
    19   12 Mg         0.0689     673.1034   60264.1465
    20   12 Mg         0.0689     673.1033   60264.1438
    21   12 Mg         0.0684     673.1447   60267.8460
    22   12 Mg         0.0750     672.6338   60222.1028
    23   12 Mg         0.0750     672.6338   60222.1030
    24   12 Mg         0.0679     673.1835   60271.3223
    25   12 Mg         0.0679     673.1835   60271.3202
    26   12 Mg         0.0657     673.3416   60285.4709
    27   12 Mg         0.0657     673.3416   60285.4731
    28   12 Mg         0.0657     673.3416   60285.4722
    29   12 Mg         0.0662     673.3082   60282.4871
    30   12 Mg         0.0663     673.3002   60281.7691
    31   12 Mg         0.0663     673.3002   60281.7700
    32   12 Mg         0.0663     673.3002   60281.7659
    33   12 Mg         0.0663     673.3002   60281.7710
    34   12 Mg         0.0663     673.3002   60281.7668
    35   12 Mg         0.0663     673.3002   60281.7691
    36   12 Mg         0.0678     673.1910   60271.9876
    37   12 Mg         0.0678     673.1909   60271.9866
    38   12 Mg         0.0678     673.1909   60271.9857
    39   12 Mg         0.0688     673.1104   60264.7767
    40   12 Mg         0.0688     673.1104   60264.7767
    41   12 Mg         0.0688     673.1104   60264.7767
    42   12 Mg         0.0680     673.1748   60270.5456
    43   12 Mg         0.0680     673.1748   60270.5457
    44   12 Mg         0.0680     673.1749   60270.5458
    45   12 Mg         0.0680     673.1748   60270.5450
    46   12 Mg         0.0680     673.1748   60270.5428
    47   12 Mg         0.0680     673.1748   60270.5455
    48   12 Mg         0.0758     672.5710   60216.4840
    49   12 Mg         0.0758     672.5710   60216.4860
    50   12 Mg         0.0758     672.5710   60216.4835
    51   12 Mg         0.0666     673.2793   60279.8967
    52   12 Mg         0.0666     673.2793   60279.8937
    53   12 Mg         0.0666     673.2793   60279.8956
    54   12 Mg         0.0665     673.2844   60280.3495
    55   12 Mg         0.0665     673.2844   60280.3504
    56   12 Mg         0.0665     673.2843   60280.3467
    57   12 Mg         0.0674     673.2202   60274.6086
    58   12 Mg         0.0674     673.2202   60274.6077
    59   12 Mg         0.0674     673.2202   60274.6077
    60   12 Mg         0.0674     673.2203   60274.6107
    61   12 Mg         0.0674     673.2203   60274.6108
    62   12 Mg         0.0674     673.2203   60274.6117
    63   12 Mg         0.0678     673.1918   60272.0602
    64   12 Mg         0.0678     673.1918   60272.0593
    65   12 Mg         0.0678     673.1917   60272.0573
    66   12 Mg         0.0678     673.1917   60272.0584
    67   12 Mg         0.0678     673.1918   60272.0631
    68   12 Mg         0.0678     673.1917   60272.0583
    69   12 Mg         0.0677     673.1976   60272.5840
    70   12 Mg         0.0677     673.1976   60272.5839
    71   12 Mg         0.0677     673.1976   60272.5821
    72   12 Mg         0.0679     673.1792   60270.9361
    73   12 Mg         0.0679     673.1792   60270.9360
    74   12 Mg         0.0679     673.1792   60270.9360
    75   12 Mg         0.0669     673.2526   60277.5105
    76   12 Mg         0.0670     673.2506   60277.3295
    77   12 Mg         0.0670     673.2506   60277.3294
    78   12 Mg         0.0670     673.2491   60277.1926
    79   12 Mg         0.0670     673.2467   60276.9792
    80   12 Mg         0.0670     673.2467   60276.9783
    81   12 Mg         0.0670     673.2467   60276.9746
    82   12 Mg         0.0670     673.2467   60276.9774
    83   12 Mg         0.0671     673.2376   60276.1612
    84   12 Mg         0.0675     673.2132   60273.9782
    85   12 Mg         0.0675     673.2132   60273.9820
    86   12 Mg         0.0670     673.2467   60276.9755
    87   12 Mg         0.0670     673.2467   60276.9792
    88   12 Mg         0.0674     673.2161   60274.2407
    89   12 Mg         0.0674     673.2161   60274.2370
    90   12 Mg         0.0677     673.1988   60272.6900
    91   12 Mg         0.0670     673.2507   60277.3332
    92   12 Mg         0.0675     673.2132   60273.9820
    93   12 Mg         0.0675     673.2132   60273.9831
    94   12 Mg         0.0677     673.1988   60272.6891
    95   12 Mg         0.0677     673.1988   60272.6909
    96   12 Mg         0.0670     673.2491   60277.1953
    97   12 Mg         0.0670     673.2491   60277.1926
    98   12 Mg         0.0675     673.2132   60273.9801
    99   12 Mg         0.0675     673.2132   60273.9784
   100   12 Mg         0.0674     673.2161   60274.2415
   101   12 Mg         0.0669     673.2526   60277.5105
   102   12 Mg         0.0679     673.1792   60270.9361
   103   12 Mg         0.0679     673.1792   60270.9360
   104   12 Mg         0.0679     673.1792   60270.9360
   105   12 Mg         0.0677     673.1976   60272.5840
   106   12 Mg         0.0677     673.1976   60272.5839
   107   12 Mg         0.0677     673.1976   60272.5821
   108   12 Mg         0.0678     673.1918   60272.0602
   109   12 Mg         0.0678     673.1918   60272.0593
   110   12 Mg         0.0678     673.1917   60272.0573
   111   12 Mg         0.0678     673.1917   60272.0584
   112   12 Mg         0.0678     673.1918   60272.0631
   113   12 Mg         0.0678     673.1917   60272.0583
   114   12 Mg         0.0674     673.2202   60274.6086
   115   12 Mg         0.0674     673.2202   60274.6077
   116   12 Mg         0.0674     673.2202   60274.6077
   117   12 Mg         0.0674     673.2203   60274.6107
   118   12 Mg         0.0674     673.2203   60274.6108
   119   12 Mg         0.0674     673.2203   60274.6117
   120   12 Mg         0.0665     673.2844   60280.3495
   121   12 Mg         0.0665     673.2844   60280.3504
   122   12 Mg         0.0665     673.2843   60280.3467
   123   12 Mg         0.0666     673.2793   60279.8967
   124   12 Mg         0.0666     673.2793   60279.8937
   125   12 Mg         0.0666     673.2793   60279.8956
   126   12 Mg         0.0758     672.5710   60216.4840
   127   12 Mg         0.0758     672.5710   60216.4860
   128   12 Mg         0.0758     672.5710   60216.4835
   129   12 Mg         0.0680     673.1748   60270.5456
   130   12 Mg         0.0680     673.1748   60270.5457
   131   12 Mg         0.0680     673.1749   60270.5458
   132   12 Mg         0.0680     673.1748   60270.5450
   133   12 Mg         0.0680     673.1748   60270.5428
   134   12 Mg         0.0680     673.1748   60270.5455
   135   12 Mg         0.0688     673.1104   60264.7767
   136   12 Mg         0.0688     673.1104   60264.7767
   137   12 Mg         0.0688     673.1104   60264.7767
   138   12 Mg         0.0678     673.1910   60271.9876
   139   12 Mg         0.0678     673.1909   60271.9866
   140   12 Mg         0.0678     673.1909   60271.9857
   141   12 Mg         0.0663     673.3002   60281.7691
   142   12 Mg         0.0663     673.3002   60281.7700
   143   12 Mg         0.0663     673.3002   60281.7659
   144   12 Mg         0.0663     673.3002   60281.7710
   145   12 Mg         0.0663     673.3002   60281.7668
   146   12 Mg         0.0663     673.3002   60281.7691
   147   12 Mg         0.0662     673.3082   60282.4871
   148   12 Mg         0.0657     673.3416   60285.4709
   149   12 Mg         0.0657     673.3416   60285.4731
   150   12 Mg         0.0657     673.3416   60285.4722
--------------------------------------------------------

Atom-resolved dispersion energies:
--------------------------------------------------
     #    Z           [Hartree]      [kcal/mol]
--------------------------------------------------
     1   62 Sm  -0.18818412E-01    -11.80873213
     2   12 Mg  -0.93992300E-02     -5.89810589
     3   12 Mg  -0.94089295E-02     -5.90419240
     4   12 Mg  -0.94089539E-02     -5.90420771
     5   12 Mg  -0.98442813E-02     -6.17737980
     6   12 Mg  -0.98442768E-02     -6.17737696
     7   12 Mg  -0.93992295E-02     -5.89810556
     8   12 Mg  -0.93992251E-02     -5.89810277
     9   12 Mg  -0.94269182E-02     -5.91548045
    10   12 Mg  -0.94268887E-02     -5.91546196
    11   12 Mg  -0.94969734E-02     -5.95944080
    12   12 Mg  -0.94089736E-02     -5.90422008
    13   12 Mg  -0.94269264E-02     -5.91548560
    14   12 Mg  -0.94269046E-02     -5.91547197
    15   12 Mg  -0.94625262E-02     -5.93782485
    16   12 Mg  -0.94625332E-02     -5.93782923
    17   12 Mg  -0.98442770E-02     -6.17737710
    18   12 Mg  -0.98442644E-02     -6.17736919
    19   12 Mg  -0.94969668E-02     -5.95943662
    20   12 Mg  -0.94969869E-02     -5.95944926
    21   12 Mg  -0.94625399E-02     -5.93783345
    22   12 Mg  -0.98442836E-02     -6.17738121
    23   12 Mg  -0.98442713E-02     -6.17737351
    24   12 Mg  -0.94268963E-02     -5.91546674
    25   12 Mg  -0.94269081E-02     -5.91547414
    26   12 Mg  -0.94200392E-02     -5.91116386
    27   12 Mg  -0.94200176E-02     -5.91115032
    28   12 Mg  -0.94200306E-02     -5.91115842
    29   12 Mg  -0.93412146E-02     -5.86170066
    30   12 Mg  -0.93504333E-02     -5.86748550
    31   12 Mg  -0.93504242E-02     -5.86747979
    32   12 Mg  -0.93504538E-02     -5.86749837
    33   12 Mg  -0.93504169E-02     -5.86747518
    34   12 Mg  -0.93504484E-02     -5.86749494
    35   12 Mg  -0.93504319E-02     -5.86748463
    36   12 Mg  -0.94262845E-02     -5.91508282
    37   12 Mg  -0.94262939E-02     -5.91508874
    38   12 Mg  -0.94263004E-02     -5.91509284
    39   12 Mg  -0.94802220E-02     -5.94892910
    40   12 Mg  -0.94802225E-02     -5.94892944
    41   12 Mg  -0.94802226E-02     -5.94892947
    42   12 Mg  -0.94533974E-02     -5.93209640
    43   12 Mg  -0.94534002E-02     -5.93209821
    44   12 Mg  -0.94533959E-02     -5.93209551
    45   12 Mg  -0.94534061E-02     -5.93210191
    46   12 Mg  -0.94534179E-02     -5.93210929
    47   12 Mg  -0.94533990E-02     -5.93209742
    48   12 Mg  -0.98786283E-02     -6.19893285
    49   12 Mg  -0.98786099E-02     -6.19892128
    50   12 Mg  -0.98786283E-02     -6.19893284
    51   12 Mg  -0.93579843E-02     -5.87222380
    52   12 Mg  -0.93580076E-02     -5.87223842
    53   12 Mg  -0.93579911E-02     -5.87222809
    54   12 Mg  -0.93567294E-02     -5.87143636
    55   12 Mg  -0.93567233E-02     -5.87143254
    56   12 Mg  -0.93567533E-02     -5.87145135
    57   12 Mg  -0.94080191E-02     -5.90362111
    58   12 Mg  -0.94080241E-02     -5.90362427
    59   12 Mg  -0.94080247E-02     -5.90362463
    60   12 Mg  -0.94080067E-02     -5.90361332
    61   12 Mg  -0.94080031E-02     -5.90361109
    62   12 Mg  -0.94079955E-02     -5.90360628
    63   12 Mg  -0.94171017E-02     -5.90932055
    64   12 Mg  -0.94171058E-02     -5.90932313
    65   12 Mg  -0.94171223E-02     -5.90933347
    66   12 Mg  -0.94171122E-02     -5.90932709
    67   12 Mg  -0.94170791E-02     -5.90930635
    68   12 Mg  -0.94171151E-02     -5.90932896
    69   12 Mg  -0.94275127E-02     -5.91585356
    70   12 Mg  -0.94275143E-02     -5.91585451
    71   12 Mg  -0.94275273E-02     -5.91586273
    72   12 Mg  -0.94374214E-02     -5.92207134
    73   12 Mg  -0.94374216E-02     -5.92207148
    74   12 Mg  -0.94374195E-02     -5.92207014
    75   12 Mg  -0.94156914E-02     -5.90843558
    76   12 Mg  -0.93816027E-02     -5.88704456
    77   12 Mg  -0.93816022E-02     -5.88704424
    78   12 Mg  -0.93838637E-02     -5.88846336
    79   12 Mg  -0.93832952E-02     -5.88810663
    80   12 Mg  -0.93833030E-02     -5.88811154
    81   12 Mg  -0.93833319E-02     -5.88812969
    82   12 Mg  -0.93833092E-02     -5.88811543
    83   12 Mg  -0.93822523E-02     -5.88745220
    84   12 Mg  -0.94072954E-02     -5.90316699
    85   12 Mg  -0.94072692E-02     -5.90315053
    86   12 Mg  -0.93833239E-02     -5.88812462
    87   12 Mg  -0.93832926E-02     -5.88810503
    88   12 Mg  -0.94061956E-02     -5.90247683
    89   12 Mg  -0.94062250E-02     -5.90249527
    90   12 Mg  -0.94185351E-02     -5.91022003
    91   12 Mg  -0.93815727E-02     -5.88702578
    92   12 Mg  -0.94072679E-02     -5.90314974
    93   12 Mg  -0.94072573E-02     -5.90314308
    94   12 Mg  -0.94185422E-02     -5.91022447
    95   12 Mg  -0.94185278E-02     -5.91021544
    96   12 Mg  -0.93838423E-02     -5.88844993
    97   12 Mg  -0.93838624E-02     -5.88846259
    98   12 Mg  -0.94072810E-02     -5.90315797
    99   12 Mg  -0.94072929E-02     -5.90316545
   100   12 Mg  -0.94061923E-02     -5.90247478
   101   12 Mg  -0.94156914E-02     -5.90843558
   102   12 Mg  -0.94374214E-02     -5.92207134
   103   12 Mg  -0.94374216E-02     -5.92207148
   104   12 Mg  -0.94374195E-02     -5.92207014
   105   12 Mg  -0.94275127E-02     -5.91585356
   106   12 Mg  -0.94275143E-02     -5.91585451
   107   12 Mg  -0.94275273E-02     -5.91586273
   108   12 Mg  -0.94171017E-02     -5.90932055
   109   12 Mg  -0.94171058E-02     -5.90932313
   110   12 Mg  -0.94171223E-02     -5.90933347
   111   12 Mg  -0.94171122E-02     -5.90932709
   112   12 Mg  -0.94170791E-02     -5.90930635
   113   12 Mg  -0.94171151E-02     -5.90932896
   114   12 Mg  -0.94080191E-02     -5.90362111
   115   12 Mg  -0.94080241E-02     -5.90362427
   116   12 Mg  -0.94080247E-02     -5.90362463
   117   12 Mg  -0.94080067E-02     -5.90361332
   118   12 Mg  -0.94080031E-02     -5.90361109
   119   12 Mg  -0.94079955E-02     -5.90360628
   120   12 Mg  -0.93567294E-02     -5.87143636
   121   12 Mg  -0.93567233E-02     -5.87143254
   122   12 Mg  -0.93567533E-02     -5.87145135
   123   12 Mg  -0.93579843E-02     -5.87222380
   124   12 Mg  -0.93580076E-02     -5.87223842
   125   12 Mg  -0.93579911E-02     -5.87222809
   126   12 Mg  -0.98786283E-02     -6.19893285
   127   12 Mg  -0.98786099E-02     -6.19892128
   128   12 Mg  -0.98786283E-02     -6.19893284
   129   12 Mg  -0.94533974E-02     -5.93209640
   130   12 Mg  -0.94534002E-02     -5.93209821
   131   12 Mg  -0.94533959E-02     -5.93209551
   132   12 Mg  -0.94534061E-02     -5.93210191
   133   12 Mg  -0.94534179E-02     -5.93210929
   134   12 Mg  -0.94533990E-02     -5.93209742
   135   12 Mg  -0.94802220E-02     -5.94892910
   136   12 Mg  -0.94802225E-02     -5.94892944
   137   12 Mg  -0.94802226E-02     -5.94892947
   138   12 Mg  -0.94262845E-02     -5.91508282
   139   12 Mg  -0.94262939E-02     -5.91508874
   140   12 Mg  -0.94263004E-02     -5.91509284
   141   12 Mg  -0.93504333E-02     -5.86748550
   142   12 Mg  -0.93504242E-02     -5.86747979
   143   12 Mg  -0.93504538E-02     -5.86749837
   144   12 Mg  -0.93504169E-02     -5.86747518
   145   12 Mg  -0.93504484E-02     -5.86749494
   146   12 Mg  -0.93504319E-02     -5.86748463
   147   12 Mg  -0.93412146E-02     -5.86170066
   148   12 Mg  -0.94200392E-02     -5.91116386
   149   12 Mg  -0.94200176E-02     -5.91115032
   150   12 Mg  -0.94200306E-02     -5.91115842
--------------------------------------------------

Dispersion energy:      -1.4264152055397E+00 Eh

[Info] Dispersion energy written to .EDISP
