-----------------------------------
 s i m p l e   D F T - D 3  v1.2.1
-----------------------------------

Zero (Chai-Head-Gordon) damping: pbe-D3(0)
--------------------
  s6         1.0000
  s8         0.7220
  s9         0.0000
 rs6         1.2170
 rs8         1.0000
 alp        14.0000
--------------------

Atomic radii (in Angstrom):
-------------------------------------------
   Z          R(cov)     R(vdw)      r4/r2
-------------------------------------------
  62 Sm       2.0667     2.2258     4.6660
  12 Mg       1.6667     1.7420     2.8909
-------------------------------------------

Atomic reference systems (in atomic units):
----------------------------------------------------------------------------
   Z        #      CN    C6(AA)   #      CN    C6(AA)   #      CN    C6(AA)
----------------------------------------------------------------------------
  62 Sm     1  0.0000 3522.0508   2  2.9300  587.7891
  12 Mg     1  0.0000  683.3758   2  0.9628  451.2708   3  1.9496  175.5616
----------------------------------------------------------------------------

Dispersion properties (in atomic units):
--------------------------------------------------------
     #    Z                CN       C6(AA)       C8(AA)
--------------------------------------------------------
     1   62 Sm         0.0038    3522.0508  821475.9286
     2   12 Mg         0.0020     677.1333   60624.9495
     3   12 Mg         0.0020     677.1333   60624.9484
     4   12 Mg         0.0020     677.1333   60624.9484
     5   12 Mg         0.0020     677.1288   60624.5475
     6   12 Mg         0.0020     677.1288   60624.5475
     7   12 Mg         0.0020     677.1333   60624.9495
     8   12 Mg         0.0020     677.1333   60624.9495
     9   12 Mg         0.0020     677.1328   60624.9107
    10   12 Mg         0.0020     677.1328   60624.9107
    11   12 Mg         0.0020     677.1319   60624.8292
    12   12 Mg         0.0020     677.1333   60624.9484
    13   12 Mg         0.0020     677.1328   60624.9107
    14   12 Mg         0.0020     677.1328   60624.9107
    15   12 Mg         0.0020     677.1324   60624.8717
    16   12 Mg         0.0020     677.1324   60624.8717
    17   12 Mg         0.0020     677.1288   60624.5475
    18   12 Mg         0.0020     677.1288   60624.5475
    19   12 Mg         0.0020     677.1319   60624.8293
    20   12 Mg         0.0020     677.1319   60624.8292
    21   12 Mg         0.0020     677.1324   60624.8717
    22   12 Mg         0.0020     677.1288   60624.5474
    23   12 Mg         0.0020     677.1288   60624.5475
    24   12 Mg         0.0020     677.1328   60624.9107
    25   12 Mg         0.0020     677.1328   60624.9107
    26   12 Mg         0.0019     677.1343   60625.0416
    27   12 Mg         0.0019     677.1343   60625.0416
    28   12 Mg         0.0019     677.1343   60625.0416
    29   12 Mg         0.0019     677.1342   60625.0354
    30   12 Mg         0.0019     677.1341   60625.0277
    31   12 Mg         0.0019     677.1341   60625.0277
    32   12 Mg         0.0019     677.1341   60625.0277
    33   12 Mg         0.0019     677.1341   60625.0277
    34   12 Mg         0.0019     677.1341   60625.0277
    35   12 Mg         0.0019     677.1341   60625.0277
    36   12 Mg         0.0020     677.1329   60624.9188
    37   12 Mg         0.0020     677.1329   60624.9188
    38   12 Mg         0.0020     677.1329   60624.9188
    39   12 Mg         0.0020     677.1321   60624.8412
    40   12 Mg         0.0020     677.1321   60624.8412
    41   12 Mg         0.0020     677.1321   60624.8412
    42   12 Mg         0.0020     677.1327   60624.8961
    43   12 Mg         0.0020     677.1327   60624.8961
    44   12 Mg         0.0020     677.1327   60624.8961
    45   12 Mg         0.0020     677.1327   60624.8961
    46   12 Mg         0.0020     677.1327   60624.8961
    47   12 Mg         0.0020     677.1327   60624.8961
    48   12 Mg         0.0021     677.1282   60624.4947
    49   12 Mg         0.0021     677.1282   60624.4947
    50   12 Mg         0.0021     677.1282   60624.4947
    51   12 Mg         0.0019     677.1339   60625.0089
    52   12 Mg         0.0019     677.1339   60625.0088
    53   12 Mg         0.0019     677.1339   60625.0088
    54   12 Mg         0.0019     677.1340   60625.0117
    55   12 Mg         0.0019     677.1340   60625.0117
    56   12 Mg         0.0019     677.1340   60625.0117
    57   12 Mg         0.0020     677.1332   60624.9445
    58   12 Mg         0.0020     677.1332   60624.9445
    59   12 Mg         0.0020     677.1332   60624.9445
    60   12 Mg         0.0020     677.1332   60624.9445
    61   12 Mg         0.0020     677.1332   60624.9445
    62   12 Mg         0.0020     677.1332   60624.9445
    63   12 Mg         0.0020     677.1330   60624.9234
    64   12 Mg         0.0020     677.1330   60624.9234
    65   12 Mg         0.0020     677.1330   60624.9234
    66   12 Mg         0.0020     677.1330   60624.9234
    67   12 Mg         0.0020     677.1330   60624.9235
    68   12 Mg         0.0020     677.1330   60624.9234
    69   12 Mg         0.0020     677.1330   60624.9222
    70   12 Mg         0.0020     677.1330   60624.9222
    71   12 Mg         0.0020     677.1330   60624.9222
    72   12 Mg         0.0020     677.1328   60624.9067
    73   12 Mg         0.0020     677.1328   60624.9067
    74   12 Mg         0.0020     677.1328   60624.9067
    75   12 Mg         0.0019     677.1335   60624.9674
    76   12 Mg         0.0019     677.1336   60624.9784
    77   12 Mg         0.0019     677.1336   60624.9784
    78   12 Mg         0.0019     677.1336   60624.9772
    79   12 Mg         0.0019     677.1335   60624.9746
    80   12 Mg         0.0019     677.1335   60624.9746
    81   12 Mg         0.0019     677.1335   60624.9746
    82   12 Mg         0.0019     677.1335   60624.9746
    83   12 Mg         0.0019     677.1335   60624.9688
    84   12 Mg         0.0020     677.1332   60624.9413
    85   12 Mg         0.0020     677.1332   60624.9413
    86   12 Mg         0.0019     677.1335   60624.9746
    87   12 Mg         0.0019     677.1335   60624.9746
    88   12 Mg         0.0020     677.1332   60624.9434
    89   12 Mg         0.0020     677.1332   60624.9434
    90   12 Mg         0.0020     677.1330   60624.9258
    91   12 Mg         0.0019     677.1336   60624.9784
    92   12 Mg         0.0020     677.1332   60624.9413
    93   12 Mg         0.0020     677.1332   60624.9413
    94   12 Mg         0.0020     677.1330   60624.9258
    95   12 Mg         0.0020     677.1330   60624.9258
    96   12 Mg         0.0019     677.1336   60624.9773
    97   12 Mg         0.0019     677.1336   60624.9772
    98   12 Mg         0.0020     677.1332   60624.9413
    99   12 Mg         0.0020     677.1332   60624.9413
   100   12 Mg         0.0020     677.1332   60624.9434
   101   12 Mg         0.0019     677.1335   60624.9674
   102   12 Mg         0.0020     677.1328   60624.9067
   103   12 Mg         0.0020     677.1328   60624.9067
   104   12 Mg         0.0020     677.1328   60624.9067
   105   12 Mg         0.0020     677.1330   60624.9222
   106   12 Mg         0.0020     677.1330   60624.9222
   107   12 Mg         0.0020     677.1330   60624.9222
   108   12 Mg         0.0020     677.1330   60624.9234
   109   12 Mg         0.0020     677.1330   60624.9234
   110   12 Mg         0.0020     677.1330   60624.9234
   111   12 Mg         0.0020     677.1330   60624.9234
   112   12 Mg         0.0020     677.1330   60624.9235
   113   12 Mg         0.0020     677.1330   60624.9234
   114   12 Mg         0.0020     677.1332   60624.9445
   115   12 Mg         0.0020     677.1332   60624.9445
   116   12 Mg         0.0020     677.1332   60624.9445
   117   12 Mg         0.0020     677.1332   60624.9445
   118   12 Mg         0.0020     677.1332   60624.9445
   119   12 Mg         0.0020     677.1332   60624.9445
   120   12 Mg         0.0019     677.1340   60625.0117
   121   12 Mg         0.0019     677.1340   60625.0117
   122   12 Mg         0.0019     677.1340   60625.0117
   123   12 Mg         0.0019     677.1339   60625.0089
   124   12 Mg         0.0019     677.1339   60625.0088
   125   12 Mg         0.0019     677.1339   60625.0088
   126   12 Mg         0.0021     677.1282   60624.4947
   127   12 Mg         0.0021     677.1282   60624.4947
   128   12 Mg         0.0021     677.1282   60624.4947
   129   12 Mg         0.0020     677.1327   60624.8961
   130   12 Mg         0.0020     677.1327   60624.8961
   131   12 Mg         0.0020     677.1327   60624.8961
   132   12 Mg         0.0020     677.1327   60624.8961
   133   12 Mg         0.0020     677.1327   60624.8961
   134   12 Mg         0.0020     677.1327   60624.8961
   135   12 Mg         0.0020     677.1321   60624.8412
   136   12 Mg         0.0020     677.1321   60624.8412
   137   12 Mg         0.0020     677.1321   60624.8412
   138   12 Mg         0.0020     677.1329   60624.9188
   139   12 Mg         0.0020     677.1329   60624.9188
   140   12 Mg         0.0020     677.1329   60624.9188
   141   12 Mg         0.0019     677.1341   60625.0277
   142   12 Mg         0.0019     677.1341   60625.0277
   143   12 Mg         0.0019     677.1341   60625.0277
   144   12 Mg         0.0019     677.1341   60625.0277
   145   12 Mg         0.0019     677.1341   60625.0277
   146   12 Mg         0.0019     677.1341   60625.0277
   147   12 Mg         0.0019     677.1342   60625.0354
   148   12 Mg         0.0019     677.1343   60625.0416
   149   12 Mg         0.0019     677.1343   60625.0416
   150   12 Mg         0.0019     677.1343   60625.0416
--------------------------------------------------------

Atom-resolved dispersion energies:
--------------------------------------------------
     #    Z           [Hartree]      [kcal/mol]
--------------------------------------------------
     1   62 Sm  -0.17103145E-02     -1.07323853
     2   12 Mg  -0.76278747E-03     -0.47865636
     3   12 Mg  -0.76313790E-03     -0.47887626
     4   12 Mg  -0.76314068E-03     -0.47887801
     5   12 Mg  -0.81503389E-03     -0.51144149
     6   12 Mg  -0.81503358E-03     -0.51144129
     7   12 Mg  -0.76278740E-03     -0.47865632
     8   12 Mg  -0.76278677E-03     -0.47865592
     9   12 Mg  -0.76593816E-03     -0.48063345
    10   12 Mg  -0.76593468E-03     -0.48063127
    11   12 Mg  -0.77359450E-03     -0.48543788
    12   12 Mg  -0.76314318E-03     -0.47887958
    13   12 Mg  -0.76593935E-03     -0.48063420
    14   12 Mg  -0.76593687E-03     -0.48063265
    15   12 Mg  -0.76973986E-03     -0.48301906
    16   12 Mg  -0.76974070E-03     -0.48301958
    17   12 Mg  -0.81503317E-03     -0.51144104
    18   12 Mg  -0.81503185E-03     -0.51144021
    19   12 Mg  -0.77359358E-03     -0.48543730
    20   12 Mg  -0.77359611E-03     -0.48543889
    21   12 Mg  -0.76974157E-03     -0.48302013
    22   12 Mg  -0.81503396E-03     -0.51144153
    23   12 Mg  -0.81503292E-03     -0.51144088
    24   12 Mg  -0.76593549E-03     -0.48063177
    25   12 Mg  -0.76593712E-03     -0.48063280
    26   12 Mg  -0.75802078E-03     -0.47566522
    27   12 Mg  -0.75801838E-03     -0.47566372
    28   12 Mg  -0.75801960E-03     -0.47566448
    29   12 Mg  -0.75532786E-03     -0.47397539
    30   12 Mg  -0.75627746E-03     -0.47457127
    31   12 Mg  -0.75627647E-03     -0.47457065
    32   12 Mg  -0.75628023E-03     -0.47457301
    33   12 Mg  -0.75627553E-03     -0.47457006
    34   12 Mg  -0.75627946E-03     -0.47457253
    35   12 Mg  -0.75627735E-03     -0.47457120
    36   12 Mg  -0.76557309E-03     -0.48040437
    37   12 Mg  -0.76557415E-03     -0.48040504
    38   12 Mg  -0.76557498E-03     -0.48040555
    39   12 Mg  -0.77229787E-03     -0.48462423
    40   12 Mg  -0.77229792E-03     -0.48462426
    41   12 Mg  -0.77229793E-03     -0.48462427
    42   12 Mg  -0.76785998E-03     -0.48183941
    43   12 Mg  -0.76786010E-03     -0.48183949
    44   12 Mg  -0.76785978E-03     -0.48183928
    45   12 Mg  -0.76786080E-03     -0.48183993
    46   12 Mg  -0.76786254E-03     -0.48184102
    47   12 Mg  -0.76786009E-03     -0.48183948
    48   12 Mg  -0.81950966E-03     -0.51425008
    49   12 Mg  -0.81950764E-03     -0.51424881
    50   12 Mg  -0.81950988E-03     -0.51425022
    51   12 Mg  -0.75764756E-03     -0.47543102
    52   12 Mg  -0.75765038E-03     -0.47543279
    53   12 Mg  -0.75764848E-03     -0.47543160
    54   12 Mg  -0.75732434E-03     -0.47522820
    55   12 Mg  -0.75732355E-03     -0.47522770
    56   12 Mg  -0.75732716E-03     -0.47522997
    57   12 Mg  -0.76318711E-03     -0.47890715
    58   12 Mg  -0.76318787E-03     -0.47890762
    59   12 Mg  -0.76318791E-03     -0.47890764
    60   12 Mg  -0.76318539E-03     -0.47890606
    61   12 Mg  -0.76318512E-03     -0.47890590
    62   12 Mg  -0.76318420E-03     -0.47890531
    63   12 Mg  -0.76497588E-03     -0.48002961
    64   12 Mg  -0.76497655E-03     -0.48003003
    65   12 Mg  -0.76497852E-03     -0.48003127
    66   12 Mg  -0.76497738E-03     -0.48003055
    67   12 Mg  -0.76497315E-03     -0.48002790
    68   12 Mg  -0.76497762E-03     -0.48003071
    69   12 Mg  -0.76530896E-03     -0.48023862
    70   12 Mg  -0.76530910E-03     -0.48023871
    71   12 Mg  -0.76531079E-03     -0.48023977
    72   12 Mg  -0.76671608E-03     -0.48112160
    73   12 Mg  -0.76671611E-03     -0.48112163
    74   12 Mg  -0.76671598E-03     -0.48112154
    75   12 Mg  -0.76223974E-03     -0.47831266
    76   12 Mg  -0.76028435E-03     -0.47708563
    77   12 Mg  -0.76028434E-03     -0.47708562
    78   12 Mg  -0.76051423E-03     -0.47722988
    79   12 Mg  -0.76053639E-03     -0.47724379
    80   12 Mg  -0.76053733E-03     -0.47724438
    81   12 Mg  -0.76054086E-03     -0.47724660
    82   12 Mg  -0.76053814E-03     -0.47724489
    83   12 Mg  -0.76090174E-03     -0.47747305
    84   12 Mg  -0.76345055E-03     -0.47907245
    85   12 Mg  -0.76344717E-03     -0.47907033
    86   12 Mg  -0.76053990E-03     -0.47724599
    87   12 Mg  -0.76053626E-03     -0.47724371
    88   12 Mg  -0.76323340E-03     -0.47893619
    89   12 Mg  -0.76323695E-03     -0.47893842
    90   12 Mg  -0.76479037E-03     -0.47991320
    91   12 Mg  -0.76028076E-03     -0.47708338
    92   12 Mg  -0.76344707E-03     -0.47907027
    93   12 Mg  -0.76344594E-03     -0.47906956
    94   12 Mg  -0.76479126E-03     -0.47991376
    95   12 Mg  -0.76478951E-03     -0.47991267
    96   12 Mg  -0.76051164E-03     -0.47722826
    97   12 Mg  -0.76051413E-03     -0.47722982
    98   12 Mg  -0.76344877E-03     -0.47907134
    99   12 Mg  -0.76345034E-03     -0.47907232
   100   12 Mg  -0.76323282E-03     -0.47893582
   101   12 Mg  -0.76223974E-03     -0.47831266
   102   12 Mg  -0.76671608E-03     -0.48112160
   103   12 Mg  -0.76671611E-03     -0.48112163
   104   12 Mg  -0.76671598E-03     -0.48112154
   105   12 Mg  -0.76530896E-03     -0.48023862
   106   12 Mg  -0.76530910E-03     -0.48023871
   107   12 Mg  -0.76531079E-03     -0.48023977
   108   12 Mg  -0.76497588E-03     -0.48002961
   109   12 Mg  -0.76497655E-03     -0.48003003
   110   12 Mg  -0.76497852E-03     -0.48003127
   111   12 Mg  -0.76497738E-03     -0.48003055
   112   12 Mg  -0.76497315E-03     -0.48002790
   113   12 Mg  -0.76497762E-03     -0.48003071
   114   12 Mg  -0.76318711E-03     -0.47890715
   115   12 Mg  -0.76318787E-03     -0.47890762
   116   12 Mg  -0.76318791E-03     -0.47890764
   117   12 Mg  -0.76318539E-03     -0.47890606
   118   12 Mg  -0.76318512E-03     -0.47890590
   119   12 Mg  -0.76318420E-03     -0.47890531
   120   12 Mg  -0.75732434E-03     -0.47522820
   121   12 Mg  -0.75732355E-03     -0.47522770
   122   12 Mg  -0.75732716E-03     -0.47522997
   123   12 Mg  -0.75764756E-03     -0.47543102
   124   12 Mg  -0.75765038E-03     -0.47543279
   125   12 Mg  -0.75764848E-03     -0.47543160
   126   12 Mg  -0.81950966E-03     -0.51425008
   127   12 Mg  -0.81950764E-03     -0.51424881
   128   12 Mg  -0.81950988E-03     -0.51425022
   129   12 Mg  -0.76785998E-03     -0.48183941
   130   12 Mg  -0.76786010E-03     -0.48183949
   131   12 Mg  -0.76785978E-03     -0.48183928
   132   12 Mg  -0.76786080E-03     -0.48183993
   133   12 Mg  -0.76786254E-03     -0.48184102
   134   12 Mg  -0.76786009E-03     -0.48183948
   135   12 Mg  -0.77229787E-03     -0.48462423
   136   12 Mg  -0.77229792E-03     -0.48462426
   137   12 Mg  -0.77229793E-03     -0.48462427
   138   12 Mg  -0.76557309E-03     -0.48040437
   139   12 Mg  -0.76557415E-03     -0.48040504
   140   12 Mg  -0.76557498E-03     -0.48040555
   141   12 Mg  -0.75627746E-03     -0.47457127
   142   12 Mg  -0.75627647E-03     -0.47457065
   143   12 Mg  -0.75628023E-03     -0.47457301
   144   12 Mg  -0.75627553E-03     -0.47457006
   145   12 Mg  -0.75627946E-03     -0.47457253
   146   12 Mg  -0.75627735E-03     -0.47457120
   147   12 Mg  -0.75532786E-03     -0.47397539
   148   12 Mg  -0.75802078E-03     -0.47566522
   149   12 Mg  -0.75801838E-03     -0.47566372
   150   12 Mg  -0.75801960E-03     -0.47566448
--------------------------------------------------

Dispersion energy:      -1.1609235844930E-01 Eh

[Info] Dispersion energy written to .EDISP
