-----------------------------------
 s i m p l e   D F T - D 3  v1.2.1
-----------------------------------

Zero (Chai-Head-Gordon) damping: pbe-D3(0)
--------------------
  s6         1.0000
  s8         0.7220
  s9         0.0000
 rs6         1.2170
 rs8         1.0000
 alp        14.0000
--------------------

Atomic radii (in Angstrom):
-------------------------------------------
   Z          R(cov)     R(vdw)      r4/r2
-------------------------------------------
  62 Sm       2.0667     2.2258     4.6660
  12 Mg       1.6667     1.7420     2.8909
-------------------------------------------

Atomic reference systems (in atomic units):
----------------------------------------------------------------------------
   Z        #      CN    C6(AA)   #      CN    C6(AA)   #      CN    C6(AA)
----------------------------------------------------------------------------
  62 Sm     1  0.0000 3522.0508   2  2.9300  587.7891
  12 Mg     1  0.0000  683.3758   2  0.9628  451.2708   3  1.9496  175.5616
----------------------------------------------------------------------------

Dispersion properties (in atomic units):
--------------------------------------------------------
     #    Z                CN       C6(AA)       C8(AA)
--------------------------------------------------------
     1   62 Sm         0.0063    3522.0508  821475.9286
     2   12 Mg         0.0031     677.0785   60620.0423
     3   12 Mg         0.0031     677.0785   60620.0433
     4   12 Mg         0.0031     677.0785   60620.0433
     5   12 Mg         0.0033     677.0705   60619.3322
     6   12 Mg         0.0033     677.0705   60619.3322
     7   12 Mg         0.0031     677.0785   60620.0423
     8   12 Mg         0.0031     677.0785   60620.0423
     9   12 Mg         0.0031     677.0777   60619.9778
    10   12 Mg         0.0031     677.0777   60619.9779
    11   12 Mg         0.0032     677.0768   60619.8909
    12   12 Mg         0.0031     677.0785   60620.0432
    13   12 Mg         0.0031     677.0777   60619.9778
    14   12 Mg         0.0031     677.0777   60619.9778
    15   12 Mg         0.0032     677.0770   60619.9080
    16   12 Mg         0.0032     677.0770   60619.9079
    17   12 Mg         0.0033     677.0705   60619.3322
    18   12 Mg         0.0033     677.0705   60619.3322
    19   12 Mg         0.0032     677.0768   60619.8910
    20   12 Mg         0.0032     677.0768   60619.8909
    21   12 Mg         0.0032     677.0770   60619.9079
    22   12 Mg         0.0033     677.0705   60619.3322
    23   12 Mg         0.0033     677.0705   60619.3322
    24   12 Mg         0.0031     677.0777   60619.9778
    25   12 Mg         0.0031     677.0777   60619.9778
    26   12 Mg         0.0031     677.0804   60620.2126
    27   12 Mg         0.0031     677.0804   60620.2127
    28   12 Mg         0.0031     677.0804   60620.2126
    29   12 Mg         0.0031     677.0801   60620.1912
    30   12 Mg         0.0031     677.0799   60620.1711
    31   12 Mg         0.0031     677.0799   60620.1712
    32   12 Mg         0.0031     677.0799   60620.1711
    33   12 Mg         0.0031     677.0799   60620.1712
    34   12 Mg         0.0031     677.0799   60620.1711
    35   12 Mg         0.0031     677.0799   60620.1711
    36   12 Mg         0.0031     677.0779   60619.9894
    37   12 Mg         0.0031     677.0779   60619.9894
    38   12 Mg         0.0031     677.0779   60619.9893
    39   12 Mg         0.0032     677.0764   60619.8549
    40   12 Mg         0.0032     677.0764   60619.8549
    41   12 Mg         0.0032     677.0764   60619.8549
    42   12 Mg         0.0031     677.0776   60619.9672
    43   12 Mg         0.0031     677.0776   60619.9672
    44   12 Mg         0.0031     677.0776   60619.9672
    45   12 Mg         0.0031     677.0776   60619.9672
    46   12 Mg         0.0031     677.0776   60619.9671
    47   12 Mg         0.0031     677.0776   60619.9672
    48   12 Mg         0.0033     677.0695   60619.2402
    49   12 Mg         0.0033     677.0695   60619.2402
    50   12 Mg         0.0033     677.0695   60619.2402
    51   12 Mg         0.0031     677.0796   60620.1455
    52   12 Mg         0.0031     677.0796   60620.1455
    53   12 Mg         0.0031     677.0796   60620.1455
    54   12 Mg         0.0031     677.0797   60620.1508
    55   12 Mg         0.0031     677.0797   60620.1508
    56   12 Mg         0.0031     677.0797   60620.1508
    57   12 Mg         0.0031     677.0784   60620.0363
    58   12 Mg         0.0031     677.0784   60620.0362
    59   12 Mg         0.0031     677.0784   60620.0362
    60   12 Mg         0.0031     677.0784   60620.0363
    61   12 Mg         0.0031     677.0784   60620.0363
    62   12 Mg         0.0031     677.0784   60620.0363
    63   12 Mg         0.0031     677.0779   60619.9969
    64   12 Mg         0.0031     677.0779   60619.9969
    65   12 Mg         0.0031     677.0779   60619.9969
    66   12 Mg         0.0031     677.0779   60619.9969
    67   12 Mg         0.0031     677.0779   60619.9970
    68   12 Mg         0.0031     677.0779   60619.9969
    69   12 Mg         0.0031     677.0779   60619.9961
    70   12 Mg         0.0031     677.0779   60619.9961
    71   12 Mg         0.0031     677.0779   60619.9961
    72   12 Mg         0.0031     677.0776   60619.9692
    73   12 Mg         0.0031     677.0776   60619.9692
    74   12 Mg         0.0031     677.0776   60619.9692
    75   12 Mg         0.0031     677.0789   60620.0781
    76   12 Mg         0.0031     677.0790   60620.0930
    77   12 Mg         0.0031     677.0790   60620.0930
    78   12 Mg         0.0031     677.0790   60620.0912
    79   12 Mg         0.0031     677.0789   60620.0860
    80   12 Mg         0.0031     677.0789   60620.0860
    81   12 Mg         0.0031     677.0789   60620.0859
    82   12 Mg         0.0031     677.0789   60620.0860
    83   12 Mg         0.0031     677.0788   60620.0744
    84   12 Mg         0.0031     677.0783   60620.0288
    85   12 Mg         0.0031     677.0783   60620.0289
    86   12 Mg         0.0031     677.0789   60620.0860
    87   12 Mg         0.0031     677.0789   60620.0860
    88   12 Mg         0.0031     677.0784   60620.0331
    89   12 Mg         0.0031     677.0783   60620.0330
    90   12 Mg         0.0031     677.0780   60620.0025
    91   12 Mg         0.0031     677.0790   60620.0931
    92   12 Mg         0.0031     677.0783   60620.0289
    93   12 Mg         0.0031     677.0783   60620.0289
    94   12 Mg         0.0031     677.0780   60620.0025
    95   12 Mg         0.0031     677.0780   60620.0025
    96   12 Mg         0.0031     677.0790   60620.0912
    97   12 Mg         0.0031     677.0790   60620.0912
    98   12 Mg         0.0031     677.0783   60620.0288
    99   12 Mg         0.0031     677.0783   60620.0288
   100   12 Mg         0.0031     677.0784   60620.0331
   101   12 Mg         0.0031     677.0789   60620.0781
   102   12 Mg         0.0031     677.0776   60619.9692
   103   12 Mg         0.0031     677.0776   60619.9692
   104   12 Mg         0.0031     677.0776   60619.9692
   105   12 Mg         0.0031     677.0779   60619.9961
   106   12 Mg         0.0031     677.0779   60619.9961
   107   12 Mg         0.0031     677.0779   60619.9961
   108   12 Mg         0.0031     677.0779   60619.9969
   109   12 Mg         0.0031     677.0779   60619.9969
   110   12 Mg         0.0031     677.0779   60619.9969
   111   12 Mg         0.0031     677.0779   60619.9969
   112   12 Mg         0.0031     677.0779   60619.9970
   113   12 Mg         0.0031     677.0779   60619.9969
   114   12 Mg         0.0031     677.0784   60620.0363
   115   12 Mg         0.0031     677.0784   60620.0362
   116   12 Mg         0.0031     677.0784   60620.0362
   117   12 Mg         0.0031     677.0784   60620.0363
   118   12 Mg         0.0031     677.0784   60620.0363
   119   12 Mg         0.0031     677.0784   60620.0363
   120   12 Mg         0.0031     677.0797   60620.1508
   121   12 Mg         0.0031     677.0797   60620.1508
   122   12 Mg         0.0031     677.0797   60620.1508
   123   12 Mg         0.0031     677.0796   60620.1455
   124   12 Mg         0.0031     677.0796   60620.1455
   125   12 Mg         0.0031     677.0796   60620.1455
   126   12 Mg         0.0033     677.0695   60619.2402
   127   12 Mg         0.0033     677.0695   60619.2402
   128   12 Mg         0.0033     677.0695   60619.2402
   129   12 Mg         0.0031     677.0776   60619.9672
   130   12 Mg         0.0031     677.0776   60619.9672
   131   12 Mg         0.0031     677.0776   60619.9672
   132   12 Mg         0.0031     677.0776   60619.9672
   133   12 Mg         0.0031     677.0776   60619.9671
   134   12 Mg         0.0031     677.0776   60619.9672
   135   12 Mg         0.0032     677.0764   60619.8549
   136   12 Mg         0.0032     677.0764   60619.8549
   137   12 Mg         0.0032     677.0764   60619.8549
   138   12 Mg         0.0031     677.0779   60619.9894
   139   12 Mg         0.0031     677.0779   60619.9894
   140   12 Mg         0.0031     677.0779   60619.9893
   141   12 Mg         0.0031     677.0799   60620.1711
   142   12 Mg         0.0031     677.0799   60620.1712
   143   12 Mg         0.0031     677.0799   60620.1711
   144   12 Mg         0.0031     677.0799   60620.1712
   145   12 Mg         0.0031     677.0799   60620.1711
   146   12 Mg         0.0031     677.0799   60620.1711
   147   12 Mg         0.0031     677.0801   60620.1912
   148   12 Mg         0.0031     677.0804   60620.2126
   149   12 Mg         0.0031     677.0804   60620.2127
   150   12 Mg         0.0031     677.0804   60620.2126
--------------------------------------------------------

Atom-resolved dispersion energies:
--------------------------------------------------
     #    Z           [Hartree]      [kcal/mol]
--------------------------------------------------
     1   62 Sm  -0.26327941E-02     -1.65210324
     2   12 Mg  -0.11671627E-02     -0.73240568
     3   12 Mg  -0.11676644E-02     -0.73272050
     4   12 Mg  -0.11676687E-02     -0.73272318
     5   12 Mg  -0.12482381E-02     -0.78328124
     6   12 Mg  -0.12482376E-02     -0.78328095
     7   12 Mg  -0.11671626E-02     -0.73240561
     8   12 Mg  -0.11671617E-02     -0.73240500
     9   12 Mg  -0.11719823E-02     -0.73542997
    10   12 Mg  -0.11719769E-02     -0.73542661
    11   12 Mg  -0.11836976E-02     -0.74278146
    12   12 Mg  -0.11676726E-02     -0.73272559
    13   12 Mg  -0.11719841E-02     -0.73543112
    14   12 Mg  -0.11719803E-02     -0.73542873
    15   12 Mg  -0.11777606E-02     -0.73905596
    16   12 Mg  -0.11777619E-02     -0.73905676
    17   12 Mg  -0.12482370E-02     -0.78328056
    18   12 Mg  -0.12482350E-02     -0.78327929
    19   12 Mg  -0.11836962E-02     -0.74278058
    20   12 Mg  -0.11837001E-02     -0.74278301
    21   12 Mg  -0.11777633E-02     -0.73905761
    22   12 Mg  -0.12482382E-02     -0.78328132
    23   12 Mg  -0.12482366E-02     -0.78328030
    24   12 Mg  -0.11719781E-02     -0.73542739
    25   12 Mg  -0.11719807E-02     -0.73542897
    26   12 Mg  -0.11597947E-02     -0.72778217
    27   12 Mg  -0.11597910E-02     -0.72777986
    28   12 Mg  -0.11597929E-02     -0.72778103
    29   12 Mg  -0.11555987E-02     -0.72514914
    30   12 Mg  -0.11570907E-02     -0.72608540
    31   12 Mg  -0.11570892E-02     -0.72608444
    32   12 Mg  -0.11570950E-02     -0.72608807
    33   12 Mg  -0.11570878E-02     -0.72608354
    34   12 Mg  -0.11570938E-02     -0.72608733
    35   12 Mg  -0.11570906E-02     -0.72608530
    36   12 Mg  -0.11714111E-02     -0.73507154
    37   12 Mg  -0.11714127E-02     -0.73507256
    38   12 Mg  -0.11714140E-02     -0.73507335
    39   12 Mg  -0.11817185E-02     -0.74153953
    40   12 Mg  -0.11817185E-02     -0.74153958
    41   12 Mg  -0.11817185E-02     -0.74153958
    42   12 Mg  -0.11749336E-02     -0.73728198
    43   12 Mg  -0.11749338E-02     -0.73728210
    44   12 Mg  -0.11749333E-02     -0.73728178
    45   12 Mg  -0.11749349E-02     -0.73728277
    46   12 Mg  -0.11749376E-02     -0.73728445
    47   12 Mg  -0.11749338E-02     -0.73728209
    48   12 Mg  -0.12551825E-02     -0.78763891
    49   12 Mg  -0.12551794E-02     -0.78763695
    50   12 Mg  -0.12551828E-02     -0.78763912
    51   12 Mg  -0.11592086E-02     -0.72741437
    52   12 Mg  -0.11592129E-02     -0.72741709
    53   12 Mg  -0.11592100E-02     -0.72741526
    54   12 Mg  -0.11587624E-02     -0.72713439
    55   12 Mg  -0.11587612E-02     -0.72713363
    56   12 Mg  -0.11587667E-02     -0.72713710
    57   12 Mg  -0.11677109E-02     -0.73274967
    58   12 Mg  -0.11677121E-02     -0.73275040
    59   12 Mg  -0.11677121E-02     -0.73275044
    60   12 Mg  -0.11677083E-02     -0.73274800
    61   12 Mg  -0.11677079E-02     -0.73274775
    62   12 Mg  -0.11677064E-02     -0.73274686
    63   12 Mg  -0.11705042E-02     -0.73450247
    64   12 Mg  -0.11705052E-02     -0.73450313
    65   12 Mg  -0.11705083E-02     -0.73450502
    66   12 Mg  -0.11705065E-02     -0.73450392
    67   12 Mg  -0.11705000E-02     -0.73449984
    68   12 Mg  -0.11705069E-02     -0.73450416
    69   12 Mg  -0.11709860E-02     -0.73480479
    70   12 Mg  -0.11709862E-02     -0.73480493
    71   12 Mg  -0.11709888E-02     -0.73480656
    72   12 Mg  -0.11731528E-02     -0.73616447
    73   12 Mg  -0.11731528E-02     -0.73616450
    74   12 Mg  -0.11731526E-02     -0.73616438
    75   12 Mg  -0.11662235E-02     -0.73181632
    76   12 Mg  -0.11632800E-02     -0.72996920
    77   12 Mg  -0.11632799E-02     -0.72996918
    78   12 Mg  -0.11636573E-02     -0.73020596
    79   12 Mg  -0.11636810E-02     -0.73022084
    80   12 Mg  -0.11636824E-02     -0.73022174
    81   12 Mg  -0.11636879E-02     -0.73022515
    82   12 Mg  -0.11636837E-02     -0.73022253
    83   12 Mg  -0.11641809E-02     -0.73053455
    84   12 Mg  -0.11681843E-02     -0.73304673
    85   12 Mg  -0.11681791E-02     -0.73304347
    86   12 Mg  -0.11636864E-02     -0.73022422
    87   12 Mg  -0.11636808E-02     -0.73022072
    88   12 Mg  -0.11678050E-02     -0.73280868
    89   12 Mg  -0.11678104E-02     -0.73281210
    90   12 Mg  -0.11702254E-02     -0.73432755
    91   12 Mg  -0.11632744E-02     -0.72996573
    92   12 Mg  -0.11681790E-02     -0.73304338
    93   12 Mg  -0.11681772E-02     -0.73304229
    94   12 Mg  -0.11702268E-02     -0.73432842
    95   12 Mg  -0.11702241E-02     -0.73432673
    96   12 Mg  -0.11636533E-02     -0.73020347
    97   12 Mg  -0.11636571E-02     -0.73020587
    98   12 Mg  -0.11681816E-02     -0.73304502
    99   12 Mg  -0.11681840E-02     -0.73304653
   100   12 Mg  -0.11678041E-02     -0.73280811
   101   12 Mg  -0.11662235E-02     -0.73181632
   102   12 Mg  -0.11731528E-02     -0.73616447
   103   12 Mg  -0.11731528E-02     -0.73616450
   104   12 Mg  -0.11731526E-02     -0.73616438
   105   12 Mg  -0.11709860E-02     -0.73480479
   106   12 Mg  -0.11709862E-02     -0.73480493
   107   12 Mg  -0.11709888E-02     -0.73480656
   108   12 Mg  -0.11705042E-02     -0.73450247
   109   12 Mg  -0.11705052E-02     -0.73450313
   110   12 Mg  -0.11705083E-02     -0.73450502
   111   12 Mg  -0.11705065E-02     -0.73450392
   112   12 Mg  -0.11705000E-02     -0.73449984
   113   12 Mg  -0.11705069E-02     -0.73450416
   114   12 Mg  -0.11677109E-02     -0.73274967
   115   12 Mg  -0.11677121E-02     -0.73275040
   116   12 Mg  -0.11677121E-02     -0.73275044
   117   12 Mg  -0.11677083E-02     -0.73274800
   118   12 Mg  -0.11677079E-02     -0.73274775
   119   12 Mg  -0.11677064E-02     -0.73274686
   120   12 Mg  -0.11587624E-02     -0.72713439
   121   12 Mg  -0.11587612E-02     -0.72713363
   122   12 Mg  -0.11587667E-02     -0.72713710
   123   12 Mg  -0.11592086E-02     -0.72741437
   124   12 Mg  -0.11592129E-02     -0.72741709
   125   12 Mg  -0.11592100E-02     -0.72741526
   126   12 Mg  -0.12551825E-02     -0.78763891
   127   12 Mg  -0.12551794E-02     -0.78763695
   128   12 Mg  -0.12551828E-02     -0.78763912
   129   12 Mg  -0.11749336E-02     -0.73728198
   130   12 Mg  -0.11749338E-02     -0.73728210
   131   12 Mg  -0.11749333E-02     -0.73728178
   132   12 Mg  -0.11749349E-02     -0.73728277
   133   12 Mg  -0.11749376E-02     -0.73728445
   134   12 Mg  -0.11749338E-02     -0.73728209
   135   12 Mg  -0.11817185E-02     -0.74153953
   136   12 Mg  -0.11817185E-02     -0.74153958
   137   12 Mg  -0.11817185E-02     -0.74153958
   138   12 Mg  -0.11714111E-02     -0.73507154
   139   12 Mg  -0.11714127E-02     -0.73507256
   140   12 Mg  -0.11714140E-02     -0.73507335
   141   12 Mg  -0.11570907E-02     -0.72608540
   142   12 Mg  -0.11570892E-02     -0.72608444
   143   12 Mg  -0.11570950E-02     -0.72608807
   144   12 Mg  -0.11570878E-02     -0.72608354
   145   12 Mg  -0.11570938E-02     -0.72608733
   146   12 Mg  -0.11570906E-02     -0.72608530
   147   12 Mg  -0.11555987E-02     -0.72514914
   148   12 Mg  -0.11597947E-02     -0.72778217
   149   12 Mg  -0.11597910E-02     -0.72777986
   150   12 Mg  -0.11597929E-02     -0.72778103
--------------------------------------------------

Dispersion energy:      -1.7766108309249E-01 Eh

[Info] Dispersion energy written to .EDISP
