-----------------------------------
 s i m p l e   D F T - D 3  v1.2.1
-----------------------------------

Zero (Chai-Head-Gordon) damping: pbe-D3(0)
--------------------
  s6         1.0000
  s8         0.7220
  s9         0.0000
 rs6         1.2170
 rs8         1.0000
 alp        14.0000
--------------------

Atomic radii (in Angstrom):
-------------------------------------------
   Z          R(cov)     R(vdw)      r4/r2
-------------------------------------------
   3 Li       1.6000     1.7478     2.6564
  14 Si       1.3867     1.8959     2.5839
-------------------------------------------

Atomic reference systems (in atomic units):
----------------------------------------------------------------------------
   Z        #      CN    C6(AA)   #      CN    C6(AA)   #      CN    C6(AA)
----------------------------------------------------------------------------
   3 Li     1  0.0000 1163.4454   2  0.9865   85.3197
  14 Si     1  0.0000  317.8574   2  0.9507  270.2650   3  1.9435  233.1254
            4  2.9407  221.5046   5  3.8677  149.7734
----------------------------------------------------------------------------

Dispersion properties (in atomic units):
--------------------------------------------------------
     #    Z                CN       C6(AA)       C8(AA)
--------------------------------------------------------
     1    3 Li         0.3140     845.0866   63886.2306
     2    3 Li         0.1223    1075.6731   81317.9420
     3    3 Li         0.1223    1075.6749   81318.0808
     4    3 Li         0.1223    1075.6731   81317.9420
     5    3 Li         0.1223    1075.6731   81317.9420
     6    3 Li         0.0875    1095.6300   82826.6281
     7    3 Li         0.0875    1095.6294   82826.5814
     8    3 Li         0.0875    1095.6294   82826.5814
     9    3 Li         0.0875    1095.6300   82826.6281
    10    3 Li         0.0875    1095.6300   82826.6281
    11    3 Li         0.0875    1095.6294   82826.5814
    12    3 Li         0.0909    1093.8715   82693.6884
    13    3 Li         0.0909    1093.8763   82694.0544
    14    3 Li         0.0909    1093.8763   82694.0544
    15    3 Li         0.0909    1093.8715   82693.6884
    16    3 Li         0.0909    1093.8715   82693.6884
    17    3 Li         0.0909    1093.8763   82694.0544
    18    3 Li         0.0834    1097.6690   82980.7689
    19    3 Li         0.0834    1097.6693   82980.7974
    20    3 Li         0.0834    1097.6692   82980.7886
    21    3 Li         0.0834    1097.6693   82980.7974
    22    3 Li         0.0834    1097.6692   82980.7886
    23    3 Li         0.0834    1097.6693   82980.7974
    24    3 Li         0.0834    1097.6693   82980.7974
    25    3 Li         0.0834    1097.6690   82980.7689
    26    3 Li         0.0834    1097.6690   82980.7689
    27    3 Li         0.0834    1097.6693   82980.7974
    28    3 Li         0.0834    1097.6693   82980.7974
    29    3 Li         0.0834    1097.6692   82980.7886
    30    3 Li         0.1142    1080.7574   81702.3040
    31    3 Li         0.1142    1080.7566   81702.2425
    32    3 Li         0.1142    1080.7574   81702.3040
    33    3 Li         0.1142    1080.7563   81702.2195
    34    3 Li         0.1142    1080.7574   81702.3040
    35    3 Li         0.1142    1080.7563   81702.2195
    36    3 Li         0.1142    1080.7566   81702.2425
    37    3 Li         0.1142    1080.7574   81702.3040
    38    3 Li         0.1142    1080.7574   81702.3040
    39    3 Li         0.1142    1080.7566   81702.2425
    40    3 Li         0.1142    1080.7563   81702.2195
    41    3 Li         0.1142    1080.7574   81702.3040
    42    3 Li         0.1008    1088.5264   82289.6188
    43    3 Li         0.1008    1088.5264   82289.6138
    44    3 Li         0.1008    1088.5264   82289.6138
    45    3 Li         0.1008    1088.5264   82289.6159
    46    3 Li         0.1008    1088.5264   82289.6138
    47    3 Li         0.1008    1088.5264   82289.6159
    48    3 Li         0.1008    1088.5264   82289.6138
    49    3 Li         0.1008    1088.5264   82289.6188
    50    3 Li         0.1008    1088.5264   82289.6188
    51    3 Li         0.1008    1088.5264   82289.6138
    52    3 Li         0.1008    1088.5264   82289.6159
    53    3 Li         0.1008    1088.5264   82289.6138
    54    3 Li         0.0979    1090.1662   82413.5836
    55    3 Li         0.0979    1090.1601   82413.1181
    56    3 Li         0.0979    1090.1601   82413.1181
    57    3 Li         0.0979    1090.1601   82413.1173
    58    3 Li         0.0979    1090.1601   82413.1181
    59    3 Li         0.0979    1090.1601   82413.1173
    60    3 Li         0.0979    1090.1601   82413.1181
    61    3 Li         0.0979    1090.1662   82413.5836
    62    3 Li         0.0979    1090.1662   82413.5836
    63    3 Li         0.0979    1090.1601   82413.1181
    64    3 Li         0.0979    1090.1601   82413.1173
    65    3 Li         0.0979    1090.1601   82413.1181
    66    3 Li         0.1760    1034.1227   78176.8425
    67    3 Li         0.2232     984.1025   74395.4531
    68    3 Li         0.1622    1046.1967   79089.6048
    69    3 Li         0.1571    1050.4181   79408.7306
    70    3 Li         0.1571    1050.4150   79408.5003
    71    3 Li         0.1571    1050.4181   79408.7306
    72    3 Li         0.1571    1050.4181   79408.7306
    73    3 Li         0.0952    1091.6167   82523.2346
    74    3 Li         0.0952    1091.6167   82523.2379
    75    3 Li         0.0952    1091.6167   82523.2346
    76    3 Li         0.0952    1091.6167   82523.2346
    77    3 Li         0.1397    1063.7650   80417.7187
    78    3 Li         0.1397    1063.7650   80417.7221
    79    3 Li         0.1397    1063.7650   80417.7187
    80    3 Li         0.1397    1063.7650   80417.7187
    81    3 Li         0.0984    1089.8942   82393.0217
    82    3 Li         0.0984    1089.8936   82392.9725
    83    3 Li         0.0984    1089.8942   82393.0217
    84    3 Li         0.0984    1089.8942   82393.0217
    85    3 Li         0.1263    1073.0541   81119.9506
    86    3 Li         0.1263    1073.0487   81119.5458
    87    3 Li         0.1263    1073.0541   81119.9506
    88    3 Li         0.1263    1073.0541   81119.9506
    89   14 Si         0.0498     315.9807   22601.0426
    90   14 Si         0.0498     315.9807   22601.0426
    91   14 Si         0.0498     315.9807   22601.0426
    92   14 Si         0.0498     315.9807   22601.0426
    93   14 Si         0.0589     315.8515   22591.7965
    94   14 Si         0.0589     315.8514   22591.7946
    95   14 Si         0.0589     315.8515   22591.7965
    96   14 Si         0.0589     315.8515   22591.7965
    97   14 Si         0.0526     315.9422   22598.2879
    98   14 Si         0.0526     315.9422   22598.2880
    99   14 Si         0.0526     315.9422   22598.2880
   100   14 Si         0.0526     315.9422   22598.2879
   101   14 Si         0.0526     315.9422   22598.2879
   102   14 Si         0.0526     315.9422   22598.2880
   103   14 Si         0.0504     315.9724   22600.4489
   104   14 Si         0.0504     315.9724   22600.4489
   105   14 Si         0.0504     315.9724   22600.4489
   106   14 Si         0.0504     315.9724   22600.4489
   107   14 Si         0.0504     315.9724   22600.4489
   108   14 Si         0.0504     315.9724   22600.4489
--------------------------------------------------------

Atom-resolved dispersion energies:
--------------------------------------------------
     #    Z           [Hartree]      [kcal/mol]
--------------------------------------------------
     1    3 Li  -0.14018192E-01     -8.79654803
     2    3 Li  -0.16727551E-01    -10.49669691
     3    3 Li  -0.16727322E-01    -10.49655275
     4    3 Li  -0.16727551E-01    -10.49669691
     5    3 Li  -0.16727551E-01    -10.49669691
     6    3 Li  -0.16488340E-01    -10.34658973
     7    3 Li  -0.16488379E-01    -10.34661414
     8    3 Li  -0.16488379E-01    -10.34661414
     9    3 Li  -0.16488340E-01    -10.34658973
    10    3 Li  -0.16488340E-01    -10.34658973
    11    3 Li  -0.16488379E-01    -10.34661414
    12    3 Li  -0.16675027E-01    -10.46373738
    13    3 Li  -0.16674914E-01    -10.46366654
    14    3 Li  -0.16674914E-01    -10.46366654
    15    3 Li  -0.16675027E-01    -10.46373738
    16    3 Li  -0.16675027E-01    -10.46373738
    17    3 Li  -0.16674914E-01    -10.46366654
    18    3 Li  -0.16325903E-01    -10.24465884
    19    3 Li  -0.16325908E-01    -10.24466181
    20    3 Li  -0.16325899E-01    -10.24465647
    21    3 Li  -0.16325908E-01    -10.24466181
    22    3 Li  -0.16325899E-01    -10.24465647
    23    3 Li  -0.16325908E-01    -10.24466181
    24    3 Li  -0.16325908E-01    -10.24466181
    25    3 Li  -0.16325903E-01    -10.24465884
    26    3 Li  -0.16325903E-01    -10.24465884
    27    3 Li  -0.16325908E-01    -10.24466181
    28    3 Li  -0.16325908E-01    -10.24466181
    29    3 Li  -0.16325899E-01    -10.24465647
    30    3 Li  -0.16629941E-01    -10.43544528
    31    3 Li  -0.16630025E-01    -10.43549821
    32    3 Li  -0.16629941E-01    -10.43544528
    33    3 Li  -0.16630051E-01    -10.43551477
    34    3 Li  -0.16629941E-01    -10.43544528
    35    3 Li  -0.16630051E-01    -10.43551477
    36    3 Li  -0.16630025E-01    -10.43549821
    37    3 Li  -0.16629941E-01    -10.43544528
    38    3 Li  -0.16629941E-01    -10.43544528
    39    3 Li  -0.16630025E-01    -10.43549821
    40    3 Li  -0.16630051E-01    -10.43551477
    41    3 Li  -0.16629941E-01    -10.43544528
    42    3 Li  -0.16552584E-01    -10.38690356
    43    3 Li  -0.16552605E-01    -10.38691672
    44    3 Li  -0.16552605E-01    -10.38691672
    45    3 Li  -0.16552596E-01    -10.38691078
    46    3 Li  -0.16552605E-01    -10.38691672
    47    3 Li  -0.16552596E-01    -10.38691078
    48    3 Li  -0.16552605E-01    -10.38691672
    49    3 Li  -0.16552584E-01    -10.38690356
    50    3 Li  -0.16552584E-01    -10.38690356
    51    3 Li  -0.16552605E-01    -10.38691672
    52    3 Li  -0.16552596E-01    -10.38691078
    53    3 Li  -0.16552605E-01    -10.38691672
    54    3 Li  -0.16532664E-01    -10.37440337
    55    3 Li  -0.16532688E-01    -10.37441818
    56    3 Li  -0.16532688E-01    -10.37441818
    57    3 Li  -0.16532720E-01    -10.37443838
    58    3 Li  -0.16532688E-01    -10.37441818
    59    3 Li  -0.16532720E-01    -10.37443838
    60    3 Li  -0.16532688E-01    -10.37441818
    61    3 Li  -0.16532664E-01    -10.37440337
    62    3 Li  -0.16532664E-01    -10.37440337
    63    3 Li  -0.16532688E-01    -10.37441818
    64    3 Li  -0.16532720E-01    -10.37443838
    65    3 Li  -0.16532688E-01    -10.37441818
    66    3 Li  -0.17294665E-01    -10.85256638
    67    3 Li  -0.17280351E-01    -10.84358380
    68    3 Li  -0.16670631E-01    -10.46097875
    69    3 Li  -0.16339644E-01    -10.25328127
    70    3 Li  -0.16339566E-01    -10.25323263
    71    3 Li  -0.16339644E-01    -10.25328127
    72    3 Li  -0.16339644E-01    -10.25328127
    73    3 Li  -0.16856672E-01    -10.57772158
    74    3 Li  -0.16856659E-01    -10.57771303
    75    3 Li  -0.16856672E-01    -10.57772158
    76    3 Li  -0.16856672E-01    -10.57772158
    77    3 Li  -0.16540512E-01    -10.37932804
    78    3 Li  -0.16540501E-01    -10.37932132
    79    3 Li  -0.16540512E-01    -10.37932804
    80    3 Li  -0.16540512E-01    -10.37932804
    81    3 Li  -0.16456589E-01    -10.32666541
    82    3 Li  -0.16456567E-01    -10.32665178
    83    3 Li  -0.16456589E-01    -10.32666541
    84    3 Li  -0.16456589E-01    -10.32666541
    85    3 Li  -0.16650891E-01    -10.44859182
    86    3 Li  -0.16650982E-01    -10.44864884
    87    3 Li  -0.16650891E-01    -10.44859182
    88    3 Li  -0.16650891E-01    -10.44859182
    89   14 Si  -0.64485927E-02     -4.04655304
    90   14 Si  -0.64485879E-02     -4.04655001
    91   14 Si  -0.64485927E-02     -4.04655304
    92   14 Si  -0.64485927E-02     -4.04655304
    93   14 Si  -0.67177899E-02     -4.21547678
    94   14 Si  -0.67177905E-02     -4.21547721
    95   14 Si  -0.67177899E-02     -4.21547678
    96   14 Si  -0.67177899E-02     -4.21547678
    97   14 Si  -0.65664053E-02     -4.12048153
    98   14 Si  -0.65664080E-02     -4.12048326
    99   14 Si  -0.65664080E-02     -4.12048326
   100   14 Si  -0.65664053E-02     -4.12048153
   101   14 Si  -0.65664053E-02     -4.12048153
   102   14 Si  -0.65664080E-02     -4.12048326
   103   14 Si  -0.65152856E-02     -4.08840345
   104   14 Si  -0.65152935E-02     -4.08840841
   105   14 Si  -0.65152935E-02     -4.08840841
   106   14 Si  -0.65152856E-02     -4.08840345
   107   14 Si  -0.65152856E-02     -4.08840345
   108   14 Si  -0.65152935E-02     -4.08840841
--------------------------------------------------

Dispersion energy:      -1.5861808763768E+00 Eh

[Info] Dispersion energy written to .EDISP
