-----------------------------------
 s i m p l e   D F T - D 3  v1.2.1
-----------------------------------

Zero (Chai-Head-Gordon) damping: pbe-D3(0)
--------------------
  s6         1.0000
  s8         0.7220
  s9         0.0000
 rs6         1.2170
 rs8         1.0000
 alp        14.0000
--------------------

Atomic radii (in Angstrom):
-------------------------------------------
   Z          R(cov)     R(vdw)      r4/r2
-------------------------------------------
  12 Mg       1.6667     1.7420     2.8909
  81 Tl       1.7333     2.1564     4.1264
-------------------------------------------

Atomic reference systems (in atomic units):
----------------------------------------------------------------------------
   Z        #      CN    C6(AA)   #      CN    C6(AA)   #      CN    C6(AA)
----------------------------------------------------------------------------
  12 Mg     1  0.0000  683.3758   2  0.9628  451.2708   3  1.9496  175.5616
  81 Tl     1  0.0000  792.2378   2  0.9267  778.6188   3  1.9302  487.7418
            4  2.9420  389.6069
----------------------------------------------------------------------------

Dispersion properties (in atomic units):
--------------------------------------------------------
     #    Z                CN       C6(AA)       C8(AA)
--------------------------------------------------------
     1   12 Mg         0.1012     670.3632   60018.8097
     2   12 Mg         0.1012     670.3633   60018.8251
     3   12 Mg         0.1018     670.3117   60014.2016
     4   12 Mg         0.1018     670.3116   60014.1970
     5   12 Mg         0.1014     670.3475   60017.4045
     6   12 Mg         0.1012     670.3633   60018.8193
     7   12 Mg         0.1012     670.3632   60018.8175
     8   12 Mg         0.1010     670.3873   60020.9690
     9   12 Mg         0.1014     670.3475   60017.4109
    10   12 Mg         0.1014     670.3473   60017.3929
    11   12 Mg         0.1019     670.2967   60012.8611
    12   12 Mg         0.1019     670.2965   60012.8427
    13   12 Mg         0.1019     670.2967   60012.8609
    14   12 Mg         0.1019     670.2966   60012.8545
    15   12 Mg         0.1018     670.3116   60014.1928
    16   12 Mg         0.1008     670.4032   60022.3978
    17   12 Mg         0.1008     670.4032   60022.3979
    18   12 Mg         0.1012     670.3633   60018.8233
    19   12 Mg         0.1012     670.3632   60018.8166
    20   12 Mg         0.1008     670.4035   60022.4235
    21   12 Mg         0.1010     670.3872   60020.9587
    22   12 Mg         0.1010     670.3876   60020.9977
    23   12 Mg         0.1019     670.2968   60012.8687
    24   12 Mg         0.1019     670.2968   60012.8649
    25   12 Mg         0.1013     670.3590   60018.4370
    26   12 Mg         0.1013     670.3590   60018.4342
    27   12 Mg         0.1013     670.3589   60018.4261
    28   12 Mg         0.1013     670.3590   60018.4376
    29   12 Mg         0.1013     670.3590   60018.4375
    30   12 Mg         0.1013     670.3590   60018.4394
    31   12 Mg         0.1013     670.3575   60018.3065
    32   12 Mg         0.1013     670.3575   60018.3035
    33   12 Mg         0.1013     670.3575   60018.3044
    34   12 Mg         0.1013     670.3575   60018.3041
    35   12 Mg         0.1013     670.3575   60018.3036
    36   12 Mg         0.1013     670.3574   60018.2968
    37   12 Mg         0.1013     670.3540   60017.9933
    38   12 Mg         0.1008     670.4020   60022.2901
    39   12 Mg         0.1008     670.4021   60022.2956
    40   12 Mg         0.1008     670.4022   60022.3058
    41   12 Mg         0.1012     670.3656   60019.0278
    42   12 Mg         0.1012     670.3657   60019.0374
    43   12 Mg         0.1012     670.3658   60019.0491
    44   12 Mg         0.1010     670.3826   60020.5545
    45   12 Mg         0.1010     670.3827   60020.5561
    46   12 Mg         0.1010     670.3826   60020.5502
    47   12 Mg         0.1010     670.3810   60020.4106
    48   12 Mg         0.1010     670.3811   60020.4125
    49   12 Mg         0.1010     670.3810   60020.4085
    50   12 Mg         0.1008     670.4011   60022.2066
    51   12 Mg         0.1008     670.4012   60022.2180
    52   12 Mg         0.1008     670.4009   60022.1935
    53   12 Mg         0.1013     670.3596   60018.4927
    54   12 Mg         0.1013     670.3597   60018.5009
    55   12 Mg         0.1013     670.3596   60018.4957
    56   12 Mg         0.1009     670.3900   60021.2109
    57   12 Mg         0.1009     670.3899   60021.2021
    58   12 Mg         0.1009     670.3898   60021.1965
    59   12 Mg         0.1009     670.3900   60021.2114
    60   12 Mg         0.1009     670.3900   60021.2143
    61   12 Mg         0.1009     670.3899   60021.2030
    62   12 Mg         0.1013     670.3594   60018.4755
    63   12 Mg         0.1013     670.3594   60018.4697
    64   12 Mg         0.1013     670.3593   60018.4674
    65   12 Mg         0.1021     670.2791   60011.2823
    66   12 Mg         0.1009     670.3909   60021.2960
    67   12 Mg         0.1009     670.3910   60021.3000
    68   12 Mg         0.1009     670.3910   60021.3038
    69   12 Mg         0.1017     670.3176   60014.7294
    70   12 Mg         0.1017     670.3177   60014.7377
    71   12 Mg         0.1017     670.3176   60014.7289
    72   12 Mg         0.1017     670.3175   60014.7242
    73   12 Mg         0.1017     670.3176   60014.7330
    74   12 Mg         0.1017     670.3175   60014.7220
    75   12 Mg         0.1018     670.3100   60014.0489
    76   12 Mg         0.1011     670.3761   60019.9675
    77   12 Mg         0.1011     670.3760   60019.9625
    78   12 Mg         0.1017     670.3193   60014.8856
    79   12 Mg         0.1017     670.3194   60014.8883
    80   12 Mg         0.1011     670.3740   60019.7762
    81   12 Mg         0.1013     670.3597   60018.5002
    82   12 Mg         0.1013     670.3597   60018.5015
    83   12 Mg         0.1011     670.3761   60019.9680
    84   12 Mg         0.1011     670.3759   60019.9512
    85   12 Mg         0.1011     670.3759   60019.9532
    86   12 Mg         0.1011     670.3760   60019.9622
    87   12 Mg         0.1011     670.3797   60020.2866
    88   12 Mg         0.1011     670.3797   60020.2908
    89   12 Mg         0.1007     670.4090   60022.9158
    90   12 Mg         0.1017     670.3191   60014.8677
    91   12 Mg         0.1013     670.3597   60018.4981
    92   12 Mg         0.1013     670.3597   60018.5009
    93   12 Mg         0.1007     670.4089   60022.9087
    94   12 Mg         0.1007     670.4089   60022.9042
    95   12 Mg         0.1013     670.3597   60018.5011
    96   12 Mg         0.1013     670.3596   60018.4954
    97   12 Mg         0.1018     670.3098   60014.0367
    98   12 Mg         0.1018     670.3102   60014.0643
    99   12 Mg         0.1011     670.3796   60020.2859
   100   12 Mg         0.1017     670.3176   60014.7295
   101   12 Mg         0.1017     670.3177   60014.7377
   102   12 Mg         0.1017     670.3176   60014.7289
   103   12 Mg         0.1017     670.3175   60014.7242
   104   12 Mg         0.1017     670.3176   60014.7330
   105   12 Mg         0.1017     670.3175   60014.7220
   106   12 Mg         0.1009     670.3909   60021.2927
   107   12 Mg         0.1009     670.3909   60021.2966
   108   12 Mg         0.1009     670.3910   60021.3004
   109   12 Mg         0.1021     670.2791   60011.2823
   110   12 Mg         0.1013     670.3594   60018.4759
   111   12 Mg         0.1013     670.3594   60018.4701
   112   12 Mg         0.1013     670.3593   60018.4679
   113   12 Mg         0.1009     670.3900   60021.2108
   114   12 Mg         0.1009     670.3899   60021.2021
   115   12 Mg         0.1009     670.3898   60021.1964
   116   12 Mg         0.1009     670.3900   60021.2114
   117   12 Mg         0.1009     670.3900   60021.2142
   118   12 Mg         0.1009     670.3899   60021.2029
   119   12 Mg         0.1013     670.3597   60018.4963
   120   12 Mg         0.1013     670.3597   60018.5045
   121   12 Mg         0.1013     670.3597   60018.4993
   122   12 Mg         0.1008     670.4011   60022.2058
   123   12 Mg         0.1008     670.4012   60022.2172
   124   12 Mg         0.1008     670.4009   60022.1926
   125   12 Mg         0.1010     670.3810   60020.4106
   126   12 Mg         0.1010     670.3811   60020.4125
   127   12 Mg         0.1010     670.3810   60020.4085
   128   12 Mg         0.1010     670.3826   60020.5551
   129   12 Mg         0.1010     670.3827   60020.5567
   130   12 Mg         0.1010     670.3826   60020.5508
   131   12 Mg         0.1012     670.3637   60018.8548
   132   12 Mg         0.1012     670.3637   60018.8625
   133   12 Mg         0.1012     670.3639   60018.8742
   134   12 Mg         0.1009     670.3981   60021.9362
   135   12 Mg         0.1009     670.3981   60021.9399
   136   12 Mg         0.1009     670.3983   60021.9520
   137   12 Mg         0.1013     670.3603   60018.5554
   138   12 Mg         0.1013     670.3596   60018.4945
   139   12 Mg         0.1013     670.3596   60018.4916
   140   12 Mg         0.1013     670.3596   60018.4934
   141   12 Mg         0.1013     670.3596   60018.4913
   142   12 Mg         0.1013     670.3596   60018.4908
   143   12 Mg         0.1013     670.3595   60018.4857
   144   12 Mg         0.1013     670.3590   60018.4347
   145   12 Mg         0.1013     670.3589   60018.4319
   146   12 Mg         0.1013     670.3588   60018.4238
   147   12 Mg         0.1013     670.3590   60018.4353
   148   12 Mg         0.1013     670.3590   60018.4352
   149   12 Mg         0.1013     670.3590   60018.4371
   150   81 Tl         0.1164     791.2076  144330.0326
--------------------------------------------------------

Atom-resolved dispersion energies:
--------------------------------------------------
     #    Z           [Hartree]      [kcal/mol]
--------------------------------------------------
     1   12 Mg  -0.11274555E-01     -7.07488985
     2   12 Mg  -0.11274498E-01     -7.07485458
     3   12 Mg  -0.11155889E-01     -7.00042602
     4   12 Mg  -0.11155908E-01     -7.00043825
     5   12 Mg  -0.11141992E-01     -6.99170569
     6   12 Mg  -0.11274533E-01     -7.07487633
     7   12 Mg  -0.11274519E-01     -7.07486752
     8   12 Mg  -0.11126582E-01     -6.98203541
     9   12 Mg  -0.11141975E-01     -6.99169518
    10   12 Mg  -0.11142035E-01     -6.99173237
    11   12 Mg  -0.11157862E-01     -7.00166440
    12   12 Mg  -0.11157931E-01     -7.00170719
    13   12 Mg  -0.11157867E-01     -7.00166700
    14   12 Mg  -0.11157893E-01     -7.00168347
    15   12 Mg  -0.11155925E-01     -7.00044887
    16   12 Mg  -0.11119706E-01     -6.97772062
    17   12 Mg  -0.11119706E-01     -6.97772093
    18   12 Mg  -0.11274522E-01     -7.07486939
    19   12 Mg  -0.11274552E-01     -7.07488822
    20   12 Mg  -0.11119600E-01     -6.97765446
    21   12 Mg  -0.11126616E-01     -6.98205678
    22   12 Mg  -0.11126465E-01     -6.98196224
    23   12 Mg  -0.11157821E-01     -7.00163839
    24   12 Mg  -0.11157846E-01     -7.00165396
    25   12 Mg  -0.11136001E-01     -6.98794595
    26   12 Mg  -0.11136008E-01     -6.98795083
    27   12 Mg  -0.11136042E-01     -6.98797157
    28   12 Mg  -0.11135990E-01     -6.98793920
    29   12 Mg  -0.11135992E-01     -6.98794036
    30   12 Mg  -0.11135984E-01     -6.98793539
    31   12 Mg  -0.11139857E-01     -6.99036571
    32   12 Mg  -0.11139873E-01     -6.99037591
    33   12 Mg  -0.11139871E-01     -6.99037486
    34   12 Mg  -0.11139872E-01     -6.99037507
    35   12 Mg  -0.11139872E-01     -6.99037505
    36   12 Mg  -0.11139898E-01     -6.99039138
    37   12 Mg  -0.11139642E-01     -6.99023059
    38   12 Mg  -0.11119964E-01     -6.97788297
    39   12 Mg  -0.11119938E-01     -6.97786623
    40   12 Mg  -0.11119900E-01     -6.97784259
    41   12 Mg  -0.11133213E-01     -6.98619694
    42   12 Mg  -0.11133177E-01     -6.98617380
    43   12 Mg  -0.11133125E-01     -6.98614114
    44   12 Mg  -0.11141098E-01     -6.99114475
    45   12 Mg  -0.11141095E-01     -6.99114257
    46   12 Mg  -0.11141118E-01     -6.99115725
    47   12 Mg  -0.11271828E-01     -7.07317878
    48   12 Mg  -0.11271820E-01     -7.07317356
    49   12 Mg  -0.11271836E-01     -7.07318400
    50   12 Mg  -0.11122979E-01     -6.97977484
    51   12 Mg  -0.11122933E-01     -6.97974605
    52   12 Mg  -0.11123029E-01     -6.97980592
    53   12 Mg  -0.11135845E-01     -6.98784844
    54   12 Mg  -0.11135818E-01     -6.98783150
    55   12 Mg  -0.11135837E-01     -6.98784332
    56   12 Mg  -0.11126341E-01     -6.98188442
    57   12 Mg  -0.11126371E-01     -6.98190322
    58   12 Mg  -0.11126396E-01     -6.98191869
    59   12 Mg  -0.11126337E-01     -6.98188210
    60   12 Mg  -0.11126331E-01     -6.98187780
    61   12 Mg  -0.11126376E-01     -6.98190622
    62   12 Mg  -0.11137244E-01     -6.98872627
    63   12 Mg  -0.11137258E-01     -6.98873512
    64   12 Mg  -0.11137273E-01     -6.98874454
    65   12 Mg  -0.11168125E-01     -7.00810443
    66   12 Mg  -0.11122823E-01     -6.97967652
    67   12 Mg  -0.11122804E-01     -6.97966472
    68   12 Mg  -0.11122795E-01     -6.97965909
    69   12 Mg  -0.11152023E-01     -6.99800035
    70   12 Mg  -0.11151992E-01     -6.99798052
    71   12 Mg  -0.11152023E-01     -6.99800012
    72   12 Mg  -0.11152047E-01     -6.99801512
    73   12 Mg  -0.11152014E-01     -6.99799469
    74   12 Mg  -0.11152058E-01     -6.99802222
    75   12 Mg  -0.11158308E-01     -7.00194369
    76   12 Mg  -0.11131208E-01     -6.98493842
    77   12 Mg  -0.11131228E-01     -6.98495108
    78   12 Mg  -0.11151812E-01     -6.99786783
    79   12 Mg  -0.11151804E-01     -6.99786266
    80   12 Mg  -0.11131838E-01     -6.98533402
    81   12 Mg  -0.11136365E-01     -6.98817484
    82   12 Mg  -0.11136348E-01     -6.98816407
    83   12 Mg  -0.11131202E-01     -6.98493496
    84   12 Mg  -0.11131274E-01     -6.98497975
    85   12 Mg  -0.11131262E-01     -6.98497253
    86   12 Mg  -0.11131228E-01     -6.98495122
    87   12 Mg  -0.11126884E-01     -6.98222508
    88   12 Mg  -0.11126871E-01     -6.98221701
    89   12 Mg  -0.11117220E-01     -6.97616085
    90   12 Mg  -0.11151885E-01     -6.99791359
    91   12 Mg  -0.11136363E-01     -6.98817325
    92   12 Mg  -0.11136361E-01     -6.98817186
    93   12 Mg  -0.11117241E-01     -6.97617405
    94   12 Mg  -0.11117267E-01     -6.97619025
    95   12 Mg  -0.11136355E-01     -6.98816845
    96   12 Mg  -0.11136372E-01     -6.98817867
    97   12 Mg  -0.11158351E-01     -7.00197082
    98   12 Mg  -0.11158252E-01     -7.00190854
    99   12 Mg  -0.11126891E-01     -6.98222939
   100   12 Mg  -0.11152023E-01     -6.99800030
   101   12 Mg  -0.11151992E-01     -6.99798048
   102   12 Mg  -0.11152023E-01     -6.99800007
   103   12 Mg  -0.11152047E-01     -6.99801507
   104   12 Mg  -0.11152014E-01     -6.99799465
   105   12 Mg  -0.11152058E-01     -6.99802217
   106   12 Mg  -0.11122889E-01     -6.97971840
   107   12 Mg  -0.11122871E-01     -6.97970688
   108   12 Mg  -0.11122862E-01     -6.97970122
   109   12 Mg  -0.11168125E-01     -7.00810440
   110   12 Mg  -0.11137222E-01     -6.98871234
   111   12 Mg  -0.11137236E-01     -6.98872112
   112   12 Mg  -0.11137251E-01     -6.98873057
   113   12 Mg  -0.11126341E-01     -6.98188411
   114   12 Mg  -0.11126371E-01     -6.98190292
   115   12 Mg  -0.11126395E-01     -6.98191841
   116   12 Mg  -0.11126337E-01     -6.98188170
   117   12 Mg  -0.11126330E-01     -6.98187753
   118   12 Mg  -0.11126375E-01     -6.98190582
   119   12 Mg  -0.11135776E-01     -6.98780475
   120   12 Mg  -0.11135749E-01     -6.98778770
   121   12 Mg  -0.11135768E-01     -6.98779976
   122   12 Mg  -0.11123002E-01     -6.97978905
   123   12 Mg  -0.11122956E-01     -6.97976032
   124   12 Mg  -0.11123051E-01     -6.97982012
   125   12 Mg  -0.11271829E-01     -7.07317955
   126   12 Mg  -0.11271821E-01     -7.07317433
   127   12 Mg  -0.11271837E-01     -7.07318477
   128   12 Mg  -0.11141073E-01     -6.99112900
   129   12 Mg  -0.11141070E-01     -6.99112691
   130   12 Mg  -0.11141093E-01     -6.99114153
   131   12 Mg  -0.11133852E-01     -6.98659770
   132   12 Mg  -0.11133824E-01     -6.98657989
   133   12 Mg  -0.11133771E-01     -6.98654684
   134   12 Mg  -0.11121446E-01     -6.97881265
   135   12 Mg  -0.11121426E-01     -6.97880014
   136   12 Mg  -0.11121381E-01     -6.97877213
   137   12 Mg  -0.11137416E-01     -6.98883397
   138   12 Mg  -0.11139034E-01     -6.98984941
   139   12 Mg  -0.11139050E-01     -6.98985919
   140   12 Mg  -0.11139045E-01     -6.98985598
   141   12 Mg  -0.11139052E-01     -6.98986065
   142   12 Mg  -0.11139052E-01     -6.98986042
   143   12 Mg  -0.11139071E-01     -6.98987270
   144   12 Mg  -0.11136077E-01     -6.98799394
   145   12 Mg  -0.11136086E-01     -6.98799935
   146   12 Mg  -0.11136118E-01     -6.98801955
   147   12 Mg  -0.11136067E-01     -6.98798779
   148   12 Mg  -0.11136069E-01     -6.98798890
   149   12 Mg  -0.11136061E-01     -6.98798385
   150   81 Tl  -0.13793417E-01     -8.65550002
--------------------------------------------------

Dispersion energy:      -1.6747961762437E+00 Eh

[Info] Dispersion energy written to .EDISP
