-----------------------------------
 s i m p l e   D F T - D 3  v1.2.1
-----------------------------------

Zero (Chai-Head-Gordon) damping: pbe-D3(0)
--------------------
  s6         1.0000
  s8         0.7220
  s9         0.0000
 rs6         1.2170
 rs8         1.0000
 alp        14.0000
--------------------

Atomic radii (in Angstrom):
-------------------------------------------
   Z          R(cov)     R(vdw)      r4/r2
-------------------------------------------
   3 Li       1.6000     1.7478     2.6564
  14 Si       1.3867     1.8959     2.5839
-------------------------------------------

Atomic reference systems (in atomic units):
----------------------------------------------------------------------------
   Z        #      CN    C6(AA)   #      CN    C6(AA)   #      CN    C6(AA)
----------------------------------------------------------------------------
   3 Li     1  0.0000 1163.4454   2  0.9865   85.3197
  14 Si     1  0.0000  317.8574   2  0.9507  270.2650   3  1.9435  233.1254
            4  2.9407  221.5046   5  3.8677  149.7734
----------------------------------------------------------------------------

Dispersion properties (in atomic units):
--------------------------------------------------------
     #    Z                CN       C6(AA)       C8(AA)
--------------------------------------------------------
     1    3 Li         8.8662      85.3197    6449.9358
     2    3 Li         8.8662      85.3197    6449.9358
     3    3 Li         8.8662      85.3197    6449.9358
     4    3 Li         8.8662      85.3197    6449.9358
     5    3 Li         8.8662      85.3197    6449.9358
     6    3 Li         8.8662      85.3197    6449.9358
     7    3 Li         8.8662      85.3197    6449.9358
     8    3 Li         8.8662      85.3197    6449.9358
     9    3 Li         8.8662      85.3197    6449.9358
    10    3 Li         8.8662      85.3197    6449.9358
    11    3 Li         8.8662      85.3197    6449.9358
    12    3 Li         8.8662      85.3197    6449.9358
    13    3 Li         8.1649      85.3197    6449.9358
    14    3 Li         8.1649      85.3197    6449.9358
    15    3 Li         8.1649      85.3197    6449.9358
    16    3 Li         8.1649      85.3197    6449.9358
    17    3 Li         8.1649      85.3197    6449.9358
    18    3 Li         8.1649      85.3197    6449.9358
    19    3 Li         8.1649      85.3197    6449.9358
    20    3 Li         8.1649      85.3197    6449.9358
    21    3 Li         9.2252      85.3197    6449.9358
    22    3 Li         9.2252      85.3197    6449.9358
    23    3 Li         9.2252      85.3197    6449.9358
    24    3 Li         9.2252      85.3197    6449.9358
    25    3 Li         9.4760      85.3197    6449.9358
    26    3 Li         9.4760      85.3197    6449.9358
    27    3 Li         9.4760      85.3197    6449.9358
    28    3 Li         9.4760      85.3197    6449.9358
    29    3 Li         9.5919      85.3197    6449.9358
    30    3 Li         9.5919      85.3197    6449.9358
    31    3 Li         9.5919      85.3197    6449.9358
    32    3 Li         9.5919      85.3197    6449.9358
    33    3 Li         8.5589      85.3197    6449.9358
    34    3 Li         8.5589      85.3197    6449.9358
    35    3 Li         8.5589      85.3197    6449.9358
    36    3 Li         8.5589      85.3197    6449.9358
    37    3 Li         8.8857      85.3197    6449.9358
    38    3 Li         8.8857      85.3197    6449.9358
    39    3 Li         8.8857      85.3197    6449.9358
    40    3 Li         8.8857      85.3197    6449.9358
    41    3 Li         9.1166      85.3197    6449.9358
    42    3 Li         9.1166      85.3197    6449.9358
    43    3 Li         9.1166      85.3197    6449.9358
    44    3 Li         9.1166      85.3197    6449.9358
    45    3 Li         8.9336      85.3197    6449.9358
    46    3 Li         8.9336      85.3197    6449.9358
    47    3 Li         8.9336      85.3197    6449.9358
    48    3 Li         8.9336      85.3197    6449.9358
    49    3 Li         8.9336      85.3197    6449.9358
    50    3 Li         8.9336      85.3197    6449.9358
    51    3 Li         9.3333      85.3197    6449.9358
    52    3 Li         9.3333      85.3197    6449.9358
    53    3 Li         9.3333      85.3197    6449.9358
    54    3 Li         9.3333      85.3197    6449.9358
    55    3 Li         9.3333      85.3197    6449.9358
    56    3 Li         9.3333      85.3197    6449.9358
    57    3 Li         8.6379      85.3197    6449.9358
    58    3 Li         8.6379      85.3197    6449.9358
    59    3 Li         8.6379      85.3197    6449.9358
    60    3 Li         8.6379      85.3197    6449.9358
    61    3 Li         8.6379      85.3197    6449.9358
    62    3 Li         8.6379      85.3197    6449.9358
    63    3 Li         8.6379      85.3197    6449.9358
    64    3 Li         8.6379      85.3197    6449.9358
    65    3 Li         8.6379      85.3197    6449.9358
    66    3 Li         8.6379      85.3197    6449.9358
    67    3 Li         8.6379      85.3197    6449.9358
    68    3 Li         8.6379      85.3197    6449.9358
    69    3 Li         8.4778      85.3197    6449.9358
    70    3 Li         8.4778      85.3197    6449.9358
    71    3 Li         8.4778      85.3197    6449.9358
    72    3 Li         8.4778      85.3197    6449.9358
    73    3 Li         8.4778      85.3197    6449.9358
    74    3 Li         8.4778      85.3197    6449.9358
    75    3 Li         8.4778      85.3197    6449.9358
    76    3 Li         8.4778      85.3197    6449.9358
    77    3 Li         8.4778      85.3197    6449.9358
    78    3 Li         8.4778      85.3197    6449.9358
    79    3 Li         8.4778      85.3197    6449.9358
    80    3 Li         8.4778      85.3197    6449.9358
    81    3 Li         8.1649      85.3197    6449.9358
    82    3 Li         8.1649      85.3197    6449.9358
    83    3 Li         8.1649      85.3197    6449.9358
    84    3 Li         8.1649      85.3197    6449.9358
    85   14 Si         7.4552     149.7734   10712.7888
    86   14 Si         7.4552     149.7734   10712.7888
    87   14 Si         7.4552     149.7734   10712.7888
    88   14 Si         7.4552     149.7734   10712.7888
    89   14 Si         7.4552     149.7734   10712.7888
    90   14 Si         7.4552     149.7734   10712.7888
    91   14 Si         7.3497     149.7734   10712.7888
    92   14 Si         7.3497     149.7734   10712.7888
    93   14 Si         7.3497     149.7734   10712.7888
    94   14 Si         7.3497     149.7734   10712.7888
    95   14 Si         7.3497     149.7734   10712.7888
    96   14 Si         7.3497     149.7734   10712.7888
    97   14 Si         8.4777     149.7734   10712.7888
    98   14 Si         8.4777     149.7734   10712.7888
    99   14 Si         8.4777     149.7734   10712.7888
   100   14 Si         8.4778     149.7734   10712.7888
   101   14 Si         7.1589     149.7734   10712.7888
   102   14 Si         7.1589     149.7734   10712.7888
   103   14 Si         7.1589     149.7734   10712.7888
   104   14 Si         7.1589     149.7734   10712.7888
--------------------------------------------------------

Atom-resolved dispersion energies:
--------------------------------------------------
     #    Z           [Hartree]      [kcal/mol]
--------------------------------------------------
     1    3 Li  -0.43251127E-02     -2.71404922
     2    3 Li  -0.43251142E-02     -2.71405016
     3    3 Li  -0.43251142E-02     -2.71405016
     4    3 Li  -0.43251148E-02     -2.71405050
     5    3 Li  -0.43251148E-02     -2.71405050
     6    3 Li  -0.43251142E-02     -2.71405016
     7    3 Li  -0.43251142E-02     -2.71405016
     8    3 Li  -0.43251142E-02     -2.71405016
     9    3 Li  -0.43251127E-02     -2.71404922
    10    3 Li  -0.43251127E-02     -2.71404922
    11    3 Li  -0.43251142E-02     -2.71405016
    12    3 Li  -0.43251148E-02     -2.71405050
    13    3 Li  -0.44112343E-02     -2.76809130
    14    3 Li  -0.44112339E-02     -2.76809109
    15    3 Li  -0.44112339E-02     -2.76809109
    16    3 Li  -0.44112324E-02     -2.76809015
    17    3 Li  -0.44112324E-02     -2.76809015
    18    3 Li  -0.44112339E-02     -2.76809109
    19    3 Li  -0.44112339E-02     -2.76809109
    20    3 Li  -0.44112339E-02     -2.76809109
    21    3 Li  -0.42165714E-02     -2.64593852
    22    3 Li  -0.42165686E-02     -2.64593674
    23    3 Li  -0.42165686E-02     -2.64593674
    24    3 Li  -0.42165686E-02     -2.64593674
    25    3 Li  -0.42794382E-02     -2.68538804
    26    3 Li  -0.42794369E-02     -2.68538722
    27    3 Li  -0.42794369E-02     -2.68538722
    28    3 Li  -0.42794369E-02     -2.68538722
    29    3 Li  -0.43083006E-02     -2.70349942
    30    3 Li  -0.43083032E-02     -2.70350110
    31    3 Li  -0.43083032E-02     -2.70350110
    32    3 Li  -0.43083032E-02     -2.70350110
    33    3 Li  -0.43330224E-02     -2.71901261
    34    3 Li  -0.43330176E-02     -2.71900960
    35    3 Li  -0.43330176E-02     -2.71900960
    36    3 Li  -0.43330176E-02     -2.71900960
    37    3 Li  -0.43233904E-02     -2.71296842
    38    3 Li  -0.43233930E-02     -2.71297006
    39    3 Li  -0.43233930E-02     -2.71297006
    40    3 Li  -0.43233930E-02     -2.71297006
    41    3 Li  -0.43447341E-02     -2.72636181
    42    3 Li  -0.43447341E-02     -2.72636180
    43    3 Li  -0.43447341E-02     -2.72636180
    44    3 Li  -0.43447341E-02     -2.72636180
    45    3 Li  -0.42143761E-02     -2.64456090
    46    3 Li  -0.42143761E-02     -2.64456090
    47    3 Li  -0.42143792E-02     -2.64456290
    48    3 Li  -0.42143792E-02     -2.64456290
    49    3 Li  -0.42143761E-02     -2.64456090
    50    3 Li  -0.42143792E-02     -2.64456290
    51    3 Li  -0.42537902E-02     -2.66929367
    52    3 Li  -0.42537902E-02     -2.66929367
    53    3 Li  -0.42537915E-02     -2.66929449
    54    3 Li  -0.42537915E-02     -2.66929449
    55    3 Li  -0.42537902E-02     -2.66929367
    56    3 Li  -0.42537915E-02     -2.66929449
    57    3 Li  -0.44134865E-02     -2.76950461
    58    3 Li  -0.44134892E-02     -2.76950629
    59    3 Li  -0.44134854E-02     -2.76950393
    60    3 Li  -0.44134854E-02     -2.76950393
    61    3 Li  -0.44134892E-02     -2.76950629
    62    3 Li  -0.44134892E-02     -2.76950629
    63    3 Li  -0.44134892E-02     -2.76950629
    64    3 Li  -0.44134865E-02     -2.76950461
    65    3 Li  -0.44134865E-02     -2.76950461
    66    3 Li  -0.44134892E-02     -2.76950629
    67    3 Li  -0.44134892E-02     -2.76950629
    68    3 Li  -0.44134854E-02     -2.76950393
    69    3 Li  -0.43552258E-02     -2.73294547
    70    3 Li  -0.43552233E-02     -2.73294387
    71    3 Li  -0.43552239E-02     -2.73294428
    72    3 Li  -0.43552239E-02     -2.73294428
    73    3 Li  -0.43552233E-02     -2.73294387
    74    3 Li  -0.43552233E-02     -2.73294387
    75    3 Li  -0.43552233E-02     -2.73294387
    76    3 Li  -0.43552258E-02     -2.73294547
    77    3 Li  -0.43552258E-02     -2.73294547
    78    3 Li  -0.43552233E-02     -2.73294387
    79    3 Li  -0.43552233E-02     -2.73294387
    80    3 Li  -0.43552239E-02     -2.73294428
    81    3 Li  -0.44112324E-02     -2.76809015
    82    3 Li  -0.44112339E-02     -2.76809109
    83    3 Li  -0.44112343E-02     -2.76809130
    84    3 Li  -0.44112343E-02     -2.76809130
    85   14 Si  -0.44941486E-02     -2.82012080
    86   14 Si  -0.44941472E-02     -2.82011994
    87   14 Si  -0.44941486E-02     -2.82012080
    88   14 Si  -0.44941486E-02     -2.82012080
    89   14 Si  -0.44941472E-02     -2.82011994
    90   14 Si  -0.44941472E-02     -2.82011994
    91   14 Si  -0.45390277E-02     -2.84828287
    92   14 Si  -0.45390275E-02     -2.84828276
    93   14 Si  -0.45390277E-02     -2.84828287
    94   14 Si  -0.45390277E-02     -2.84828287
    95   14 Si  -0.45390275E-02     -2.84828276
    96   14 Si  -0.45390275E-02     -2.84828276
    97   14 Si  -0.45175154E-02     -2.83478373
    98   14 Si  -0.45175154E-02     -2.83478373
    99   14 Si  -0.45175154E-02     -2.83478373
   100   14 Si  -0.45175157E-02     -2.83478390
   101   14 Si  -0.44870786E-02     -2.81568431
   102   14 Si  -0.44870786E-02     -2.81568431
   103   14 Si  -0.44870786E-02     -2.81568431
   104   14 Si  -0.44870799E-02     -2.81568516
--------------------------------------------------

Dispersion energy:      -4.5430897103727E-01 Eh

[Info] Dispersion energy written to .EDISP
