-----------------------------------
 s i m p l e   D F T - D 3  v1.2.1
-----------------------------------

Zero (Chai-Head-Gordon) damping: pbe-D3(0)
--------------------
  s6         1.0000
  s8         0.7220
  s9         0.0000
 rs6         1.2170
 rs8         1.0000
 alp        14.0000
--------------------

Atomic radii (in Angstrom):
-------------------------------------------
   Z          R(cov)     R(vdw)      r4/r2
-------------------------------------------
  25 Mn       1.4267     1.7731     3.0718
   8 O        0.8400     1.2408     1.3725
-------------------------------------------

Atomic reference systems (in atomic units):
----------------------------------------------------------------------------
   Z        #      CN    C6(AA)   #      CN    C6(AA)   #      CN    C6(AA)
----------------------------------------------------------------------------
  25 Mn     1  0.0000  802.7484   2  1.6406  239.5554   3  9.8849  113.8463
   8 O      1  0.0000   15.5059   2  0.9925   12.8161   3  1.9887   10.3708
----------------------------------------------------------------------------

Dispersion properties (in atomic units):
--------------------------------------------------------
     #    Z                CN       C6(AA)       C8(AA)
--------------------------------------------------------
     1   25 Mn         0.0848     802.6993   81145.6783
     2   25 Mn         0.0848     802.6993   81145.6783
     3   25 Mn         0.0848     802.6993   81145.6783
     4   25 Mn         0.0848     802.6993   81145.6783
     5   25 Mn         0.0847     802.6993   81145.6797
     6   25 Mn         0.0847     802.6993   81145.6797
     7   25 Mn         0.0847     802.6993   81145.6797
     8   25 Mn         0.0847     802.6993   81145.6797
     9   25 Mn         0.0847     802.6994   81145.6820
    10   25 Mn         0.0847     802.6994   81145.6820
    11   25 Mn         0.0847     802.6994   81145.6820
    12   25 Mn         0.0847     802.6994   81145.6820
    13   25 Mn         0.0848     802.6993   81145.6746
    14   25 Mn         0.0848     802.6993   81145.6746
    15   25 Mn         0.0848     802.6993   81145.6746
    16   25 Mn         0.0848     802.6993   81145.6746
    17    8 O          0.0256      15.4395     311.5767
    18    8 O          0.0256      15.4395     311.5767
    19    8 O          0.0256      15.4395     311.5767
    20    8 O          0.0256      15.4395     311.5767
    21    8 O          0.0261      15.4392     311.5716
    22    8 O          0.0261      15.4392     311.5716
    23    8 O          0.0261      15.4392     311.5716
    24    8 O          0.0261      15.4392     311.5716
    25    8 O          0.0258      15.4393     311.5741
    26    8 O          0.0258      15.4393     311.5741
    27    8 O          0.0258      15.4393     311.5741
    28    8 O          0.0258      15.4393     311.5741
    29    8 O          0.0258      15.4394     311.5747
    30    8 O          0.0258      15.4394     311.5747
    31    8 O          0.0258      15.4394     311.5747
    32    8 O          0.0258      15.4394     311.5747
    33    8 O          0.0154      15.4445     311.6787
    34    8 O          0.0154      15.4445     311.6787
    35    8 O          0.0154      15.4445     311.6787
    36    8 O          0.0154      15.4445     311.6787
    37    8 O          0.0258      15.4394     311.5746
    38    8 O          0.0258      15.4394     311.5746
    39    8 O          0.0258      15.4394     311.5746
    40    8 O          0.0258      15.4394     311.5746
    41    8 O          0.0262      15.4391     311.5700
    42    8 O          0.0262      15.4391     311.5700
    43    8 O          0.0262      15.4391     311.5700
    44    8 O          0.0262      15.4391     311.5700
    45    8 O          0.0256      15.4395     311.5768
    46    8 O          0.0256      15.4395     311.5768
    47    8 O          0.0256      15.4395     311.5768
    48    8 O          0.0256      15.4395     311.5768
    49    8 O          0.0258      15.4393     311.5741
    50    8 O          0.0258      15.4393     311.5741
    51    8 O          0.0258      15.4393     311.5741
    52    8 O          0.0258      15.4393     311.5741
    53    8 O          0.0262      15.4392     311.5708
    54    8 O          0.0262      15.4392     311.5708
    55    8 O          0.0262      15.4392     311.5708
    56    8 O          0.0262      15.4392     311.5708
    57    8 O          0.0254      15.4396     311.5786
    58    8 O          0.0254      15.4396     311.5786
    59    8 O          0.0254      15.4396     311.5786
    60    8 O          0.0254      15.4396     311.5786
    61    8 O          0.0154      15.4445     311.6789
    62    8 O          0.0154      15.4445     311.6789
    63    8 O          0.0154      15.4445     311.6789
    64    8 O          0.0154      15.4445     311.6789
    65    8 O          0.0255      15.4395     311.5777
    66    8 O          0.0255      15.4395     311.5777
    67    8 O          0.0255      15.4395     311.5777
    68    8 O          0.0255      15.4395     311.5777
    69    8 O          0.0262      15.4391     311.5702
    70    8 O          0.0262      15.4391     311.5702
    71    8 O          0.0262      15.4391     311.5702
    72    8 O          0.0262      15.4391     311.5702
--------------------------------------------------------

Atom-resolved dispersion energies:
--------------------------------------------------
     #    Z           [Hartree]      [kcal/mol]
--------------------------------------------------
     1   25 Mn  -0.12538620E-02     -0.78681028
     2   25 Mn  -0.12538620E-02     -0.78681028
     3   25 Mn  -0.12538620E-02     -0.78681028
     4   25 Mn  -0.12538620E-02     -0.78681028
     5   25 Mn  -0.12585616E-02     -0.78975936
     6   25 Mn  -0.12585616E-02     -0.78975936
     7   25 Mn  -0.12585616E-02     -0.78975936
     8   25 Mn  -0.12585616E-02     -0.78975936
     9   25 Mn  -0.12604384E-02     -0.79093707
    10   25 Mn  -0.12604384E-02     -0.79093707
    11   25 Mn  -0.12604384E-02     -0.79093707
    12   25 Mn  -0.12604384E-02     -0.79093707
    13   25 Mn  -0.12492752E-02     -0.78393202
    14   25 Mn  -0.12492752E-02     -0.78393202
    15   25 Mn  -0.12492752E-02     -0.78393202
    16   25 Mn  -0.12492752E-02     -0.78393202
    17    8 O   -0.23755452E-03     -0.14906771
    18    8 O   -0.23755452E-03     -0.14906771
    19    8 O   -0.23755452E-03     -0.14906771
    20    8 O   -0.23755452E-03     -0.14906771
    21    8 O   -0.22606278E-03     -0.14185654
    22    8 O   -0.22606278E-03     -0.14185654
    23    8 O   -0.22606278E-03     -0.14185654
    24    8 O   -0.22606278E-03     -0.14185654
    25    8 O   -0.23960080E-03     -0.15035177
    26    8 O   -0.23960080E-03     -0.15035177
    27    8 O   -0.23960080E-03     -0.15035177
    28    8 O   -0.23960080E-03     -0.15035177
    29    8 O   -0.23860134E-03     -0.14972460
    30    8 O   -0.23860134E-03     -0.14972460
    31    8 O   -0.23860134E-03     -0.14972460
    32    8 O   -0.23860134E-03     -0.14972460
    33    8 O   -0.50432342E-03     -0.31646773
    34    8 O   -0.50432342E-03     -0.31646773
    35    8 O   -0.50432342E-03     -0.31646773
    36    8 O   -0.50432342E-03     -0.31646773
    37    8 O   -0.23969871E-03     -0.15041321
    38    8 O   -0.23969871E-03     -0.15041321
    39    8 O   -0.23969871E-03     -0.15041321
    40    8 O   -0.23969871E-03     -0.15041321
    41    8 O   -0.22423243E-03     -0.14070797
    42    8 O   -0.22423243E-03     -0.14070797
    43    8 O   -0.22423243E-03     -0.14070797
    44    8 O   -0.22423243E-03     -0.14070797
    45    8 O   -0.23752298E-03     -0.14904792
    46    8 O   -0.23752298E-03     -0.14904792
    47    8 O   -0.23752298E-03     -0.14904792
    48    8 O   -0.23752298E-03     -0.14904792
    49    8 O   -0.23822616E-03     -0.14948917
    50    8 O   -0.23822616E-03     -0.14948917
    51    8 O   -0.23822616E-03     -0.14948917
    52    8 O   -0.23822616E-03     -0.14948917
    53    8 O   -0.22472972E-03     -0.14102003
    54    8 O   -0.22472972E-03     -0.14102003
    55    8 O   -0.22472972E-03     -0.14102003
    56    8 O   -0.22472972E-03     -0.14102003
    57    8 O   -0.24728289E-03     -0.15517235
    58    8 O   -0.24728289E-03     -0.15517235
    59    8 O   -0.24728289E-03     -0.15517235
    60    8 O   -0.24728289E-03     -0.15517235
    61    8 O   -0.50453808E-03     -0.31660242
    62    8 O   -0.50453808E-03     -0.31660242
    63    8 O   -0.50453808E-03     -0.31660242
    64    8 O   -0.50453808E-03     -0.31660242
    65    8 O   -0.24814960E-03     -0.15571623
    66    8 O   -0.24814960E-03     -0.15571623
    67    8 O   -0.24814960E-03     -0.15571623
    68    8 O   -0.24814960E-03     -0.15571623
    69    8 O   -0.22342249E-03     -0.14019973
    70    8 O   -0.22342249E-03     -0.14019973
    71    8 O   -0.22342249E-03     -0.14019973
    72    8 O   -0.22342249E-03     -0.14019973
--------------------------------------------------

Dispersion energy:      -3.5424332769261E-02 Eh

[Info] Dispersion energy written to .EDISP
