-----------------------------------
 s i m p l e   D F T - D 3  v1.2.1
-----------------------------------

Zero (Chai-Head-Gordon) damping: pbe-D3(0)
--------------------
  s6         1.0000
  s8         0.7220
  s9         0.0000
 rs6         1.2170
 rs8         1.0000
 alp        14.0000
--------------------

Atomic radii (in Angstrom):
-------------------------------------------
   Z          R(cov)     R(vdw)      r4/r2
-------------------------------------------
  12 Mg       1.6667     1.7420     2.8909
  30 Zn       1.4533     1.6155     2.6978
-------------------------------------------

Atomic reference systems (in atomic units):
----------------------------------------------------------------------------
   Z        #      CN    C6(AA)   #      CN    C6(AA)   #      CN    C6(AA)
----------------------------------------------------------------------------
  12 Mg     1  0.0000  683.3758   2  0.9628  451.2708   3  1.9496  175.5616
  30 Zn     1  0.0000  340.5213   2  1.9419  153.4528
----------------------------------------------------------------------------

Dispersion properties (in atomic units):
--------------------------------------------------------
     #    Z                CN       C6(AA)       C8(AA)
--------------------------------------------------------
     1   12 Mg         0.0031     677.0776   60619.9634
     2   12 Mg         0.0033     677.0707   60619.3461
     3   12 Mg         0.0033     677.0707   60619.3461
     4   12 Mg         0.0030     677.0819   60620.3485
     5   12 Mg         0.0031     677.0776   60619.9634
     6   12 Mg         0.0033     677.0707   60619.3461
     7   12 Mg         0.0031     677.0776   60619.9634
     8   12 Mg         0.0033     677.0705   60619.3304
     9   12 Mg         0.0033     677.0705   60619.3304
    10   12 Mg         0.0030     677.0819   60620.3485
    11   12 Mg         0.0033     677.0707   60619.3461
    12   12 Mg         0.0033     677.0707   60619.3461
    13   12 Mg         0.0030     677.0819   60620.3485
    14   12 Mg         0.0033     677.0705   60619.3304
    15   12 Mg         0.0031     677.0776   60619.9634
    16   12 Mg         0.0033     677.0707   60619.3461
    17   12 Mg         0.0033     677.0707   60619.3461
    18   12 Mg         0.0033     677.0707   60619.3461
    19   12 Mg         0.0033     677.0705   60619.3304
    20   12 Mg         0.0030     677.0819   60620.3485
    21   12 Mg         0.0033     677.0705   60619.3304
    22   12 Mg         0.0033     677.0707   60619.3461
    23   12 Mg         0.0030     677.0819   60620.3485
    24   12 Mg         0.0030     677.0819   60620.3485
    25   12 Mg         0.0033     677.0705   60619.3304
    26   12 Mg         0.0031     677.0776   60619.9634
    27   12 Mg         0.0033     677.0705   60619.3304
    28   12 Mg         0.0033     677.0705   60619.3304
    29   12 Mg         0.0031     677.0776   60619.9634
    30   12 Mg         0.0033     677.0705   60619.3304
    31   12 Mg         0.0030     677.0819   60620.3485
    32   12 Mg         0.0033     677.0707   60619.3461
    33   12 Mg         0.0030     677.0819   60620.3485
    34   12 Mg         0.0030     677.0819   60620.3485
    35   12 Mg         0.0033     677.0707   60619.3461
    36   12 Mg         0.0030     677.0819   60620.3485
    37   12 Mg         0.0033     677.0705   60619.3304
    38   12 Mg         0.0033     677.0705   60619.3304
    39   12 Mg         0.0033     677.0705   60619.3304
    40   12 Mg         0.0033     677.0707   60619.3461
    41   12 Mg         0.0030     677.0819   60620.3485
    42   12 Mg         0.0030     677.0819   60620.3485
    43   30 Zn         0.0032     340.5212   26551.8219
    44   30 Zn         0.0030     340.5212   26551.8219
    45   30 Zn         0.0030     340.5212   26551.8219
    46   30 Zn         0.0030     340.5212   26551.8219
    47   30 Zn         0.0032     340.5212   26551.8219
    48   30 Zn         0.0031     340.5212   26551.8219
    49   30 Zn         0.0030     340.5212   26551.8219
    50   30 Zn         0.0032     340.5212   26551.8219
    51   30 Zn         0.0030     340.5212   26551.8219
    52   30 Zn         0.0032     340.5212   26551.8219
    53   30 Zn         0.0032     340.5212   26551.8219
    54   30 Zn         0.0030     340.5212   26551.8219
    55   30 Zn         0.0031     340.5212   26551.8219
    56   30 Zn         0.0030     340.5212   26551.8219
    57   30 Zn         0.0030     340.5212   26551.8219
    58   30 Zn         0.0030     340.5212   26551.8219
    59   30 Zn         0.0030     340.5212   26551.8219
    60   30 Zn         0.0032     340.5212   26551.8219
    61   30 Zn         0.0031     340.5212   26551.8219
    62   30 Zn         0.0032     340.5212   26551.8219
    63   30 Zn         0.0030     340.5212   26551.8219
    64   30 Zn         0.0031     340.5212   26551.8219
    65   30 Zn         0.0032     340.5212   26551.8219
    66   30 Zn         0.0030     340.5212   26551.8219
    67   30 Zn         0.0030     340.5212   26551.8219
    68   30 Zn         0.0030     340.5212   26551.8219
    69   30 Zn         0.0030     340.5212   26551.8219
    70   30 Zn         0.0031     340.5212   26551.8219
    71   30 Zn         0.0031     340.5212   26551.8219
    72   30 Zn         0.0031     340.5212   26551.8219
    73   30 Zn         0.0030     340.5212   26551.8219
    74   30 Zn         0.0031     340.5212   26551.8219
    75   30 Zn         0.0030     340.5212   26551.8219
    76   30 Zn         0.0030     340.5212   26551.8219
    77   30 Zn         0.0030     340.5212   26551.8219
    78   30 Zn         0.0032     340.5212   26551.8219
    79   30 Zn         0.0030     340.5212   26551.8219
    80   30 Zn         0.0030     340.5212   26551.8219
    81   30 Zn         0.0030     340.5212   26551.8219
    82   30 Zn         0.0031     340.5212   26551.8219
    83   30 Zn         0.0032     340.5212   26551.8219
    84   30 Zn         0.0030     340.5212   26551.8219
    85   30 Zn         0.0031     340.5212   26551.8219
    86   30 Zn         0.0032     340.5212   26551.8219
    87   30 Zn         0.0030     340.5212   26551.8219
    88   30 Zn         0.0032     340.5212   26551.8219
    89   30 Zn         0.0031     340.5212   26551.8219
    90   30 Zn         0.0030     340.5212   26551.8219
    91   30 Zn         0.0030     340.5212   26551.8219
    92   30 Zn         0.0031     340.5212   26551.8219
--------------------------------------------------------

Atom-resolved dispersion energies:
--------------------------------------------------
     #    Z           [Hartree]      [kcal/mol]
--------------------------------------------------
     1   12 Mg  -0.11931971E-02     -0.74874251
     2   12 Mg  -0.12631532E-02     -0.79264062
     3   12 Mg  -0.12631532E-02     -0.79264062
     4   12 Mg  -0.12172071E-02     -0.76380897
     5   12 Mg  -0.11931971E-02     -0.74874250
     6   12 Mg  -0.12631532E-02     -0.79264062
     7   12 Mg  -0.11931971E-02     -0.74874251
     8   12 Mg  -0.12646812E-02     -0.79359942
     9   12 Mg  -0.12646812E-02     -0.79359942
    10   12 Mg  -0.12172071E-02     -0.76380897
    11   12 Mg  -0.12631532E-02     -0.79264062
    12   12 Mg  -0.12631532E-02     -0.79264062
    13   12 Mg  -0.12172071E-02     -0.76380897
    14   12 Mg  -0.12646812E-02     -0.79359942
    15   12 Mg  -0.11931971E-02     -0.74874250
    16   12 Mg  -0.12631532E-02     -0.79264062
    17   12 Mg  -0.12631532E-02     -0.79264062
    18   12 Mg  -0.12631532E-02     -0.79264062
    19   12 Mg  -0.12646812E-02     -0.79359942
    20   12 Mg  -0.12172071E-02     -0.76380897
    21   12 Mg  -0.12646812E-02     -0.79359942
    22   12 Mg  -0.12631532E-02     -0.79264062
    23   12 Mg  -0.12172071E-02     -0.76380897
    24   12 Mg  -0.12172071E-02     -0.76380897
    25   12 Mg  -0.12646812E-02     -0.79359942
    26   12 Mg  -0.11931971E-02     -0.74874251
    27   12 Mg  -0.12646812E-02     -0.79359942
    28   12 Mg  -0.12646812E-02     -0.79359942
    29   12 Mg  -0.11931971E-02     -0.74874251
    30   12 Mg  -0.12646812E-02     -0.79359942
    31   12 Mg  -0.12172071E-02     -0.76380897
    32   12 Mg  -0.12631532E-02     -0.79264062
    33   12 Mg  -0.12172071E-02     -0.76380897
    34   12 Mg  -0.12172071E-02     -0.76380897
    35   12 Mg  -0.12631532E-02     -0.79264062
    36   12 Mg  -0.12172071E-02     -0.76380897
    37   12 Mg  -0.12646812E-02     -0.79359942
    38   12 Mg  -0.12646812E-02     -0.79359942
    39   12 Mg  -0.12646812E-02     -0.79359942
    40   12 Mg  -0.12631532E-02     -0.79264062
    41   12 Mg  -0.12172071E-02     -0.76380897
    42   12 Mg  -0.12172071E-02     -0.76380897
    43   30 Zn  -0.12769355E-02     -0.80128910
    44   30 Zn  -0.12162626E-02     -0.76321632
    45   30 Zn  -0.12393177E-02     -0.77768358
    46   30 Zn  -0.12393177E-02     -0.77768358
    47   30 Zn  -0.12769355E-02     -0.80128909
    48   30 Zn  -0.12449873E-02     -0.78124133
    49   30 Zn  -0.12269129E-02     -0.76989945
    50   30 Zn  -0.12769355E-02     -0.80128909
    51   30 Zn  -0.12393177E-02     -0.77768357
    52   30 Zn  -0.12769355E-02     -0.80128909
    53   30 Zn  -0.12769355E-02     -0.80128910
    54   30 Zn  -0.12269129E-02     -0.76989945
    55   30 Zn  -0.12449873E-02     -0.78124134
    56   30 Zn  -0.12393177E-02     -0.77768358
    57   30 Zn  -0.12393177E-02     -0.77768357
    58   30 Zn  -0.12162626E-02     -0.76321632
    59   30 Zn  -0.12162626E-02     -0.76321632
    60   30 Zn  -0.12769355E-02     -0.80128909
    61   30 Zn  -0.12449873E-02     -0.78124133
    62   30 Zn  -0.12769355E-02     -0.80128910
    63   30 Zn  -0.12269129E-02     -0.76989945
    64   30 Zn  -0.12449873E-02     -0.78124134
    65   30 Zn  -0.12769355E-02     -0.80128910
    66   30 Zn  -0.12393177E-02     -0.77768358
    67   30 Zn  -0.12269129E-02     -0.76989945
    68   30 Zn  -0.12346405E-02     -0.77474862
    69   30 Zn  -0.12162626E-02     -0.76321632
    70   30 Zn  -0.12449873E-02     -0.78124133
    71   30 Zn  -0.12449873E-02     -0.78124134
    72   30 Zn  -0.12449873E-02     -0.78124133
    73   30 Zn  -0.12269129E-02     -0.76989945
    74   30 Zn  -0.12449873E-02     -0.78124133
    75   30 Zn  -0.12393177E-02     -0.77768358
    76   30 Zn  -0.12162626E-02     -0.76321632
    77   30 Zn  -0.12269129E-02     -0.76989945
    78   30 Zn  -0.12769355E-02     -0.80128910
    79   30 Zn  -0.12346405E-02     -0.77474862
    80   30 Zn  -0.12393177E-02     -0.77768358
    81   30 Zn  -0.12393177E-02     -0.77768358
    82   30 Zn  -0.12449873E-02     -0.78124134
    83   30 Zn  -0.12769355E-02     -0.80128909
    84   30 Zn  -0.12393177E-02     -0.77768358
    85   30 Zn  -0.12449873E-02     -0.78124133
    86   30 Zn  -0.12769355E-02     -0.80128910
    87   30 Zn  -0.12162626E-02     -0.76321632
    88   30 Zn  -0.12769355E-02     -0.80128909
    89   30 Zn  -0.12449873E-02     -0.78124133
    90   30 Zn  -0.12393177E-02     -0.77768358
    91   30 Zn  -0.12393177E-02     -0.77768358
    92   30 Zn  -0.12449873E-02     -0.78124133
--------------------------------------------------

Dispersion energy:      -1.1436289983078E-01 Eh

[Info] Dispersion energy written to .EDISP
