-----------------------------------
 s i m p l e   D F T - D 3  v1.2.1
-----------------------------------

Zero (Chai-Head-Gordon) damping: pbe-D3(0)
--------------------
  s6         1.0000
  s8         0.7220
  s9         0.0000
 rs6         1.2170
 rs8         1.0000
 alp        14.0000
--------------------

Atomic radii (in Angstrom):
-------------------------------------------
   Z          R(cov)     R(vdw)      r4/r2
-------------------------------------------
   3 Li       1.6000     1.7478     2.6564
  12 Mg       1.6667     1.7420     2.8909
-------------------------------------------

Atomic reference systems (in atomic units):
----------------------------------------------------------------------------
   Z        #      CN    C6(AA)   #      CN    C6(AA)   #      CN    C6(AA)
----------------------------------------------------------------------------
   3 Li     1  0.0000 1163.4454   2  0.9865   85.3197
  12 Mg     1  0.0000  683.3758   2  0.9628  451.2708   3  1.9496  175.5616
----------------------------------------------------------------------------

Dispersion properties (in atomic units):
--------------------------------------------------------
     #    Z                CN       C6(AA)       C8(AA)
--------------------------------------------------------
     1    3 Li         0.0095    1125.8591   85111.8674
     2   12 Mg         0.0108     676.7033   60586.4573
     3   12 Mg         0.0108     676.7033   60586.4540
     4   12 Mg         0.0108     676.7054   60586.6406
     5   12 Mg         0.0108     676.7054   60586.6417
     6   12 Mg         0.0108     676.7066   60586.7520
     7   12 Mg         0.0108     676.7068   60586.7633
     8   12 Mg         0.0108     676.7068   60586.7664
     9   12 Mg         0.0108     676.7047   60586.5825
    10   12 Mg         0.0108     676.7066   60586.7514
    11   12 Mg         0.0108     676.7066   60586.7520
    12   12 Mg         0.0108     676.7058   60586.6778
    13   12 Mg         0.0108     676.7058   60586.6776
    14   12 Mg         0.0108     676.7054   60586.6412
    15   12 Mg         0.0108     676.7067   60586.7628
    16   12 Mg         0.0108     676.7067   60586.7628
    17   12 Mg         0.0108     676.7058   60586.6780
    18   12 Mg         0.0108     676.7047   60586.5767
    19   12 Mg         0.0108     676.7046   60586.5710
    20   12 Mg         0.0108     676.7034   60586.4632
    21   12 Mg         0.0108     676.7033   60586.4563
    22   12 Mg         0.0108     676.7067   60586.7607
    23   12 Mg         0.0108     676.7068   60586.7636
    24   12 Mg         0.0108     676.7034   60586.4599
    25   12 Mg         0.0108     676.7033   60586.4562
    26   12 Mg         0.0108     676.7054   60586.6383
    27   12 Mg         0.0108     676.7054   60586.6462
    28   12 Mg         0.0108     676.7053   60586.6353
    29   12 Mg         0.0108     676.7075   60586.8323
    30   12 Mg         0.0108     676.7077   60586.8456
    31   12 Mg         0.0108     676.7076   60586.8425
    32   12 Mg         0.0108     676.7077   60586.8446
    33   12 Mg         0.0108     676.7077   60586.8455
    34   12 Mg         0.0108     676.7077   60586.8472
    35   12 Mg         0.0108     676.7077   60586.8455
    36   12 Mg         0.0108     676.7063   60586.7259
    37   12 Mg         0.0108     676.7062   60586.7157
    38   12 Mg         0.0108     676.7063   60586.7194
    39   12 Mg         0.0108     676.7074   60586.8170
    40   12 Mg         0.0108     676.7074   60586.8236
    41   12 Mg         0.0108     676.7074   60586.8188
    42   12 Mg         0.0108     676.7074   60586.8191
    43   12 Mg         0.0108     676.7074   60586.8210
    44   12 Mg         0.0108     676.7074   60586.8198
    45   12 Mg         0.0107     676.7086   60586.9278
    46   12 Mg         0.0107     676.7084   60586.9150
    47   12 Mg         0.0107     676.7085   60586.9221
    48   12 Mg         0.0108     676.7077   60586.8458
    49   12 Mg         0.0108     676.7077   60586.8442
    50   12 Mg         0.0108     676.7076   60586.8373
    51   12 Mg         0.0109     676.7029   60586.4204
    52   12 Mg         0.0108     676.7063   60586.7262
    53   12 Mg         0.0108     676.7065   60586.7384
    54   12 Mg         0.0108     676.7063   60586.7256
    55   12 Mg         0.0108     676.7063   60586.7226
    56   12 Mg         0.0108     676.7064   60586.7291
    57   12 Mg         0.0108     676.7065   60586.7384
    58   12 Mg         0.0108     676.7077   60586.8513
    59   12 Mg         0.0108     676.7076   60586.8406
    60   12 Mg         0.0108     676.7076   60586.8396
    61   12 Mg         0.0108     676.7076   60586.8430
    62   12 Mg         0.0108     676.7077   60586.8517
    63   12 Mg         0.0108     676.7076   60586.8407
    64   12 Mg         0.0108     676.7064   60586.7290
    65   12 Mg         0.0108     676.7064   60586.7287
    66   12 Mg         0.0108     676.7064   60586.7291
    67   12 Mg         0.0107     676.7085   60586.9176
    68   12 Mg         0.0107     676.7084   60586.9096
    69   12 Mg         0.0107     676.7085   60586.9183
    70   12 Mg         0.0108     676.7061   60586.7050
    71   12 Mg         0.0108     676.7063   60586.7269
    72   12 Mg         0.0108     676.7061   60586.7040
    73   12 Mg         0.0108     676.7063   60586.7243
    74   12 Mg         0.0108     676.7063   60586.7224
    75   12 Mg         0.0108     676.7063   60586.7244
    76   12 Mg         0.0108     676.7053   60586.6315
    77   12 Mg         0.0108     676.7064   60586.7340
    78   12 Mg         0.0108     676.7062   60586.7136
    79   12 Mg         0.0109     676.7023   60586.3656
    80   12 Mg         0.0109     676.7024   60586.3693
    81   12 Mg         0.0108     676.7043   60586.5455
    82   12 Mg         0.0108     676.7043   60586.5474
    83   12 Mg         0.0109     676.7023   60586.3649
    84   12 Mg         0.0109     676.7023   60586.3647
    85   12 Mg         0.0109     676.7012   60586.2649
    86   12 Mg         0.0109     676.7023   60586.3682
    87   12 Mg         0.0109     676.7023   60586.3644
    88   12 Mg         0.0109     676.7030   60586.4279
    89   12 Mg         0.0109     676.7030   60586.4248
    90   12 Mg         0.0109     676.7025   60586.3851
    91   12 Mg         0.0109     676.7026   60586.3892
    92   12 Mg         0.0109     676.7025   60586.3856
    93   12 Mg         0.0108     676.7064   60586.7360
    94   12 Mg         0.0108     676.7044   60586.5498
    95   12 Mg         0.0108     676.7045   60586.5630
    96   12 Mg         0.0108     676.7053   60586.6309
    97   12 Mg         0.0108     676.7053   60586.6297
    98   12 Mg         0.0108     676.7043   60586.5460
    99   12 Mg         0.0108     676.7045   60586.5606
   100   12 Mg         0.0109     676.7030   60586.4285
   101   12 Mg         0.0108     676.7063   60586.7218
   102   12 Mg         0.0108     676.7063   60586.7193
   103   12 Mg         0.0108     676.7063   60586.7218
   104   12 Mg         0.0108     676.7061   60586.7016
   105   12 Mg         0.0108     676.7063   60586.7239
   106   12 Mg         0.0108     676.7061   60586.7008
   107   12 Mg         0.0107     676.7084   60586.9140
   108   12 Mg         0.0107     676.7083   60586.9060
   109   12 Mg         0.0107     676.7084   60586.9149
   110   12 Mg         0.0108     676.7063   60586.7250
   111   12 Mg         0.0108     676.7063   60586.7252
   112   12 Mg         0.0108     676.7063   60586.7244
   113   12 Mg         0.0108     676.7077   60586.8476
   114   12 Mg         0.0108     676.7076   60586.8373
   115   12 Mg         0.0108     676.7076   60586.8369
   116   12 Mg         0.0108     676.7076   60586.8397
   117   12 Mg         0.0108     676.7077   60586.8484
   118   12 Mg         0.0108     676.7076   60586.8379
   119   12 Mg         0.0108     676.7063   60586.7225
   120   12 Mg         0.0108     676.7064   60586.7337
   121   12 Mg         0.0108     676.7063   60586.7217
   122   12 Mg         0.0108     676.7063   60586.7185
   123   12 Mg         0.0108     676.7063   60586.7259
   124   12 Mg         0.0108     676.7064   60586.7340
   125   12 Mg         0.0109     676.7029   60586.4158
   126   12 Mg         0.0108     676.7077   60586.8438
   127   12 Mg         0.0108     676.7076   60586.8423
   128   12 Mg         0.0108     676.7076   60586.8354
   129   12 Mg         0.0107     676.7086   60586.9260
   130   12 Mg         0.0107     676.7084   60586.9132
   131   12 Mg         0.0107     676.7085   60586.9204
   132   12 Mg         0.0108     676.7073   60586.8137
   133   12 Mg         0.0108     676.7074   60586.8215
   134   12 Mg         0.0108     676.7073   60586.8157
   135   12 Mg         0.0108     676.7073   60586.8163
   136   12 Mg         0.0108     676.7074   60586.8187
   137   12 Mg         0.0108     676.7073   60586.8162
   138   12 Mg         0.0108     676.7063   60586.7234
   139   12 Mg         0.0108     676.7062   60586.7109
   140   12 Mg         0.0108     676.7062   60586.7156
   141   12 Mg         0.0108     676.7077   60586.8439
   142   12 Mg         0.0108     676.7076   60586.8406
   143   12 Mg         0.0108     676.7076   60586.8429
   144   12 Mg         0.0108     676.7077   60586.8437
   145   12 Mg         0.0108     676.7077   60586.8453
   146   12 Mg         0.0108     676.7077   60586.8438
   147   12 Mg         0.0108     676.7075   60586.8305
   148   12 Mg         0.0108     676.7053   60586.6318
   149   12 Mg         0.0108     676.7054   60586.6405
   150   12 Mg         0.0108     676.7052   60586.6278
--------------------------------------------------------

Atom-resolved dispersion energies:
--------------------------------------------------
     #    Z           [Hartree]      [kcal/mol]
--------------------------------------------------
     1    3 Li  -0.39485796E-02     -2.47777112
     2   12 Mg  -0.32832785E-02     -2.06028836
     3   12 Mg  -0.32834615E-02     -2.06040321
     4   12 Mg  -0.32021769E-02     -2.00939636
     5   12 Mg  -0.32021292E-02     -2.00936639
     6   12 Mg  -0.31953533E-02     -2.00511446
     7   12 Mg  -0.31954551E-02     -2.00517837
     8   12 Mg  -0.31953004E-02     -2.00508125
     9   12 Mg  -0.32049309E-02     -2.01112448
    10   12 Mg  -0.31953802E-02     -2.00513135
    11   12 Mg  -0.31953636E-02     -2.00512090
    12   12 Mg  -0.31987542E-02     -2.00724854
    13   12 Mg  -0.31987837E-02     -2.00726706
    14   12 Mg  -0.32021375E-02     -2.00937160
    15   12 Mg  -0.31954749E-02     -2.00519077
    16   12 Mg  -0.31954751E-02     -2.00519092
    17   12 Mg  -0.31987646E-02     -2.00725508
    18   12 Mg  -0.32051931E-02     -2.01128906
    19   12 Mg  -0.32054714E-02     -2.01146366
    20   12 Mg  -0.32829933E-02     -2.06010937
    21   12 Mg  -0.32833917E-02     -2.06035938
    22   12 Mg  -0.31955542E-02     -2.00524051
    23   12 Mg  -0.31954427E-02     -2.00517057
    24   12 Mg  -0.32832006E-02     -2.06023947
    25   12 Mg  -0.32834070E-02     -2.06036899
    26   12 Mg  -0.32777219E-02     -2.05680157
    27   12 Mg  -0.32773526E-02     -2.05656979
    28   12 Mg  -0.32777709E-02     -2.05683229
    29   12 Mg  -0.31914072E-02     -2.00263827
    30   12 Mg  -0.31909953E-02     -2.00237979
    31   12 Mg  -0.31911326E-02     -2.00246593
    32   12 Mg  -0.31910470E-02     -2.00241225
    33   12 Mg  -0.31909954E-02     -2.00237986
    34   12 Mg  -0.31909302E-02     -2.00233893
    35   12 Mg  -0.31909946E-02     -2.00237934
    36   12 Mg  -0.32032904E-02     -2.01009506
    37   12 Mg  -0.32037334E-02     -2.01037304
    38   12 Mg  -0.32035578E-02     -2.01026285
    39   12 Mg  -0.31944028E-02     -2.00451800
    40   12 Mg  -0.31941130E-02     -2.00433615
    41   12 Mg  -0.31943114E-02     -2.00446068
    42   12 Mg  -0.31943012E-02     -2.00445425
    43   12 Mg  -0.31942296E-02     -2.00440932
    44   12 Mg  -0.31942711E-02     -2.00443536
    45   12 Mg  -0.31873864E-02     -2.00011516
    46   12 Mg  -0.31879632E-02     -2.00047713
    47   12 Mg  -0.31876482E-02     -2.00027947
    48   12 Mg  -0.31912310E-02     -2.00252766
    49   12 Mg  -0.31913042E-02     -2.00257362
    50   12 Mg  -0.31916180E-02     -2.00277052
    51   12 Mg  -0.32133564E-02     -2.01641159
    52   12 Mg  -0.31975798E-02     -2.00651159
    53   12 Mg  -0.31970122E-02     -2.00615546
    54   12 Mg  -0.31975980E-02     -2.00652303
    55   12 Mg  -0.31977425E-02     -2.00661370
    56   12 Mg  -0.31974330E-02     -2.00641953
    57   12 Mg  -0.31970110E-02     -2.00615467
    58   12 Mg  -0.31909603E-02     -2.00235782
    59   12 Mg  -0.31914533E-02     -2.00266716
    60   12 Mg  -0.31915035E-02     -2.00269868
    61   12 Mg  -0.31913447E-02     -2.00259902
    62   12 Mg  -0.31909390E-02     -2.00234442
    63   12 Mg  -0.31914520E-02     -2.00266638
    64   12 Mg  -0.31964666E-02     -2.00581307
    65   12 Mg  -0.31964824E-02     -2.00582296
    66   12 Mg  -0.31964619E-02     -2.00581011
    67   12 Mg  -0.31880389E-02     -2.00052462
    68   12 Mg  -0.31884103E-02     -2.00075765
    69   12 Mg  -0.31879951E-02     -2.00049711
    70   12 Mg  -0.31976578E-02     -2.00656057
    71   12 Mg  -0.31966554E-02     -2.00593158
    72   12 Mg  -0.31977036E-02     -2.00658929
    73   12 Mg  -0.31966210E-02     -2.00590999
    74   12 Mg  -0.31967277E-02     -2.00597693
    75   12 Mg  -0.31966260E-02     -2.00591311
    76   12 Mg  -0.32016674E-02     -2.00907663
    77   12 Mg  -0.31965945E-02     -2.00589331
    78   12 Mg  -0.31975366E-02     -2.00648451
    79   12 Mg  -0.32127340E-02     -2.01602103
    80   12 Mg  -0.32125435E-02     -2.01590150
    81   12 Mg  -0.32051887E-02     -2.01128625
    82   12 Mg  -0.32050887E-02     -2.01122350
    83   12 Mg  -0.32127652E-02     -2.01604062
    84   12 Mg  -0.32127546E-02     -2.01603392
    85   12 Mg  -0.32176676E-02     -2.01911690
    86   12 Mg  -0.32125861E-02     -2.01592822
    87   12 Mg  -0.32127617E-02     -2.01603838
    88   12 Mg  -0.32102653E-02     -2.01447188
    89   12 Mg  -0.32104145E-02     -2.01456550
    90   12 Mg  -0.32122805E-02     -2.01573642
    91   12 Mg  -0.32120749E-02     -2.01560742
    92   12 Mg  -0.32122553E-02     -2.01572064
    93   12 Mg  -0.31965011E-02     -2.00583472
    94   12 Mg  -0.32049794E-02     -2.01115495
    95   12 Mg  -0.32043530E-02     -2.01076187
    96   12 Mg  -0.32016879E-02     -2.00908949
    97   12 Mg  -0.32016675E-02     -2.00907667
    98   12 Mg  -0.32051656E-02     -2.01127176
    99   12 Mg  -0.32044567E-02     -2.01082697
   100   12 Mg  -0.32102388E-02     -2.01445525
   101   12 Mg  -0.31967436E-02     -2.00598687
   102   12 Mg  -0.31968696E-02     -2.00606597
   103   12 Mg  -0.31967505E-02     -2.00599121
   104   12 Mg  -0.31978201E-02     -2.00666243
   105   12 Mg  -0.31968001E-02     -2.00602236
   106   12 Mg  -0.31978529E-02     -2.00668301
   107   12 Mg  -0.31882053E-02     -2.00062902
   108   12 Mg  -0.31885762E-02     -2.00086178
   109   12 Mg  -0.31881556E-02     -2.00059787
   110   12 Mg  -0.31966540E-02     -2.00593067
   111   12 Mg  -0.31966496E-02     -2.00592794
   112   12 Mg  -0.31966801E-02     -2.00594702
   113   12 Mg  -0.31911321E-02     -2.00246560
   114   12 Mg  -0.31916094E-02     -2.00276511
   115   12 Mg  -0.31916332E-02     -2.00278010
   116   12 Mg  -0.31915020E-02     -2.00269776
   117   12 Mg  -0.31910946E-02     -2.00244209
   118   12 Mg  -0.31915839E-02     -2.00274914
   119   12 Mg  -0.31977542E-02     -2.00662103
   120   12 Mg  -0.31972327E-02     -2.00629383
   121   12 Mg  -0.31977850E-02     -2.00664037
   122   12 Mg  -0.31979339E-02     -2.00673380
   123   12 Mg  -0.31975874E-02     -2.00651642
   124   12 Mg  -0.31972179E-02     -2.00628454
   125   12 Mg  -0.32135799E-02     -2.01655182
   126   12 Mg  -0.31913272E-02     -2.00258804
   127   12 Mg  -0.31913975E-02     -2.00263216
   128   12 Mg  -0.31917103E-02     -2.00282847
   129   12 Mg  -0.31874726E-02     -2.00016923
   130   12 Mg  -0.31880506E-02     -2.00053198
   131   12 Mg  -0.31877325E-02     -2.00033237
   132   12 Mg  -0.31945572E-02     -2.00461491
   133   12 Mg  -0.31942148E-02     -2.00440002
   134   12 Mg  -0.31944609E-02     -2.00455448
   135   12 Mg  -0.31944348E-02     -2.00453813
   136   12 Mg  -0.31943412E-02     -2.00447934
   137   12 Mg  -0.31944400E-02     -2.00454138
   138   12 Mg  -0.32034150E-02     -2.01017324
   139   12 Mg  -0.32039641E-02     -2.01051780
   140   12 Mg  -0.32037416E-02     -2.01037824
   141   12 Mg  -0.31910815E-02     -2.00243385
   142   12 Mg  -0.31912218E-02     -2.00252189
   143   12 Mg  -0.31911316E-02     -2.00246531
   144   12 Mg  -0.31910811E-02     -2.00243364
   145   12 Mg  -0.31910206E-02     -2.00239564
   146   12 Mg  -0.31910798E-02     -2.00243279
   147   12 Mg  -0.31914969E-02     -2.00269453
   148   12 Mg  -0.32780833E-02     -2.05702835
   149   12 Mg  -0.32776779E-02     -2.05677396
   150   12 Mg  -0.32781826E-02     -2.05709061
--------------------------------------------------

Dispersion energy:      -4.8134934440424E-01 Eh

[Info] Dispersion energy written to .EDISP
