-----------------------------------
 s i m p l e   D F T - D 3  v1.2.1
-----------------------------------

Zero (Chai-Head-Gordon) damping: pbe-D3(0)
--------------------
  s6         1.0000
  s8         0.7220
  s9         0.0000
 rs6         1.2170
 rs8         1.0000
 alp        14.0000
--------------------

Atomic radii (in Angstrom):
-------------------------------------------
   Z          R(cov)     R(vdw)      r4/r2
-------------------------------------------
  25 Mn       1.4267     1.7731     3.0718
  14 Si       1.3867     1.8959     2.5839
-------------------------------------------

Atomic reference systems (in atomic units):
----------------------------------------------------------------------------
   Z        #      CN    C6(AA)   #      CN    C6(AA)   #      CN    C6(AA)
----------------------------------------------------------------------------
  25 Mn     1  0.0000  802.7484   2  1.6406  239.5554   3  9.8849  113.8463
  14 Si     1  0.0000  317.8574   2  0.9507  270.2650   3  1.9435  233.1254
            4  2.9407  221.5046   5  3.8677  149.7734
----------------------------------------------------------------------------

Dispersion properties (in atomic units):
--------------------------------------------------------
     #    Z                CN       C6(AA)       C8(AA)
--------------------------------------------------------
     1   25 Mn        11.9108     113.8463   11508.8363
     2   25 Mn        11.9108     113.8463   11508.8363
     3   25 Mn        11.9108     113.8463   11508.8363
     4   25 Mn        11.9108     113.8463   11508.8363
     5   25 Mn        11.7219     113.8463   11508.8363
     6   25 Mn        11.7219     113.8463   11508.8363
     7   25 Mn        11.7219     113.8463   11508.8363
     8   25 Mn        11.7219     113.8463   11508.8363
     9   25 Mn        12.2125     113.8463   11508.8363
    10   25 Mn        12.2125     113.8463   11508.8363
    11   25 Mn        12.2125     113.8463   11508.8363
    12   25 Mn        12.2125     113.8463   11508.8363
    13   25 Mn        11.6659     113.8463   11508.8363
    14   25 Mn        11.6659     113.8463   11508.8363
    15   25 Mn        11.6659     113.8463   11508.8363
    16   25 Mn        11.6659     113.8463   11508.8363
    17   25 Mn        12.6701     113.8463   11508.8363
    18   25 Mn        12.6701     113.8463   11508.8363
    19   25 Mn        12.6701     113.8463   11508.8363
    20   25 Mn        12.6701     113.8463   11508.8363
    21   25 Mn        11.6198     113.8463   11508.8363
    22   25 Mn        11.6198     113.8463   11508.8363
    23   25 Mn        11.6198     113.8463   11508.8363
    24   25 Mn        11.6198     113.8463   11508.8363
    25   25 Mn        13.0324     113.8463   11508.8363
    26   25 Mn        13.0324     113.8463   11508.8363
    27   25 Mn        13.0324     113.8463   11508.8363
    28   25 Mn        13.0324     113.8463   11508.8363
    29   25 Mn        11.6282     113.8463   11508.8363
    30   25 Mn        11.6282     113.8463   11508.8363
    31   14 Si        11.2638     149.7734   10712.7888
    32   14 Si        11.2638     149.7734   10712.7888
    33   14 Si        11.2638     149.7734   10712.7888
    34   14 Si        11.2638     149.7734   10712.7888
    35   14 Si        11.8475     149.7734   10712.7888
    36   14 Si        11.8475     149.7734   10712.7888
    37   14 Si        11.8475     149.7734   10712.7888
    38   14 Si        11.8475     149.7734   10712.7888
    39   14 Si        11.8475     149.7734   10712.7888
    40   14 Si        11.8475     149.7734   10712.7888
    41   14 Si        11.8475     149.7734   10712.7888
    42   14 Si        11.8475     149.7734   10712.7888
    43   14 Si        12.4060     149.7734   10712.7888
    44   14 Si        12.4060     149.7734   10712.7888
    45   14 Si        12.4060     149.7734   10712.7888
    46   14 Si        12.4060     149.7734   10712.7888
    47   14 Si        12.4060     149.7734   10712.7888
    48   14 Si        12.4060     149.7734   10712.7888
    49   14 Si        12.4060     149.7734   10712.7888
    50   14 Si        12.4060     149.7734   10712.7888
    51   14 Si        12.6133     149.7734   10712.7888
    52   14 Si        12.6133     149.7734   10712.7888
    53   14 Si        12.6133     149.7734   10712.7888
    54   14 Si        12.6133     149.7734   10712.7888
    55   14 Si        12.6133     149.7734   10712.7888
    56   14 Si        12.6133     149.7734   10712.7888
    57   14 Si        12.6133     149.7734   10712.7888
    58   14 Si        12.6133     149.7734   10712.7888
    59   14 Si        12.5517     149.7734   10712.7888
    60   14 Si        12.5517     149.7734   10712.7888
    61   14 Si        11.4952     149.7734   10712.7888
    62   14 Si        11.4952     149.7734   10712.7888
    63   14 Si        11.4952     149.7734   10712.7888
    64   14 Si        11.4952     149.7734   10712.7888
    65   14 Si        11.4952     149.7734   10712.7888
    66   14 Si        11.4952     149.7734   10712.7888
    67   14 Si        11.4952     149.7734   10712.7888
    68   14 Si        11.4952     149.7734   10712.7888
    69   14 Si        12.1835     149.7734   10712.7888
    70   14 Si        12.1835     149.7734   10712.7888
    71   14 Si        12.1835     149.7734   10712.7888
    72   14 Si        12.1835     149.7734   10712.7888
    73   14 Si        12.1835     149.7734   10712.7888
    74   14 Si        12.1835     149.7734   10712.7888
    75   14 Si        12.1835     149.7734   10712.7888
    76   14 Si        12.1835     149.7734   10712.7888
    77   14 Si        12.5517     149.7734   10712.7888
    78   14 Si        12.5517     149.7734   10712.7888
    79   14 Si        12.5517     149.7734   10712.7888
    80   14 Si        12.5517     149.7734   10712.7888
    81   14 Si        12.5517     149.7734   10712.7888
    82   14 Si        12.5517     149.7734   10712.7888
--------------------------------------------------------

Atom-resolved dispersion energies:
--------------------------------------------------
     #    Z           [Hartree]      [kcal/mol]
--------------------------------------------------
     1   25 Mn  -0.16865138E-01    -10.58303411
     2   25 Mn  -0.16865139E-01    -10.58303422
     3   25 Mn  -0.16865138E-01    -10.58303417
     4   25 Mn  -0.16865138E-01    -10.58303416
     5   25 Mn  -0.16858667E-01    -10.57897345
     6   25 Mn  -0.16858667E-01    -10.57897345
     7   25 Mn  -0.16858667E-01    -10.57897350
     8   25 Mn  -0.16858667E-01    -10.57897340
     9   25 Mn  -0.16861622E-01    -10.58082766
    10   25 Mn  -0.16861622E-01    -10.58082763
    11   25 Mn  -0.16861622E-01    -10.58082759
    12   25 Mn  -0.16861622E-01    -10.58082771
    13   25 Mn  -0.16870257E-01    -10.58624620
    14   25 Mn  -0.16870257E-01    -10.58624613
    15   25 Mn  -0.16870257E-01    -10.58624617
    16   25 Mn  -0.16870257E-01    -10.58624617
    17   25 Mn  -0.16918455E-01    -10.61649090
    18   25 Mn  -0.16918455E-01    -10.61649100
    19   25 Mn  -0.16918455E-01    -10.61649097
    20   25 Mn  -0.16918455E-01    -10.61649093
    21   25 Mn  -0.16837980E-01    -10.56599193
    22   25 Mn  -0.16837980E-01    -10.56599193
    23   25 Mn  -0.16837980E-01    -10.56599195
    24   25 Mn  -0.16837980E-01    -10.56599191
    25   25 Mn  -0.16972107E-01    -10.65015814
    26   25 Mn  -0.16972107E-01    -10.65015809
    27   25 Mn  -0.16972107E-01    -10.65015808
    28   25 Mn  -0.16972107E-01    -10.65015815
    29   25 Mn  -0.16858266E-01    -10.57872158
    30   25 Mn  -0.16858266E-01    -10.57872158
    31   14 Si  -0.14028688E-01     -8.80313435
    32   14 Si  -0.14028687E-01     -8.80313427
    33   14 Si  -0.14028695E-01     -8.80313892
    34   14 Si  -0.14028695E-01     -8.80313900
    35   14 Si  -0.13985756E-01     -8.77619440
    36   14 Si  -0.13985759E-01     -8.77619653
    37   14 Si  -0.13985759E-01     -8.77619644
    38   14 Si  -0.13985758E-01     -8.77619594
    39   14 Si  -0.13985757E-01     -8.77619477
    40   14 Si  -0.13985757E-01     -8.77619481
    41   14 Si  -0.13985759E-01     -8.77619602
    42   14 Si  -0.13985756E-01     -8.77619438
    43   14 Si  -0.13930231E-01     -8.74135195
    44   14 Si  -0.13930229E-01     -8.74135097
    45   14 Si  -0.13930230E-01     -8.74135102
    46   14 Si  -0.13930234E-01     -8.74135383
    47   14 Si  -0.13930226E-01     -8.74134899
    48   14 Si  -0.13930226E-01     -8.74134901
    49   14 Si  -0.13930234E-01     -8.74135377
    50   14 Si  -0.13930231E-01     -8.74135194
    51   14 Si  -0.13904284E-01     -8.72506968
    52   14 Si  -0.13904289E-01     -8.72507280
    53   14 Si  -0.13904289E-01     -8.72507319
    54   14 Si  -0.13904287E-01     -8.72507174
    55   14 Si  -0.13904285E-01     -8.72507059
    56   14 Si  -0.13904286E-01     -8.72507103
    57   14 Si  -0.13904286E-01     -8.72507131
    58   14 Si  -0.13904283E-01     -8.72506929
    59   14 Si  -0.13918626E-01     -8.73406941
    60   14 Si  -0.13918628E-01     -8.73407099
    61   14 Si  -0.14031395E-01     -8.80483337
    62   14 Si  -0.14031392E-01     -8.80483154
    63   14 Si  -0.14031391E-01     -8.80483081
    64   14 Si  -0.14031393E-01     -8.80483214
    65   14 Si  -0.14031390E-01     -8.80483007
    66   14 Si  -0.14031388E-01     -8.80482890
    67   14 Si  -0.14031389E-01     -8.80482980
    68   14 Si  -0.14031394E-01     -8.80483262
    69   14 Si  -0.13967984E-01     -8.76504232
    70   14 Si  -0.13967989E-01     -8.76504572
    71   14 Si  -0.13967983E-01     -8.76504146
    72   14 Si  -0.13967986E-01     -8.76504340
    73   14 Si  -0.13967987E-01     -8.76504387
    74   14 Si  -0.13967988E-01     -8.76504508
    75   14 Si  -0.13967989E-01     -8.76504525
    76   14 Si  -0.13967984E-01     -8.76504206
    77   14 Si  -0.13918626E-01     -8.73406979
    78   14 Si  -0.13918628E-01     -8.73407067
    79   14 Si  -0.13918626E-01     -8.73406959
    80   14 Si  -0.13918626E-01     -8.73406989
    81   14 Si  -0.13918627E-01     -8.73407035
    82   14 Si  -0.13918627E-01     -8.73407059
--------------------------------------------------

Dispersion energy:      -1.2324744334018E+00 Eh

[Info] Dispersion energy written to .EDISP
