-----------------------------------
 s i m p l e   D F T - D 3  v1.2.1
-----------------------------------

Zero (Chai-Head-Gordon) damping: pbe-D3(0)
--------------------
  s6         1.0000
  s8         0.7220
  s9         0.0000
 rs6         1.2170
 rs8         1.0000
 alp        14.0000
--------------------

Atomic radii (in Angstrom):
-------------------------------------------
   Z          R(cov)     R(vdw)      r4/r2
-------------------------------------------
  25 Mn       1.4267     1.7731     3.0718
  14 Si       1.3867     1.8959     2.5839
-------------------------------------------

Atomic reference systems (in atomic units):
----------------------------------------------------------------------------
   Z        #      CN    C6(AA)   #      CN    C6(AA)   #      CN    C6(AA)
----------------------------------------------------------------------------
  25 Mn     1  0.0000  802.7484   2  1.6406  239.5554   3  9.8849  113.8463
  14 Si     1  0.0000  317.8574   2  0.9507  270.2650   3  1.9435  233.1254
            4  2.9407  221.5046   5  3.8677  149.7734
----------------------------------------------------------------------------

Dispersion properties (in atomic units):
--------------------------------------------------------
     #    Z                CN       C6(AA)       C8(AA)
--------------------------------------------------------
     1   25 Mn         0.0281     802.7251   81148.2787
     2   25 Mn         0.0281     802.7251   81148.2787
     3   25 Mn         0.0281     802.7251   81148.2787
     4   25 Mn         0.0281     802.7251   81148.2787
     5   25 Mn         0.0276     802.7252   81148.2948
     6   25 Mn         0.0276     802.7252   81148.2948
     7   25 Mn         0.0276     802.7252   81148.2948
     8   25 Mn         0.0276     802.7252   81148.2948
     9   25 Mn         0.0280     802.7251   81148.2819
    10   25 Mn         0.0280     802.7251   81148.2819
    11   25 Mn         0.0280     802.7251   81148.2819
    12   25 Mn         0.0280     802.7251   81148.2819
    13   25 Mn         0.0274     802.7253   81148.3025
    14   25 Mn         0.0274     802.7253   81148.3025
    15   25 Mn         0.0274     802.7253   81148.3025
    16   25 Mn         0.0274     802.7253   81148.3025
    17   25 Mn         0.0278     802.7252   81148.2898
    18   25 Mn         0.0278     802.7252   81148.2898
    19   25 Mn         0.0278     802.7252   81148.2898
    20   25 Mn         0.0278     802.7252   81148.2898
    21   25 Mn         0.0270     802.7254   81148.3145
    22   25 Mn         0.0270     802.7254   81148.3145
    23   25 Mn         0.0270     802.7254   81148.3145
    24   25 Mn         0.0270     802.7254   81148.3145
    25   25 Mn         0.0273     802.7253   81148.3035
    26   25 Mn         0.0273     802.7253   81148.3035
    27   25 Mn         0.0273     802.7253   81148.3035
    28   25 Mn         0.0273     802.7253   81148.3035
    29   25 Mn         0.0272     802.7254   81148.3088
    30   25 Mn         0.0272     802.7254   81148.3088
    31   14 Si         0.0190     316.3596   22628.1429
    32   14 Si         0.0190     316.3596   22628.1429
    33   14 Si         0.0190     316.3596   22628.1429
    34   14 Si         0.0190     316.3596   22628.1429
    35   14 Si         0.0198     316.3518   22627.5841
    36   14 Si         0.0198     316.3518   22627.5840
    37   14 Si         0.0198     316.3518   22627.5840
    38   14 Si         0.0198     316.3518   22627.5841
    39   14 Si         0.0198     316.3518   22627.5839
    40   14 Si         0.0198     316.3518   22627.5839
    41   14 Si         0.0198     316.3518   22627.5841
    42   14 Si         0.0198     316.3518   22627.5841
    43   14 Si         0.0227     316.3191   22625.2426
    44   14 Si         0.0227     316.3191   22625.2423
    45   14 Si         0.0227     316.3191   22625.2423
    46   14 Si         0.0227     316.3191   22625.2424
    47   14 Si         0.0227     316.3191   22625.2424
    48   14 Si         0.0227     316.3191   22625.2424
    49   14 Si         0.0227     316.3191   22625.2424
    50   14 Si         0.0227     316.3191   22625.2426
    51   14 Si         0.0255     316.2873   22622.9710
    52   14 Si         0.0255     316.2873   22622.9710
    53   14 Si         0.0255     316.2873   22622.9710
    54   14 Si         0.0255     316.2873   22622.9712
    55   14 Si         0.0255     316.2873   22622.9709
    56   14 Si         0.0255     316.2873   22622.9709
    57   14 Si         0.0255     316.2873   22622.9712
    58   14 Si         0.0255     316.2873   22622.9710
    59   14 Si         0.0243     316.3006   22623.9233
    60   14 Si         0.0243     316.3006   22623.9232
    61   14 Si         0.0194     316.3557   22627.8629
    62   14 Si         0.0194     316.3557   22627.8629
    63   14 Si         0.0194     316.3557   22627.8628
    64   14 Si         0.0194     316.3557   22627.8628
    65   14 Si         0.0194     316.3557   22627.8629
    66   14 Si         0.0194     316.3557   22627.8628
    67   14 Si         0.0194     316.3557   22627.8628
    68   14 Si         0.0194     316.3557   22627.8629
    69   14 Si         0.0210     316.3376   22626.5665
    70   14 Si         0.0210     316.3376   22626.5665
    71   14 Si         0.0210     316.3376   22626.5664
    72   14 Si         0.0210     316.3376   22626.5664
    73   14 Si         0.0210     316.3376   22626.5666
    74   14 Si         0.0210     316.3376   22626.5665
    75   14 Si         0.0210     316.3376   22626.5665
    76   14 Si         0.0210     316.3376   22626.5665
    77   14 Si         0.0243     316.3006   22623.9233
    78   14 Si         0.0243     316.3006   22623.9233
    79   14 Si         0.0243     316.3006   22623.9232
    80   14 Si         0.0243     316.3006   22623.9232
    81   14 Si         0.0243     316.3006   22623.9233
    82   14 Si         0.0243     316.3006   22623.9232
--------------------------------------------------------

Atom-resolved dispersion energies:
--------------------------------------------------
     #    Z           [Hartree]      [kcal/mol]
--------------------------------------------------
     1   25 Mn  -0.10099324E-01     -6.33742167
     2   25 Mn  -0.10099324E-01     -6.33742160
     3   25 Mn  -0.10099324E-01     -6.33742163
     4   25 Mn  -0.10099324E-01     -6.33742164
     5   25 Mn  -0.10016293E-01     -6.28531873
     6   25 Mn  -0.10016293E-01     -6.28531873
     7   25 Mn  -0.10016293E-01     -6.28531870
     8   25 Mn  -0.10016293E-01     -6.28531876
     9   25 Mn  -0.10121533E-01     -6.35135816
    10   25 Mn  -0.10121534E-01     -6.35135818
    11   25 Mn  -0.10121534E-01     -6.35135820
    12   25 Mn  -0.10121533E-01     -6.35135814
    13   25 Mn  -0.10010840E-01     -6.28189684
    14   25 Mn  -0.10010840E-01     -6.28189688
    15   25 Mn  -0.10010840E-01     -6.28189685
    16   25 Mn  -0.10010840E-01     -6.28189687
    17   25 Mn  -0.10160938E-01     -6.37608472
    18   25 Mn  -0.10160938E-01     -6.37608466
    19   25 Mn  -0.10160938E-01     -6.37608467
    20   25 Mn  -0.10160938E-01     -6.37608471
    21   25 Mn  -0.99641365E-02     -6.25259007
    22   25 Mn  -0.99641365E-02     -6.25259008
    23   25 Mn  -0.99641365E-02     -6.25259006
    24   25 Mn  -0.99641365E-02     -6.25259008
    25   25 Mn  -0.10167770E-01     -6.38037198
    26   25 Mn  -0.10167770E-01     -6.38037202
    27   25 Mn  -0.10167770E-01     -6.38037203
    28   25 Mn  -0.10167770E-01     -6.38037197
    29   25 Mn  -0.99951374E-02     -6.27204338
    30   25 Mn  -0.99951374E-02     -6.27204338
    31   14 Si  -0.58820872E-02     -3.69106543
    32   14 Si  -0.58820872E-02     -3.69106544
    33   14 Si  -0.58820787E-02     -3.69106010
    34   14 Si  -0.58820787E-02     -3.69106008
    35   14 Si  -0.60177654E-02     -3.77620477
    36   14 Si  -0.60177737E-02     -3.77621002
    37   14 Si  -0.60177737E-02     -3.77621003
    38   14 Si  -0.60177579E-02     -3.77620007
    39   14 Si  -0.60177813E-02     -3.77621476
    40   14 Si  -0.60177813E-02     -3.77621475
    41   14 Si  -0.60177579E-02     -3.77620007
    42   14 Si  -0.60177654E-02     -3.77620479
    43   14 Si  -0.63514546E-02     -3.98559791
    44   14 Si  -0.63514813E-02     -3.98561472
    45   14 Si  -0.63514813E-02     -3.98561471
    46   14 Si  -0.63514684E-02     -3.98560658
    47   14 Si  -0.63514675E-02     -3.98560606
    48   14 Si  -0.63514676E-02     -3.98560608
    49   14 Si  -0.63514684E-02     -3.98560658
    50   14 Si  -0.63514545E-02     -3.98559790
    51   14 Si  -0.65825432E-02     -4.13060823
    52   14 Si  -0.65825460E-02     -4.13060997
    53   14 Si  -0.65825459E-02     -4.13060991
    54   14 Si  -0.65825328E-02     -4.13060172
    55   14 Si  -0.65825564E-02     -4.13061651
    56   14 Si  -0.65825563E-02     -4.13061643
    57   14 Si  -0.65825330E-02     -4.13060179
    58   14 Si  -0.65825433E-02     -4.13060830
    59   14 Si  -0.64966824E-02     -4.07672974
    60   14 Si  -0.64966895E-02     -4.07673420
    61   14 Si  -0.59404800E-02     -3.72770750
    62   14 Si  -0.59404743E-02     -3.72770390
    63   14 Si  -0.59404889E-02     -3.72771305
    64   14 Si  -0.59404823E-02     -3.72770894
    65   14 Si  -0.59404809E-02     -3.72770803
    66   14 Si  -0.59404832E-02     -3.72770946
    67   14 Si  -0.59404819E-02     -3.72770870
    68   14 Si  -0.59404812E-02     -3.72770824
    69   14 Si  -0.61818272E-02     -3.87915511
    70   14 Si  -0.61818212E-02     -3.87915134
    71   14 Si  -0.61818287E-02     -3.87915606
    72   14 Si  -0.61818342E-02     -3.87915951
    73   14 Si  -0.61818156E-02     -3.87914788
    74   14 Si  -0.61818226E-02     -3.87915225
    75   14 Si  -0.61818288E-02     -3.87915613
    76   14 Si  -0.61818210E-02     -3.87915124
    77   14 Si  -0.64966798E-02     -4.07672809
    78   14 Si  -0.64966806E-02     -4.07672863
    79   14 Si  -0.64966913E-02     -4.07673534
    80   14 Si  -0.64966887E-02     -4.07673368
    81   14 Si  -0.64966833E-02     -4.07673030
    82   14 Si  -0.64966921E-02     -4.07673586
--------------------------------------------------

Dispersion energy:      -6.2624814214585E-01 Eh

[Info] Dispersion energy written to .EDISP
