-----------------------------------
 s i m p l e   D F T - D 3  v1.2.1
-----------------------------------

Zero (Chai-Head-Gordon) damping: pbe-D3(0)
--------------------
  s6         1.0000
  s8         0.7220
  s9         0.0000
 rs6         1.2170
 rs8         1.0000
 alp        14.0000
--------------------

Atomic radii (in Angstrom):
-------------------------------------------
   Z          R(cov)     R(vdw)      r4/r2
-------------------------------------------
  25 Mn       1.4267     1.7731     3.0718
  14 Si       1.3867     1.8959     2.5839
-------------------------------------------

Atomic reference systems (in atomic units):
----------------------------------------------------------------------------
   Z        #      CN    C6(AA)   #      CN    C6(AA)   #      CN    C6(AA)
----------------------------------------------------------------------------
  25 Mn     1  0.0000  802.7484   2  1.6406  239.5554   3  9.8849  113.8463
  14 Si     1  0.0000  317.8574   2  0.9507  270.2650   3  1.9435  233.1254
            4  2.9407  221.5046   5  3.8677  149.7734
----------------------------------------------------------------------------

Dispersion properties (in atomic units):
--------------------------------------------------------
     #    Z                CN       C6(AA)       C8(AA)
--------------------------------------------------------
     1   25 Mn         0.0036     802.7315   81148.9289
     2   25 Mn         0.0036     802.7315   81148.9289
     3   25 Mn         0.0036     802.7315   81148.9289
     4   25 Mn         0.0036     802.7315   81148.9289
     5   25 Mn         0.0035     802.7315   81148.9300
     6   25 Mn         0.0035     802.7315   81148.9300
     7   25 Mn         0.0035     802.7315   81148.9300
     8   25 Mn         0.0035     802.7315   81148.9300
     9   25 Mn         0.0036     802.7315   81148.9291
    10   25 Mn         0.0036     802.7315   81148.9291
    11   25 Mn         0.0036     802.7315   81148.9291
    12   25 Mn         0.0036     802.7315   81148.9291
    13   25 Mn         0.0035     802.7315   81148.9303
    14   25 Mn         0.0035     802.7315   81148.9303
    15   25 Mn         0.0035     802.7315   81148.9303
    16   25 Mn         0.0035     802.7315   81148.9303
    17   25 Mn         0.0036     802.7315   81148.9297
    18   25 Mn         0.0036     802.7315   81148.9297
    19   25 Mn         0.0036     802.7315   81148.9297
    20   25 Mn         0.0036     802.7315   81148.9297
    21   25 Mn         0.0035     802.7315   81148.9309
    22   25 Mn         0.0035     802.7315   81148.9309
    23   25 Mn         0.0035     802.7315   81148.9309
    24   25 Mn         0.0035     802.7315   81148.9309
    25   25 Mn         0.0035     802.7315   81148.9307
    26   25 Mn         0.0035     802.7315   81148.9307
    27   25 Mn         0.0035     802.7315   81148.9307
    28   25 Mn         0.0035     802.7315   81148.9307
    29   25 Mn         0.0035     802.7315   81148.9306
    30   25 Mn         0.0035     802.7315   81148.9306
    31   14 Si         0.0027     316.5302   22640.3405
    32   14 Si         0.0027     316.5302   22640.3405
    33   14 Si         0.0027     316.5302   22640.3405
    34   14 Si         0.0027     316.5302   22640.3405
    35   14 Si         0.0028     316.5292   22640.2750
    36   14 Si         0.0028     316.5292   22640.2750
    37   14 Si         0.0028     316.5292   22640.2750
    38   14 Si         0.0028     316.5292   22640.2750
    39   14 Si         0.0028     316.5292   22640.2750
    40   14 Si         0.0028     316.5292   22640.2750
    41   14 Si         0.0028     316.5292   22640.2750
    42   14 Si         0.0028     316.5292   22640.2750
    43   14 Si         0.0031     316.5262   22640.0586
    44   14 Si         0.0031     316.5262   22640.0586
    45   14 Si         0.0031     316.5262   22640.0586
    46   14 Si         0.0031     316.5262   22640.0586
    47   14 Si         0.0031     316.5262   22640.0586
    48   14 Si         0.0031     316.5262   22640.0586
    49   14 Si         0.0031     316.5262   22640.0586
    50   14 Si         0.0031     316.5262   22640.0586
    51   14 Si         0.0033     316.5235   22639.8639
    52   14 Si         0.0033     316.5235   22639.8639
    53   14 Si         0.0033     316.5235   22639.8639
    54   14 Si         0.0033     316.5235   22639.8639
    55   14 Si         0.0033     316.5235   22639.8639
    56   14 Si         0.0033     316.5235   22639.8639
    57   14 Si         0.0033     316.5235   22639.8639
    58   14 Si         0.0033     316.5235   22639.8639
    59   14 Si         0.0032     316.5246   22639.9438
    60   14 Si         0.0032     316.5246   22639.9438
    61   14 Si         0.0027     316.5297   22640.3071
    62   14 Si         0.0027     316.5297   22640.3071
    63   14 Si         0.0027     316.5297   22640.3071
    64   14 Si         0.0027     316.5297   22640.3071
    65   14 Si         0.0027     316.5297   22640.3071
    66   14 Si         0.0027     316.5297   22640.3071
    67   14 Si         0.0027     316.5297   22640.3071
    68   14 Si         0.0027     316.5297   22640.3071
    69   14 Si         0.0029     316.5279   22640.1777
    70   14 Si         0.0029     316.5279   22640.1777
    71   14 Si         0.0029     316.5279   22640.1777
    72   14 Si         0.0029     316.5279   22640.1777
    73   14 Si         0.0029     316.5279   22640.1777
    74   14 Si         0.0029     316.5279   22640.1777
    75   14 Si         0.0029     316.5279   22640.1777
    76   14 Si         0.0029     316.5279   22640.1777
    77   14 Si         0.0032     316.5246   22639.9438
    78   14 Si         0.0032     316.5246   22639.9438
    79   14 Si         0.0032     316.5246   22639.9438
    80   14 Si         0.0032     316.5246   22639.9438
    81   14 Si         0.0032     316.5246   22639.9438
    82   14 Si         0.0032     316.5246   22639.9438
--------------------------------------------------------

Atom-resolved dispersion energies:
--------------------------------------------------
     #    Z           [Hartree]      [kcal/mol]
--------------------------------------------------
     1   25 Mn  -0.28159364E-02     -1.76702680
     2   25 Mn  -0.28159363E-02     -1.76702673
     3   25 Mn  -0.28159364E-02     -1.76702675
     4   25 Mn  -0.28159364E-02     -1.76702678
     5   25 Mn  -0.27936690E-02     -1.75305379
     6   25 Mn  -0.27936690E-02     -1.75305377
     7   25 Mn  -0.27936690E-02     -1.75305375
     8   25 Mn  -0.27936691E-02     -1.75305380
     9   25 Mn  -0.28050430E-02     -1.76019104
    10   25 Mn  -0.28050431E-02     -1.76019109
    11   25 Mn  -0.28050431E-02     -1.76019111
    12   25 Mn  -0.28050430E-02     -1.76019103
    13   25 Mn  -0.27943796E-02     -1.75349965
    14   25 Mn  -0.27943796E-02     -1.75349968
    15   25 Mn  -0.27943796E-02     -1.75349967
    16   25 Mn  -0.27943796E-02     -1.75349966
    17   25 Mn  -0.27923682E-02     -1.75223748
    18   25 Mn  -0.27923680E-02     -1.75223740
    19   25 Mn  -0.27923681E-02     -1.75223741
    20   25 Mn  -0.27923682E-02     -1.75223747
    21   25 Mn  -0.27782201E-02     -1.74335944
    22   25 Mn  -0.27782201E-02     -1.74335945
    23   25 Mn  -0.27782201E-02     -1.74335944
    24   25 Mn  -0.27782201E-02     -1.74335945
    25   25 Mn  -0.27705931E-02     -1.73857344
    26   25 Mn  -0.27705932E-02     -1.73857351
    27   25 Mn  -0.27705932E-02     -1.73857351
    28   25 Mn  -0.27705931E-02     -1.73857343
    29   25 Mn  -0.27912901E-02     -1.75156099
    30   25 Mn  -0.27912901E-02     -1.75156099
    31   14 Si  -0.17275833E-02     -1.08407492
    32   14 Si  -0.17275833E-02     -1.08407492
    33   14 Si  -0.17275801E-02     -1.08407285
    34   14 Si  -0.17275800E-02     -1.08407285
    35   14 Si  -0.17763220E-02     -1.11465886
    36   14 Si  -0.17763262E-02     -1.11466154
    37   14 Si  -0.17763262E-02     -1.11466154
    38   14 Si  -0.17763179E-02     -1.11465630
    39   14 Si  -0.17763304E-02     -1.11466414
    40   14 Si  -0.17763304E-02     -1.11466413
    41   14 Si  -0.17763179E-02     -1.11465630
    42   14 Si  -0.17763220E-02     -1.11465887
    43   14 Si  -0.19327723E-02     -1.21283291
    44   14 Si  -0.19327855E-02     -1.21284122
    45   14 Si  -0.19327855E-02     -1.21284122
    46   14 Si  -0.19327790E-02     -1.21283716
    47   14 Si  -0.19327788E-02     -1.21283702
    48   14 Si  -0.19327788E-02     -1.21283702
    49   14 Si  -0.19327790E-02     -1.21283716
    50   14 Si  -0.19327723E-02     -1.21283291
    51   14 Si  -0.20594612E-02     -1.29233140
    52   14 Si  -0.20594601E-02     -1.29233072
    53   14 Si  -0.20594601E-02     -1.29233071
    54   14 Si  -0.20594540E-02     -1.29232690
    55   14 Si  -0.20594674E-02     -1.29233530
    56   14 Si  -0.20594674E-02     -1.29233528
    57   14 Si  -0.20594540E-02     -1.29232691
    58   14 Si  -0.20594612E-02     -1.29233142
    59   14 Si  -0.20100525E-02     -1.26132696
    60   14 Si  -0.20100548E-02     -1.26132843
    61   14 Si  -0.17505754E-02     -1.09850264
    62   14 Si  -0.17505723E-02     -1.09850068
    63   14 Si  -0.17505797E-02     -1.09850535
    64   14 Si  -0.17505766E-02     -1.09850338
    65   14 Si  -0.17505754E-02     -1.09850266
    66   14 Si  -0.17505766E-02     -1.09850338
    67   14 Si  -0.17505761E-02     -1.09850310
    68   14 Si  -0.17505758E-02     -1.09850291
    69   14 Si  -0.18487351E-02     -1.16009878
    70   14 Si  -0.18487321E-02     -1.16009693
    71   14 Si  -0.18487357E-02     -1.16009916
    72   14 Si  -0.18487387E-02     -1.16010107
    73   14 Si  -0.18487291E-02     -1.16009502
    74   14 Si  -0.18487327E-02     -1.16009726
    75   14 Si  -0.18487359E-02     -1.16009926
    76   14 Si  -0.18487319E-02     -1.16009678
    77   14 Si  -0.20100512E-02     -1.26132616
    78   14 Si  -0.20100506E-02     -1.26132577
    79   14 Si  -0.20100568E-02     -1.26132968
    80   14 Si  -0.20100555E-02     -1.26132889
    81   14 Si  -0.20100518E-02     -1.26132656
    82   14 Si  -0.20100561E-02     -1.26132922
--------------------------------------------------

Dispersion energy:      -1.8171716238815E-01 Eh

[Info] Dispersion energy written to .EDISP
