-----------------------------------
 s i m p l e   D F T - D 3  v1.2.1
-----------------------------------

Zero (Chai-Head-Gordon) damping: pbe-D3(0)
--------------------
  s6         1.0000
  s8         0.7220
  s9         0.0000
 rs6         1.2170
 rs8         1.0000
 alp        14.0000
--------------------

Atomic radii (in Angstrom):
-------------------------------------------
   Z          R(cov)     R(vdw)      r4/r2
-------------------------------------------
  25 Mn       1.4267     1.7731     3.0718
  14 Si       1.3867     1.8959     2.5839
-------------------------------------------

Atomic reference systems (in atomic units):
----------------------------------------------------------------------------
   Z        #      CN    C6(AA)   #      CN    C6(AA)   #      CN    C6(AA)
----------------------------------------------------------------------------
  25 Mn     1  0.0000  802.7484   2  1.6406  239.5554   3  9.8849  113.8463
  14 Si     1  0.0000  317.8574   2  0.9507  270.2650   3  1.9435  233.1254
            4  2.9407  221.5046   5  3.8677  149.7734
----------------------------------------------------------------------------

Dispersion properties (in atomic units):
--------------------------------------------------------
     #    Z                CN       C6(AA)       C8(AA)
--------------------------------------------------------
     1   25 Mn         0.4199     798.7802   80749.4874
     2   25 Mn         0.4199     798.7802   80749.4879
     3   25 Mn         0.4199     798.7802   80749.4878
     4   25 Mn         0.4199     798.7802   80749.4875
     5   25 Mn         0.4090     799.3077   80802.8142
     6   25 Mn         0.4090     799.3077   80802.8144
     7   25 Mn         0.4090     799.3077   80802.8145
     8   25 Mn         0.4090     799.3077   80802.8141
     9   25 Mn         0.4195     798.8059   80752.0853
    10   25 Mn         0.4195     798.8059   80752.0848
    11   25 Mn         0.4195     798.8059   80752.0847
    12   25 Mn         0.4195     798.8059   80752.0854
    13   25 Mn         0.4024     799.5908   80831.4379
    14   25 Mn         0.4024     799.5908   80831.4377
    15   25 Mn         0.4024     799.5908   80831.4377
    16   25 Mn         0.4024     799.5908   80831.4378
    17   25 Mn         0.4150     799.0305   80774.7888
    18   25 Mn         0.4150     799.0305   80774.7894
    19   25 Mn         0.4150     799.0305   80774.7894
    20   25 Mn         0.4150     799.0305   80774.7889
    21   25 Mn         0.3942     799.9119   80863.8965
    22   25 Mn         0.3942     799.9119   80863.8965
    23   25 Mn         0.3942     799.9119   80863.8966
    24   25 Mn         0.3942     799.9119   80863.8965
    25   25 Mn         0.4068     799.4038   80812.5333
    26   25 Mn         0.4068     799.4038   80812.5328
    27   25 Mn         0.4068     799.4038   80812.5328
    28   25 Mn         0.4068     799.4038   80812.5333
    29   25 Mn         0.3973     799.7956   80852.1390
    30   25 Mn         0.3973     799.7956   80852.1390
    31   14 Si         0.2594     309.8506   22162.5773
    32   14 Si         0.2594     309.8506   22162.5773
    33   14 Si         0.2594     309.8507   22162.5797
    34   14 Si         0.2594     309.8507   22162.5797
    35   14 Si         0.2684     309.3865   22129.3807
    36   14 Si         0.2684     309.3864   22129.3739
    37   14 Si         0.2684     309.3864   22129.3739
    38   14 Si         0.2684     309.3866   22129.3876
    39   14 Si         0.2684     309.3863   22129.3668
    40   14 Si         0.2684     309.3863   22129.3668
    41   14 Si         0.2684     309.3866   22129.3876
    42   14 Si         0.2684     309.3865   22129.3807
    43   14 Si         0.3166     306.5258   21924.7598
    44   14 Si         0.3166     306.5254   21924.7368
    45   14 Si         0.3166     306.5254   21924.7368
    46   14 Si         0.3166     306.5256   21924.7488
    47   14 Si         0.3166     306.5256   21924.7472
    48   14 Si         0.3166     306.5256   21924.7472
    49   14 Si         0.3166     306.5256   21924.7489
    50   14 Si         0.3166     306.5258   21924.7598
    51   14 Si         0.3668     302.9047   21665.7562
    52   14 Si         0.3668     302.9048   21665.7651
    53   14 Si         0.3668     302.9048   21665.7651
    54   14 Si         0.3668     302.9050   21665.7809
    55   14 Si         0.3668     302.9045   21665.7396
    56   14 Si         0.3668     302.9045   21665.7396
    57   14 Si         0.3668     302.9050   21665.7809
    58   14 Si         0.3668     302.9047   21665.7563
    59   14 Si         0.3454     304.5277   21781.8441
    60   14 Si         0.3454     304.5277   21781.8436
    61   14 Si         0.2646     309.5839   22143.4998
    62   14 Si         0.2646     309.5840   22143.5041
    63   14 Si         0.2646     309.5838   22143.4941
    64   14 Si         0.2646     309.5839   22143.4983
    65   14 Si         0.2646     309.5839   22143.4999
    66   14 Si         0.2646     309.5839   22143.4986
    67   14 Si         0.2646     309.5839   22143.4985
    68   14 Si         0.2646     309.5839   22143.4998
    69   14 Si         0.2886     308.2608   22048.8627
    70   14 Si         0.2886     308.2609   22048.8694
    71   14 Si         0.2886     308.2608   22048.8617
    72   14 Si         0.2886     308.2607   22048.8558
    73   14 Si         0.2886     308.2610   22048.8753
    74   14 Si         0.2886     308.2609   22048.8689
    75   14 Si         0.2886     308.2608   22048.8629
    76   14 Si         0.2886     308.2609   22048.8686
    77   14 Si         0.3454     304.5277   21781.8464
    78   14 Si         0.3454     304.5278   21781.8525
    79   14 Si         0.3454     304.5276   21781.8345
    80   14 Si         0.3454     304.5276   21781.8368
    81   14 Si         0.3454     304.5278   21781.8502
    82   14 Si         0.3454     304.5277   21781.8413
--------------------------------------------------------

Atom-resolved dispersion energies:
--------------------------------------------------
     #    Z           [Hartree]      [kcal/mol]
--------------------------------------------------
     1   25 Mn  -0.21163493E-01    -13.28029253
     2   25 Mn  -0.21163494E-01    -13.28029273
     3   25 Mn  -0.21163494E-01    -13.28029274
     4   25 Mn  -0.21163493E-01    -13.28029252
     5   25 Mn  -0.20864654E-01    -13.09276833
     6   25 Mn  -0.20864655E-01    -13.09276845
     7   25 Mn  -0.20864655E-01    -13.09276845
     8   25 Mn  -0.20864654E-01    -13.09276832
     9   25 Mn  -0.21583098E-01    -13.54359861
    10   25 Mn  -0.21583098E-01    -13.54359828
    11   25 Mn  -0.21583098E-01    -13.54359830
    12   25 Mn  -0.21583098E-01    -13.54359859
    13   25 Mn  -0.20683072E-01    -12.97882388
    14   25 Mn  -0.20683072E-01    -12.97882382
    15   25 Mn  -0.20683072E-01    -12.97882383
    16   25 Mn  -0.20683072E-01    -12.97882387
    17   25 Mn  -0.22063350E-01    -13.84496129
    18   25 Mn  -0.22063351E-01    -13.84496166
    19   25 Mn  -0.22063351E-01    -13.84496169
    20   25 Mn  -0.22063350E-01    -13.84496126
    21   25 Mn  -0.20559818E-01    -12.90148036
    22   25 Mn  -0.20559818E-01    -12.90148037
    23   25 Mn  -0.20559818E-01    -12.90148037
    24   25 Mn  -0.20559818E-01    -12.90148036
    25   25 Mn  -0.22454166E-01    -14.09020206
    26   25 Mn  -0.22454165E-01    -14.09020156
    27   25 Mn  -0.22454165E-01    -14.09020157
    28   25 Mn  -0.22454166E-01    -14.09020205
    29   25 Mn  -0.20526684E-01    -12.88068896
    30   25 Mn  -0.20526684E-01    -12.88068896
    31   14 Si  -0.10741653E-01     -6.74048912
    32   14 Si  -0.10741653E-01     -6.74048913
    33   14 Si  -0.10741659E-01     -6.74049276
    34   14 Si  -0.10741659E-01     -6.74049279
    35   14 Si  -0.10975886E-01     -6.88747227
    36   14 Si  -0.10975872E-01     -6.88746360
    37   14 Si  -0.10975872E-01     -6.88746361
    38   14 Si  -0.10975902E-01     -6.88748235
    39   14 Si  -0.10975856E-01     -6.88745336
    40   14 Si  -0.10975856E-01     -6.88745338
    41   14 Si  -0.10975902E-01     -6.88748234
    42   14 Si  -0.10975886E-01     -6.88747226
    43   14 Si  -0.10933063E-01     -6.86060085
    44   14 Si  -0.10933022E-01     -6.86057462
    45   14 Si  -0.10933022E-01     -6.86057467
    46   14 Si  -0.10933039E-01     -6.86058538
    47   14 Si  -0.10933046E-01     -6.86058985
    48   14 Si  -0.10933046E-01     -6.86058989
    49   14 Si  -0.10933039E-01     -6.86058535
    50   14 Si  -0.10933063E-01     -6.86060079
    51   14 Si  -0.10626853E-01     -6.66845089
    52   14 Si  -0.10626861E-01     -6.66845596
    53   14 Si  -0.10626860E-01     -6.66845563
    54   14 Si  -0.10626877E-01     -6.66846579
    55   14 Si  -0.10626837E-01     -6.66844079
    56   14 Si  -0.10626836E-01     -6.66844048
    57   14 Si  -0.10626877E-01     -6.66846610
    58   14 Si  -0.10626853E-01     -6.66845122
    59   14 Si  -0.10764628E-01     -6.75490618
    60   14 Si  -0.10764629E-01     -6.75490662
    61   14 Si  -0.10797166E-01     -6.77532414
    62   14 Si  -0.10797183E-01     -6.77533463
    63   14 Si  -0.10797154E-01     -6.77531630
    64   14 Si  -0.10797164E-01     -6.77532283
    65   14 Si  -0.10797173E-01     -6.77532808
    66   14 Si  -0.10797171E-01     -6.77532685
    67   14 Si  -0.10797172E-01     -6.77532773
    68   14 Si  -0.10797165E-01     -6.77532328
    69   14 Si  -0.11029656E-01     -6.92121374
    70   14 Si  -0.11029662E-01     -6.92121751
    71   14 Si  -0.11029658E-01     -6.92121513
    72   14 Si  -0.11029645E-01     -6.92120673
    73   14 Si  -0.11029676E-01     -6.92122590
    74   14 Si  -0.11029665E-01     -6.92121908
    75   14 Si  -0.11029654E-01     -6.92121213
    76   14 Si  -0.11029667E-01     -6.92122069
    77   14 Si  -0.10764633E-01     -6.75490911
    78   14 Si  -0.10764640E-01     -6.75491386
    79   14 Si  -0.10764616E-01     -6.75489870
    80   14 Si  -0.10764621E-01     -6.75490152
    81   14 Si  -0.10764636E-01     -6.75491105
    82   14 Si  -0.10764624E-01     -6.75490371
--------------------------------------------------

Dispersion energy:      -1.2025244840542E+00 Eh

[Info] Dispersion energy written to .EDISP
