-----------------------------------
 s i m p l e   D F T - D 3  v1.2.1
-----------------------------------

Zero (Chai-Head-Gordon) damping: pbe-D3(0)
--------------------
  s6         1.0000
  s8         0.7220
  s9         0.0000
 rs6         1.2170
 rs8         1.0000
 alp        14.0000
--------------------

Atomic radii (in Angstrom):
-------------------------------------------
   Z          R(cov)     R(vdw)      r4/r2
-------------------------------------------
   3 Li       1.6000     1.7478     2.6564
  50 Sn       1.6800     2.0937     3.4228
-------------------------------------------

Atomic reference systems (in atomic units):
----------------------------------------------------------------------------
   Z        #      CN    C6(AA)   #      CN    C6(AA)   #      CN    C6(AA)
----------------------------------------------------------------------------
   3 Li     1  0.0000 1163.4454   2  0.9865   85.3197
  50 Sn     1  0.0000  627.5677   2  0.9514  542.0439   3  1.9505  505.4148
            4  2.9259  409.1453   5  3.9123  336.1020
----------------------------------------------------------------------------

Dispersion properties (in atomic units):
--------------------------------------------------------
     #    Z                CN       C6(AA)       C8(AA)
--------------------------------------------------------
     1    3 Li         0.0561    1109.8643   83902.7063
     2    3 Li         0.0561    1109.8643   83902.7064
     3    3 Li         0.0561    1109.8643   83902.7064
     4    3 Li         0.0561    1109.8643   83902.7064
     5    3 Li         0.0637    1106.7033   83663.7395
     6    3 Li         0.0637    1106.7033   83663.7396
     7    3 Li         0.0637    1106.7033   83663.7396
     8    3 Li         0.0637    1106.7033   83663.7396
     9    3 Li         0.0499    1112.3322   84089.2683
    10    3 Li         0.0499    1112.3322   84089.2684
    11    3 Li         0.0499    1112.3322   84089.2684
    12    3 Li         0.0499    1112.3322   84089.2684
    13    3 Li         0.0565    1109.6844   83889.1044
    14    3 Li         0.0565    1109.6844   83889.1044
    15    3 Li         0.0565    1109.6844   83889.1044
    16    3 Li         0.0565    1109.6844   83889.1044
    17    3 Li         0.0451    1114.1599   84227.4400
    18    3 Li         0.0451    1114.1599   84227.4402
    19    3 Li         0.0451    1114.1599   84227.4400
    20    3 Li         0.0451    1114.1599   84227.4402
    21    3 Li         0.0451    1114.1599   84227.4400
    22    3 Li         0.0451    1114.1599   84227.4402
    23    3 Li         0.0851    1096.8262   82917.0567
    24    3 Li         0.0483    1112.9300   84134.4641
    25    3 Li         0.0483    1112.9300   84134.4642
    26    3 Li         0.0483    1112.9300   84134.4642
    27    3 Li         0.0483    1112.9300   84134.4641
    28    3 Li         0.0483    1112.9300   84134.4642
    29    3 Li         0.0483    1112.9300   84134.4642
    30    3 Li         0.0483    1112.9300   84134.4642
    31    3 Li         0.0483    1112.9300   84134.4642
    32    3 Li         0.0483    1112.9300   84134.4641
    33    3 Li         0.0483    1112.9300   84134.4642
    34    3 Li         0.0483    1112.9300   84134.4642
    35    3 Li         0.0483    1112.9300   84134.4642
    36    3 Li         0.0434    1114.7862   84274.7867
    37    3 Li         0.0434    1114.7862   84274.7868
    38    3 Li         0.0434    1114.7862   84274.7867
    39    3 Li         0.0434    1114.7862   84274.7868
    40    3 Li         0.0434    1114.7862   84274.7867
    41    3 Li         0.0434    1114.7862   84274.7868
    42    3 Li         0.0692    1104.2854   83480.9545
    43    3 Li         0.0493    1112.5313   84104.3246
    44    3 Li         0.0493    1112.5313   84104.3244
    45    3 Li         0.0493    1112.5313   84104.3245
    46    3 Li         0.0493    1112.5313   84104.3246
    47    3 Li         0.0493    1112.5313   84104.3245
    48    3 Li         0.0493    1112.5313   84104.3244
    49    3 Li         0.0493    1112.5313   84104.3245
    50    3 Li         0.0493    1112.5313   84104.3245
    51    3 Li         0.0493    1112.5313   84104.3246
    52    3 Li         0.0493    1112.5313   84104.3245
    53    3 Li         0.0493    1112.5313   84104.3245
    54    3 Li         0.0493    1112.5313   84104.3244
    55    3 Li         0.0489    1112.6939   84116.6163
    56    3 Li         0.0489    1112.6939   84116.6164
    57    3 Li         0.0489    1112.6939   84116.6164
    58    3 Li         0.0489    1112.6939   84116.6164
    59    3 Li         0.0468    1113.5095   84178.2699
    60    3 Li         0.0468    1113.5095   84178.2700
    61    3 Li         0.0468    1113.5095   84178.2698
    62    3 Li         0.0468    1113.5095   84178.2699
    63    3 Li         0.0468    1113.5095   84178.2698
    64    3 Li         0.0468    1113.5095   84178.2700
    65    3 Li         0.0468    1113.5095   84178.2698
    66    3 Li         0.0468    1113.5095   84178.2698
    67    3 Li         0.0468    1113.5095   84178.2699
    68    3 Li         0.0468    1113.5095   84178.2698
    69    3 Li         0.0468    1113.5095   84178.2698
    70    3 Li         0.0468    1113.5095   84178.2700
    71    3 Li         0.0468    1113.4882   84176.6625
    72    3 Li         0.0468    1113.4882   84176.6624
    73    3 Li         0.0468    1113.4882   84176.6625
    74    3 Li         0.0468    1113.4882   84176.6625
    75    3 Li         0.0468    1113.4882   84176.6625
    76    3 Li         0.0468    1113.4882   84176.6624
    77    3 Li         0.0468    1113.4882   84176.6625
    78    3 Li         0.0468    1113.4882   84176.6625
    79    3 Li         0.0468    1113.4882   84176.6625
    80    3 Li         0.0468    1113.4882   84176.6625
    81    3 Li         0.0468    1113.4882   84176.6625
    82    3 Li         0.0468    1113.4882   84176.6624
    83    3 Li         0.0707    1103.6433   83432.4129
    84    3 Li         0.0919    1093.3352   82653.1520
    85    3 Li         0.0590    1108.6575   83811.4720
    86    3 Li         0.0590    1108.6575   83811.4720
    87    3 Li         0.0590    1108.6575   83811.4720
    88    3 Li         0.0590    1108.6575   83811.4720
    89   50 Sn         0.0544     624.0878   78329.9446
    90   50 Sn         0.0544     624.0878   78329.9446
    91   50 Sn         0.0544     624.0878   78329.9446
    92   50 Sn         0.0544     624.0878   78329.9446
    93   50 Sn         0.0537     624.1058   78332.2016
    94   50 Sn         0.0537     624.1058   78332.2016
    95   50 Sn         0.0537     624.1058   78332.2016
    96   50 Sn         0.0537     624.1058   78332.2016
    97   50 Sn         0.0537     624.1058   78332.2016
    98   50 Sn         0.0537     624.1058   78332.2016
    99   50 Sn         0.0537     624.1035   78331.9170
   100   50 Sn         0.0537     624.1035   78331.9170
   101   50 Sn         0.0537     624.1035   78331.9170
   102   50 Sn         0.0537     624.1035   78331.9170
   103   50 Sn         0.0537     624.1035   78331.9170
   104   50 Sn         0.0537     624.1035   78331.9170
   105   50 Sn         0.0598     623.9462   78312.1777
   106   50 Sn         0.0598     623.9462   78312.1777
   107   50 Sn         0.0598     623.9462   78312.1777
   108   50 Sn         0.0598     623.9462   78312.1777
--------------------------------------------------------

Atom-resolved dispersion energies:
--------------------------------------------------
     #    Z           [Hartree]      [kcal/mol]
--------------------------------------------------
     1    3 Li  -0.12495169E-01     -7.84083694
     2    3 Li  -0.12495169E-01     -7.84083679
     3    3 Li  -0.12495169E-01     -7.84083679
     4    3 Li  -0.12495169E-01     -7.84083679
     5    3 Li  -0.12427436E-01     -7.79833399
     6    3 Li  -0.12427436E-01     -7.79833375
     7    3 Li  -0.12427436E-01     -7.79833375
     8    3 Li  -0.12427436E-01     -7.79833375
     9    3 Li  -0.12450507E-01     -7.81281110
    10    3 Li  -0.12450507E-01     -7.81281105
    11    3 Li  -0.12450507E-01     -7.81281105
    12    3 Li  -0.12450507E-01     -7.81281105
    13    3 Li  -0.12679748E-01     -7.95666229
    14    3 Li  -0.12679749E-01     -7.95666235
    15    3 Li  -0.12679749E-01     -7.95666235
    16    3 Li  -0.12679749E-01     -7.95666235
    17    3 Li  -0.12074207E-01     -7.57667935
    18    3 Li  -0.12074207E-01     -7.57667917
    19    3 Li  -0.12074207E-01     -7.57667935
    20    3 Li  -0.12074207E-01     -7.57667917
    21    3 Li  -0.12074207E-01     -7.57667935
    22    3 Li  -0.12074207E-01     -7.57667917
    23    3 Li  -0.12826857E-01     -8.04897421
    24    3 Li  -0.11991386E-01     -7.52470819
    25    3 Li  -0.11991386E-01     -7.52470822
    26    3 Li  -0.11991386E-01     -7.52470818
    27    3 Li  -0.11991386E-01     -7.52470819
    28    3 Li  -0.11991386E-01     -7.52470818
    29    3 Li  -0.11991386E-01     -7.52470822
    30    3 Li  -0.11991386E-01     -7.52470818
    31    3 Li  -0.11991386E-01     -7.52470818
    32    3 Li  -0.11991386E-01     -7.52470819
    33    3 Li  -0.11991386E-01     -7.52470818
    34    3 Li  -0.11991386E-01     -7.52470818
    35    3 Li  -0.11991386E-01     -7.52470822
    36    3 Li  -0.12041801E-01     -7.55634403
    37    3 Li  -0.12041801E-01     -7.55634392
    38    3 Li  -0.12041801E-01     -7.55634403
    39    3 Li  -0.12041801E-01     -7.55634392
    40    3 Li  -0.12041801E-01     -7.55634403
    41    3 Li  -0.12041801E-01     -7.55634392
    42    3 Li  -0.13588767E-01     -8.52707979
    43    3 Li  -0.12121238E-01     -7.60619199
    44    3 Li  -0.12121239E-01     -7.60619216
    45    3 Li  -0.12121238E-01     -7.60619198
    46    3 Li  -0.12121238E-01     -7.60619199
    47    3 Li  -0.12121238E-01     -7.60619198
    48    3 Li  -0.12121239E-01     -7.60619216
    49    3 Li  -0.12121238E-01     -7.60619198
    50    3 Li  -0.12121238E-01     -7.60619198
    51    3 Li  -0.12121238E-01     -7.60619199
    52    3 Li  -0.12121238E-01     -7.60619198
    53    3 Li  -0.12121238E-01     -7.60619198
    54    3 Li  -0.12121239E-01     -7.60619216
    55    3 Li  -0.11957771E-01     -7.50361472
    56    3 Li  -0.11957771E-01     -7.50361477
    57    3 Li  -0.11957771E-01     -7.50361477
    58    3 Li  -0.11957771E-01     -7.50361477
    59    3 Li  -0.11911220E-01     -7.47440316
    60    3 Li  -0.11911220E-01     -7.47440320
    61    3 Li  -0.11911220E-01     -7.47440337
    62    3 Li  -0.11911220E-01     -7.47440316
    63    3 Li  -0.11911220E-01     -7.47440337
    64    3 Li  -0.11911220E-01     -7.47440320
    65    3 Li  -0.11911220E-01     -7.47440337
    66    3 Li  -0.11911220E-01     -7.47440337
    67    3 Li  -0.11911220E-01     -7.47440316
    68    3 Li  -0.11911220E-01     -7.47440337
    69    3 Li  -0.11911220E-01     -7.47440337
    70    3 Li  -0.11911220E-01     -7.47440320
    71    3 Li  -0.12067836E-01     -7.57268157
    72    3 Li  -0.12067836E-01     -7.57268154
    73    3 Li  -0.12067836E-01     -7.57268154
    74    3 Li  -0.12067836E-01     -7.57268157
    75    3 Li  -0.12067836E-01     -7.57268154
    76    3 Li  -0.12067836E-01     -7.57268154
    77    3 Li  -0.12067836E-01     -7.57268154
    78    3 Li  -0.12067836E-01     -7.57268154
    79    3 Li  -0.12067836E-01     -7.57268157
    80    3 Li  -0.12067836E-01     -7.57268154
    81    3 Li  -0.12067836E-01     -7.57268154
    82    3 Li  -0.12067836E-01     -7.57268154
    83    3 Li  -0.13644701E-01     -8.56217908
    84    3 Li  -0.12739141E-01     -7.99393169
    85    3 Li  -0.12219319E-01     -7.66773818
    86    3 Li  -0.12219319E-01     -7.66773818
    87    3 Li  -0.12219319E-01     -7.66773818
    88    3 Li  -0.12219319E-01     -7.66773818
    89   50 Sn  -0.65236384E-02     -4.09364492
    90   50 Sn  -0.65236385E-02     -4.09364494
    91   50 Sn  -0.65236385E-02     -4.09364494
    92   50 Sn  -0.65236385E-02     -4.09364494
    93   50 Sn  -0.65762897E-02     -4.12668407
    94   50 Sn  -0.65762897E-02     -4.12668408
    95   50 Sn  -0.65762897E-02     -4.12668407
    96   50 Sn  -0.65762897E-02     -4.12668408
    97   50 Sn  -0.65762897E-02     -4.12668407
    98   50 Sn  -0.65762897E-02     -4.12668408
    99   50 Sn  -0.65240948E-02     -4.09393132
   100   50 Sn  -0.65240949E-02     -4.09393138
   101   50 Sn  -0.65240948E-02     -4.09393132
   102   50 Sn  -0.65240949E-02     -4.09393138
   103   50 Sn  -0.65240948E-02     -4.09393132
   104   50 Sn  -0.65240949E-02     -4.09393138
   105   50 Sn  -0.67832619E-02     -4.25656113
   106   50 Sn  -0.67832620E-02     -4.25656117
   107   50 Sn  -0.67832620E-02     -4.25656117
   108   50 Sn  -0.67832620E-02     -4.25656117
--------------------------------------------------

Dispersion energy:      -1.2033453848181E+00 Eh

[Info] Dispersion energy written to .EDISP
