-----------------------------------
 s i m p l e   D F T - D 3  v1.2.1
-----------------------------------

Zero (Chai-Head-Gordon) damping: pbe-D3(0)
--------------------
  s6         1.0000
  s8         0.7220
  s9         0.0000
 rs6         1.2170
 rs8         1.0000
 alp        14.0000
--------------------

Atomic radii (in Angstrom):
-------------------------------------------
   Z          R(cov)     R(vdw)      r4/r2
-------------------------------------------
   3 Li       1.6000     1.7478     2.6564
  50 Sn       1.6800     2.0937     3.4228
-------------------------------------------

Atomic reference systems (in atomic units):
----------------------------------------------------------------------------
   Z        #      CN    C6(AA)   #      CN    C6(AA)   #      CN    C6(AA)
----------------------------------------------------------------------------
   3 Li     1  0.0000 1163.4454   2  0.9865   85.3197
  50 Sn     1  0.0000  627.5677   2  0.9514  542.0439   3  1.9505  505.4148
            4  2.9259  409.1453   5  3.9123  336.1020
----------------------------------------------------------------------------

Dispersion properties (in atomic units):
--------------------------------------------------------
     #    Z                CN       C6(AA)       C8(AA)
--------------------------------------------------------
     1    3 Li         0.0148    1124.3121   84994.9152
     2    3 Li         0.0148    1124.3121   84994.9153
     3    3 Li         0.0148    1124.3121   84994.9153
     4    3 Li         0.0148    1124.3121   84994.9153
     5    3 Li         0.0164    1123.8091   84956.8926
     6    3 Li         0.0164    1123.8091   84956.8926
     7    3 Li         0.0164    1123.8091   84956.8926
     8    3 Li         0.0164    1123.8091   84956.8926
     9    3 Li         0.0135    1124.6924   85023.6680
    10    3 Li         0.0135    1124.6924   85023.6681
    11    3 Li         0.0135    1124.6924   85023.6681
    12    3 Li         0.0135    1124.6924   85023.6681
    13    3 Li         0.0147    1124.3443   84997.3483
    14    3 Li         0.0147    1124.3443   84997.3483
    15    3 Li         0.0147    1124.3443   84997.3483
    16    3 Li         0.0147    1124.3443   84997.3483
    17    3 Li         0.0125    1124.9965   85046.6582
    18    3 Li         0.0125    1124.9965   85046.6582
    19    3 Li         0.0125    1124.9965   85046.6582
    20    3 Li         0.0125    1124.9965   85046.6582
    21    3 Li         0.0125    1124.9965   85046.6582
    22    3 Li         0.0125    1124.9965   85046.6582
    23    3 Li         0.0208    1122.4594   84854.8572
    24    3 Li         0.0131    1124.8023   85031.9759
    25    3 Li         0.0131    1124.8023   85031.9759
    26    3 Li         0.0131    1124.8023   85031.9759
    27    3 Li         0.0131    1124.8023   85031.9759
    28    3 Li         0.0131    1124.8023   85031.9759
    29    3 Li         0.0131    1124.8023   85031.9759
    30    3 Li         0.0131    1124.8023   85031.9759
    31    3 Li         0.0131    1124.8023   85031.9759
    32    3 Li         0.0131    1124.8023   85031.9759
    33    3 Li         0.0131    1124.8023   85031.9759
    34    3 Li         0.0131    1124.8023   85031.9759
    35    3 Li         0.0131    1124.8023   85031.9759
    36    3 Li         0.0121    1125.1161   85055.6971
    37    3 Li         0.0121    1125.1161   85055.6971
    38    3 Li         0.0121    1125.1161   85055.6971
    39    3 Li         0.0121    1125.1161   85055.6971
    40    3 Li         0.0121    1125.1161   85055.6971
    41    3 Li         0.0121    1125.1161   85055.6971
    42    3 Li         0.0176    1123.4630   84930.7267
    43    3 Li         0.0133    1124.7466   85027.7667
    44    3 Li         0.0133    1124.7466   85027.7667
    45    3 Li         0.0133    1124.7466   85027.7667
    46    3 Li         0.0133    1124.7466   85027.7667
    47    3 Li         0.0133    1124.7466   85027.7667
    48    3 Li         0.0133    1124.7466   85027.7667
    49    3 Li         0.0133    1124.7466   85027.7667
    50    3 Li         0.0133    1124.7466   85027.7667
    51    3 Li         0.0133    1124.7466   85027.7667
    52    3 Li         0.0133    1124.7466   85027.7667
    53    3 Li         0.0133    1124.7466   85027.7667
    54    3 Li         0.0133    1124.7466   85027.7667
    55    3 Li         0.0132    1124.7692   85029.4702
    56    3 Li         0.0132    1124.7692   85029.4702
    57    3 Li         0.0132    1124.7692   85029.4702
    58    3 Li         0.0132    1124.7692   85029.4702
    59    3 Li         0.0127    1124.9241   85041.1813
    60    3 Li         0.0127    1124.9241   85041.1814
    61    3 Li         0.0127    1124.9241   85041.1813
    62    3 Li         0.0127    1124.9241   85041.1813
    63    3 Li         0.0127    1124.9241   85041.1813
    64    3 Li         0.0127    1124.9241   85041.1814
    65    3 Li         0.0127    1124.9241   85041.1813
    66    3 Li         0.0127    1124.9241   85041.1813
    67    3 Li         0.0127    1124.9241   85041.1813
    68    3 Li         0.0127    1124.9241   85041.1813
    69    3 Li         0.0127    1124.9241   85041.1813
    70    3 Li         0.0127    1124.9241   85041.1814
    71    3 Li         0.0127    1124.9191   85040.8022
    72    3 Li         0.0127    1124.9191   85040.8022
    73    3 Li         0.0127    1124.9191   85040.8022
    74    3 Li         0.0127    1124.9191   85040.8022
    75    3 Li         0.0127    1124.9191   85040.8022
    76    3 Li         0.0127    1124.9191   85040.8022
    77    3 Li         0.0127    1124.9191   85040.8022
    78    3 Li         0.0127    1124.9191   85040.8022
    79    3 Li         0.0127    1124.9191   85040.8022
    80    3 Li         0.0127    1124.9191   85040.8022
    81    3 Li         0.0127    1124.9191   85040.8022
    82    3 Li         0.0127    1124.9191   85040.8022
    83    3 Li         0.0179    1123.3808   84924.5119
    84    3 Li         0.0218    1122.1613   84832.3259
    85    3 Li         0.0153    1124.1460   84982.3570
    86    3 Li         0.0153    1124.1460   84982.3570
    87    3 Li         0.0153    1124.1460   84982.3570
    88    3 Li         0.0153    1124.1460   84982.3570
    89   50 Sn         0.0147     624.9676   78440.3732
    90   50 Sn         0.0147     624.9676   78440.3732
    91   50 Sn         0.0147     624.9676   78440.3732
    92   50 Sn         0.0147     624.9676   78440.3732
    93   50 Sn         0.0146     624.9697   78440.6382
    94   50 Sn         0.0146     624.9697   78440.6382
    95   50 Sn         0.0146     624.9697   78440.6382
    96   50 Sn         0.0146     624.9697   78440.6382
    97   50 Sn         0.0146     624.9697   78440.6382
    98   50 Sn         0.0146     624.9697   78440.6382
    99   50 Sn         0.0145     624.9702   78440.6944
   100   50 Sn         0.0145     624.9702   78440.6944
   101   50 Sn         0.0145     624.9702   78440.6944
   102   50 Sn         0.0145     624.9702   78440.6944
   103   50 Sn         0.0145     624.9702   78440.6944
   104   50 Sn         0.0145     624.9702   78440.6944
   105   50 Sn         0.0160     624.9424   78437.2116
   106   50 Sn         0.0160     624.9424   78437.2116
   107   50 Sn         0.0160     624.9424   78437.2116
   108   50 Sn         0.0160     624.9424   78437.2116
--------------------------------------------------------

Atom-resolved dispersion energies:
--------------------------------------------------
     #    Z           [Hartree]      [kcal/mol]
--------------------------------------------------
     1    3 Li  -0.65985288E-02     -4.14063933
     2    3 Li  -0.65985286E-02     -4.14063924
     3    3 Li  -0.65985286E-02     -4.14063924
     4    3 Li  -0.65985286E-02     -4.14063924
     5    3 Li  -0.66080656E-02     -4.14662376
     6    3 Li  -0.66080653E-02     -4.14662360
     7    3 Li  -0.66080653E-02     -4.14662360
     8    3 Li  -0.66080653E-02     -4.14662360
     9    3 Li  -0.63464118E-02     -3.98243354
    10    3 Li  -0.63464117E-02     -3.98243346
    11    3 Li  -0.63464117E-02     -3.98243346
    12    3 Li  -0.63464117E-02     -3.98243346
    13    3 Li  -0.66278414E-02     -4.15903329
    14    3 Li  -0.66278414E-02     -4.15903329
    15    3 Li  -0.66278414E-02     -4.15903329
    16    3 Li  -0.66278414E-02     -4.15903329
    17    3 Li  -0.60326451E-02     -3.78554195
    18    3 Li  -0.60326449E-02     -3.78554180
    19    3 Li  -0.60326451E-02     -3.78554195
    20    3 Li  -0.60326449E-02     -3.78554180
    21    3 Li  -0.60326451E-02     -3.78554195
    22    3 Li  -0.60326449E-02     -3.78554180
    23    3 Li  -0.70741421E-02     -4.43909118
    24    3 Li  -0.60957665E-02     -3.82515124
    25    3 Li  -0.60957665E-02     -3.82515124
    26    3 Li  -0.60957665E-02     -3.82515122
    27    3 Li  -0.60957665E-02     -3.82515124
    28    3 Li  -0.60957665E-02     -3.82515122
    29    3 Li  -0.60957665E-02     -3.82515124
    30    3 Li  -0.60957665E-02     -3.82515122
    31    3 Li  -0.60957665E-02     -3.82515122
    32    3 Li  -0.60957665E-02     -3.82515124
    33    3 Li  -0.60957665E-02     -3.82515122
    34    3 Li  -0.60957665E-02     -3.82515122
    35    3 Li  -0.60957665E-02     -3.82515124
    36    3 Li  -0.60211638E-02     -3.77833733
    37    3 Li  -0.60211637E-02     -3.77833725
    38    3 Li  -0.60211638E-02     -3.77833733
    39    3 Li  -0.60211637E-02     -3.77833725
    40    3 Li  -0.60211638E-02     -3.77833733
    41    3 Li  -0.60211637E-02     -3.77833725
    42    3 Li  -0.74505891E-02     -4.67531523
    43    3 Li  -0.62849235E-02     -3.94384905
    44    3 Li  -0.62849237E-02     -3.94384919
    45    3 Li  -0.62849235E-02     -3.94384906
    46    3 Li  -0.62849235E-02     -3.94384905
    47    3 Li  -0.62849235E-02     -3.94384906
    48    3 Li  -0.62849237E-02     -3.94384919
    49    3 Li  -0.62849235E-02     -3.94384906
    50    3 Li  -0.62849235E-02     -3.94384906
    51    3 Li  -0.62849235E-02     -3.94384905
    52    3 Li  -0.62849235E-02     -3.94384906
    53    3 Li  -0.62849235E-02     -3.94384906
    54    3 Li  -0.62849237E-02     -3.94384919
    55    3 Li  -0.60405018E-02     -3.79047208
    56    3 Li  -0.60405018E-02     -3.79047211
    57    3 Li  -0.60405018E-02     -3.79047211
    58    3 Li  -0.60405018E-02     -3.79047211
    59    3 Li  -0.59438834E-02     -3.72984314
    60    3 Li  -0.59438834E-02     -3.72984314
    61    3 Li  -0.59438836E-02     -3.72984328
    62    3 Li  -0.59438834E-02     -3.72984314
    63    3 Li  -0.59438836E-02     -3.72984328
    64    3 Li  -0.59438834E-02     -3.72984314
    65    3 Li  -0.59438836E-02     -3.72984328
    66    3 Li  -0.59438836E-02     -3.72984328
    67    3 Li  -0.59438834E-02     -3.72984314
    68    3 Li  -0.59438836E-02     -3.72984328
    69    3 Li  -0.59438836E-02     -3.72984328
    70    3 Li  -0.59438834E-02     -3.72984314
    71    3 Li  -0.61662691E-02     -3.86939227
    72    3 Li  -0.61662691E-02     -3.86939230
    73    3 Li  -0.61662691E-02     -3.86939225
    74    3 Li  -0.61662691E-02     -3.86939227
    75    3 Li  -0.61662691E-02     -3.86939225
    76    3 Li  -0.61662691E-02     -3.86939230
    77    3 Li  -0.61662691E-02     -3.86939225
    78    3 Li  -0.61662691E-02     -3.86939225
    79    3 Li  -0.61662691E-02     -3.86939227
    80    3 Li  -0.61662691E-02     -3.86939225
    81    3 Li  -0.61662691E-02     -3.86939225
    82    3 Li  -0.61662691E-02     -3.86939230
    83    3 Li  -0.74838325E-02     -4.69617578
    84    3 Li  -0.71004517E-02     -4.45560073
    85    3 Li  -0.64311966E-02     -4.03563679
    86    3 Li  -0.64311966E-02     -4.03563682
    87    3 Li  -0.64311966E-02     -4.03563682
    88    3 Li  -0.64311966E-02     -4.03563682
    89   50 Sn  -0.37489196E-02     -2.35248258
    90   50 Sn  -0.37489197E-02     -2.35248261
    91   50 Sn  -0.37489197E-02     -2.35248261
    92   50 Sn  -0.37489197E-02     -2.35248261
    93   50 Sn  -0.37644305E-02     -2.36221578
    94   50 Sn  -0.37644305E-02     -2.36221579
    95   50 Sn  -0.37644305E-02     -2.36221578
    96   50 Sn  -0.37644305E-02     -2.36221579
    97   50 Sn  -0.37644305E-02     -2.36221578
    98   50 Sn  -0.37644305E-02     -2.36221579
    99   50 Sn  -0.37442320E-02     -2.34954106
   100   50 Sn  -0.37442321E-02     -2.34954112
   101   50 Sn  -0.37442320E-02     -2.34954106
   102   50 Sn  -0.37442321E-02     -2.34954112
   103   50 Sn  -0.37442320E-02     -2.34954106
   104   50 Sn  -0.37442321E-02     -2.34954112
   105   50 Sn  -0.39387473E-02     -2.47160122
   106   50 Sn  -0.39387473E-02     -2.47160125
   107   50 Sn  -0.39387473E-02     -2.47160125
   108   50 Sn  -0.39387473E-02     -2.47160125
--------------------------------------------------

Dispersion energy:      -6.2573480517266E-01 Eh

[Info] Dispersion energy written to .EDISP
