-----------------------------------
 s i m p l e   D F T - D 3  v1.2.1
-----------------------------------

Zero (Chai-Head-Gordon) damping: pbe-D3(0)
--------------------
  s6         1.0000
  s8         0.7220
  s9         0.0000
 rs6         1.2170
 rs8         1.0000
 alp        14.0000
--------------------

Atomic radii (in Angstrom):
-------------------------------------------
   Z          R(cov)     R(vdw)      r4/r2
-------------------------------------------
   3 Li       1.6000     1.7478     2.6564
  50 Sn       1.6800     2.0937     3.4228
-------------------------------------------

Atomic reference systems (in atomic units):
----------------------------------------------------------------------------
   Z        #      CN    C6(AA)   #      CN    C6(AA)   #      CN    C6(AA)
----------------------------------------------------------------------------
   3 Li     1  0.0000 1163.4454   2  0.9865   85.3197
  50 Sn     1  0.0000  627.5677   2  0.9514  542.0439   3  1.9505  505.4148
            4  2.9259  409.1453   5  3.9123  336.1020
----------------------------------------------------------------------------

Dispersion properties (in atomic units):
--------------------------------------------------------
     #    Z                CN       C6(AA)       C8(AA)
--------------------------------------------------------
     1    3 Li         0.5151     408.1004   30851.2727
     2    3 Li         0.5151     408.1005   30851.2773
     3    3 Li         0.5151     408.1005   30851.2773
     4    3 Li         0.5151     408.1005   30851.2773
     5    3 Li         0.6013     264.1236   19967.0197
     6    3 Li         0.6013     264.1236   19967.0247
     7    3 Li         0.6013     264.1236   19967.0247
     8    3 Li         0.6013     264.1236   19967.0247
     9    3 Li         0.4442     562.5249   42525.3395
    10    3 Li         0.4442     562.5249   42525.3464
    11    3 Li         0.4442     562.5249   42525.3464
    12    3 Li         0.4442     562.5249   42525.3464
    13    3 Li         0.5247     389.2844   29428.8327
    14    3 Li         0.5247     389.2844   29428.8349
    15    3 Li         0.5247     389.2844   29428.8349
    16    3 Li         0.5247     389.2844   29428.8349
    17    3 Li         0.3898     687.4350   51968.2029
    18    3 Li         0.3898     687.4351   51968.2113
    19    3 Li         0.3898     687.4350   51968.2029
    20    3 Li         0.3898     687.4351   51968.2113
    21    3 Li         0.3898     687.4350   51968.2029
    22    3 Li         0.3898     687.4351   51968.2113
    23    3 Li         0.8464     110.4815    8352.0972
    24    3 Li         0.4288     598.2112   45223.1296
    25    3 Li         0.4288     598.2113   45223.1351
    26    3 Li         0.4288     598.2113   45223.1345
    27    3 Li         0.4288     598.2112   45223.1296
    28    3 Li         0.4288     598.2113   45223.1345
    29    3 Li         0.4288     598.2113   45223.1351
    30    3 Li         0.4288     598.2113   45223.1345
    31    3 Li         0.4288     598.2113   45223.1345
    32    3 Li         0.4288     598.2112   45223.1296
    33    3 Li         0.4288     598.2113   45223.1345
    34    3 Li         0.4288     598.2113   45223.1345
    35    3 Li         0.4288     598.2113   45223.1351
    36    3 Li         0.3722     726.5632   54926.1875
    37    3 Li         0.3722     726.5632   54926.1915
    38    3 Li         0.3722     726.5632   54926.1875
    39    3 Li         0.3722     726.5632   54926.1915
    40    3 Li         0.3722     726.5632   54926.1875
    41    3 Li         0.3722     726.5632   54926.1915
    42    3 Li         0.6679     192.3041   14537.6651
    43    3 Li         0.4410     569.8940   43082.4284
    44    3 Li         0.4410     569.8939   43082.4170
    45    3 Li         0.4410     569.8939   43082.4215
    46    3 Li         0.4410     569.8940   43082.4284
    47    3 Li         0.4410     569.8939   43082.4215
    48    3 Li         0.4410     569.8939   43082.4170
    49    3 Li         0.4410     569.8939   43082.4215
    50    3 Li         0.4410     569.8939   43082.4215
    51    3 Li         0.4410     569.8940   43082.4284
    52    3 Li         0.4410     569.8939   43082.4215
    53    3 Li         0.4410     569.8939   43082.4215
    54    3 Li         0.4410     569.8939   43082.4170
    55    3 Li         0.4365     580.2951   43868.7199
    56    3 Li         0.4365     580.2952   43868.7259
    57    3 Li         0.4365     580.2952   43868.7259
    58    3 Li         0.4365     580.2952   43868.7259
    59    3 Li         0.4153     629.1727   47563.7308
    60    3 Li         0.4153     629.1727   47563.7370
    61    3 Li         0.4153     629.1726   47563.7258
    62    3 Li         0.4153     629.1727   47563.7308
    63    3 Li         0.4153     629.1726   47563.7258
    64    3 Li         0.4153     629.1727   47563.7370
    65    3 Li         0.4153     629.1726   47563.7258
    66    3 Li         0.4153     629.1726   47563.7258
    67    3 Li         0.4153     629.1727   47563.7308
    68    3 Li         0.4153     629.1726   47563.7258
    69    3 Li         0.4153     629.1726   47563.7258
    70    3 Li         0.4153     629.1727   47563.7370
    71    3 Li         0.4153     629.2362   47568.5320
    72    3 Li         0.4153     629.2361   47568.5234
    73    3 Li         0.4153     629.2362   47568.5332
    74    3 Li         0.4153     629.2362   47568.5320
    75    3 Li         0.4153     629.2362   47568.5332
    76    3 Li         0.4153     629.2361   47568.5234
    77    3 Li         0.4153     629.2362   47568.5332
    78    3 Li         0.4153     629.2362   47568.5332
    79    3 Li         0.4153     629.2362   47568.5320
    80    3 Li         0.4153     629.2362   47568.5332
    81    3 Li         0.4153     629.2362   47568.5332
    82    3 Li         0.4153     629.2361   47568.5234
    83    3 Li         0.6851     178.5835   13500.4205
    84    3 Li         0.9254      98.6066    7454.3865
    85    3 Li         0.5545     335.0869   25331.6503
    86    3 Li         0.5545     335.0868   25331.6481
    87    3 Li         0.5545     335.0868   25331.6481
    88    3 Li         0.5545     335.0868   25331.6481
    89   50 Sn         0.4859     582.1123   73061.5595
    90   50 Sn         0.4859     582.1123   73061.5592
    91   50 Sn         0.4859     582.1123   73061.5592
    92   50 Sn         0.4859     582.1123   73061.5592
    93   50 Sn         0.4759     583.7419   73266.0822
    94   50 Sn         0.4759     583.7419   73266.0820
    95   50 Sn         0.4759     583.7419   73266.0822
    96   50 Sn         0.4759     583.7419   73266.0820
    97   50 Sn         0.4759     583.7419   73266.0822
    98   50 Sn         0.4759     583.7419   73266.0820
    99   50 Sn         0.4783     583.3417   73215.8620
   100   50 Sn         0.4783     583.3417   73215.8611
   101   50 Sn         0.4783     583.3417   73215.8620
   102   50 Sn         0.4783     583.3417   73215.8611
   103   50 Sn         0.4783     583.3417   73215.8620
   104   50 Sn         0.4783     583.3417   73215.8611
   105   50 Sn         0.5414     573.3455   71961.2210
   106   50 Sn         0.5414     573.3455   71961.2208
   107   50 Sn         0.5414     573.3455   71961.2208
   108   50 Sn         0.5414     573.3455   71961.2208
--------------------------------------------------------

Atom-resolved dispersion energies:
--------------------------------------------------
     #    Z           [Hartree]      [kcal/mol]
--------------------------------------------------
     1    3 Li  -0.10726699E-01     -6.73110523
     2    3 Li  -0.10726700E-01     -6.73110585
     3    3 Li  -0.10726700E-01     -6.73110585
     4    3 Li  -0.10726700E-01     -6.73110585
     5    3 Li  -0.78325497E-02     -4.91499915
     6    3 Li  -0.78325507E-02     -4.91499976
     7    3 Li  -0.78325507E-02     -4.91499976
     8    3 Li  -0.78325507E-02     -4.91499976
     9    3 Li  -0.12029652E-01     -7.54872032
    10    3 Li  -0.12029653E-01     -7.54872115
    11    3 Li  -0.12029653E-01     -7.54872115
    12    3 Li  -0.12029653E-01     -7.54872115
    13    3 Li  -0.10911646E-01     -6.84716143
    14    3 Li  -0.10911647E-01     -6.84716170
    15    3 Li  -0.10911647E-01     -6.84716170
    16    3 Li  -0.10911647E-01     -6.84716170
    17    3 Li  -0.13781419E-01     -8.64797093
    18    3 Li  -0.13781420E-01     -8.64797162
    19    3 Li  -0.13781419E-01     -8.64797093
    20    3 Li  -0.13781420E-01     -8.64797162
    21    3 Li  -0.13781419E-01     -8.64797093
    22    3 Li  -0.13781420E-01     -8.64797162
    23    3 Li  -0.47243878E-02     -2.96459808
    24    3 Li  -0.13085486E-01     -8.21126643
    25    3 Li  -0.13085487E-01     -8.21126699
    26    3 Li  -0.13085487E-01     -8.21126702
    27    3 Li  -0.13085486E-01     -8.21126643
    28    3 Li  -0.13085487E-01     -8.21126702
    29    3 Li  -0.13085487E-01     -8.21126699
    30    3 Li  -0.13085487E-01     -8.21126702
    31    3 Li  -0.13085487E-01     -8.21126702
    32    3 Li  -0.13085486E-01     -8.21126643
    33    3 Li  -0.13085487E-01     -8.21126702
    34    3 Li  -0.13085487E-01     -8.21126702
    35    3 Li  -0.13085487E-01     -8.21126699
    36    3 Li  -0.14220547E-01     -8.92352804
    37    3 Li  -0.14220548E-01     -8.92352837
    38    3 Li  -0.14220547E-01     -8.92352804
    39    3 Li  -0.14220548E-01     -8.92352837
    40    3 Li  -0.14220547E-01     -8.92352804
    41    3 Li  -0.14220548E-01     -8.92352837
    42    3 Li  -0.67749896E-02     -4.25137016
    43    3 Li  -0.12598975E-01     -7.90597594
    44    3 Li  -0.12598973E-01     -7.90597483
    45    3 Li  -0.12598973E-01     -7.90597510
    46    3 Li  -0.12598975E-01     -7.90597594
    47    3 Li  -0.12598973E-01     -7.90597510
    48    3 Li  -0.12598973E-01     -7.90597483
    49    3 Li  -0.12598973E-01     -7.90597510
    50    3 Li  -0.12598973E-01     -7.90597510
    51    3 Li  -0.12598975E-01     -7.90597594
    52    3 Li  -0.12598973E-01     -7.90597510
    53    3 Li  -0.12598973E-01     -7.90597510
    54    3 Li  -0.12598973E-01     -7.90597483
    55    3 Li  -0.11661615E-01     -7.31777393
    56    3 Li  -0.11661616E-01     -7.31777425
    57    3 Li  -0.11661616E-01     -7.31777425
    58    3 Li  -0.11661616E-01     -7.31777425
    59    3 Li  -0.13718593E-01     -8.60854732
    60    3 Li  -0.13718594E-01     -8.60854788
    61    3 Li  -0.13718593E-01     -8.60854709
    62    3 Li  -0.13718593E-01     -8.60854732
    63    3 Li  -0.13718593E-01     -8.60854709
    64    3 Li  -0.13718594E-01     -8.60854788
    65    3 Li  -0.13718593E-01     -8.60854709
    66    3 Li  -0.13718593E-01     -8.60854709
    67    3 Li  -0.13718593E-01     -8.60854732
    68    3 Li  -0.13718593E-01     -8.60854709
    69    3 Li  -0.13718593E-01     -8.60854709
    70    3 Li  -0.13718594E-01     -8.60854788
    71    3 Li  -0.13405323E-01     -8.41196747
    72    3 Li  -0.13405322E-01     -8.41196643
    73    3 Li  -0.13405323E-01     -8.41196739
    74    3 Li  -0.13405323E-01     -8.41196747
    75    3 Li  -0.13405323E-01     -8.41196739
    76    3 Li  -0.13405322E-01     -8.41196643
    77    3 Li  -0.13405323E-01     -8.41196739
    78    3 Li  -0.13405323E-01     -8.41196739
    79    3 Li  -0.13405323E-01     -8.41196747
    80    3 Li  -0.13405323E-01     -8.41196739
    81    3 Li  -0.13405323E-01     -8.41196739
    82    3 Li  -0.13405322E-01     -8.41196643
    83    3 Li  -0.67560886E-02     -4.23950960
    84    3 Li  -0.43931296E-02     -2.75673046
    85    3 Li  -0.90590527E-02     -5.68464140
    86    3 Li  -0.90590520E-02     -5.68464094
    87    3 Li  -0.90590520E-02     -5.68464094
    88    3 Li  -0.90590520E-02     -5.68464094
    89   50 Sn  -0.69356627E-02     -4.35219405
    90   50 Sn  -0.69356627E-02     -4.35219404
    91   50 Sn  -0.69356627E-02     -4.35219404
    92   50 Sn  -0.69356627E-02     -4.35219404
    93   50 Sn  -0.69100978E-02     -4.33615184
    94   50 Sn  -0.69100977E-02     -4.33615180
    95   50 Sn  -0.69100978E-02     -4.33615184
    96   50 Sn  -0.69100977E-02     -4.33615180
    97   50 Sn  -0.69100978E-02     -4.33615184
    98   50 Sn  -0.69100977E-02     -4.33615180
    99   50 Sn  -0.69362910E-02     -4.35258834
   100   50 Sn  -0.69362910E-02     -4.35258829
   101   50 Sn  -0.69362910E-02     -4.35258834
   102   50 Sn  -0.69362910E-02     -4.35258829
   103   50 Sn  -0.69362910E-02     -4.35258834
   104   50 Sn  -0.69362910E-02     -4.35258829
   105   50 Sn  -0.67647185E-02     -4.24492495
   106   50 Sn  -0.67647185E-02     -4.24492493
   107   50 Sn  -0.67647185E-02     -4.24492493
   108   50 Sn  -0.67647185E-02     -4.24492493
--------------------------------------------------

Dispersion energy:      -1.2111256405625E+00 Eh

[Info] Dispersion energy written to .EDISP
