-----------------------------------
 s i m p l e   D F T - D 3  v1.2.1
-----------------------------------

Zero (Chai-Head-Gordon) damping: pbe-D3(0)
--------------------
  s6         1.0000
  s8         0.7220
  s9         0.0000
 rs6         1.2170
 rs8         1.0000
 alp        14.0000
--------------------

Atomic radii (in Angstrom):
-------------------------------------------
   Z          R(cov)     R(vdw)      r4/r2
-------------------------------------------
  72 Hf       1.8267     2.1225     4.3430
  12 Mg       1.6667     1.7420     2.8909
-------------------------------------------

Atomic reference systems (in atomic units):
----------------------------------------------------------------------------
   Z        #      CN    C6(AA)   #      CN    C6(AA)   #      CN    C6(AA)
----------------------------------------------------------------------------
  72 Hf     1  0.0000 1441.2394   2  1.9254  780.3872   3  3.8840  420.9766
  12 Mg     1  0.0000  683.3758   2  0.9628  451.2708   3  1.9496  175.5616
----------------------------------------------------------------------------

Dispersion properties (in atomic units):
--------------------------------------------------------
     #    Z                CN       C6(AA)       C8(AA)
--------------------------------------------------------
     1   72 Hf         6.4240     420.9766   85065.0345
     2   12 Mg         3.7584     175.5616   15718.3436
     3   12 Mg         3.7584     175.5616   15718.3436
     4   12 Mg         4.0974     175.5616   15718.3434
     5   12 Mg         4.0973     175.5616   15718.3434
     6   12 Mg         3.7822     175.5616   15718.3436
     7   12 Mg         3.8054     175.5616   15718.3435
     8   12 Mg         3.8054     175.5616   15718.3435
     9   12 Mg         3.7585     175.5616   15718.3436
    10   12 Mg         3.7584     175.5616   15718.3436
    11   12 Mg         3.7823     175.5616   15718.3436
    12   12 Mg         3.7822     175.5616   15718.3436
    13   12 Mg         3.8214     175.5616   15718.3435
    14   12 Mg         3.8054     175.5616   15718.3435
    15   12 Mg         3.7917     175.5616   15718.3435
    16   12 Mg         3.7917     175.5616   15718.3435
    17   12 Mg         3.7584     175.5616   15718.3436
    18   12 Mg         3.7584     175.5616   15718.3436
    19   12 Mg         3.8214     175.5616   15718.3435
    20   12 Mg         3.8214     175.5616   15718.3435
    21   12 Mg         3.7917     175.5616   15718.3435
    22   12 Mg         4.0973     175.5616   15718.3434
    23   12 Mg         4.0973     175.5616   15718.3434
    24   12 Mg         4.0973     175.5616   15718.3434
    25   12 Mg         4.0973     175.5616   15718.3434
    26   12 Mg         4.1032     175.5616   15718.3434
    27   12 Mg         4.1032     175.5616   15718.3434
    28   12 Mg         4.1032     175.5616   15718.3434
    29   12 Mg         3.8027     175.5616   15718.3435
    30   12 Mg         3.8026     175.5616   15718.3435
    31   12 Mg         3.8026     175.5616   15718.3435
    32   12 Mg         3.7613     175.5616   15718.3436
    33   12 Mg         3.7900     175.5616   15718.3435
    34   12 Mg         3.7900     175.5616   15718.3435
    35   12 Mg         3.7900     175.5616   15718.3435
    36   12 Mg         3.7900     175.5616   15718.3435
    37   12 Mg         3.7900     175.5616   15718.3435
    38   12 Mg         3.7900     175.5616   15718.3435
    39   12 Mg         3.7923     175.5616   15718.3435
    40   12 Mg         3.7923     175.5616   15718.3435
    41   12 Mg         3.7923     175.5616   15718.3435
    42   12 Mg         3.7997     175.5616   15718.3435
    43   12 Mg         3.7997     175.5616   15718.3435
    44   12 Mg         3.7997     175.5616   15718.3435
    45   12 Mg         3.7997     175.5616   15718.3435
    46   12 Mg         3.7996     175.5616   15718.3435
    47   12 Mg         3.7997     175.5616   15718.3435
    48   12 Mg         3.8458     175.5616   15718.3435
    49   12 Mg         3.8458     175.5616   15718.3435
    50   12 Mg         3.8458     175.5616   15718.3435
    51   12 Mg         3.7651     175.5616   15718.3436
    52   12 Mg         3.7651     175.5616   15718.3436
    53   12 Mg         3.7651     175.5616   15718.3436
    54   12 Mg         3.7651     175.5616   15718.3436
    55   12 Mg         3.7651     175.5616   15718.3436
    56   12 Mg         3.7651     175.5616   15718.3436
    57   12 Mg         3.7864     175.5616   15718.3436
    58   12 Mg         3.7864     175.5616   15718.3436
    59   12 Mg         3.7863     175.5616   15718.3436
    60   12 Mg         3.7849     175.5616   15718.3436
    61   12 Mg         3.7850     175.5616   15718.3436
    62   12 Mg         3.7849     175.5616   15718.3436
    63   12 Mg         3.8091     175.5616   15718.3435
    64   12 Mg         3.8091     175.5616   15718.3435
    65   12 Mg         3.8091     175.5616   15718.3435
    66   12 Mg         3.8091     175.5616   15718.3435
    67   12 Mg         3.8091     175.5616   15718.3435
    68   12 Mg         3.8091     175.5616   15718.3435
    69   12 Mg         3.8194     175.5616   15718.3435
    70   12 Mg         3.8195     175.5616   15718.3435
    71   12 Mg         3.8195     175.5616   15718.3435
    72   12 Mg         3.8275     175.5616   15718.3435
    73   12 Mg         3.8276     175.5616   15718.3435
    74   12 Mg         3.8275     175.5616   15718.3435
    75   12 Mg         3.7802     175.5616   15718.3436
    76   12 Mg         3.7548     175.5616   15718.3436
    77   12 Mg         3.7547     175.5616   15718.3436
    78   12 Mg         3.7942     175.5616   15718.3435
    79   12 Mg         3.8120     175.5616   15718.3435
    80   12 Mg         3.8120     175.5616   15718.3435
    81   12 Mg         3.8120     175.5616   15718.3435
    82   12 Mg         3.8120     175.5616   15718.3435
    83   12 Mg         3.7852     175.5616   15718.3436
    84   12 Mg         3.7853     175.5616   15718.3436
    85   12 Mg         3.8215     175.5616   15718.3435
    86   12 Mg         3.8120     175.5616   15718.3435
    87   12 Mg         3.8120     175.5616   15718.3435
    88   12 Mg         3.7929     175.5616   15718.3435
    89   12 Mg         3.7928     175.5616   15718.3435
    90   12 Mg         3.8099     175.5616   15718.3435
    91   12 Mg         3.7853     175.5616   15718.3436
    92   12 Mg         3.7852     175.5616   15718.3436
    93   12 Mg         3.8098     175.5616   15718.3435
    94   12 Mg         3.8099     175.5616   15718.3435
    95   12 Mg         3.7548     175.5616   15718.3436
    96   12 Mg         3.7942     175.5616   15718.3435
    97   12 Mg         3.7943     175.5616   15718.3435
    98   12 Mg         3.7852     175.5616   15718.3436
    99   12 Mg         3.7852     175.5616   15718.3436
   100   12 Mg         3.7929     175.5616   15718.3435
   101   12 Mg         3.7802     175.5616   15718.3436
   102   12 Mg         3.8275     175.5616   15718.3435
   103   12 Mg         3.8276     175.5616   15718.3435
   104   12 Mg         3.8275     175.5616   15718.3435
   105   12 Mg         3.8194     175.5616   15718.3435
   106   12 Mg         3.8194     175.5616   15718.3435
   107   12 Mg         3.8194     175.5616   15718.3435
   108   12 Mg         3.8091     175.5616   15718.3435
   109   12 Mg         3.8091     175.5616   15718.3435
   110   12 Mg         3.8091     175.5616   15718.3435
   111   12 Mg         3.8091     175.5616   15718.3435
   112   12 Mg         3.8091     175.5616   15718.3435
   113   12 Mg         3.8091     175.5616   15718.3435
   114   12 Mg         3.7849     175.5616   15718.3436
   115   12 Mg         3.7849     175.5616   15718.3436
   116   12 Mg         3.7849     175.5616   15718.3436
   117   12 Mg         3.7863     175.5616   15718.3436
   118   12 Mg         3.7863     175.5616   15718.3436
   119   12 Mg         3.7863     175.5616   15718.3436
   120   12 Mg         3.7651     175.5616   15718.3436
   121   12 Mg         3.7651     175.5616   15718.3436
   122   12 Mg         3.7651     175.5616   15718.3436
   123   12 Mg         3.7651     175.5616   15718.3436
   124   12 Mg         3.7651     175.5616   15718.3436
   125   12 Mg         3.7651     175.5616   15718.3436
   126   12 Mg         3.8458     175.5616   15718.3435
   127   12 Mg         3.8458     175.5616   15718.3435
   128   12 Mg         3.8458     175.5616   15718.3435
   129   12 Mg         3.8003     175.5616   15718.3435
   130   12 Mg         3.8003     175.5616   15718.3435
   131   12 Mg         3.8002     175.5616   15718.3435
   132   12 Mg         3.8003     175.5616   15718.3435
   133   12 Mg         3.8002     175.5616   15718.3435
   134   12 Mg         3.8003     175.5616   15718.3435
   135   12 Mg         3.7935     175.5616   15718.3435
   136   12 Mg         3.7935     175.5616   15718.3435
   137   12 Mg         3.7935     175.5616   15718.3435
   138   12 Mg         3.7906     175.5616   15718.3435
   139   12 Mg         3.7906     175.5616   15718.3435
   140   12 Mg         3.7906     175.5616   15718.3435
   141   12 Mg         3.7906     175.5616   15718.3435
   142   12 Mg         3.7906     175.5616   15718.3435
   143   12 Mg         3.7906     175.5616   15718.3435
   144   12 Mg         3.7613     175.5616   15718.3436
   145   12 Mg         3.8026     175.5616   15718.3435
   146   12 Mg         3.8026     175.5616   15718.3435
   147   12 Mg         3.8026     175.5616   15718.3435
   148   12 Mg         4.1032     175.5616   15718.3434
   149   12 Mg         4.1032     175.5616   15718.3434
   150   12 Mg         4.1032     175.5616   15718.3434
--------------------------------------------------------

Atom-resolved dispersion energies:
--------------------------------------------------
     #    Z           [Hartree]      [kcal/mol]
--------------------------------------------------
     1   72 Hf  -0.70179373E-02     -4.40382215
     2   12 Mg  -0.64435029E-02     -4.04335912
     3   12 Mg  -0.64435052E-02     -4.04336053
     4   12 Mg  -0.62747254E-02     -3.93744962
     5   12 Mg  -0.62747201E-02     -3.93744630
     6   12 Mg  -0.64083077E-02     -4.02127380
     7   12 Mg  -0.64372452E-02     -4.03943233
     8   12 Mg  -0.64372319E-02     -4.03942403
     9   12 Mg  -0.64434946E-02     -4.04335388
    10   12 Mg  -0.64435095E-02     -4.04336327
    11   12 Mg  -0.64083050E-02     -4.02127211
    12   12 Mg  -0.64083082E-02     -4.02127410
    13   12 Mg  -0.64391003E-02     -4.04059642
    14   12 Mg  -0.64372409E-02     -4.03942966
    15   12 Mg  -0.64205658E-02     -4.02896586
    16   12 Mg  -0.64205591E-02     -4.02896169
    17   12 Mg  -0.64435093E-02     -4.04336313
    18   12 Mg  -0.64435165E-02     -4.04336763
    19   12 Mg  -0.64391074E-02     -4.04060087
    20   12 Mg  -0.64391004E-02     -4.04059654
    21   12 Mg  -0.64205654E-02     -4.02896564
    22   12 Mg  -0.62747327E-02     -3.93745422
    23   12 Mg  -0.62747316E-02     -3.93745350
    24   12 Mg  -0.62747361E-02     -3.93745638
    25   12 Mg  -0.62747388E-02     -3.93745804
    26   12 Mg  -0.62663195E-02     -3.93217485
    27   12 Mg  -0.62663223E-02     -3.93217663
    28   12 Mg  -0.62663172E-02     -3.93217344
    29   12 Mg  -0.65041085E-02     -4.08138970
    30   12 Mg  -0.65041216E-02     -4.08139794
    31   12 Mg  -0.65041084E-02     -4.08138966
    32   12 Mg  -0.64216500E-02     -4.02964623
    33   12 Mg  -0.64086163E-02     -4.02146744
    34   12 Mg  -0.64086205E-02     -4.02147007
    35   12 Mg  -0.64086124E-02     -4.02146498
    36   12 Mg  -0.64086236E-02     -4.02147201
    37   12 Mg  -0.64086191E-02     -4.02146922
    38   12 Mg  -0.64086179E-02     -4.02146842
    39   12 Mg  -0.64139921E-02     -4.02484080
    40   12 Mg  -0.64139755E-02     -4.02483038
    41   12 Mg  -0.64139817E-02     -4.02483428
    42   12 Mg  -0.64511664E-02     -4.04816802
    43   12 Mg  -0.64511642E-02     -4.04816668
    44   12 Mg  -0.64511767E-02     -4.04817450
    45   12 Mg  -0.64511668E-02     -4.04816827
    46   12 Mg  -0.64511796E-02     -4.04817630
    47   12 Mg  -0.64511681E-02     -4.04816908
    48   12 Mg  -0.63896585E-02     -4.00957125
    49   12 Mg  -0.63896577E-02     -4.00957075
    50   12 Mg  -0.63896645E-02     -4.00957501
    51   12 Mg  -0.64418931E-02     -4.04234892
    52   12 Mg  -0.64418797E-02     -4.04234053
    53   12 Mg  -0.64418811E-02     -4.04234141
    54   12 Mg  -0.64418754E-02     -4.04233786
    55   12 Mg  -0.64418877E-02     -4.04234555
    56   12 Mg  -0.64418772E-02     -4.04233897
    57   12 Mg  -0.64100563E-02     -4.02237105
    58   12 Mg  -0.64100577E-02     -4.02237192
    59   12 Mg  -0.64100719E-02     -4.02238086
    60   12 Mg  -0.64104676E-02     -4.02262913
    61   12 Mg  -0.64104629E-02     -4.02262622
    62   12 Mg  -0.64104708E-02     -4.02263116
    63   12 Mg  -0.63986120E-02     -4.01518968
    64   12 Mg  -0.63986096E-02     -4.01518814
    65   12 Mg  -0.63986122E-02     -4.01518975
    66   12 Mg  -0.63986131E-02     -4.01519035
    67   12 Mg  -0.63986116E-02     -4.01518943
    68   12 Mg  -0.63986107E-02     -4.01518886
    69   12 Mg  -0.64035660E-02     -4.01829833
    70   12 Mg  -0.64035541E-02     -4.01829086
    71   12 Mg  -0.64035539E-02     -4.01829074
    72   12 Mg  -0.63930235E-02     -4.01168281
    73   12 Mg  -0.63930052E-02     -4.01167132
    74   12 Mg  -0.63930250E-02     -4.01168378
    75   12 Mg  -0.64680020E-02     -4.05873250
    76   12 Mg  -0.64252727E-02     -4.03191947
    77   12 Mg  -0.64252808E-02     -4.03192455
    78   12 Mg  -0.64005307E-02     -4.01639368
    79   12 Mg  -0.63932544E-02     -4.01182771
    80   12 Mg  -0.63932569E-02     -4.01182930
    81   12 Mg  -0.63932510E-02     -4.01182554
    82   12 Mg  -0.63932437E-02     -4.01182098
    83   12 Mg  -0.64107725E-02     -4.02282048
    84   12 Mg  -0.64107477E-02     -4.02280493
    85   12 Mg  -0.63909801E-02     -4.01040056
    86   12 Mg  -0.63932476E-02     -4.01182347
    87   12 Mg  -0.63932605E-02     -4.01183154
    88   12 Mg  -0.64117460E-02     -4.02343135
    89   12 Mg  -0.64117513E-02     -4.02343468
    90   12 Mg  -0.64034166E-02     -4.01820460
    91   12 Mg  -0.64107570E-02     -4.02281073
    92   12 Mg  -0.64107622E-02     -4.02281404
    93   12 Mg  -0.64034310E-02     -4.01821365
    94   12 Mg  -0.64033998E-02     -4.01819405
    95   12 Mg  -0.64252788E-02     -4.03192331
    96   12 Mg  -0.64005354E-02     -4.01639661
    97   12 Mg  -0.64005015E-02     -4.01637532
    98   12 Mg  -0.64107702E-02     -4.02281906
    99   12 Mg  -0.64107629E-02     -4.02281448
   100   12 Mg  -0.64117408E-02     -4.02342808
   101   12 Mg  -0.64680074E-02     -4.05873593
   102   12 Mg  -0.63930647E-02     -4.01170866
   103   12 Mg  -0.63930464E-02     -4.01169718
   104   12 Mg  -0.63930662E-02     -4.01170964
   105   12 Mg  -0.64036161E-02     -4.01832979
   106   12 Mg  -0.64036042E-02     -4.01832232
   107   12 Mg  -0.64036040E-02     -4.01832220
   108   12 Mg  -0.63987053E-02     -4.01524820
   109   12 Mg  -0.63987028E-02     -4.01524666
   110   12 Mg  -0.63987054E-02     -4.01524827
   111   12 Mg  -0.63987064E-02     -4.01524887
   112   12 Mg  -0.63987049E-02     -4.01524794
   113   12 Mg  -0.63987040E-02     -4.01524738
   114   12 Mg  -0.64105185E-02     -4.02266109
   115   12 Mg  -0.64105139E-02     -4.02265818
   116   12 Mg  -0.64105217E-02     -4.02266312
   117   12 Mg  -0.64101053E-02     -4.02240178
   118   12 Mg  -0.64101066E-02     -4.02240264
   119   12 Mg  -0.64101209E-02     -4.02241158
   120   12 Mg  -0.64419124E-02     -4.04236105
   121   12 Mg  -0.64418990E-02     -4.04235266
   122   12 Mg  -0.64419004E-02     -4.04235354
   123   12 Mg  -0.64418948E-02     -4.04234999
   124   12 Mg  -0.64419070E-02     -4.04235768
   125   12 Mg  -0.64418965E-02     -4.04235109
   126   12 Mg  -0.63898305E-02     -4.00967917
   127   12 Mg  -0.63898297E-02     -4.00967867
   128   12 Mg  -0.63898365E-02     -4.00968293
   129   12 Mg  -0.64509604E-02     -4.04803878
   130   12 Mg  -0.64509583E-02     -4.04803744
   131   12 Mg  -0.64509707E-02     -4.04804526
   132   12 Mg  -0.64509608E-02     -4.04803903
   133   12 Mg  -0.64509736E-02     -4.04804706
   134   12 Mg  -0.64509621E-02     -4.04803985
   135   12 Mg  -0.64135007E-02     -4.02453248
   136   12 Mg  -0.64134841E-02     -4.02452206
   137   12 Mg  -0.64134903E-02     -4.02452595
   138   12 Mg  -0.64084539E-02     -4.02136552
   139   12 Mg  -0.64084581E-02     -4.02136815
   140   12 Mg  -0.64084499E-02     -4.02136306
   141   12 Mg  -0.64084611E-02     -4.02137008
   142   12 Mg  -0.64084567E-02     -4.02136729
   143   12 Mg  -0.64084554E-02     -4.02136650
   144   12 Mg  -0.64217718E-02     -4.02972263
   145   12 Mg  -0.65042573E-02     -4.08148305
   146   12 Mg  -0.65042704E-02     -4.08149129
   147   12 Mg  -0.65042572E-02     -4.08148301
   148   12 Mg  -0.62663760E-02     -3.93221029
   149   12 Mg  -0.62663788E-02     -3.93221207
   150   12 Mg  -0.62663737E-02     -3.93220888
--------------------------------------------------

Dispersion energy:      -9.6190955176349E-01 Eh

[Info] Dispersion energy written to .EDISP
