-----------------------------------
 s i m p l e   D F T - D 3  v1.2.1
-----------------------------------

Zero (Chai-Head-Gordon) damping: pbe-D3(0)
--------------------
  s6         1.0000
  s8         0.7220
  s9         0.0000
 rs6         1.2170
 rs8         1.0000
 alp        14.0000
--------------------

Atomic radii (in Angstrom):
-------------------------------------------
   Z          R(cov)     R(vdw)      r4/r2
-------------------------------------------
   3 Li       1.6000     1.7478     2.6564
  14 Si       1.3867     1.8959     2.5839
-------------------------------------------

Atomic reference systems (in atomic units):
----------------------------------------------------------------------------
   Z        #      CN    C6(AA)   #      CN    C6(AA)   #      CN    C6(AA)
----------------------------------------------------------------------------
   3 Li     1  0.0000 1163.4454   2  0.9865   85.3197
  14 Si     1  0.0000  317.8574   2  0.9507  270.2650   3  1.9435  233.1254
            4  2.9407  221.5046   5  3.8677  149.7734
----------------------------------------------------------------------------

Dispersion properties (in atomic units):
--------------------------------------------------------
     #    Z                CN       C6(AA)       C8(AA)
--------------------------------------------------------
     1    3 Li         0.0119    1125.1717   85059.9028
     2    3 Li         0.0120    1125.1477   85058.0833
     3    3 Li         0.0119    1125.1626   85059.2157
     4    3 Li         0.0119    1125.1655   85059.4356
     5    3 Li         0.0119    1125.1671   85059.5537
     6    3 Li         0.0119    1125.1675   85059.5798
     7    3 Li         0.0110    1125.4248   85079.0307
     8    3 Li         0.0110    1125.4278   85079.2640
     9    3 Li         0.0110    1125.4289   85079.3437
    10    3 Li         0.0110    1125.4278   85079.2642
    11    3 Li         0.0110    1125.4301   85079.4369
    12    3 Li         0.0110    1125.4265   85079.1630
    13    3 Li         0.0101    1125.6801   85098.3324
    14    3 Li         0.0101    1125.6798   85098.3142
    15    3 Li         0.0102    1125.6629   85097.0335
    16    3 Li         0.0101    1125.6809   85098.3962
    17    3 Li         0.0102    1125.6648   85097.1801
    18    3 Li         0.0101    1125.6812   85098.4168
    19    3 Li         0.0136    1124.6717   85022.1050
    20    3 Li         0.0136    1124.6776   85022.5443
    21    3 Li         0.0137    1124.6468   85020.2178
    22    3 Li         0.0136    1124.6733   85022.2255
    23    3 Li         0.0136    1124.6504   85020.4955
    24    3 Li         0.0136    1124.6701   85021.9829
    25    3 Li         0.0118    1125.1839   85060.8198
    26    3 Li         0.0118    1125.1931   85061.5218
    27    3 Li         0.0119    1125.1669   85059.5378
    28    3 Li         0.0118    1125.1977   85061.8631
    29    3 Li         0.0119    1125.1656   85059.4392
    30    3 Li         0.0118    1125.1852   85060.9188
    31    3 Li         0.0135    1124.6929   85023.7043
    32    3 Li         0.0135    1124.6821   85022.8867
    33    3 Li         0.0135    1124.6883   85023.3535
    34    3 Li         0.0135    1124.6853   85023.1325
    35    3 Li         0.0135    1124.6915   85023.5995
    36    3 Li         0.0135    1124.6938   85023.7703
    37    3 Li         0.0117    1125.2106   85062.8403
    38    3 Li         0.0117    1125.2091   85062.7291
    39    3 Li         0.0117    1125.2134   85063.0534
    40    3 Li         0.0117    1125.2103   85062.8214
    41    3 Li         0.0117    1125.2142   85063.1155
    42    3 Li         0.0117    1125.2148   85063.1582
    43   14 Si         0.0083     316.4735   22636.2896
    44   14 Si         0.0084     316.4731   22636.2584
    45   14 Si         0.0084     316.4730   22636.2514
    46   14 Si         0.0084     316.4731   22636.2589
    47   14 Si         0.0084     316.4730   22636.2532
    48   14 Si         0.0083     316.4735   22636.2860
    49   14 Si         0.0086     316.4706   22636.0829
    50   14 Si         0.0086     316.4706   22636.0837
    51   14 Si         0.0086     316.4709   22636.1010
    52   14 Si         0.0086     316.4708   22636.0914
    53   14 Si         0.0086     316.4708   22636.0981
    54   14 Si         0.0086     316.4706   22636.0801
    55   14 Si         0.0086     316.4709   22636.1002
    56   14 Si         0.0086     316.4710   22636.1069
    57   14 Si         0.0086     316.4708   22636.0936
    58   14 Si         0.0086     316.4709   22636.1003
    59   14 Si         0.0086     316.4707   22636.0910
    60   14 Si         0.0086     316.4708   22636.0974
--------------------------------------------------------

Atom-resolved dispersion energies:
--------------------------------------------------
     #    Z           [Hartree]      [kcal/mol]
--------------------------------------------------
     1    3 Li  -0.61853240E-02     -3.88134942
     2    3 Li  -0.62102164E-02     -3.89696964
     3    3 Li  -0.61945322E-02     -3.88712767
     4    3 Li  -0.61908729E-02     -3.88483142
     5    3 Li  -0.61906851E-02     -3.88471356
     6    3 Li  -0.61888621E-02     -3.88356960
     7    3 Li  -0.55789457E-02     -3.50084126
     8    3 Li  -0.55724025E-02     -3.49673536
     9    3 Li  -0.55737919E-02     -3.49760721
    10    3 Li  -0.55730064E-02     -3.49711429
    11    3 Li  -0.55710301E-02     -3.49587420
    12    3 Li  -0.55769721E-02     -3.49960282
    13    3 Li  -0.53616354E-02     -3.36447698
    14    3 Li  -0.53581513E-02     -3.36229071
    15    3 Li  -0.53809669E-02     -3.37660770
    16    3 Li  -0.53576241E-02     -3.36195988
    17    3 Li  -0.53779405E-02     -3.37470859
    18    3 Li  -0.53601904E-02     -3.36357028
    19    3 Li  -0.61194938E-02     -3.84004037
    20    3 Li  -0.61200908E-02     -3.84041498
    21    3 Li  -0.61368244E-02     -3.85091548
    22    3 Li  -0.61232875E-02     -3.84242090
    23    3 Li  -0.61340578E-02     -3.84917938
    24    3 Li  -0.61216849E-02     -3.84141526
    25    3 Li  -0.57534023E-02     -3.61031447
    26    3 Li  -0.57433081E-02     -3.60398025
    27    3 Li  -0.57652578E-02     -3.61775391
    28    3 Li  -0.57381435E-02     -3.60073939
    29    3 Li  -0.57662078E-02     -3.61835000
    30    3 Li  -0.57534113E-02     -3.61032010
    31    3 Li  -0.61042992E-02     -3.83050555
    32    3 Li  -0.61122612E-02     -3.83550182
    33    3 Li  -0.61085756E-02     -3.83318904
    34    3 Li  -0.61100677E-02     -3.83412536
    35    3 Li  -0.61064769E-02     -3.83187212
    36    3 Li  -0.61055466E-02     -3.83128834
    37    3 Li  -0.57145368E-02     -3.58592599
    38    3 Li  -0.57171530E-02     -3.58756767
    39    3 Li  -0.57167429E-02     -3.58731030
    40    3 Li  -0.57162043E-02     -3.58697232
    41    3 Li  -0.57162288E-02     -3.58698774
    42    3 Li  -0.57116636E-02     -3.58412299
    43   14 Si  -0.28535088E-02     -1.79060383
    44   14 Si  -0.28563053E-02     -1.79235864
    45   14 Si  -0.28621631E-02     -1.79603445
    46   14 Si  -0.28566232E-02     -1.79255813
    47   14 Si  -0.28617882E-02     -1.79579919
    48   14 Si  -0.28541297E-02     -1.79099343
    49   14 Si  -0.28764569E-02     -1.80500394
    50   14 Si  -0.28759433E-02     -1.80468166
    51   14 Si  -0.28739246E-02     -1.80341492
    52   14 Si  -0.28753200E-02     -1.80429052
    53   14 Si  -0.28747295E-02     -1.80392000
    54   14 Si  -0.28769476E-02     -1.80531188
    55   14 Si  -0.28749536E-02     -1.80406062
    56   14 Si  -0.28746928E-02     -1.80389696
    57   14 Si  -0.28781275E-02     -1.80605224
    58   14 Si  -0.28754555E-02     -1.80437556
    59   14 Si  -0.28789694E-02     -1.80658056
    60   14 Si  -0.28748465E-02     -1.80399344
--------------------------------------------------

Dispersion energy:      -2.9667296188092E-01 Eh

[Info] Dispersion energy written to .EDISP
