-----------------------------------
 s i m p l e   D F T - D 3  v1.2.1
-----------------------------------

Zero (Chai-Head-Gordon) damping: pbe-D3(0)
--------------------
  s6         1.0000
  s8         0.7220
  s9         0.0000
 rs6         1.2170
 rs8         1.0000
 alp        14.0000
--------------------

Atomic radii (in Angstrom):
-------------------------------------------
   Z          R(cov)     R(vdw)      r4/r2
-------------------------------------------
  12 Mg       1.6667     1.7420     2.8909
  80 Hg       1.7600     1.6799     3.0610
-------------------------------------------

Atomic reference systems (in atomic units):
----------------------------------------------------------------------------
   Z        #      CN    C6(AA)   #      CN    C6(AA)   #      CN    C6(AA)
----------------------------------------------------------------------------
  12 Mg     1  0.0000  683.3758   2  0.9628  451.2708   3  1.9496  175.5616
  80 Hg     1  0.0000  362.0755   2  1.9896  298.8616
----------------------------------------------------------------------------

Dispersion properties (in atomic units):
--------------------------------------------------------
     #    Z                CN       C6(AA)       C8(AA)
--------------------------------------------------------
     1   12 Mg         0.0069     676.8962   60603.7289
     2   12 Mg         0.0069     676.8962   60603.7288
     3   12 Mg         0.0069     676.8962   60603.7287
     4   12 Mg         0.0069     676.8962   60603.7288
     5   12 Mg         0.0067     676.9077   60604.7554
     6   12 Mg         0.0067     676.9077   60604.7555
     7   12 Mg         0.0067     676.9086   60604.8372
     8   12 Mg         0.0067     676.9094   60604.9035
     9   12 Mg         0.0067     676.9088   60604.8545
    10   12 Mg         0.0067     676.9088   60604.8545
    11   12 Mg         0.0067     676.9086   60604.8372
    12   12 Mg         0.0067     676.9086   60604.8373
    13   12 Mg         0.0066     676.9099   60604.9470
    14   12 Mg         0.0066     676.9098   60604.9469
    15   12 Mg         0.0067     676.9088   60604.8545
    16   12 Mg         0.0067     676.9088   60604.8545
    17   12 Mg         0.0067     676.9077   60604.7557
    18   12 Mg         0.0066     676.9098   60604.9469
    19   12 Mg         0.0067     676.9094   60604.9035
    20   12 Mg         0.0067     676.9094   60604.9037
    21   12 Mg         0.0069     676.8962   60603.7287
    22   12 Mg         0.0069     676.8962   60603.7288
    23   12 Mg         0.0067     676.9088   60604.8545
    24   12 Mg         0.0067     676.9088   60604.8544
    25   12 Mg         0.0069     676.8974   60603.8292
    26   12 Mg         0.0069     676.8974   60603.8292
    27   12 Mg         0.0069     676.8974   60603.8294
    28   12 Mg         0.0067     676.9088   60604.8488
    29   12 Mg         0.0067     676.9088   60604.8486
    30   12 Mg         0.0067     676.9088   60604.8485
    31   12 Mg         0.0067     676.9088   60604.8486
    32   12 Mg         0.0067     676.9088   60604.8486
    33   12 Mg         0.0067     676.9088   60604.8486
    34   12 Mg         0.0066     676.9102   60604.9750
    35   12 Mg         0.0066     676.9102   60604.9747
    36   12 Mg         0.0066     676.9102   60604.9750
    37   12 Mg         0.0067     676.9092   60604.8877
    38   12 Mg         0.0067     676.9092   60604.8874
    39   12 Mg         0.0067     676.9092   60604.8875
    40   12 Mg         0.0067     676.9074   60604.7306
    41   12 Mg         0.0067     676.9074   60604.7306
    42   12 Mg         0.0067     676.9074   60604.7307
    43   12 Mg         0.0067     676.9074   60604.7306
    44   12 Mg         0.0067     676.9074   60604.7307
    45   12 Mg         0.0067     676.9074   60604.7306
    46   12 Mg         0.0067     676.9075   60604.7382
    47   12 Mg         0.0067     676.9056   60604.5693
    48   12 Mg         0.0067     676.9056   60604.5694
    49   12 Mg         0.0067     676.9056   60604.5695
    50   12 Mg         0.0067     676.9073   60604.7228
    51   12 Mg         0.0067     676.9093   60604.8952
    52   12 Mg         0.0067     676.9093   60604.8951
    53   12 Mg         0.0067     676.9093   60604.8954
    54   12 Mg         0.0067     676.9093   60604.8995
    55   12 Mg         0.0067     676.9093   60604.8994
    56   12 Mg         0.0067     676.9093   60604.8997
    57   12 Mg         0.0067     676.9093   60604.8994
    58   12 Mg         0.0067     676.9093   60604.8994
    59   12 Mg         0.0067     676.9093   60604.8995
    60   12 Mg         0.0067     676.9084   60604.8178
    61   12 Mg         0.0067     676.9084   60604.8176
    62   12 Mg         0.0067     676.9084   60604.8177
    63   12 Mg         0.0067     676.9084   60604.8177
    64   12 Mg         0.0067     676.9084   60604.8177
    65   12 Mg         0.0067     676.9084   60604.8177
    66   12 Mg         0.0067     676.9082   60604.7973
    67   12 Mg         0.0067     676.9082   60604.7975
    68   12 Mg         0.0067     676.9082   60604.7973
    69   12 Mg         0.0067     676.9092   60604.8919
    70   12 Mg         0.0067     676.9092   60604.8921
    71   12 Mg         0.0067     676.9092   60604.8921
    72   12 Mg         0.0067     676.9080   60604.7807
    73   12 Mg         0.0067     676.9080   60604.7808
    74   12 Mg         0.0067     676.9080   60604.7807
    75   12 Mg         0.0067     676.9087   60604.8418
    76   12 Mg         0.0067     676.9085   60604.8292
    77   12 Mg         0.0067     676.9085   60604.8291
    78   12 Mg         0.0067     676.9084   60604.8176
    79   12 Mg         0.0067     676.9084   60604.8173
    80   12 Mg         0.0067     676.9091   60604.8768
    81   12 Mg         0.0067     676.9091   60604.8768
    82   12 Mg         0.0067     676.9082   60604.7991
    83   12 Mg         0.0067     676.9084   60604.8175
    84   12 Mg         0.0067     676.9084   60604.8175
    85   12 Mg         0.0067     676.9093   60604.8996
    86   12 Mg         0.0067     676.9091   60604.8779
    87   12 Mg         0.0067     676.9091   60604.8779
    88   12 Mg         0.0067     676.9084   60604.8175
    89   12 Mg         0.0067     676.9084   60604.8176
    90   12 Mg         0.0067     676.9091   60604.8771
    91   12 Mg         0.0067     676.9091   60604.8768
    92   12 Mg         0.0067     676.9093   60604.8997
    93   12 Mg         0.0067     676.9093   60604.8998
    94   12 Mg         0.0067     676.9085   60604.8291
    95   12 Mg         0.0067     676.9091   60604.8770
    96   12 Mg         0.0067     676.9091   60604.8770
    97   12 Mg         0.0067     676.9087   60604.8417
    98   12 Mg         0.0067     676.9087   60604.8418
    99   12 Mg         0.0067     676.9091   60604.8778
   100   12 Mg         0.0067     676.9080   60604.7802
   101   12 Mg         0.0067     676.9080   60604.7806
   102   12 Mg         0.0067     676.9080   60604.7804
   103   12 Mg         0.0067     676.9092   60604.8920
   104   12 Mg         0.0067     676.9092   60604.8920
   105   12 Mg         0.0067     676.9092   60604.8921
   106   12 Mg         0.0067     676.9082   60604.7975
   107   12 Mg         0.0067     676.9082   60604.7975
   108   12 Mg         0.0067     676.9082   60604.7974
   109   12 Mg         0.0067     676.9084   60604.8177
   110   12 Mg         0.0067     676.9084   60604.8178
   111   12 Mg         0.0067     676.9084   60604.8178
   112   12 Mg         0.0067     676.9084   60604.8178
   113   12 Mg         0.0067     676.9084   60604.8177
   114   12 Mg         0.0067     676.9084   60604.8175
   115   12 Mg         0.0067     676.9093   60604.8995
   116   12 Mg         0.0067     676.9093   60604.8994
   117   12 Mg         0.0067     676.9093   60604.8995
   118   12 Mg         0.0067     676.9093   60604.8994
   119   12 Mg         0.0067     676.9093   60604.8994
   120   12 Mg         0.0067     676.9093   60604.8994
   121   12 Mg         0.0067     676.9093   60604.8950
   122   12 Mg         0.0067     676.9093   60604.8953
   123   12 Mg         0.0067     676.9093   60604.8952
   124   12 Mg         0.0067     676.9073   60604.7230
   125   12 Mg         0.0067     676.9056   60604.5647
   126   12 Mg         0.0067     676.9056   60604.5645
   127   12 Mg         0.0067     676.9056   60604.5647
   128   12 Mg         0.0067     676.9076   60604.7489
   129   12 Mg         0.0067     676.9074   60604.7298
   130   12 Mg         0.0067     676.9074   60604.7297
   131   12 Mg         0.0067     676.9074   60604.7298
   132   12 Mg         0.0067     676.9074   60604.7298
   133   12 Mg         0.0067     676.9074   60604.7298
   134   12 Mg         0.0067     676.9074   60604.7298
   135   12 Mg         0.0067     676.9092   60604.8877
   136   12 Mg         0.0067     676.9092   60604.8877
   137   12 Mg         0.0067     676.9092   60604.8877
   138   12 Mg         0.0066     676.9102   60604.9749
   139   12 Mg         0.0066     676.9102   60604.9748
   140   12 Mg         0.0066     676.9102   60604.9750
   141   12 Mg         0.0067     676.9088   60604.8487
   142   12 Mg         0.0067     676.9088   60604.8485
   143   12 Mg         0.0067     676.9088   60604.8487
   144   12 Mg         0.0067     676.9087   60604.8485
   145   12 Mg         0.0067     676.9088   60604.8485
   146   12 Mg         0.0067     676.9088   60604.8485
   147   12 Mg         0.0069     676.8974   60603.8293
   148   12 Mg         0.0069     676.8974   60603.8292
   149   12 Mg         0.0069     676.8974   60603.8291
   150   80 Hg         0.0088     362.0755   36345.7038
--------------------------------------------------------

Atom-resolved dispersion energies:
--------------------------------------------------
     #    Z           [Hartree]      [kcal/mol]
--------------------------------------------------
     1   12 Mg  -0.21908378E-02     -1.37477146
     2   12 Mg  -0.21908461E-02     -1.37477666
     3   12 Mg  -0.21908367E-02     -1.37477080
     4   12 Mg  -0.21908386E-02     -1.37477197
     5   12 Mg  -0.22178694E-02     -1.39173404
     6   12 Mg  -0.22178636E-02     -1.39173041
     7   12 Mg  -0.22146887E-02     -1.38973811
     8   12 Mg  -0.22087801E-02     -1.38603044
     9   12 Mg  -0.22129631E-02     -1.38865531
    10   12 Mg  -0.22129619E-02     -1.38865457
    11   12 Mg  -0.22146863E-02     -1.38973666
    12   12 Mg  -0.22146849E-02     -1.38973577
    13   12 Mg  -0.22078045E-02     -1.38541826
    14   12 Mg  -0.22078135E-02     -1.38542386
    15   12 Mg  -0.22129608E-02     -1.38865387
    16   12 Mg  -0.22129602E-02     -1.38865348
    17   12 Mg  -0.22178515E-02     -1.39172283
    18   12 Mg  -0.22078138E-02     -1.38542409
    19   12 Mg  -0.22087844E-02     -1.38603314
    20   12 Mg  -0.22087724E-02     -1.38602559
    21   12 Mg  -0.21908414E-02     -1.37477372
    22   12 Mg  -0.21908296E-02     -1.37476632
    23   12 Mg  -0.22129588E-02     -1.38865262
    24   12 Mg  -0.22129658E-02     -1.38865698
    25   12 Mg  -0.21857723E-02     -1.37159286
    26   12 Mg  -0.21857732E-02     -1.37159339
    27   12 Mg  -0.21857698E-02     -1.37159127
    28   12 Mg  -0.22120470E-02     -1.38808047
    29   12 Mg  -0.22120566E-02     -1.38808649
    30   12 Mg  -0.22120607E-02     -1.38808907
    31   12 Mg  -0.22120547E-02     -1.38808527
    32   12 Mg  -0.22120552E-02     -1.38808561
    33   12 Mg  -0.22120564E-02     -1.38808635
    34   12 Mg  -0.22063168E-02     -1.38448470
    35   12 Mg  -0.22063367E-02     -1.38449717
    36   12 Mg  -0.22063167E-02     -1.38448466
    37   12 Mg  -0.22114350E-02     -1.38769644
    38   12 Mg  -0.22114546E-02     -1.38770872
    39   12 Mg  -0.22114480E-02     -1.38770460
    40   12 Mg  -0.22203430E-02     -1.39328624
    41   12 Mg  -0.22203420E-02     -1.39328567
    42   12 Mg  -0.22203365E-02     -1.39328222
    43   12 Mg  -0.22203418E-02     -1.39328553
    44   12 Mg  -0.22203343E-02     -1.39328078
    45   12 Mg  -0.22203405E-02     -1.39328469
    46   12 Mg  -0.22202689E-02     -1.39323978
    47   12 Mg  -0.22232490E-02     -1.39510981
    48   12 Mg  -0.22232451E-02     -1.39510734
    49   12 Mg  -0.22232411E-02     -1.39510484
    50   12 Mg  -0.22183808E-02     -1.39205496
    51   12 Mg  -0.22107695E-02     -1.38727882
    52   12 Mg  -0.22107731E-02     -1.38728109
    53   12 Mg  -0.22107574E-02     -1.38727120
    54   12 Mg  -0.22110397E-02     -1.38744835
    55   12 Mg  -0.22110467E-02     -1.38745277
    56   12 Mg  -0.22110289E-02     -1.38744159
    57   12 Mg  -0.22110466E-02     -1.38745271
    58   12 Mg  -0.22110492E-02     -1.38745429
    59   12 Mg  -0.22110382E-02     -1.38744739
    60   12 Mg  -0.22147351E-02     -1.38976728
    61   12 Mg  -0.22147438E-02     -1.38977271
    62   12 Mg  -0.22147378E-02     -1.38976894
    63   12 Mg  -0.22147419E-02     -1.38977154
    64   12 Mg  -0.22147395E-02     -1.38977004
    65   12 Mg  -0.22147407E-02     -1.38977077
    66   12 Mg  -0.22169896E-02     -1.39118200
    67   12 Mg  -0.22169765E-02     -1.39117373
    68   12 Mg  -0.22169856E-02     -1.39117948
    69   12 Mg  -0.22110794E-02     -1.38747324
    70   12 Mg  -0.22110634E-02     -1.38746323
    71   12 Mg  -0.22110652E-02     -1.38746439
    72   12 Mg  -0.22176975E-02     -1.39162619
    73   12 Mg  -0.22176914E-02     -1.39162238
    74   12 Mg  -0.22176992E-02     -1.39162725
    75   12 Mg  -0.22142128E-02     -1.38943949
    76   12 Mg  -0.22149745E-02     -1.38991750
    77   12 Mg  -0.22149791E-02     -1.38992037
    78   12 Mg  -0.22156588E-02     -1.39034691
    79   12 Mg  -0.22156745E-02     -1.39035672
    80   12 Mg  -0.22122398E-02     -1.38820142
    81   12 Mg  -0.22122380E-02     -1.38820033
    82   12 Mg  -0.22168983E-02     -1.39112467
    83   12 Mg  -0.22156596E-02     -1.39034740
    84   12 Mg  -0.22156612E-02     -1.39034840
    85   12 Mg  -0.22108868E-02     -1.38735238
    86   12 Mg  -0.22120956E-02     -1.38811092
    87   12 Mg  -0.22120959E-02     -1.38811114
    88   12 Mg  -0.22156637E-02     -1.39034995
    89   12 Mg  -0.22156573E-02     -1.39034593
    90   12 Mg  -0.22122232E-02     -1.38819100
    91   12 Mg  -0.22122397E-02     -1.38820140
    92   12 Mg  -0.22108777E-02     -1.38734671
    93   12 Mg  -0.22108732E-02     -1.38734389
    94   12 Mg  -0.22149785E-02     -1.38992002
    95   12 Mg  -0.22122286E-02     -1.38819442
    96   12 Mg  -0.22122319E-02     -1.38819649
    97   12 Mg  -0.22142156E-02     -1.38944127
    98   12 Mg  -0.22142116E-02     -1.38943877
    99   12 Mg  -0.22120977E-02     -1.38811224
   100   12 Mg  -0.22177258E-02     -1.39164395
   101   12 Mg  -0.22177057E-02     -1.39163132
   102   12 Mg  -0.22177194E-02     -1.39163995
   103   12 Mg  -0.22110721E-02     -1.38746870
   104   12 Mg  -0.22110714E-02     -1.38746824
   105   12 Mg  -0.22110650E-02     -1.38746423
   106   12 Mg  -0.22169736E-02     -1.39117196
   107   12 Mg  -0.22169736E-02     -1.39117196
   108   12 Mg  -0.22169778E-02     -1.39117457
   109   12 Mg  -0.22147401E-02     -1.38977037
   110   12 Mg  -0.22147379E-02     -1.38976902
   111   12 Mg  -0.22147375E-02     -1.38976879
   112   12 Mg  -0.22147371E-02     -1.38976849
   113   12 Mg  -0.22147415E-02     -1.38977128
   114   12 Mg  -0.22147505E-02     -1.38977695
   115   12 Mg  -0.22110394E-02     -1.38744816
   116   12 Mg  -0.22110479E-02     -1.38745351
   117   12 Mg  -0.22110433E-02     -1.38745063
   118   12 Mg  -0.22110464E-02     -1.38745258
   119   12 Mg  -0.22110447E-02     -1.38745147
   120   12 Mg  -0.22110457E-02     -1.38745213
   121   12 Mg  -0.22107780E-02     -1.38728416
   122   12 Mg  -0.22107645E-02     -1.38727565
   123   12 Mg  -0.22107715E-02     -1.38728008
   124   12 Mg  -0.22183726E-02     -1.39204979
   125   12 Mg  -0.22235118E-02     -1.39527474
   126   12 Mg  -0.22235200E-02     -1.39527984
   127   12 Mg  -0.22235113E-02     -1.39527442
   128   12 Mg  -0.22196742E-02     -1.39286656
   129   12 Mg  -0.22203862E-02     -1.39331338
   130   12 Mg  -0.22203895E-02     -1.39331547
   131   12 Mg  -0.22203826E-02     -1.39331109
   132   12 Mg  -0.22203850E-02     -1.39331263
   133   12 Mg  -0.22203828E-02     -1.39331124
   134   12 Mg  -0.22203843E-02     -1.39331220
   135   12 Mg  -0.22114323E-02     -1.38769474
   136   12 Mg  -0.22114360E-02     -1.38769706
   137   12 Mg  -0.22114331E-02     -1.38769523
   138   12 Mg  -0.22063246E-02     -1.38448957
   139   12 Mg  -0.22063282E-02     -1.38449186
   140   12 Mg  -0.22063168E-02     -1.38448471
   141   12 Mg  -0.22120581E-02     -1.38808741
   142   12 Mg  -0.22120689E-02     -1.38809421
   143   12 Mg  -0.22120580E-02     -1.38808732
   144   12 Mg  -0.22120700E-02     -1.38809488
   145   12 Mg  -0.22120666E-02     -1.38809272
   146   12 Mg  -0.22120676E-02     -1.38809338
   147   12 Mg  -0.21857726E-02     -1.37159305
   148   12 Mg  -0.21857749E-02     -1.37159445
   149   12 Mg  -0.21857835E-02     -1.37159988
   150   80 Hg  -0.15686665E-02     -0.98435312
--------------------------------------------------

Dispersion energy:      -3.3115546894963E-01 Eh

[Info] Dispersion energy written to .EDISP
