-----------------------------------
 s i m p l e   D F T - D 3  v1.2.1
-----------------------------------

Zero (Chai-Head-Gordon) damping: pbe-D3(0)
--------------------
  s6         1.0000
  s8         0.7220
  s9         0.0000
 rs6         1.2170
 rs8         1.0000
 alp        14.0000
--------------------

Atomic radii (in Angstrom):
-------------------------------------------
   Z          R(cov)     R(vdw)      r4/r2
-------------------------------------------
  12 Mg       1.6667     1.7420     2.8909
   8 O        0.8400     1.2408     1.3725
-------------------------------------------

Atomic reference systems (in atomic units):
----------------------------------------------------------------------------
   Z        #      CN    C6(AA)   #      CN    C6(AA)   #      CN    C6(AA)
----------------------------------------------------------------------------
  12 Mg     1  0.0000  683.3758   2  0.9628  451.2708   3  1.9496  175.5616
   8 O      1  0.0000   15.5059   2  0.9925   12.8161   3  1.9887   10.3708
----------------------------------------------------------------------------

Dispersion properties (in atomic units):
--------------------------------------------------------
     #    Z                CN       C6(AA)       C8(AA)
--------------------------------------------------------
     1   12 Mg        12.5764     175.5616   15718.3434
     2   12 Mg        13.8871     175.5616   15718.3434
     3   12 Mg        13.4463     175.5616   15718.3434
     4   12 Mg        12.8052     175.5616   15718.3434
     5   12 Mg        14.7989     175.5616   15718.3434
     6   12 Mg        12.6356     175.5616   15718.3434
     7   12 Mg        12.7281     175.5616   15718.3434
     8   12 Mg        12.3981     175.5616   15718.3434
     9   12 Mg        11.0316     175.5616   15718.3434
    10   12 Mg        11.9573     175.5616   15718.3434
    11   12 Mg        13.4733     175.5616   15718.3434
    12   12 Mg        12.4839     175.5616   15718.3434
    13   12 Mg        13.2995     175.5616   15718.3434
    14   12 Mg        12.2515     175.5616   15718.3434
    15   12 Mg        12.7615     175.5616   15718.3434
    16   12 Mg        11.5699     175.5616   15718.3434
    17   12 Mg        11.2606     175.5616   15718.3434
    18   12 Mg        13.2604     175.5616   15718.3434
    19   12 Mg        13.5325     175.5616   15718.3434
    20   12 Mg        12.9788     175.5616   15718.3434
    21   12 Mg        11.5968     175.5616   15718.3434
    22   12 Mg        10.7304     175.5616   15718.3434
    23   12 Mg        12.1060     175.5616   15718.3434
    24   12 Mg        12.8931     175.5616   15718.3434
    25   12 Mg        12.9619     175.5616   15718.3434
    26   12 Mg        13.4395     175.5616   15718.3434
    27   12 Mg        14.5621     175.5616   15718.3434
    28   12 Mg        12.2599     175.5616   15718.3434
    29   12 Mg        14.4460     175.5616   15718.3434
    30   12 Mg        13.9029     175.5616   15718.3434
    31   12 Mg        12.6659     175.5616   15718.3434
    32   12 Mg        14.0571     175.5616   15718.3434
    33   12 Mg        14.1034     175.5616   15718.3434
    34   12 Mg        14.0180     175.5616   15718.3434
    35   12 Mg        12.9618     175.5616   15718.3434
    36   12 Mg        12.5064     175.5616   15718.3434
    37   12 Mg        13.6622     175.5616   15718.3434
    38   12 Mg        13.8454     175.5616   15718.3434
    39   12 Mg        12.5179     175.5616   15718.3434
    40   12 Mg        12.7032     175.5616   15718.3434
    41    8 O          4.0724      10.3708     209.2884
    42    8 O          5.6843      10.3708     209.2884
    43    8 O          5.0043      10.3708     209.2884
    44    8 O          4.0122      10.3708     209.2884
    45    8 O          5.1730      10.3708     209.2884
    46    8 O          5.0023      10.3708     209.2884
    47    8 O          4.1786      10.3708     209.2884
    48    8 O          4.1509      10.3708     209.2884
    49    8 O          4.3036      10.3708     209.2884
    50    8 O          5.0648      10.3708     209.2884
    51    8 O          5.0348      10.3708     209.2884
    52    8 O          4.6693      10.3708     209.2884
    53    8 O          4.1049      10.3708     209.2884
    54    8 O          4.1528      10.3708     209.2884
    55    8 O          4.8245      10.3708     209.2884
    56    8 O          4.2457      10.3708     209.2884
    57    8 O          4.1256      10.3708     209.2884
    58    8 O          5.0251      10.3708     209.2884
    59    8 O          5.0455      10.3708     209.2884
    60    8 O          5.0221      10.3708     209.2884
    61    8 O          3.4556      10.3708     209.2884
    62    8 O          4.5231      10.3708     209.2884
    63    8 O          4.1626      10.3708     209.2884
    64    8 O          4.0971      10.3708     209.2884
    65    8 O          4.1652      10.3708     209.2884
    66    8 O          4.9691      10.3708     209.2884
    67    8 O          4.1207      10.3708     209.2884
    68    8 O          4.3951      10.3708     209.2884
    69    8 O          4.3166      10.3708     209.2884
    70    8 O          4.6195      10.3708     209.2884
    71    8 O          5.0328      10.3708     209.2884
    72    8 O          5.5459      10.3708     209.2884
    73    8 O          4.9400      10.3708     209.2884
    74    8 O          4.9221      10.3708     209.2884
    75    8 O          4.9595      10.3708     209.2884
    76    8 O          5.5730      10.3708     209.2884
    77    8 O          4.2092      10.3708     209.2884
    78    8 O          4.7307      10.3708     209.2884
    79    8 O          5.0411      10.3708     209.2884
    80    8 O          4.8043      10.3708     209.2884
--------------------------------------------------------

Atom-resolved dispersion energies:
--------------------------------------------------
     #    Z           [Hartree]      [kcal/mol]
--------------------------------------------------
     1   12 Mg  -0.11025383E-01     -6.91853229
     2   12 Mg  -0.10927695E-01     -6.85723211
     3   12 Mg  -0.10993682E-01     -6.89863965
     4   12 Mg  -0.10960290E-01     -6.87768591
     5   12 Mg  -0.10712594E-01     -6.72225401
     6   12 Mg  -0.11023585E-01     -6.91740381
     7   12 Mg  -0.11111032E-01     -6.97227764
     8   12 Mg  -0.11616521E-01     -7.28947728
     9   12 Mg  -0.11489321E-01     -7.20965772
    10   12 Mg  -0.10913475E-01     -6.84830914
    11   12 Mg  -0.10919087E-01     -6.85183040
    12   12 Mg  -0.10999294E-01     -6.90216124
    13   12 Mg  -0.11163831E-01     -7.00540974
    14   12 Mg  -0.11254160E-01     -7.06209223
    15   12 Mg  -0.10939743E-01     -6.86479223
    16   12 Mg  -0.11290240E-01     -7.08473261
    17   12 Mg  -0.11301571E-01     -7.09184318
    18   12 Mg  -0.10422857E-01     -6.54044167
    19   12 Mg  -0.11069849E-01     -6.94643528
    20   12 Mg  -0.10719981E-01     -6.72688958
    21   12 Mg  -0.11355204E-01     -7.12549800
    22   12 Mg  -0.11381405E-01     -7.14193925
    23   12 Mg  -0.11170409E-01     -7.00953776
    24   12 Mg  -0.11110700E-01     -6.97206973
    25   12 Mg  -0.10573253E-01     -6.63481639
    26   12 Mg  -0.10675394E-01     -6.69891068
    27   12 Mg  -0.10581346E-01     -6.63989460
    28   12 Mg  -0.11365818E-01     -7.13215833
    29   12 Mg  -0.10602045E-01     -6.65288397
    30   12 Mg  -0.10613557E-01     -6.66010741
    31   12 Mg  -0.11333340E-01     -7.11177837
    32   12 Mg  -0.10866555E-01     -6.81886599
    33   12 Mg  -0.10532087E-01     -6.60898462
    34   12 Mg  -0.10621982E-01     -6.66539462
    35   12 Mg  -0.11193165E-01     -7.02381733
    36   12 Mg  -0.10859861E-01     -6.81466543
    37   12 Mg  -0.10559305E-01     -6.62606390
    38   12 Mg  -0.10615049E-01     -6.66104409
    39   12 Mg  -0.11106285E-01     -6.96929878
    40   12 Mg  -0.11017292E-01     -6.91345483
    41    8 O   -0.33244307E-02     -2.08611179
    42    8 O   -0.31893151E-02     -2.00132546
    43    8 O   -0.33738942E-02     -2.11715056
    44    8 O   -0.33039712E-02     -2.07327323
    45    8 O   -0.33160743E-02     -2.08086803
    46    8 O   -0.34383498E-02     -2.15759710
    47    8 O   -0.34193452E-02     -2.14567148
    48    8 O   -0.34676910E-02     -2.17600895
    49    8 O   -0.34177221E-02     -2.14465298
    50    8 O   -0.32557776E-02     -2.04303131
    51    8 O   -0.32635673E-02     -2.04791939
    52    8 O   -0.33035251E-02     -2.07299332
    53    8 O   -0.34689384E-02     -2.17679172
    54    8 O   -0.34598851E-02     -2.17111069
    55    8 O   -0.32505906E-02     -2.03977639
    56    8 O   -0.34092368E-02     -2.13932840
    57    8 O   -0.33851440E-02     -2.12420996
    58    8 O   -0.33688143E-02     -2.11396287
    59    8 O   -0.33843218E-02     -2.12369399
    60    8 O   -0.33117026E-02     -2.07812473
    61    8 O   -0.32858423E-02     -2.06189718
    62    8 O   -0.33158511E-02     -2.08072796
    63    8 O   -0.33354092E-02     -2.09300086
    64    8 O   -0.32685573E-02     -2.05105064
    65    8 O   -0.33705833E-02     -2.11507292
    66    8 O   -0.33652522E-02     -2.11172764
    67    8 O   -0.34185442E-02     -2.14516885
    68    8 O   -0.32924479E-02     -2.06604228
    69    8 O   -0.34296988E-02     -2.15216849
    70    8 O   -0.33190123E-02     -2.08271165
    71    8 O   -0.32882182E-02     -2.06338808
    72    8 O   -0.32274532E-02     -2.02525743
    73    8 O   -0.33229200E-02     -2.08516380
    74    8 O   -0.31927599E-02     -2.00348708
    75    8 O   -0.33274252E-02     -2.08799086
    76    8 O   -0.33596160E-02     -2.10819089
    77    8 O   -0.34167311E-02     -2.14403115
    78    8 O   -0.34312235E-02     -2.15312526
    79    8 O   -0.32386475E-02     -2.03228197
    80    8 O   -0.33584092E-02     -2.10743360
--------------------------------------------------

Dispersion energy:      -5.7266514309063E-01 Eh

[Info] Dispersion energy written to .EDISP
