-----------------------------------
 s i m p l e   D F T - D 3  v1.2.1
-----------------------------------

Zero (Chai-Head-Gordon) damping: pbe-D3(0)
--------------------
  s6         1.0000
  s8         0.7220
  s9         0.0000
 rs6         1.2170
 rs8         1.0000
 alp        14.0000
--------------------

Atomic radii (in Angstrom):
-------------------------------------------
   Z          R(cov)     R(vdw)      r4/r2
-------------------------------------------
  12 Mg       1.6667     1.7420     2.8909
   8 O        0.8400     1.2408     1.3725
-------------------------------------------

Atomic reference systems (in atomic units):
----------------------------------------------------------------------------
   Z        #      CN    C6(AA)   #      CN    C6(AA)   #      CN    C6(AA)
----------------------------------------------------------------------------
  12 Mg     1  0.0000  683.3758   2  0.9628  451.2708   3  1.9496  175.5616
   8 O      1  0.0000   15.5059   2  0.9925   12.8161   3  1.9887   10.3708
----------------------------------------------------------------------------

Dispersion properties (in atomic units):
--------------------------------------------------------
     #    Z                CN       C6(AA)       C8(AA)
--------------------------------------------------------
     1   12 Mg         0.0238     676.0273   60525.9336
     2   12 Mg         0.0317     675.5795   60485.8370
     3   12 Mg         0.0275     675.8206   60507.4238
     4   12 Mg         0.0320     675.5591   60484.0129
     5   12 Mg         0.0323     675.5466   60482.8970
     6   12 Mg         0.0491     674.5023   60389.3930
     7   12 Mg         0.0266     675.8718   60512.0041
     8   12 Mg         0.0263     675.8892   60513.5623
     9   12 Mg         0.0268     675.8570   60510.6795
    10   12 Mg         0.0271     675.8422   60509.3587
    11   12 Mg         0.0309     675.6272   60490.1083
    12   12 Mg         0.0286     675.7587   60501.8825
    13   12 Mg         0.0340     675.4438   60473.6885
    14   12 Mg         0.0307     675.6384   60491.1147
    15   12 Mg         0.0373     675.2449   60455.8805
    16   12 Mg         0.0304     675.6570   60492.7733
    17   12 Mg         0.0350     675.3841   60468.3420
    18   12 Mg         0.0312     675.6099   60488.5570
    19   12 Mg         0.0247     675.9761   60521.3488
    20   12 Mg         0.0243     675.9990   60523.3962
    21   12 Mg         0.0322     675.5507   60483.2625
    22   12 Mg         0.0197     676.2456   60545.4726
    23   12 Mg         0.0342     675.4352   60472.9178
    24   12 Mg         0.0284     675.7658   60502.5184
    25   12 Mg         0.0293     675.7196   60498.3852
    26   12 Mg         0.0251     675.9528   60519.2586
    27   12 Mg         0.0409     675.0247   60436.1661
    28   12 Mg         0.0311     675.6140   60488.9243
    29   12 Mg         0.0303     675.6588   60492.9425
    30   12 Mg         0.0241     676.0078   60524.1812
    31   12 Mg         0.0274     675.8261   60507.9140
    32   12 Mg         0.0298     675.6900   60495.7356
    33   12 Mg         0.0238     676.0233   60525.5729
    34   12 Mg         0.0338     675.4542   60474.6206
    35   12 Mg         0.0271     675.8416   60509.3054
    36   12 Mg         0.0301     675.6694   60493.8872
    37   12 Mg         0.0260     675.9037   60514.8649
    38   12 Mg         0.0320     675.5610   60484.1834
    39   12 Mg         0.0269     675.8523   60510.2606
    40   12 Mg         0.0261     675.8983   60514.3824
    41    8 O          0.0166      15.4439     311.6666
    42    8 O          0.0121      15.4460     311.7097
    43    8 O          0.0136      15.4454     311.6957
    44    8 O          0.0133      15.4455     311.6984
    45    8 O          0.0128      15.4457     311.7029
    46    8 O          0.0148      15.4448     311.6844
    47    8 O          0.0182      15.4431     311.6511
    48    8 O          0.0197      15.4424     311.6361
    49    8 O          0.0150      15.4447     311.6824
    50    8 O          0.0169      15.4438     311.6637
    51    8 O          0.0205      15.4420     311.6289
    52    8 O          0.0136      15.4453     311.6953
    53    8 O          0.0215      15.4415     311.6184
    54    8 O          0.0154      15.4445     311.6781
    55    8 O          0.0155      15.4445     311.6777
    56    8 O          0.0237      15.4404     311.5960
    57    8 O          0.0186      15.4430     311.6477
    58    8 O          0.0185      15.4430     311.6480
    59    8 O          0.0167      15.4439     311.6657
    60    8 O          0.0168      15.4438     311.6649
    61    8 O          0.0188      15.4429     311.6454
    62    8 O          0.0143      15.4450     311.6892
    63    8 O          0.0125      15.4459     311.7058
    64    8 O          0.0165      15.4440     311.6679
    65    8 O          0.0179      15.4433     311.6547
    66    8 O          0.0125      15.4459     311.7064
    67    8 O          0.0172      15.4436     311.6612
    68    8 O          0.0169      15.4438     311.6638
    69    8 O          0.0160      15.4442     311.6727
    70    8 O          0.0146      15.4449     311.6860
    71    8 O          0.0171      15.4437     311.6622
    72    8 O          0.0142      15.4451     311.6897
    73    8 O          0.0124      15.4459     311.7073
    74    8 O          0.0131      15.4456     311.7009
    75    8 O          0.0159      15.4443     311.6736
    76    8 O          0.0152      15.4446     311.6804
    77    8 O          0.0227      15.4409     311.6060
    78    8 O          0.0122      15.4460     311.7085
    79    8 O          0.0191      15.4427     311.6425
    80    8 O          0.0165      15.4440     311.6675
--------------------------------------------------------

Atom-resolved dispersion energies:
--------------------------------------------------
     #    Z           [Hartree]      [kcal/mol]
--------------------------------------------------
     1   12 Mg  -0.35523188E-02     -2.22911369
     2   12 Mg  -0.45399269E-02     -2.84884716
     3   12 Mg  -0.43997301E-02     -2.76087233
     4   12 Mg  -0.39501430E-02     -2.47875217
     5   12 Mg  -0.47178010E-02     -2.96046481
     6   12 Mg  -0.49639947E-02     -3.11495373
     7   12 Mg  -0.38808020E-02     -2.43524002
     8   12 Mg  -0.39048936E-02     -2.45035771
     9   12 Mg  -0.37307660E-02     -2.34109099
    10   12 Mg  -0.37534871E-02     -2.35534873
    11   12 Mg  -0.43478501E-02     -2.72831711
    12   12 Mg  -0.36083091E-02     -2.26424815
    13   12 Mg  -0.44548790E-02     -2.79547881
    14   12 Mg  -0.41480078E-02     -2.60291420
    15   12 Mg  -0.44608830E-02     -2.79924634
    16   12 Mg  -0.35805156E-02     -2.24680743
    17   12 Mg  -0.43035408E-02     -2.70051265
    18   12 Mg  -0.41524087E-02     -2.60567582
    19   12 Mg  -0.40283975E-02     -2.52785761
    20   12 Mg  -0.37428145E-02     -2.34865154
    21   12 Mg  -0.38921830E-02     -2.44238168
    22   12 Mg  -0.28491659E-02     -1.78787860
    23   12 Mg  -0.42570882E-02     -2.67136319
    24   12 Mg  -0.38808377E-02     -2.43526244
    25   12 Mg  -0.40980244E-02     -2.57154914
    26   12 Mg  -0.39946830E-02     -2.50670144
    27   12 Mg  -0.50249539E-02     -3.15320618
    28   12 Mg  -0.38061877E-02     -2.38841882
    29   12 Mg  -0.45190359E-02     -2.83573782
    30   12 Mg  -0.39716298E-02     -2.49223532
    31   12 Mg  -0.39869816E-02     -2.50186870
    32   12 Mg  -0.45042317E-02     -2.82644806
    33   12 Mg  -0.39750634E-02     -2.49438997
    34   12 Mg  -0.45900637E-02     -2.88030843
    35   12 Mg  -0.38700039E-02     -2.42846411
    36   12 Mg  -0.40219897E-02     -2.52383664
    37   12 Mg  -0.41006911E-02     -2.57322252
    38   12 Mg  -0.44972370E-02     -2.82205880
    39   12 Mg  -0.38865572E-02     -2.43885144
    40   12 Mg  -0.38088440E-02     -2.39008568
    41    8 O   -0.87681583E-03     -0.55021024
    42    8 O   -0.10051904E-02     -0.63076650
    43    8 O   -0.95943016E-03     -0.60205151
    44    8 O   -0.81603010E-03     -0.51206662
    45    8 O   -0.95555575E-03     -0.59962029
    46    8 O   -0.98806852E-03     -0.62002236
    47    8 O   -0.92551415E-03     -0.58076890
    48    8 O   -0.94172874E-03     -0.59094371
    49    8 O   -0.92100103E-03     -0.57793687
    50    8 O   -0.10085541E-02     -0.63287725
    51    8 O   -0.10613636E-02     -0.66601569
    52    8 O   -0.92938697E-03     -0.58319913
    53    8 O   -0.94190254E-03     -0.59105277
    54    8 O   -0.90136321E-03     -0.56561396
    55    8 O   -0.95689291E-03     -0.60045937
    56    8 O   -0.10097486E-02     -0.63362681
    57    8 O   -0.91274463E-03     -0.57275590
    58    8 O   -0.10355396E-02     -0.64981092
    59    8 O   -0.10292145E-02     -0.64584185
    60    8 O   -0.10136344E-02     -0.63606521
    61    8 O   -0.82162968E-03     -0.51558041
    62    8 O   -0.91171865E-03     -0.57211209
    63    8 O   -0.85767983E-03     -0.53820222
    64    8 O   -0.88062274E-03     -0.55259911
    65    8 O   -0.93078963E-03     -0.58407931
    66    8 O   -0.94881901E-03     -0.59539292
    67    8 O   -0.90828348E-03     -0.56995649
    68    8 O   -0.94255233E-03     -0.59146052
    69    8 O   -0.92880299E-03     -0.58283268
    70    8 O   -0.91624865E-03     -0.57495471
    71    8 O   -0.10270122E-02     -0.64445989
    72    8 O   -0.10249090E-02     -0.64314012
    73    8 O   -0.93534700E-03     -0.58693911
    74    8 O   -0.94683216E-03     -0.59414615
    75    8 O   -0.97132823E-03     -0.60951767
    76    8 O   -0.10489123E-02     -0.65820238
    77    8 O   -0.96742357E-03     -0.60706745
    78    8 O   -0.88442921E-03     -0.55498771
    79    8 O   -0.10454702E-02     -0.65604248
    80    8 O   -0.96341732E-03     -0.60455349
--------------------------------------------------

Dispersion energy:      -2.0180882985456E-01 Eh

[Info] Dispersion energy written to .EDISP
