-----------------------------------
 s i m p l e   D F T - D 3  v1.2.1
-----------------------------------

Zero (Chai-Head-Gordon) damping: pbe-D3(0)
--------------------
  s6         1.0000
  s8         0.7220
  s9         0.0000
 rs6         1.2170
 rs8         1.0000
 alp        14.0000
--------------------

Atomic radii (in Angstrom):
-------------------------------------------
   Z          R(cov)     R(vdw)      r4/r2
-------------------------------------------
  12 Mg       1.6667     1.7420     2.8909
   8 O        0.8400     1.2408     1.3725
-------------------------------------------

Atomic reference systems (in atomic units):
----------------------------------------------------------------------------
   Z        #      CN    C6(AA)   #      CN    C6(AA)   #      CN    C6(AA)
----------------------------------------------------------------------------
  12 Mg     1  0.0000  683.3758   2  0.9628  451.2708   3  1.9496  175.5616
   8 O      1  0.0000   15.5059   2  0.9925   12.8161   3  1.9887   10.3708
----------------------------------------------------------------------------

Dispersion properties (in atomic units):
--------------------------------------------------------
     #    Z                CN       C6(AA)       C8(AA)
--------------------------------------------------------
     1   12 Mg        10.0943     175.5616   15718.3434
     2   12 Mg         9.2192     175.5616   15718.3434
     3   12 Mg         8.9224     175.5616   15718.3434
     4   12 Mg         8.9056     175.5616   15718.3434
     5   12 Mg         9.6849     175.5616   15718.3434
     6   12 Mg        10.3568     175.5616   15718.3434
     7   12 Mg         8.9449     175.5616   15718.3434
     8   12 Mg         9.0028     175.5616   15718.3434
     9   12 Mg        10.1218     175.5616   15718.3434
    10   12 Mg         9.5223     175.5616   15718.3434
    11   12 Mg         8.4622     175.5616   15718.3434
    12   12 Mg        11.0250     175.5616   15718.3434
    13   12 Mg         8.2250     175.5616   15718.3434
    14   12 Mg         9.5488     175.5616   15718.3434
    15   12 Mg         9.0029     175.5616   15718.3434
    16   12 Mg         8.5548     175.5616   15718.3434
    17   12 Mg         9.3641     175.5616   15718.3434
    18   12 Mg         9.6491     175.5616   15718.3434
    19   12 Mg         9.5603     175.5616   15718.3434
    20   12 Mg        11.1439     175.5616   15718.3434
    21   12 Mg         9.4266     175.5616   15718.3434
    22   12 Mg         9.2847     175.5616   15718.3434
    23   12 Mg         9.1032     175.5616   15718.3434
    24   12 Mg         9.1621     175.5616   15718.3434
    25   12 Mg        10.6848     175.5616   15718.3434
    26   12 Mg         9.4700     175.5616   15718.3434
    27   12 Mg        10.1254     175.5616   15718.3434
    28   12 Mg         9.3170     175.5616   15718.3434
    29   12 Mg         8.9546     175.5616   15718.3434
    30   12 Mg         9.1621     175.5616   15718.3434
    31   12 Mg         9.9444     175.5616   15718.3434
    32   12 Mg         9.0758     175.5616   15718.3434
    33   12 Mg        10.4660     175.5616   15718.3434
    34   12 Mg         9.2602     175.5616   15718.3434
    35   12 Mg        10.0109     175.5616   15718.3434
    36   12 Mg         9.7435     175.5616   15718.3434
    37   12 Mg         8.9380     175.5616   15718.3434
    38   12 Mg        10.1339     175.5616   15718.3434
    39   12 Mg         9.2703     175.5616   15718.3434
    40   12 Mg         9.6249     175.5616   15718.3434
    41    8 O          3.8796      10.3708     209.2884
    42    8 O          4.2442      10.3708     209.2884
    43    8 O          4.0758      10.3708     209.2884
    44    8 O          4.3378      10.3708     209.2884
    45    8 O          3.9834      10.3708     209.2884
    46    8 O          3.3782      10.3708     209.2884
    47    8 O          3.8839      10.3708     209.2884
    48    8 O          3.8102      10.3708     209.2884
    49    8 O          4.5813      10.3708     209.2884
    50    8 O          3.6765      10.3708     209.2884
    51    8 O          3.5686      10.3708     209.2884
    52    8 O          3.8940      10.3708     209.2884
    53    8 O          4.2574      10.3708     209.2884
    54    8 O          3.6260      10.3708     209.2884
    55    8 O          4.1683      10.3708     209.2884
    56    8 O          4.3751      10.3708     209.2884
    57    8 O          4.2509      10.3708     209.2884
    58    8 O          3.8428      10.3708     209.2884
    59    8 O          3.8970      10.3708     209.2884
    60    8 O          3.7235      10.3708     209.2884
    61    8 O          4.3470      10.3708     209.2884
    62    8 O          4.4806      10.3708     209.2884
    63    8 O          3.7565      10.3708     209.2884
    64    8 O          3.8402      10.3708     209.2884
    65    8 O          3.9568      10.3708     209.2884
    66    8 O          4.2446      10.3708     209.2884
    67    8 O          4.0726      10.3708     209.2884
    68    8 O          4.2631      10.3708     209.2884
    69    8 O          4.1858      10.3708     209.2884
    70    8 O          4.5740      10.3708     209.2884
    71    8 O          3.9534      10.3708     209.2884
    72    8 O          4.1820      10.3708     209.2884
    73    8 O          3.9323      10.3708     209.2884
    74    8 O          4.2678      10.3708     209.2884
    75    8 O          3.9456      10.3708     209.2884
    76    8 O          3.8990      10.3708     209.2884
    77    8 O          3.9707      10.3708     209.2884
    78    8 O          4.4778      10.3708     209.2884
    79    8 O          3.9821      10.3708     209.2884
    80    8 O          3.5199      10.3708     209.2884
--------------------------------------------------------

Atom-resolved dispersion energies:
--------------------------------------------------
     #    Z           [Hartree]      [kcal/mol]
--------------------------------------------------
     1   12 Mg  -0.82388732E-02     -5.16997101
     2   12 Mg  -0.87824942E-02     -5.51109832
     3   12 Mg  -0.87953253E-02     -5.51914994
     4   12 Mg  -0.88075213E-02     -5.52680305
     5   12 Mg  -0.83707766E-02     -5.25274160
     6   12 Mg  -0.80822936E-02     -5.07171582
     7   12 Mg  -0.84913403E-02     -5.32839648
     8   12 Mg  -0.87906654E-02     -5.51622583
     9   12 Mg  -0.82548754E-02     -5.18001252
    10   12 Mg  -0.84195017E-02     -5.28331708
    11   12 Mg  -0.88505391E-02     -5.55379714
    12   12 Mg  -0.81305371E-02     -5.10198905
    13   12 Mg  -0.89400576E-02     -5.60997085
    14   12 Mg  -0.83568993E-02     -5.24403347
    15   12 Mg  -0.84886188E-02     -5.32668871
    16   12 Mg  -0.88823112E-02     -5.57373442
    17   12 Mg  -0.81360456E-02     -5.10544572
    18   12 Mg  -0.84742552E-02     -5.31767543
    19   12 Mg  -0.83338806E-02     -5.22958906
    20   12 Mg  -0.80139915E-02     -5.02885559
    21   12 Mg  -0.85869305E-02     -5.38838024
    22   12 Mg  -0.83485152E-02     -5.23877240
    23   12 Mg  -0.87724251E-02     -5.50477987
    24   12 Mg  -0.83437999E-02     -5.23581347
    25   12 Mg  -0.77787530E-02     -4.88124121
    26   12 Mg  -0.81454829E-02     -5.11136771
    27   12 Mg  -0.85789397E-02     -5.38336591
    28   12 Mg  -0.85258136E-02     -5.35002883
    29   12 Mg  -0.91345420E-02     -5.73201166
    30   12 Mg  -0.88076240E-02     -5.52686750
    31   12 Mg  -0.83292604E-02     -5.22668983
    32   12 Mg  -0.83161821E-02     -5.21848306
    33   12 Mg  -0.80998518E-02     -5.08273375
    34   12 Mg  -0.88416360E-02     -5.54821034
    35   12 Mg  -0.82917314E-02     -5.20314001
    36   12 Mg  -0.83740942E-02     -5.25482343
    37   12 Mg  -0.83838089E-02     -5.26091948
    38   12 Mg  -0.84990039E-02     -5.33320550
    39   12 Mg  -0.84821932E-02     -5.32265662
    40   12 Mg  -0.84547098E-02     -5.30541049
    41    8 O   -0.24376684E-02     -1.52966004
    42    8 O   -0.23736339E-02     -1.48947773
    43    8 O   -0.24556852E-02     -1.54096572
    44    8 O   -0.23246921E-02     -1.45876630
    45    8 O   -0.24237403E-02     -1.52092000
    46    8 O   -0.23718171E-02     -1.48833769
    47    8 O   -0.25242979E-02     -1.58402087
    48    8 O   -0.24492269E-02     -1.53691308
    49    8 O   -0.23503067E-02     -1.47483975
    50    8 O   -0.24553286E-02     -1.54074194
    51    8 O   -0.24891306E-02     -1.56195301
    52    8 O   -0.24410055E-02     -1.53175409
    53    8 O   -0.24611053E-02     -1.54436691
    54    8 O   -0.24982028E-02     -1.56764591
    55    8 O   -0.23359667E-02     -1.46584126
    56    8 O   -0.24135147E-02     -1.51450332
    57    8 O   -0.23796508E-02     -1.49325345
    58    8 O   -0.23907773E-02     -1.50023538
    59    8 O   -0.23913949E-02     -1.50062296
    60    8 O   -0.24571664E-02     -1.54189520
    61    8 O   -0.24635987E-02     -1.54593153
    62    8 O   -0.23941282E-02     -1.50233811
    63    8 O   -0.24399529E-02     -1.53109359
    64    8 O   -0.24405181E-02     -1.53144825
    65    8 O   -0.24610345E-02     -1.54432246
    66    8 O   -0.23748715E-02     -1.49025439
    67    8 O   -0.23973334E-02     -1.50434942
    68    8 O   -0.23030239E-02     -1.44516934
    69    8 O   -0.23544742E-02     -1.47745489
    70    8 O   -0.24010873E-02     -1.50670504
    71    8 O   -0.24020557E-02     -1.50731269
    72    8 O   -0.24293204E-02     -1.52442154
    73    8 O   -0.23399908E-02     -1.46836641
    74    8 O   -0.23502769E-02     -1.47482101
    75    8 O   -0.25173292E-02     -1.57964791
    76    8 O   -0.25087421E-02     -1.57425944
    77    8 O   -0.24213595E-02     -1.51942604
    78    8 O   -0.23596192E-02     -1.48068338
    79    8 O   -0.24013914E-02     -1.50689585
    80    8 O   -0.24039012E-02     -1.50847079
--------------------------------------------------

Dispersion energy:      -4.3532442194553E-01 Eh

[Info] Dispersion energy written to .EDISP
