-----------------------------------
 s i m p l e   D F T - D 3  v1.2.1
-----------------------------------

Zero (Chai-Head-Gordon) damping: pbe-D3(0)
--------------------
  s6         1.0000
  s8         0.7220
  s9         0.0000
 rs6         1.2170
 rs8         1.0000
 alp        14.0000
--------------------

Atomic radii (in Angstrom):
-------------------------------------------
   Z          R(cov)     R(vdw)      r4/r2
-------------------------------------------
  12 Mg       1.6667     1.7420     2.8909
   8 O        0.8400     1.2408     1.3725
-------------------------------------------

Atomic reference systems (in atomic units):
----------------------------------------------------------------------------
   Z        #      CN    C6(AA)   #      CN    C6(AA)   #      CN    C6(AA)
----------------------------------------------------------------------------
  12 Mg     1  0.0000  683.3758   2  0.9628  451.2708   3  1.9496  175.5616
   8 O      1  0.0000   15.5059   2  0.9925   12.8161   3  1.9887   10.3708
----------------------------------------------------------------------------

Dispersion properties (in atomic units):
--------------------------------------------------------
     #    Z                CN       C6(AA)       C8(AA)
--------------------------------------------------------
     1   12 Mg         1.0151     444.1404   39764.6792
     2   12 Mg         0.7898     467.2422   41833.0322
     3   12 Mg         0.5328     538.3495   48199.3910
     4   12 Mg         0.8141     464.0231   41544.8168
     5   12 Mg         1.3685     342.0605   30625.2911
     6   12 Mg         1.1457     424.9023   38042.2584
     7   12 Mg         0.8421     460.7341   41250.3432
     8   12 Mg         0.9881     446.8544   40007.6711
     9   12 Mg         0.8757     457.2408   40937.5854
    10   12 Mg         0.7206     478.9970   42885.4576
    11   12 Mg         0.7514     473.2304   42369.1606
    12   12 Mg         1.1674     420.1241   37614.4597
    13   12 Mg         0.8560     459.2319   41115.8511
    14   12 Mg         1.1036     432.6352   38734.5980
    15   12 Mg         0.7532     472.9257   42341.8853
    16   12 Mg         0.9201     453.0832   40565.3493
    17   12 Mg         0.8936     455.5186   40783.3937
    18   12 Mg         0.9058     454.3843   40681.8387
    19   12 Mg         0.7805     468.5769   41952.5223
    20   12 Mg         1.0385     441.5547   39533.1792
    21   12 Mg         1.0428     441.0509   39488.0767
    22   12 Mg         0.7775     469.0251   41992.6566
    23   12 Mg         0.6374     499.8999   44756.9272
    24   12 Mg         0.8905     455.8099   40809.4777
    25   12 Mg         0.9319     452.0189   40470.0593
    26   12 Mg         1.1762     418.0273   37426.7323
    27   12 Mg         0.9358     451.6703   40438.8440
    28   12 Mg         1.0001     445.6754   39902.1168
    29   12 Mg         0.7189     479.3399   42916.1526
    30   12 Mg         0.6609     493.1361   44151.3507
    31   12 Mg         1.1559     422.7296   37847.7336
    32   12 Mg         0.9666     448.8766   40188.7200
    33   12 Mg         0.8499     459.8817   41174.0264
    34   12 Mg         0.7975     466.1833   41738.2208
    35   12 Mg         1.1789     417.3605   37367.0332
    36   12 Mg         1.2316     402.1420   36004.4879
    37   12 Mg         0.8353     461.4967   41318.6200
    38   12 Mg         1.0319     442.3164   39601.3767
    39   12 Mg         0.9286     452.3231   40497.2940
    40   12 Mg         1.0387     441.5391   39531.7874
    41    8 O          0.7091      13.2076     266.5371
    42    8 O          0.4319      14.4574     291.7574
    43    8 O          0.5460      13.8570     279.6425
    44    8 O          0.4649      14.2854     288.2874
    45    8 O          0.6615      13.3552     269.5145
    46    8 O          0.3726      14.7392     297.4452
    47    8 O          0.6385      13.4391     271.2089
    48    8 O          0.6763      13.3053     268.5073
    49    8 O          0.5059      14.0663     283.8663
    50    8 O          0.6168      13.5260     272.9622
    51    8 O          0.5335      13.9213     280.9391
    52    8 O          0.6708      13.3234     268.8737
    53    8 O          0.4615      14.3033     288.6480
    54    8 O          0.4090      14.5711     294.0530
    55    8 O          0.3210      14.9431     301.5599
    56    8 O          0.5245      13.9680     281.8809
    57    8 O          0.4410      14.4106     290.8146
    58    8 O          0.5419      13.8777     280.0591
    59    8 O          0.3620      14.7846     298.3613
    60    8 O          0.5936      13.6272     275.0039
    61    8 O          0.5181      14.0018     282.5637
    62    8 O          0.5108      14.0404     283.3419
    63    8 O          0.5807      13.6866     276.2025
    64    8 O          0.5438      13.8683     279.8695
    65    8 O          0.9056      12.8858     260.0418
    66    8 O          0.4175      14.5296     293.2153
    67    8 O          0.4708      14.2538     287.6498
    68    8 O          0.4573      14.3253     289.0920
    69    8 O          0.4175      14.5297     293.2167
    70    8 O          0.5436      13.8693     279.8894
    71    8 O          0.7359      13.1398     265.1674
    72    8 O          0.4539      14.3434     289.4570
    73    8 O          0.5182      14.0009     282.5465
    74    8 O          0.3376      14.8823     300.3327
    75    8 O          0.8774      12.9133     260.5979
    76    8 O          0.6803      13.2925     268.2500
    77    8 O          0.7162      13.1888     266.1571
    78    8 O          0.5441      13.8664     279.8305
    79    8 O          0.7769      13.0539     263.4352
    80    8 O          0.6795      13.2953     268.3055
--------------------------------------------------------

Atom-resolved dispersion energies:
--------------------------------------------------
     #    Z           [Hartree]      [kcal/mol]
--------------------------------------------------
     1   12 Mg  -0.10986480E-01     -6.89412043
     2   12 Mg  -0.10418704E-01     -6.53783556
     3   12 Mg  -0.11175002E-01     -7.01241958
     4   12 Mg  -0.10091696E-01     -6.33263459
     5   12 Mg  -0.87502621E-02     -5.49087236
     6   12 Mg  -0.10517834E-01     -6.60004034
     7   12 Mg  -0.10418176E-01     -6.53750432
     8   12 Mg  -0.10072896E-01     -6.32083782
     9   12 Mg  -0.10624999E-01     -6.66728726
    10   12 Mg  -0.10981081E-01     -6.89073233
    11   12 Mg  -0.10694209E-01     -6.71071725
    12   12 Mg  -0.10341477E-01     -6.48937462
    13   12 Mg  -0.96518920E-02     -6.05665368
    14   12 Mg  -0.10284001E-01     -6.45330836
    15   12 Mg  -0.11119112E-01     -6.97734796
    16   12 Mg  -0.99356375E-02     -6.23470665
    17   12 Mg  -0.10499078E-01     -6.58827087
    18   12 Mg  -0.10360804E-01     -6.50150280
    19   12 Mg  -0.10490179E-01     -6.58268676
    20   12 Mg  -0.10212276E-01     -6.40829981
    21   12 Mg  -0.10173002E-01     -6.38365499
    22   12 Mg  -0.10699908E-01     -6.71429345
    23   12 Mg  -0.11273366E-01     -7.07414408
    24   12 Mg  -0.10556909E-01     -6.62456067
    25   12 Mg  -0.11018533E-01     -6.91423406
    26   12 Mg  -0.96044102E-02     -6.02685841
    27   12 Mg  -0.10673655E-01     -6.69781948
    28   12 Mg  -0.10359445E-01     -6.50064990
    29   12 Mg  -0.10722987E-01     -6.72877563
    30   12 Mg  -0.10942272E-01     -6.86637923
    31   12 Mg  -0.10192716E-01     -6.39602599
    32   12 Mg  -0.10266563E-01     -6.44236535
    33   12 Mg  -0.11064135E-01     -6.94284936
    34   12 Mg  -0.10590161E-01     -6.64542627
    35   12 Mg  -0.98581223E-02     -6.18606514
    36   12 Mg  -0.96788194E-02     -6.07355089
    37   12 Mg  -0.99383250E-02     -6.23639307
    38   12 Mg  -0.10070805E-01     -6.31952532
    39   12 Mg  -0.10531377E-01     -6.60853905
    40   12 Mg  -0.10552561E-01     -6.62183215
    41    8 O   -0.11103232E-02     -0.69673835
    42    8 O   -0.14055899E-02     -0.88202100
    43    8 O   -0.13708456E-02     -0.86021860
    44    8 O   -0.13037705E-02     -0.81812835
    45    8 O   -0.13439905E-02     -0.84336676
    46    8 O   -0.14689125E-02     -0.92175651
    47    8 O   -0.11860508E-02     -0.74425810
    48    8 O   -0.11896213E-02     -0.74649862
    49    8 O   -0.13800201E-02     -0.86597568
    50    8 O   -0.12272061E-02     -0.77008346
    51    8 O   -0.14110343E-02     -0.88543738
    52    8 O   -0.12629936E-02     -0.79254045
    53    8 O   -0.14378926E-02     -0.90229120
    54    8 O   -0.13885399E-02     -0.87132196
    55    8 O   -0.15381036E-02     -0.96517456
    56    8 O   -0.13809106E-02     -0.86653451
    57    8 O   -0.14784096E-02     -0.92771606
    58    8 O   -0.13755416E-02     -0.86316536
    59    8 O   -0.15734799E-02     -0.98737357
    60    8 O   -0.14028808E-02     -0.88032100
    61    8 O   -0.13708438E-02     -0.86021749
    62    8 O   -0.12913068E-02     -0.81030725
    63    8 O   -0.13556161E-02     -0.85066192
    64    8 O   -0.12350712E-02     -0.77501890
    65    8 O   -0.11509763E-02     -0.72224856
    66    8 O   -0.14529626E-02     -0.91174783
    67    8 O   -0.13833644E-02     -0.86807424
    68    8 O   -0.12819536E-02     -0.80443801
    69    8 O   -0.13419107E-02     -0.84206167
    70    8 O   -0.13150605E-02     -0.82521292
    71    8 O   -0.11158590E-02     -0.70021209
    72    8 O   -0.13806318E-02     -0.86635956
    73    8 O   -0.13767435E-02     -0.86391956
    74    8 O   -0.14981542E-02     -0.94010598
    75    8 O   -0.10992362E-02     -0.68978116
    76    8 O   -0.12144741E-02     -0.76209402
    77    8 O   -0.11864967E-02     -0.74453795
    78    8 O   -0.12848710E-02     -0.80626874
    79    8 O   -0.12047513E-02     -0.75599283
    80    8 O   -0.12452417E-02     -0.78140098
--------------------------------------------------

Dispersion energy:      -4.6941550869707E-01 Eh

[Info] Dispersion energy written to .EDISP
