-----------------------------------
 s i m p l e   D F T - D 3  v1.2.1
-----------------------------------

Zero (Chai-Head-Gordon) damping: pbe-D3(0)
--------------------
  s6         1.0000
  s8         0.7220
  s9         0.0000
 rs6         1.2170
 rs8         1.0000
 alp        14.0000
--------------------

Atomic radii (in Angstrom):
-------------------------------------------
   Z          R(cov)     R(vdw)      r4/r2
-------------------------------------------
  25 Mn       1.4267     1.7731     3.0718
   8 O        0.8400     1.2408     1.3725
-------------------------------------------

Atomic reference systems (in atomic units):
----------------------------------------------------------------------------
   Z        #      CN    C6(AA)   #      CN    C6(AA)   #      CN    C6(AA)
----------------------------------------------------------------------------
  25 Mn     1  0.0000  802.7484   2  1.6406  239.5554   3  9.8849  113.8463
   8 O      1  0.0000   15.5059   2  0.9925   12.8161   3  1.9887   10.3708
----------------------------------------------------------------------------

Dispersion properties (in atomic units):
--------------------------------------------------------
     #    Z                CN       C6(AA)       C8(AA)
--------------------------------------------------------
     1   25 Mn         5.8342     114.7167   11596.8309
     2   25 Mn         5.7995     121.9933   12332.4266
     3   25 Mn         5.7995     121.9933   12332.4266
     4   25 Mn         5.8342     114.7167   11596.8309
     5   25 Mn         6.3028     113.8463   11508.8363
     6   25 Mn         5.8342     114.7167   11596.8309
     7   25 Mn         5.7995     121.9933   12332.4266
     8   25 Mn         5.7995     121.9933   12332.4266
     9   25 Mn         5.8342     114.7167   11596.8309
    10   25 Mn         5.8342     114.7167   11596.8309
    11   25 Mn         6.3064     113.8463   11508.8363
    12   25 Mn         5.7995     121.9933   12332.4266
    13   25 Mn         5.8342     114.7167   11596.8309
    14   25 Mn         5.8342     114.7167   11596.8309
    15   25 Mn         5.7847     133.4081   13486.3578
    16   25 Mn         5.7847     133.4081   13486.3578
    17   25 Mn         5.7847     133.4081   13486.3578
    18   25 Mn         5.7847     133.4081   13486.3578
    19   25 Mn         5.7995     121.9933   12332.4266
    20   25 Mn         5.7995     121.9933   12332.4266
    21   25 Mn         5.7847     133.4081   13486.3578
    22   25 Mn         6.3028     113.8463   11508.8363
    23   25 Mn         6.3064     113.8463   11508.8363
    24   25 Mn         5.7847     133.4081   13486.3578
    25   25 Mn         5.7847     133.4081   13486.3578
    26   25 Mn         6.3064     113.8463   11508.8363
    27   25 Mn         5.7847     133.4081   13486.3578
    28   25 Mn         6.3028     113.8463   11508.8363
    29   25 Mn         5.8342     114.7167   11596.8309
    30   25 Mn         5.7995     121.9933   12332.4266
    31   25 Mn         6.3028     113.8463   11508.8363
    32   25 Mn         6.3064     113.8463   11508.8363
    33    8 O          3.2183      10.3708     209.2884
    34    8 O          3.2015      10.3708     209.2884
    35    8 O          3.2183      10.3708     209.2884
    36    8 O          3.1192      10.3708     209.2885
    37    8 O          3.1702      10.3708     209.2885
    38    8 O          3.1635      10.3708     209.2885
    39    8 O          3.2015      10.3708     209.2884
    40    8 O          3.1702      10.3708     209.2885
    41    8 O          3.2294      10.3708     209.2884
    42    8 O          3.1635      10.3708     209.2885
    43    8 O          3.1702      10.3708     209.2885
    44    8 O          3.2183      10.3708     209.2884
    45    8 O          3.2015      10.3708     209.2884
    46    8 O          3.1702      10.3708     209.2885
    47    8 O          3.2294      10.3708     209.2884
    48    8 O          3.2294      10.3708     209.2884
    49    8 O          3.1702      10.3708     209.2885
    50    8 O          3.2015      10.3708     209.2884
    51    8 O          3.2015      10.3708     209.2884
    52    8 O          3.2183      10.3708     209.2884
    53    8 O          3.1702      10.3708     209.2885
    54    8 O          3.1192      10.3708     209.2885
    55    8 O          3.1635      10.3708     209.2885
    56    8 O          3.1635      10.3708     209.2885
    57    8 O          3.2294      10.3708     209.2884
    58    8 O          3.2294      10.3708     209.2884
    59    8 O          3.2294      10.3708     209.2884
    60    8 O          3.2015      10.3708     209.2884
    61    8 O          3.1635      10.3708     209.2885
    62    8 O          3.1702      10.3708     209.2885
    63    8 O          3.2183      10.3708     209.2884
    64    8 O          3.1702      10.3708     209.2885
    65    8 O          3.1192      10.3708     209.2885
    66    8 O          3.1192      10.3708     209.2885
    67    8 O          3.1192      10.3708     209.2885
    68    8 O          3.1192      10.3708     209.2885
    69    8 O          3.2294      10.3708     209.2884
    70    8 O          3.2015      10.3708     209.2884
    71    8 O          3.2015      10.3708     209.2884
    72    8 O          3.1635      10.3708     209.2885
    73    8 O          3.2183      10.3708     209.2884
    74    8 O          3.1635      10.3708     209.2885
    75    8 O          3.2183      10.3708     209.2884
    76    8 O          3.1192      10.3708     209.2885
    77    8 O          3.1192      10.3708     209.2885
    78    8 O          3.2294      10.3708     209.2884
    79    8 O          3.1635      10.3708     209.2885
    80    8 O          3.2183      10.3708     209.2884
--------------------------------------------------------

Atom-resolved dispersion energies:
--------------------------------------------------
     #    Z           [Hartree]      [kcal/mol]
--------------------------------------------------
     1   25 Mn  -0.65335490E-02     -4.09986388
     2   25 Mn  -0.67045566E-02     -4.20717276
     3   25 Mn  -0.67045566E-02     -4.20717276
     4   25 Mn  -0.65335490E-02     -4.09986388
     5   25 Mn  -0.64320472E-02     -4.03617058
     6   25 Mn  -0.65335490E-02     -4.09986388
     7   25 Mn  -0.67045566E-02     -4.20717276
     8   25 Mn  -0.67045566E-02     -4.20717276
     9   25 Mn  -0.65335490E-02     -4.09986388
    10   25 Mn  -0.65335490E-02     -4.09986388
    11   25 Mn  -0.64324242E-02     -4.03640713
    12   25 Mn  -0.67045566E-02     -4.20717276
    13   25 Mn  -0.65335490E-02     -4.09986388
    14   25 Mn  -0.65335490E-02     -4.09986388
    15   25 Mn  -0.69629548E-02     -4.36932011
    16   25 Mn  -0.69629548E-02     -4.36932011
    17   25 Mn  -0.69629548E-02     -4.36932011
    18   25 Mn  -0.69629548E-02     -4.36932011
    19   25 Mn  -0.67045566E-02     -4.20717276
    20   25 Mn  -0.67045566E-02     -4.20717276
    21   25 Mn  -0.69629548E-02     -4.36932011
    22   25 Mn  -0.64320472E-02     -4.03617058
    23   25 Mn  -0.64324242E-02     -4.03640713
    24   25 Mn  -0.69629548E-02     -4.36932011
    25   25 Mn  -0.69629548E-02     -4.36932011
    26   25 Mn  -0.64324242E-02     -4.03640713
    27   25 Mn  -0.69629548E-02     -4.36932011
    28   25 Mn  -0.64320472E-02     -4.03617058
    29   25 Mn  -0.65335490E-02     -4.09986388
    30   25 Mn  -0.67045566E-02     -4.20717276
    31   25 Mn  -0.64320472E-02     -4.03617058
    32   25 Mn  -0.64324242E-02     -4.03640713
    33    8 O   -0.27695711E-02     -1.73793208
    34    8 O   -0.27733616E-02     -1.74031065
    35    8 O   -0.27695711E-02     -1.73793208
    36    8 O   -0.27877549E-02     -1.74934262
    37    8 O   -0.27803615E-02     -1.74470318
    38    8 O   -0.27825701E-02     -1.74608908
    39    8 O   -0.27733616E-02     -1.74031065
    40    8 O   -0.27803615E-02     -1.74470318
    41    8 O   -0.27719191E-02     -1.73940547
    42    8 O   -0.27825701E-02     -1.74608908
    43    8 O   -0.27803615E-02     -1.74470318
    44    8 O   -0.27695711E-02     -1.73793208
    45    8 O   -0.27733616E-02     -1.74031065
    46    8 O   -0.27803615E-02     -1.74470318
    47    8 O   -0.27719191E-02     -1.73940547
    48    8 O   -0.27719191E-02     -1.73940547
    49    8 O   -0.27803615E-02     -1.74470318
    50    8 O   -0.27733616E-02     -1.74031065
    51    8 O   -0.27733616E-02     -1.74031065
    52    8 O   -0.27695711E-02     -1.73793208
    53    8 O   -0.27803615E-02     -1.74470318
    54    8 O   -0.27877549E-02     -1.74934262
    55    8 O   -0.27825701E-02     -1.74608908
    56    8 O   -0.27825701E-02     -1.74608908
    57    8 O   -0.27719191E-02     -1.73940547
    58    8 O   -0.27719191E-02     -1.73940547
    59    8 O   -0.27719191E-02     -1.73940547
    60    8 O   -0.27733616E-02     -1.74031065
    61    8 O   -0.27825701E-02     -1.74608908
    62    8 O   -0.27803615E-02     -1.74470318
    63    8 O   -0.27695711E-02     -1.73793208
    64    8 O   -0.27803615E-02     -1.74470318
    65    8 O   -0.27877549E-02     -1.74934262
    66    8 O   -0.27877549E-02     -1.74934262
    67    8 O   -0.27877549E-02     -1.74934262
    68    8 O   -0.27877549E-02     -1.74934262
    69    8 O   -0.27719191E-02     -1.73940547
    70    8 O   -0.27733616E-02     -1.74031065
    71    8 O   -0.27733616E-02     -1.74031065
    72    8 O   -0.27825701E-02     -1.74608908
    73    8 O   -0.27695711E-02     -1.73793208
    74    8 O   -0.27825701E-02     -1.74608908
    75    8 O   -0.27695711E-02     -1.73793208
    76    8 O   -0.27877549E-02     -1.74934262
    77    8 O   -0.27877549E-02     -1.74934262
    78    8 O   -0.27719191E-02     -1.73940547
    79    8 O   -0.27825701E-02     -1.74608908
    80    8 O   -0.27695711E-02     -1.73793208
--------------------------------------------------

Dispersion energy:      -3.4639067370405E-01 Eh

[Info] Dispersion energy written to .EDISP
