-----------------------------------
 s i m p l e   D F T - D 3  v1.2.1
-----------------------------------

Zero (Chai-Head-Gordon) damping: pbe-D3(0)
--------------------
  s6         1.0000
  s8         0.7220
  s9         0.0000
 rs6         1.2170
 rs8         1.0000
 alp        14.0000
--------------------

Atomic radii (in Angstrom):
-------------------------------------------
   Z          R(cov)     R(vdw)      r4/r2
-------------------------------------------
  25 Mn       1.4267     1.7731     3.0718
   8 O        0.8400     1.2408     1.3725
-------------------------------------------

Atomic reference systems (in atomic units):
----------------------------------------------------------------------------
   Z        #      CN    C6(AA)   #      CN    C6(AA)   #      CN    C6(AA)
----------------------------------------------------------------------------
  25 Mn     1  0.0000  802.7484   2  1.6406  239.5554   3  9.8849  113.8463
   8 O      1  0.0000   15.5059   2  0.9925   12.8161   3  1.9887   10.3708
----------------------------------------------------------------------------

Dispersion properties (in atomic units):
--------------------------------------------------------
     #    Z                CN       C6(AA)       C8(AA)
--------------------------------------------------------
     1   25 Mn         0.0769     802.7041   81146.1649
     2   25 Mn         0.0761     802.7046   81146.2096
     3   25 Mn         0.0761     802.7046   81146.2096
     4   25 Mn         0.0769     802.7041   81146.1649
     5   25 Mn         0.0778     802.7036   81146.1134
     6   25 Mn         0.0769     802.7041   81146.1649
     7   25 Mn         0.0761     802.7046   81146.2096
     8   25 Mn         0.0761     802.7046   81146.2096
     9   25 Mn         0.0769     802.7041   81146.1649
    10   25 Mn         0.0769     802.7041   81146.1649
    11   25 Mn         0.0778     802.7036   81146.1130
    12   25 Mn         0.0761     802.7046   81146.2096
    13   25 Mn         0.0769     802.7041   81146.1649
    14   25 Mn         0.0769     802.7041   81146.1649
    15   25 Mn         0.0752     802.7051   81146.2607
    16   25 Mn         0.0752     802.7051   81146.2607
    17   25 Mn         0.0752     802.7051   81146.2607
    18   25 Mn         0.0752     802.7051   81146.2607
    19   25 Mn         0.0761     802.7046   81146.2096
    20   25 Mn         0.0761     802.7046   81146.2096
    21   25 Mn         0.0752     802.7051   81146.2607
    22   25 Mn         0.0778     802.7036   81146.1134
    23   25 Mn         0.0778     802.7036   81146.1130
    24   25 Mn         0.0752     802.7051   81146.2607
    25   25 Mn         0.0752     802.7051   81146.2607
    26   25 Mn         0.0778     802.7036   81146.1130
    27   25 Mn         0.0752     802.7051   81146.2607
    28   25 Mn         0.0778     802.7036   81146.1134
    29   25 Mn         0.0769     802.7041   81146.1649
    30   25 Mn         0.0761     802.7046   81146.2096
    31   25 Mn         0.0778     802.7036   81146.1134
    32   25 Mn         0.0778     802.7036   81146.1130
    33    8 O          0.0460      15.4281     311.3478
    34    8 O          0.0452      15.4286     311.3579
    35    8 O          0.0460      15.4281     311.3478
    36    8 O          0.0443      15.4291     311.3681
    37    8 O          0.0444      15.4291     311.3669
    38    8 O          0.0442      15.4292     311.3694
    39    8 O          0.0452      15.4286     311.3579
    40    8 O          0.0444      15.4291     311.3669
    41    8 O          0.0450      15.4287     311.3596
    42    8 O          0.0442      15.4292     311.3694
    43    8 O          0.0444      15.4291     311.3669
    44    8 O          0.0460      15.4281     311.3478
    45    8 O          0.0452      15.4286     311.3579
    46    8 O          0.0444      15.4291     311.3669
    47    8 O          0.0450      15.4287     311.3596
    48    8 O          0.0450      15.4287     311.3596
    49    8 O          0.0444      15.4291     311.3669
    50    8 O          0.0452      15.4286     311.3579
    51    8 O          0.0452      15.4286     311.3579
    52    8 O          0.0460      15.4281     311.3478
    53    8 O          0.0444      15.4291     311.3669
    54    8 O          0.0443      15.4291     311.3681
    55    8 O          0.0442      15.4292     311.3694
    56    8 O          0.0442      15.4292     311.3694
    57    8 O          0.0450      15.4287     311.3596
    58    8 O          0.0450      15.4287     311.3596
    59    8 O          0.0450      15.4287     311.3596
    60    8 O          0.0452      15.4286     311.3579
    61    8 O          0.0442      15.4292     311.3694
    62    8 O          0.0444      15.4291     311.3669
    63    8 O          0.0460      15.4281     311.3478
    64    8 O          0.0444      15.4291     311.3669
    65    8 O          0.0443      15.4291     311.3681
    66    8 O          0.0443      15.4291     311.3681
    67    8 O          0.0443      15.4291     311.3681
    68    8 O          0.0443      15.4291     311.3681
    69    8 O          0.0450      15.4287     311.3596
    70    8 O          0.0452      15.4286     311.3579
    71    8 O          0.0452      15.4286     311.3579
    72    8 O          0.0442      15.4292     311.3694
    73    8 O          0.0460      15.4281     311.3478
    74    8 O          0.0442      15.4292     311.3694
    75    8 O          0.0460      15.4281     311.3478
    76    8 O          0.0443      15.4291     311.3681
    77    8 O          0.0443      15.4291     311.3681
    78    8 O          0.0450      15.4287     311.3596
    79    8 O          0.0442      15.4292     311.3694
    80    8 O          0.0460      15.4281     311.3478
--------------------------------------------------------

Atom-resolved dispersion energies:
--------------------------------------------------
     #    Z           [Hartree]      [kcal/mol]
--------------------------------------------------
     1   25 Mn  -0.10165934E-01     -6.37922009
     2   25 Mn  -0.10154175E-01     -6.37184084
     3   25 Mn  -0.10154175E-01     -6.37184084
     4   25 Mn  -0.10165934E-01     -6.37922009
     5   25 Mn  -0.10257639E-01     -6.43676558
     6   25 Mn  -0.10165934E-01     -6.37922009
     7   25 Mn  -0.10154175E-01     -6.37184084
     8   25 Mn  -0.10154175E-01     -6.37184084
     9   25 Mn  -0.10165934E-01     -6.37922009
    10   25 Mn  -0.10165934E-01     -6.37922009
    11   25 Mn  -0.10258413E-01     -6.43725116
    12   25 Mn  -0.10154175E-01     -6.37184084
    13   25 Mn  -0.10165934E-01     -6.37922009
    14   25 Mn  -0.10165934E-01     -6.37922009
    15   25 Mn  -0.10159617E-01     -6.37525577
    16   25 Mn  -0.10159617E-01     -6.37525577
    17   25 Mn  -0.10159617E-01     -6.37525577
    18   25 Mn  -0.10159617E-01     -6.37525577
    19   25 Mn  -0.10154175E-01     -6.37184084
    20   25 Mn  -0.10154175E-01     -6.37184084
    21   25 Mn  -0.10159617E-01     -6.37525577
    22   25 Mn  -0.10257639E-01     -6.43676558
    23   25 Mn  -0.10258413E-01     -6.43725116
    24   25 Mn  -0.10159617E-01     -6.37525577
    25   25 Mn  -0.10159617E-01     -6.37525577
    26   25 Mn  -0.10258413E-01     -6.43725116
    27   25 Mn  -0.10159617E-01     -6.37525577
    28   25 Mn  -0.10257639E-01     -6.43676558
    29   25 Mn  -0.10165934E-01     -6.37922009
    30   25 Mn  -0.10154175E-01     -6.37184084
    31   25 Mn  -0.10257639E-01     -6.43676558
    32   25 Mn  -0.10258413E-01     -6.43725116
    33    8 O   -0.13807899E-02     -0.86645877
    34    8 O   -0.13787344E-02     -0.86516889
    35    8 O   -0.13807899E-02     -0.86645877
    36    8 O   -0.13614971E-02     -0.85435233
    37    8 O   -0.13646458E-02     -0.85632818
    38    8 O   -0.13677372E-02     -0.85826803
    39    8 O   -0.13787344E-02     -0.86516889
    40    8 O   -0.13646458E-02     -0.85632818
    41    8 O   -0.13714842E-02     -0.86061933
    42    8 O   -0.13677372E-02     -0.85826803
    43    8 O   -0.13646458E-02     -0.85632818
    44    8 O   -0.13807899E-02     -0.86645877
    45    8 O   -0.13787344E-02     -0.86516889
    46    8 O   -0.13646458E-02     -0.85632818
    47    8 O   -0.13714842E-02     -0.86061933
    48    8 O   -0.13714842E-02     -0.86061933
    49    8 O   -0.13646458E-02     -0.85632818
    50    8 O   -0.13787344E-02     -0.86516889
    51    8 O   -0.13787344E-02     -0.86516889
    52    8 O   -0.13807899E-02     -0.86645877
    53    8 O   -0.13646458E-02     -0.85632818
    54    8 O   -0.13614971E-02     -0.85435233
    55    8 O   -0.13677372E-02     -0.85826803
    56    8 O   -0.13677372E-02     -0.85826803
    57    8 O   -0.13714842E-02     -0.86061933
    58    8 O   -0.13714842E-02     -0.86061933
    59    8 O   -0.13714842E-02     -0.86061933
    60    8 O   -0.13787344E-02     -0.86516889
    61    8 O   -0.13677372E-02     -0.85826803
    62    8 O   -0.13646458E-02     -0.85632818
    63    8 O   -0.13807899E-02     -0.86645877
    64    8 O   -0.13646458E-02     -0.85632818
    65    8 O   -0.13614971E-02     -0.85435233
    66    8 O   -0.13614971E-02     -0.85435233
    67    8 O   -0.13614971E-02     -0.85435233
    68    8 O   -0.13614971E-02     -0.85435233
    69    8 O   -0.13714842E-02     -0.86061933
    70    8 O   -0.13787344E-02     -0.86516889
    71    8 O   -0.13787344E-02     -0.86516889
    72    8 O   -0.13677372E-02     -0.85826803
    73    8 O   -0.13807899E-02     -0.86645877
    74    8 O   -0.13677372E-02     -0.85826803
    75    8 O   -0.13807899E-02     -0.86645877
    76    8 O   -0.13614971E-02     -0.85435233
    77    8 O   -0.13614971E-02     -0.85435233
    78    8 O   -0.13714842E-02     -0.86061933
    79    8 O   -0.13677372E-02     -0.85826803
    80    8 O   -0.13807899E-02     -0.86645877
--------------------------------------------------

Dispersion energy:      -3.9170112152181E-01 Eh

[Info] Dispersion energy written to .EDISP
