-----------------------------------
 s i m p l e   D F T - D 3  v1.2.1
-----------------------------------

Zero (Chai-Head-Gordon) damping: pbe-D3(0)
--------------------
  s6         1.0000
  s8         0.7220
  s9         0.0000
 rs6         1.2170
 rs8         1.0000
 alp        14.0000
--------------------

Atomic radii (in Angstrom):
-------------------------------------------
   Z          R(cov)     R(vdw)      r4/r2
-------------------------------------------
  30 Zn       1.4533     1.6155     2.6978
  78 Pt       1.4933     1.6762     3.1155
-------------------------------------------

Atomic reference systems (in atomic units):
----------------------------------------------------------------------------
   Z        #      CN    C6(AA)   #      CN    C6(AA)   #      CN    C6(AA)
----------------------------------------------------------------------------
  30 Zn     1  0.0000  340.5213   2  1.9419  153.4528
  78 Pt     1  0.0000  391.1448   2  1.9188  346.3610   3  6.6669  336.8727
----------------------------------------------------------------------------

Dispersion properties (in atomic units):
--------------------------------------------------------
     #    Z                CN       C6(AA)       C8(AA)
--------------------------------------------------------
     1   30 Zn        16.0886     153.4528   11965.3374
     2   30 Zn        16.0973     153.4528   11965.3374
     3   30 Zn        16.0886     153.4528   11965.3374
     4   30 Zn        16.1007     153.4528   11965.3374
     5   30 Zn        16.1931     153.4528   11965.3374
     6   30 Zn        16.1236     153.4528   11965.3374
     7   30 Zn        16.1207     153.4528   11965.3374
     8   30 Zn        16.2054     153.4528   11965.3374
     9   30 Zn        16.1848     153.4528   11965.3374
    10   30 Zn        16.1861     153.4528   11965.3374
    11   30 Zn        16.1207     153.4528   11965.3374
    12   30 Zn        16.2858     153.4528   11965.3374
    13   30 Zn        16.1471     153.4528   11965.3374
    14   30 Zn        16.1236     153.4528   11965.3374
    15   30 Zn        16.1648     153.4528   11965.3374
    16   30 Zn        16.3218     153.4528   11965.3374
    17   30 Zn        16.1160     153.4528   11965.3374
    18   30 Zn        16.2858     153.4528   11965.3374
    19   30 Zn        16.2081     153.4528   11965.3374
    20   30 Zn        16.1848     153.4528   11965.3374
    21   30 Zn        16.0971     153.4528   11965.3374
    22   30 Zn        16.1007     153.4528   11965.3374
    23   30 Zn        16.1833     153.4528   11965.3374
    24   30 Zn        16.1931     153.4528   11965.3374
    25   30 Zn        16.0973     153.4528   11965.3374
    26   30 Zn        16.1648     153.4528   11965.3374
    27   30 Zn        16.1861     153.4528   11965.3374
    28   30 Zn        16.1160     153.4528   11965.3374
    29   30 Zn        16.2646     153.4528   11965.3374
    30   30 Zn        16.1833     153.4528   11965.3374
    31   30 Zn        16.2481     153.4528   11965.3374
    32   30 Zn        16.3218     153.4528   11965.3374
    33   30 Zn        16.1800     153.4528   11965.3374
    34   30 Zn        16.3217     153.4528   11965.3374
    35   30 Zn        16.1800     153.4528   11965.3374
    36   30 Zn        16.2646     153.4528   11965.3374
    37   30 Zn        16.1060     153.4528   11965.3374
    38   30 Zn        16.1471     153.4528   11965.3374
    39   30 Zn        16.0971     153.4528   11965.3374
    40   30 Zn        16.1210     153.4528   11965.3374
    41   30 Zn        16.2054     153.4528   11965.3374
    42   30 Zn        16.0866     153.4528   11965.3374
    43   30 Zn        16.3056     153.4528   11965.3374
    44   30 Zn        16.3217     153.4528   11965.3374
    45   30 Zn        16.1060     153.4528   11965.3374
    46   30 Zn        16.1210     153.4528   11965.3374
    47   30 Zn        16.3056     153.4528   11965.3374
    48   30 Zn        16.2481     153.4528   11965.3374
    49   30 Zn        16.0866     153.4528   11965.3374
    50   78 Pt        16.4148     336.8727   35030.9491
    51   78 Pt        16.0440     336.8727   35030.9491
    52   78 Pt        15.8972     336.8727   35030.9491
    53   78 Pt        16.1628     336.8727   35030.9491
    54   78 Pt        16.1361     336.8727   35030.9491
    55   78 Pt        16.2264     336.8727   35030.9491
    56   78 Pt        16.4148     336.8727   35030.9491
    57   78 Pt        15.8850     336.8727   35030.9491
    58   78 Pt        15.9046     336.8727   35030.9491
    59   78 Pt        15.8919     336.8727   35030.9491
    60   78 Pt        15.8972     336.8727   35030.9491
    61   78 Pt        16.1361     336.8727   35030.9491
    62   78 Pt        16.0355     336.8727   35030.9491
    63   78 Pt        15.9046     336.8727   35030.9491
    64   78 Pt        15.8919     336.8727   35030.9491
    65   78 Pt        15.9758     336.8727   35030.9491
    66   78 Pt        15.9758     336.8727   35030.9491
    67   78 Pt        16.1628     336.8727   35030.9491
    68   78 Pt        16.2982     336.8727   35030.9491
    69   78 Pt        16.2982     336.8727   35030.9491
    70   78 Pt        16.0005     336.8727   35030.9491
    71   78 Pt        15.9772     336.8727   35030.9491
    72   78 Pt        16.2264     336.8727   35030.9491
    73   78 Pt        16.4605     336.8727   35030.9491
    74   78 Pt        16.4605     336.8727   35030.9491
    75   78 Pt        16.0440     336.8727   35030.9491
    76   78 Pt        15.9772     336.8727   35030.9491
    77   78 Pt        16.0005     336.8727   35030.9491
    78   78 Pt        15.8850     336.8727   35030.9491
--------------------------------------------------------

Atom-resolved dispersion energies:
--------------------------------------------------
     #    Z           [Hartree]      [kcal/mol]
--------------------------------------------------
     1   30 Zn  -0.46648216E-01    -29.27219728
     2   30 Zn  -0.46919061E-01    -29.44215511
     3   30 Zn  -0.46648216E-01    -29.27219729
     4   30 Zn  -0.46599318E-01    -29.24151351
     5   30 Zn  -0.46688220E-01    -29.29730065
     6   30 Zn  -0.46615751E-01    -29.25182531
     7   30 Zn  -0.46766507E-01    -29.34642645
     8   30 Zn  -0.46892219E-01    -29.42531187
     9   30 Zn  -0.47080451E-01    -29.54342879
    10   30 Zn  -0.46827198E-01    -29.38451040
    11   30 Zn  -0.46766507E-01    -29.34642645
    12   30 Zn  -0.47118553E-01    -29.56733827
    13   30 Zn  -0.46845454E-01    -29.39596621
    14   30 Zn  -0.46615751E-01    -29.25182531
    15   30 Zn  -0.47058851E-01    -29.52987476
    16   30 Zn  -0.47212165E-01    -29.62608062
    17   30 Zn  -0.46733657E-01    -29.32581270
    18   30 Zn  -0.47118553E-01    -29.56733829
    19   30 Zn  -0.47207219E-01    -29.62297720
    20   30 Zn  -0.47080451E-01    -29.54342879
    21   30 Zn  -0.46615124E-01    -29.25143195
    22   30 Zn  -0.46599318E-01    -29.24151345
    23   30 Zn  -0.46691859E-01    -29.29958407
    24   30 Zn  -0.46688221E-01    -29.29730072
    25   30 Zn  -0.46919061E-01    -29.44215514
    26   30 Zn  -0.47058851E-01    -29.52987477
    27   30 Zn  -0.46827198E-01    -29.38451040
    28   30 Zn  -0.46733657E-01    -29.32581264
    29   30 Zn  -0.47184983E-01    -29.60902402
    30   30 Zn  -0.46691859E-01    -29.29958414
    31   30 Zn  -0.47181931E-01    -29.60710842
    32   30 Zn  -0.47212165E-01    -29.62608061
    33   30 Zn  -0.46661738E-01    -29.28068286
    34   30 Zn  -0.46977678E-01    -29.47893800
    35   30 Zn  -0.46661738E-01    -29.28068282
    36   30 Zn  -0.47184983E-01    -29.60902415
    37   30 Zn  -0.46797202E-01    -29.36568764
    38   30 Zn  -0.46845454E-01    -29.39596622
    39   30 Zn  -0.46615124E-01    -29.25143191
    40   30 Zn  -0.46789143E-01    -29.36063023
    41   30 Zn  -0.46892219E-01    -29.42531184
    42   30 Zn  -0.46727506E-01    -29.32195274
    43   30 Zn  -0.47292749E-01    -29.67664803
    44   30 Zn  -0.46977678E-01    -29.47893797
    45   30 Zn  -0.46797202E-01    -29.36568764
    46   30 Zn  -0.46789143E-01    -29.36063025
    47   30 Zn  -0.47292749E-01    -29.67664803
    48   30 Zn  -0.47181931E-01    -29.60710842
    49   30 Zn  -0.46727506E-01    -29.32195287
    50   78 Pt  -0.72348652E-01    -45.39946470
    51   78 Pt  -0.73649502E-01    -46.21576046
    52   78 Pt  -0.73451006E-01    -46.09120195
    53   78 Pt  -0.73389648E-01    -46.05269922
    54   78 Pt  -0.73541717E-01    -46.14812410
    55   78 Pt  -0.73318754E-01    -46.00821272
    56   78 Pt  -0.72348652E-01    -45.39946474
    57   78 Pt  -0.73797363E-01    -46.30854419
    58   78 Pt  -0.73344943E-01    -46.02464638
    59   78 Pt  -0.73497989E-01    -46.12068426
    60   78 Pt  -0.73451006E-01    -46.09120201
    61   78 Pt  -0.73541717E-01    -46.14812410
    62   78 Pt  -0.73799745E-01    -46.31003908
    63   78 Pt  -0.73344943E-01    -46.02464638
    64   78 Pt  -0.73497989E-01    -46.12068426
    65   78 Pt  -0.73806171E-01    -46.31407132
    66   78 Pt  -0.73806171E-01    -46.31407128
    67   78 Pt  -0.73389648E-01    -46.05269917
    68   78 Pt  -0.72776239E-01    -45.66777930
    69   78 Pt  -0.72776239E-01    -45.66777930
    70   78 Pt  -0.73416860E-01    -46.06977504
    71   78 Pt  -0.73665753E-01    -46.22595793
    72   78 Pt  -0.73318754E-01    -46.00821273
    73   78 Pt  -0.72707127E-01    -45.62441092
    74   78 Pt  -0.72707127E-01    -45.62441081
    75   78 Pt  -0.73649502E-01    -46.21576053
    76   78 Pt  -0.73665753E-01    -46.22595793
    77   78 Pt  -0.73416860E-01    -46.06977503
    78   78 Pt  -0.73797363E-01    -46.30854425
--------------------------------------------------

Dispersion energy:      -4.4242814747082E+00 Eh

[Info] Dispersion energy written to .EDISP
