-----------------------------------
 s i m p l e   D F T - D 3  v1.2.1
-----------------------------------

Zero (Chai-Head-Gordon) damping: pbe-D3(0)
--------------------
  s6         1.0000
  s8         0.7220
  s9         0.0000
 rs6         1.2170
 rs8         1.0000
 alp        14.0000
--------------------

Atomic radii (in Angstrom):
-------------------------------------------
   Z          R(cov)     R(vdw)      r4/r2
-------------------------------------------
  30 Zn       1.4533     1.6155     2.6978
  78 Pt       1.4933     1.6762     3.1155
-------------------------------------------

Atomic reference systems (in atomic units):
----------------------------------------------------------------------------
   Z        #      CN    C6(AA)   #      CN    C6(AA)   #      CN    C6(AA)
----------------------------------------------------------------------------
  30 Zn     1  0.0000  340.5213   2  1.9419  153.4528
  78 Pt     1  0.0000  391.1448   2  1.9188  346.3610   3  6.6669  336.8727
----------------------------------------------------------------------------

Dispersion properties (in atomic units):
--------------------------------------------------------
     #    Z                CN       C6(AA)       C8(AA)
--------------------------------------------------------
     1   30 Zn         6.8053     153.4528   11965.3374
     2   30 Zn         5.5944     153.4528   11965.3374
     3   30 Zn         6.8053     153.4528   11965.3374
     4   30 Zn         6.5034     153.4528   11965.3374
     5   30 Zn         6.4280     153.4528   11965.3374
     6   30 Zn         6.8398     153.4528   11965.3374
     7   30 Zn         7.0032     153.4528   11965.3374
     8   30 Zn         6.0590     153.4528   11965.3374
     9   30 Zn         5.7788     153.4528   11965.3374
    10   30 Zn         6.0851     153.4528   11965.3374
    11   30 Zn         7.0032     153.4528   11965.3374
    12   30 Zn         5.5784     153.4528   11965.3374
    13   30 Zn         5.5348     153.4528   11965.3374
    14   30 Zn         6.8398     153.4528   11965.3374
    15   30 Zn         5.8701     153.4528   11965.3374
    16   30 Zn         5.6273     153.4528   11965.3374
    17   30 Zn         6.9004     153.4528   11965.3374
    18   30 Zn         5.5784     153.4528   11965.3374
    19   30 Zn         5.8167     153.4528   11965.3374
    20   30 Zn         5.7788     153.4528   11965.3374
    21   30 Zn         6.3952     153.4528   11965.3374
    22   30 Zn         6.5034     153.4528   11965.3374
    23   30 Zn         6.9695     153.4528   11965.3374
    24   30 Zn         6.4280     153.4528   11965.3374
    25   30 Zn         5.5944     153.4528   11965.3374
    26   30 Zn         5.8701     153.4528   11965.3374
    27   30 Zn         6.0851     153.4528   11965.3374
    28   30 Zn         6.9004     153.4528   11965.3374
    29   30 Zn         5.7377     153.4528   11965.3374
    30   30 Zn         6.9695     153.4528   11965.3374
    31   30 Zn         5.8241     153.4528   11965.3374
    32   30 Zn         5.6273     153.4528   11965.3374
    33   30 Zn         6.5455     153.4528   11965.3374
    34   30 Zn         6.1168     153.4528   11965.3374
    35   30 Zn         6.5455     153.4528   11965.3374
    36   30 Zn         5.7377     153.4528   11965.3374
    37   30 Zn         6.9839     153.4528   11965.3374
    38   30 Zn         5.5348     153.4528   11965.3374
    39   30 Zn         6.3952     153.4528   11965.3374
    40   30 Zn         6.0504     153.4528   11965.3374
    41   30 Zn         6.0590     153.4528   11965.3374
    42   30 Zn         6.9874     153.4528   11965.3374
    43   30 Zn         5.6863     153.4528   11965.3374
    44   30 Zn         6.1168     153.4528   11965.3374
    45   30 Zn         6.9839     153.4528   11965.3374
    46   30 Zn         6.0504     153.4528   11965.3374
    47   30 Zn         5.6863     153.4528   11965.3374
    48   30 Zn         5.8241     153.4528   11965.3374
    49   30 Zn         6.9874     153.4528   11965.3374
    50   78 Pt         7.0575     336.8727   35030.9491
    51   78 Pt         7.2859     336.8727   35030.9491
    52   78 Pt         7.2912     336.8727   35030.9491
    53   78 Pt         7.1356     336.8727   35030.9491
    54   78 Pt         7.2013     336.8727   35030.9491
    55   78 Pt         7.1098     336.8727   35030.9491
    56   78 Pt         7.0575     336.8727   35030.9491
    57   78 Pt         7.3454     336.8727   35030.9491
    58   78 Pt         7.2941     336.8727   35030.9491
    59   78 Pt         7.3148     336.8727   35030.9491
    60   78 Pt         7.2912     336.8727   35030.9491
    61   78 Pt         7.2013     336.8727   35030.9491
    62   78 Pt         7.3069     336.8727   35030.9491
    63   78 Pt         7.2941     336.8727   35030.9491
    64   78 Pt         7.3148     336.8727   35030.9491
    65   78 Pt         7.2853     336.8727   35030.9491
    66   78 Pt         7.2853     336.8727   35030.9491
    67   78 Pt         7.1356     336.8727   35030.9491
    68   78 Pt         7.0569     336.8727   35030.9491
    69   78 Pt         7.0569     336.8727   35030.9491
    70   78 Pt         7.2489     336.8727   35030.9491
    71   78 Pt         7.3019     336.8727   35030.9491
    72   78 Pt         7.1098     336.8727   35030.9491
    73   78 Pt         7.0353     336.8727   35030.9491
    74   78 Pt         7.0353     336.8727   35030.9491
    75   78 Pt         7.2859     336.8727   35030.9491
    76   78 Pt         7.3019     336.8727   35030.9491
    77   78 Pt         7.2489     336.8727   35030.9491
    78   78 Pt         7.3454     336.8727   35030.9491
--------------------------------------------------------

Atom-resolved dispersion energies:
--------------------------------------------------
     #    Z           [Hartree]      [kcal/mol]
--------------------------------------------------
     1   30 Zn  -0.14785782E-01     -9.27821803
     2   30 Zn  -0.15495869E-01     -9.72380434
     3   30 Zn  -0.14785782E-01     -9.27821804
     4   30 Zn  -0.15044423E-01     -9.44051819
     5   30 Zn  -0.15262809E-01     -9.57755749
     6   30 Zn  -0.14816868E-01     -9.29772482
     7   30 Zn  -0.14698934E-01     -9.22372019
     8   30 Zn  -0.15697437E-01     -9.85029040
     9   30 Zn  -0.15981360E-01    -10.02845475
    10   30 Zn  -0.15583506E-01     -9.77879764
    11   30 Zn  -0.14698934E-01     -9.22372019
    12   30 Zn  -0.16180153E-01    -10.15319906
    13   30 Zn  -0.15650652E-01     -9.82093253
    14   30 Zn  -0.14816868E-01     -9.29772484
    15   30 Zn  -0.15846644E-01     -9.94391940
    16   30 Zn  -0.16329088E-01    -10.24665741
    17   30 Zn  -0.14754289E-01     -9.25845588
    18   30 Zn  -0.16180153E-01    -10.15319905
    19   30 Zn  -0.15991736E-01    -10.03496568
    20   30 Zn  -0.15981360E-01    -10.02845492
    21   30 Zn  -0.15128348E-01     -9.49318180
    22   30 Zn  -0.15044423E-01     -9.44051809
    23   30 Zn  -0.14790280E-01     -9.28104080
    24   30 Zn  -0.15262809E-01     -9.57755755
    25   30 Zn  -0.15495869E-01     -9.72380433
    26   30 Zn  -0.15846644E-01     -9.94391939
    27   30 Zn  -0.15583506E-01     -9.77879760
    28   30 Zn  -0.14754288E-01     -9.25845578
    29   30 Zn  -0.16250993E-01    -10.19765182
    30   30 Zn  -0.14790280E-01     -9.28104092
    31   30 Zn  -0.16106697E-01    -10.10710469
    32   30 Zn  -0.16329088E-01    -10.24665732
    33   30 Zn  -0.15133932E-01     -9.49668576
    34   30 Zn  -0.15802470E-01     -9.91619968
    35   30 Zn  -0.15133932E-01     -9.49668572
    36   30 Zn  -0.16250993E-01    -10.19765189
    37   30 Zn  -0.14687032E-01     -9.21625197
    38   30 Zn  -0.15650652E-01     -9.82093267
    39   30 Zn  -0.15128348E-01     -9.49318175
    40   30 Zn  -0.15547277E-01     -9.75606337
    41   30 Zn  -0.15697437E-01     -9.85029044
    42   30 Zn  -0.14672126E-01     -9.20689804
    43   30 Zn  -0.16378985E-01    -10.27796815
    44   30 Zn  -0.15802470E-01     -9.91619958
    45   30 Zn  -0.14687032E-01     -9.21625198
    46   30 Zn  -0.15547277E-01     -9.75606340
    47   30 Zn  -0.16378985E-01    -10.27796815
    48   30 Zn  -0.16106697E-01    -10.10710469
    49   30 Zn  -0.14672126E-01     -9.20689819
    50   78 Pt  -0.24017829E-01    -15.07141540
    51   78 Pt  -0.23737149E-01    -14.89528578
    52   78 Pt  -0.23436504E-01    -14.70662854
    53   78 Pt  -0.24264033E-01    -15.22591089
    54   78 Pt  -0.24093974E-01    -15.11919671
    55   78 Pt  -0.24423256E-01    -15.32582426
    56   78 Pt  -0.24017829E-01    -15.07141538
    57   78 Pt  -0.23403417E-01    -14.68586595
    58   78 Pt  -0.23385656E-01    -14.67472093
    59   78 Pt  -0.23354546E-01    -14.65519860
    60   78 Pt  -0.23436504E-01    -14.70662856
    61   78 Pt  -0.24093974E-01    -15.11919671
    62   78 Pt  -0.23790687E-01    -14.92888163
    63   78 Pt  -0.23385656E-01    -14.67472101
    64   78 Pt  -0.23354546E-01    -14.65519859
    65   78 Pt  -0.23727474E-01    -14.88921444
    66   78 Pt  -0.23727474E-01    -14.88921447
    67   78 Pt  -0.24264034E-01    -15.22591096
    68   78 Pt  -0.24298012E-01    -15.24723264
    69   78 Pt  -0.24298012E-01    -15.24723263
    70   78 Pt  -0.23672419E-01    -14.85466701
    71   78 Pt  -0.23643960E-01    -14.83680885
    72   78 Pt  -0.24423256E-01    -15.32582426
    73   78 Pt  -0.24618527E-01    -15.44835870
    74   78 Pt  -0.24618526E-01    -15.44835857
    75   78 Pt  -0.23737149E-01    -14.89528569
    76   78 Pt  -0.23643960E-01    -14.83680884
    77   78 Pt  -0.23672419E-01    -14.85466700
    78   78 Pt  -0.23403417E-01    -14.68586599
--------------------------------------------------

Dispersion energy:      -1.4491878368590E+00 Eh

[Info] Dispersion energy written to .EDISP
