-----------------------------------
 s i m p l e   D F T - D 3  v1.2.1
-----------------------------------

Zero (Chai-Head-Gordon) damping: pbe-D3(0)
--------------------
  s6         1.0000
  s8         0.7220
  s9         0.0000
 rs6         1.2170
 rs8         1.0000
 alp        14.0000
--------------------

Atomic radii (in Angstrom):
-------------------------------------------
   Z          R(cov)     R(vdw)      r4/r2
-------------------------------------------
  30 Zn       1.4533     1.6155     2.6978
  78 Pt       1.4933     1.6762     3.1155
-------------------------------------------

Atomic reference systems (in atomic units):
----------------------------------------------------------------------------
   Z        #      CN    C6(AA)   #      CN    C6(AA)   #      CN    C6(AA)
----------------------------------------------------------------------------
  30 Zn     1  0.0000  340.5213   2  1.9419  153.4528
  78 Pt     1  0.0000  391.1448   2  1.9188  346.3610   3  6.6669  336.8727
----------------------------------------------------------------------------

Dispersion properties (in atomic units):
--------------------------------------------------------
     #    Z                CN       C6(AA)       C8(AA)
--------------------------------------------------------
     1   30 Zn         0.0024     340.5212   26551.8220
     2   30 Zn         0.0021     340.5212   26551.8220
     3   30 Zn         0.0024     340.5212   26551.8220
     4   30 Zn         0.0023     340.5212   26551.8220
     5   30 Zn         0.0023     340.5212   26551.8220
     6   30 Zn         0.0024     340.5212   26551.8220
     7   30 Zn         0.0025     340.5212   26551.8220
     8   30 Zn         0.0022     340.5212   26551.8220
     9   30 Zn         0.0021     340.5212   26551.8220
    10   30 Zn         0.0022     340.5212   26551.8220
    11   30 Zn         0.0025     340.5212   26551.8220
    12   30 Zn         0.0021     340.5212   26551.8220
    13   30 Zn         0.0021     340.5212   26551.8220
    14   30 Zn         0.0024     340.5212   26551.8220
    15   30 Zn         0.0021     340.5212   26551.8220
    16   30 Zn         0.0021     340.5212   26551.8220
    17   30 Zn         0.0024     340.5212   26551.8220
    18   30 Zn         0.0021     340.5212   26551.8220
    19   30 Zn         0.0021     340.5212   26551.8220
    20   30 Zn         0.0021     340.5212   26551.8220
    21   30 Zn         0.0023     340.5212   26551.8220
    22   30 Zn         0.0023     340.5212   26551.8220
    23   30 Zn         0.0024     340.5212   26551.8220
    24   30 Zn         0.0023     340.5212   26551.8220
    25   30 Zn         0.0021     340.5212   26551.8220
    26   30 Zn         0.0021     340.5212   26551.8220
    27   30 Zn         0.0022     340.5212   26551.8220
    28   30 Zn         0.0024     340.5212   26551.8220
    29   30 Zn         0.0021     340.5212   26551.8220
    30   30 Zn         0.0024     340.5212   26551.8220
    31   30 Zn         0.0022     340.5212   26551.8220
    32   30 Zn         0.0021     340.5212   26551.8220
    33   30 Zn         0.0023     340.5212   26551.8220
    34   30 Zn         0.0022     340.5212   26551.8220
    35   30 Zn         0.0023     340.5212   26551.8220
    36   30 Zn         0.0021     340.5212   26551.8220
    37   30 Zn         0.0024     340.5212   26551.8220
    38   30 Zn         0.0021     340.5212   26551.8220
    39   30 Zn         0.0023     340.5212   26551.8220
    40   30 Zn         0.0022     340.5212   26551.8220
    41   30 Zn         0.0022     340.5212   26551.8220
    42   30 Zn         0.0024     340.5212   26551.8220
    43   30 Zn         0.0021     340.5212   26551.8220
    44   30 Zn         0.0022     340.5212   26551.8220
    45   30 Zn         0.0024     340.5212   26551.8220
    46   30 Zn         0.0022     340.5212   26551.8220
    47   30 Zn         0.0021     340.5212   26551.8220
    48   30 Zn         0.0022     340.5212   26551.8220
    49   30 Zn         0.0024     340.5212   26551.8220
    50   78 Pt         0.0026     391.1448   40674.6314
    51   78 Pt         0.0025     391.1448   40674.6314
    52   78 Pt         0.0025     391.1448   40674.6314
    53   78 Pt         0.0025     391.1448   40674.6314
    54   78 Pt         0.0025     391.1448   40674.6314
    55   78 Pt         0.0025     391.1448   40674.6314
    56   78 Pt         0.0026     391.1448   40674.6314
    57   78 Pt         0.0025     391.1448   40674.6314
    58   78 Pt         0.0025     391.1448   40674.6314
    59   78 Pt         0.0025     391.1448   40674.6314
    60   78 Pt         0.0025     391.1448   40674.6314
    61   78 Pt         0.0025     391.1448   40674.6314
    62   78 Pt         0.0026     391.1448   40674.6314
    63   78 Pt         0.0025     391.1448   40674.6314
    64   78 Pt         0.0025     391.1448   40674.6314
    65   78 Pt         0.0025     391.1448   40674.6314
    66   78 Pt         0.0025     391.1448   40674.6314
    67   78 Pt         0.0025     391.1448   40674.6314
    68   78 Pt         0.0025     391.1448   40674.6314
    69   78 Pt         0.0025     391.1448   40674.6314
    70   78 Pt         0.0025     391.1448   40674.6314
    71   78 Pt         0.0025     391.1448   40674.6314
    72   78 Pt         0.0025     391.1448   40674.6314
    73   78 Pt         0.0025     391.1448   40674.6314
    74   78 Pt         0.0025     391.1448   40674.6314
    75   78 Pt         0.0025     391.1448   40674.6314
    76   78 Pt         0.0025     391.1448   40674.6314
    77   78 Pt         0.0025     391.1448   40674.6314
    78   78 Pt         0.0025     391.1448   40674.6314
--------------------------------------------------------

Atom-resolved dispersion energies:
--------------------------------------------------
     #    Z           [Hartree]      [kcal/mol]
--------------------------------------------------
     1   30 Zn  -0.10482218E-02     -0.65776909
     2   30 Zn  -0.92268780E-03     -0.57899533
     3   30 Zn  -0.10482218E-02     -0.65776909
     4   30 Zn  -0.10114248E-02     -0.63467862
     5   30 Zn  -0.10045457E-02     -0.63036193
     6   30 Zn  -0.10532096E-02     -0.66089902
     7   30 Zn  -0.10761888E-02     -0.67531864
     8   30 Zn  -0.96916407E-03     -0.60815964
     9   30 Zn  -0.93988042E-03     -0.58978387
    10   30 Zn  -0.96543284E-03     -0.60581825
    11   30 Zn  -0.10761888E-02     -0.67531864
    12   30 Zn  -0.92465551E-03     -0.58023009
    13   30 Zn  -0.91552628E-03     -0.57450141
    14   30 Zn  -0.10532096E-02     -0.66089903
    15   30 Zn  -0.94938507E-03     -0.59574813
    16   30 Zn  -0.93165523E-03     -0.58462248
    17   30 Zn  -0.10611216E-02     -0.66586385
    18   30 Zn  -0.92465551E-03     -0.58023009
    19   30 Zn  -0.94671396E-03     -0.59407198
    20   30 Zn  -0.93988042E-03     -0.58978387
    21   30 Zn  -0.99980088E-03     -0.62738452
    22   30 Zn  -0.10114248E-02     -0.63467863
    23   30 Zn  -0.10719946E-02     -0.67268676
    24   30 Zn  -0.10045457E-02     -0.63036192
    25   30 Zn  -0.92268779E-03     -0.57899533
    26   30 Zn  -0.94938507E-03     -0.59574813
    27   30 Zn  -0.96543284E-03     -0.60581825
    28   30 Zn  -0.10611216E-02     -0.66586387
    29   30 Zn  -0.94295052E-03     -0.59171039
    30   30 Zn  -0.10719946E-02     -0.67268674
    31   30 Zn  -0.95035263E-03     -0.59635528
    32   30 Zn  -0.93165525E-03     -0.58462249
    33   30 Zn  -0.10172603E-02     -0.63834048
    34   30 Zn  -0.97611180E-03     -0.61251941
    35   30 Zn  -0.10172603E-02     -0.63834049
    36   30 Zn  -0.94295049E-03     -0.59171037
    37   30 Zn  -0.10738699E-02     -0.67386354
    38   30 Zn  -0.91552625E-03     -0.57450140
    39   30 Zn  -0.99980089E-03     -0.62738453
    40   30 Zn  -0.96441634E-03     -0.60518039
    41   30 Zn  -0.96916408E-03     -0.60815964
    42   30 Zn  -0.10735512E-02     -0.67366355
    43   30 Zn  -0.93955322E-03     -0.58957854
    44   30 Zn  -0.97611182E-03     -0.61251941
    45   30 Zn  -0.10738699E-02     -0.67386354
    46   30 Zn  -0.96441633E-03     -0.60518038
    47   30 Zn  -0.93955322E-03     -0.58957855
    48   30 Zn  -0.95035263E-03     -0.59635528
    49   30 Zn  -0.10735512E-02     -0.67366352
    50   78 Pt  -0.11217780E-02     -0.70392630
    51   78 Pt  -0.11252548E-02     -0.70610807
    52   78 Pt  -0.11195968E-02     -0.70255761
    53   78 Pt  -0.11224686E-02     -0.70435968
    54   78 Pt  -0.11265697E-02     -0.70693315
    55   78 Pt  -0.11244949E-02     -0.70563119
    56   78 Pt  -0.11217780E-02     -0.70392630
    57   78 Pt  -0.11278551E-02     -0.70773979
    58   78 Pt  -0.11142391E-02     -0.69919558
    59   78 Pt  -0.11169414E-02     -0.70089129
    60   78 Pt  -0.11195968E-02     -0.70255761
    61   78 Pt  -0.11265697E-02     -0.70693315
    62   78 Pt  -0.11366665E-02     -0.71326897
    63   78 Pt  -0.11142391E-02     -0.69919559
    64   78 Pt  -0.11169414E-02     -0.70089128
    65   78 Pt  -0.11319772E-02     -0.71032642
    66   78 Pt  -0.11319772E-02     -0.71032643
    67   78 Pt  -0.11224686E-02     -0.70435968
    68   78 Pt  -0.11208864E-02     -0.70336681
    69   78 Pt  -0.11208864E-02     -0.70336681
    70   78 Pt  -0.11181738E-02     -0.70166464
    71   78 Pt  -0.11301569E-02     -0.70918418
    72   78 Pt  -0.11244949E-02     -0.70563120
    73   78 Pt  -0.11174073E-02     -0.70118366
    74   78 Pt  -0.11174073E-02     -0.70118367
    75   78 Pt  -0.11252549E-02     -0.70610808
    76   78 Pt  -0.11301569E-02     -0.70918418
    77   78 Pt  -0.11181738E-02     -0.70166465
    78   78 Pt  -0.11278551E-02     -0.70773978
--------------------------------------------------

Dispersion energy:      -8.1084901934734E-02 Eh

[Info] Dispersion energy written to .EDISP
