-----------------------------------
 s i m p l e   D F T - D 3  v1.2.1
-----------------------------------

Zero (Chai-Head-Gordon) damping: pbe-D3(0)
--------------------
  s6         1.0000
  s8         0.7220
  s9         0.0000
 rs6         1.2170
 rs8         1.0000
 alp        14.0000
--------------------

Atomic radii (in Angstrom):
-------------------------------------------
   Z          R(cov)     R(vdw)      r4/r2
-------------------------------------------
  12 Mg       1.6667     1.7420     2.8909
  34 Se       1.4667     1.7634     2.5771
-------------------------------------------

Atomic reference systems (in atomic units):
----------------------------------------------------------------------------
   Z        #      CN    C6(AA)   #      CN    C6(AA)   #      CN    C6(AA)
----------------------------------------------------------------------------
  12 Mg     1  0.0000  683.3758   2  0.9628  451.2708   3  1.9496  175.5616
  34 Se     1  0.0000  213.6738   2  0.9901  213.7862   3  1.9812  210.5231
----------------------------------------------------------------------------

Dispersion properties (in atomic units):
--------------------------------------------------------
     #    Z                CN       C6(AA)       C8(AA)
--------------------------------------------------------
     1   12 Mg         0.0023     677.1177   60623.5533
     2   12 Mg         0.0023     677.1177   60623.5533
     3   12 Mg         0.0023     677.1177   60623.5533
     4   12 Mg         0.0023     677.1177   60623.5532
     5   12 Mg         0.0024     677.1146   60623.2779
     6   12 Mg         0.0024     677.1146   60623.2780
     7   12 Mg         0.0024     677.1146   60623.2782
     8   12 Mg         0.0023     677.1154   60623.3502
     9   12 Mg         0.0024     677.1146   60623.2782
    10   12 Mg         0.0024     677.1146   60623.2782
    11   12 Mg         0.0023     677.1150   60623.3162
    12   12 Mg         0.0023     677.1150   60623.3163
    13   12 Mg         0.0023     677.1150   60623.3162
    14   12 Mg         0.0023     677.1150   60623.3163
    15   12 Mg         0.0023     677.1149   60623.3081
    16   12 Mg         0.0023     677.1149   60623.3081
    17   12 Mg         0.0024     677.1146   60623.2779
    18   12 Mg         0.0023     677.1177   60623.5533
    19   12 Mg         0.0023     677.1177   60623.5533
    20   12 Mg         0.0023     677.1149   60623.3081
    21   12 Mg         0.0023     677.1154   60623.3502
    22   12 Mg         0.0023     677.1154   60623.3503
    23   12 Mg         0.0023     677.1150   60623.3163
    24   12 Mg         0.0023     677.1150   60623.3162
    25   12 Mg         0.0023     677.1155   60623.3613
    26   12 Mg         0.0023     677.1155   60623.3613
    27   12 Mg         0.0023     677.1155   60623.3613
    28   12 Mg         0.0023     677.1155   60623.3614
    29   12 Mg         0.0023     677.1155   60623.3613
    30   12 Mg         0.0023     677.1155   60623.3614
    31   12 Mg         0.0023     677.1157   60623.3734
    32   12 Mg         0.0023     677.1157   60623.3734
    33   12 Mg         0.0023     677.1157   60623.3734
    34   12 Mg         0.0023     677.1147   60623.2862
    35   12 Mg         0.0023     677.1153   60623.3447
    36   12 Mg         0.0023     677.1153   60623.3448
    37   12 Mg         0.0023     677.1153   60623.3447
    38   12 Mg         0.0023     677.1153   60623.3447
    39   12 Mg         0.0023     677.1153   60623.3447
    40   12 Mg         0.0023     677.1153   60623.3447
    41   12 Mg         0.0023     677.1157   60623.3770
    42   12 Mg         0.0023     677.1157   60623.3770
    43   12 Mg         0.0023     677.1157   60623.3770
    44   12 Mg         0.0023     677.1173   60623.5236
    45   12 Mg         0.0023     677.1173   60623.5236
    46   12 Mg         0.0023     677.1173   60623.5236
    47   12 Mg         0.0023     677.1148   60623.2934
    48   12 Mg         0.0023     677.1148   60623.2933
    49   12 Mg         0.0023     677.1148   60623.2934
    50   12 Mg         0.0024     677.1145   60623.2713
    51   12 Mg         0.0023     677.1158   60623.3904
    52   12 Mg         0.0023     677.1158   60623.3904
    53   12 Mg         0.0023     677.1158   60623.3904
    54   12 Mg         0.0023     677.1156   60623.3715
    55   12 Mg         0.0023     677.1156   60623.3715
    56   12 Mg         0.0023     677.1156   60623.3715
    57   12 Mg         0.0023     677.1159   60623.3913
    58   12 Mg         0.0023     677.1159   60623.3913
    59   12 Mg         0.0023     677.1159   60623.3913
    60   12 Mg         0.0023     677.1159   60623.3936
    61   12 Mg         0.0023     677.1159   60623.3937
    62   12 Mg         0.0023     677.1159   60623.3937
    63   12 Mg         0.0023     677.1161   60623.4142
    64   12 Mg         0.0023     677.1161   60623.4142
    65   12 Mg         0.0023     677.1161   60623.4142
    66   12 Mg         0.0023     677.1161   60623.4141
    67   12 Mg         0.0023     677.1161   60623.4142
    68   12 Mg         0.0023     677.1161   60623.4141
    69   12 Mg         0.0023     677.1153   60623.3419
    70   12 Mg         0.0023     677.1153   60623.3419
    71   12 Mg         0.0023     677.1153   60623.3419
    72   12 Mg         0.0023     677.1153   60623.3419
    73   12 Mg         0.0023     677.1153   60623.3419
    74   12 Mg         0.0023     677.1153   60623.3419
    75   12 Mg         0.0023     677.1154   60623.3505
    76   12 Mg         0.0023     677.1153   60623.3427
    77   12 Mg         0.0023     677.1153   60623.3427
    78   12 Mg         0.0023     677.1162   60623.4208
    79   12 Mg         0.0023     677.1162   60623.4209
    80   12 Mg         0.0023     677.1156   60623.3707
    81   12 Mg         0.0023     677.1156   60623.3707
    82   12 Mg         0.0023     677.1161   60623.4098
    83   12 Mg         0.0023     677.1162   60623.4209
    84   12 Mg         0.0023     677.1162   60623.4208
    85   12 Mg         0.0023     677.1162   60623.4208
    86   12 Mg         0.0023     677.1162   60623.4209
    87   12 Mg         0.0023     677.1164   60623.4394
    88   12 Mg         0.0023     677.1160   60623.4042
    89   12 Mg         0.0023     677.1160   60623.4042
    90   12 Mg         0.0023     677.1153   60623.3427
    91   12 Mg         0.0023     677.1164   60623.4394
    92   12 Mg         0.0023     677.1164   60623.4394
    93   12 Mg         0.0023     677.1156   60623.3707
    94   12 Mg         0.0023     677.1156   60623.3707
    95   12 Mg         0.0023     677.1160   60623.4042
    96   12 Mg         0.0023     677.1156   60623.3708
    97   12 Mg         0.0023     677.1156   60623.3707
    98   12 Mg         0.0023     677.1154   60623.3505
    99   12 Mg         0.0023     677.1154   60623.3505
   100   12 Mg         0.0023     677.1153   60623.3419
   101   12 Mg         0.0023     677.1153   60623.3419
   102   12 Mg         0.0023     677.1153   60623.3418
   103   12 Mg         0.0023     677.1153   60623.3419
   104   12 Mg         0.0023     677.1153   60623.3419
   105   12 Mg         0.0023     677.1153   60623.3419
   106   12 Mg         0.0023     677.1161   60623.4142
   107   12 Mg         0.0023     677.1161   60623.4142
   108   12 Mg         0.0023     677.1161   60623.4141
   109   12 Mg         0.0023     677.1161   60623.4141
   110   12 Mg         0.0023     677.1161   60623.4141
   111   12 Mg         0.0023     677.1161   60623.4141
   112   12 Mg         0.0023     677.1159   60623.3936
   113   12 Mg         0.0023     677.1159   60623.3936
   114   12 Mg         0.0023     677.1159   60623.3937
   115   12 Mg         0.0023     677.1159   60623.3914
   116   12 Mg         0.0023     677.1159   60623.3914
   117   12 Mg         0.0023     677.1159   60623.3914
   118   12 Mg         0.0023     677.1156   60623.3715
   119   12 Mg         0.0023     677.1156   60623.3715
   120   12 Mg         0.0023     677.1156   60623.3715
   121   12 Mg         0.0023     677.1158   60623.3904
   122   12 Mg         0.0023     677.1158   60623.3904
   123   12 Mg         0.0023     677.1158   60623.3903
   124   12 Mg         0.0024     677.1145   60623.2713
   125   12 Mg         0.0023     677.1148   60623.2934
   126   12 Mg         0.0023     677.1148   60623.2934
   127   12 Mg         0.0023     677.1148   60623.2935
   128   12 Mg         0.0023     677.1173   60623.5236
   129   12 Mg         0.0023     677.1173   60623.5237
   130   12 Mg         0.0023     677.1173   60623.5237
   131   12 Mg         0.0023     677.1157   60623.3771
   132   12 Mg         0.0023     677.1157   60623.3770
   133   12 Mg         0.0023     677.1157   60623.3770
   134   12 Mg         0.0023     677.1153   60623.3447
   135   12 Mg         0.0023     677.1153   60623.3448
   136   12 Mg         0.0023     677.1153   60623.3448
   137   12 Mg         0.0023     677.1153   60623.3447
   138   12 Mg         0.0023     677.1153   60623.3448
   139   12 Mg         0.0023     677.1153   60623.3447
   140   12 Mg         0.0023     677.1147   60623.2862
   141   12 Mg         0.0023     677.1157   60623.3734
   142   12 Mg         0.0023     677.1157   60623.3734
   143   12 Mg         0.0023     677.1157   60623.3734
   144   12 Mg         0.0023     677.1155   60623.3614
   145   12 Mg         0.0023     677.1155   60623.3614
   146   12 Mg         0.0023     677.1155   60623.3614
   147   12 Mg         0.0023     677.1155   60623.3614
   148   12 Mg         0.0023     677.1155   60623.3614
   149   12 Mg         0.0023     677.1155   60623.3614
   150   34 Se         0.0016     213.6760   15203.5156
--------------------------------------------------------

Atom-resolved dispersion energies:
--------------------------------------------------
     #    Z           [Hartree]      [kcal/mol]
--------------------------------------------------
     1   12 Mg  -0.87459619E-03     -0.54881740
     2   12 Mg  -0.87459349E-03     -0.54881570
     3   12 Mg  -0.87459593E-03     -0.54881723
     4   12 Mg  -0.87459805E-03     -0.54881856
     5   12 Mg  -0.90999050E-03     -0.57102766
     6   12 Mg  -0.90998488E-03     -0.57102413
     7   12 Mg  -0.91014508E-03     -0.57112466
     8   12 Mg  -0.90383157E-03     -0.56716288
     9   12 Mg  -0.91014613E-03     -0.57112532
    10   12 Mg  -0.91014723E-03     -0.57112601
    11   12 Mg  -0.90700085E-03     -0.56915163
    12   12 Mg  -0.90699571E-03     -0.56914840
    13   12 Mg  -0.90700052E-03     -0.56915142
    14   12 Mg  -0.90699724E-03     -0.56914936
    15   12 Mg  -0.90751852E-03     -0.56947647
    16   12 Mg  -0.90752171E-03     -0.56947847
    17   12 Mg  -0.90999029E-03     -0.57102753
    18   12 Mg  -0.87459595E-03     -0.54881724
    19   12 Mg  -0.87459402E-03     -0.54881603
    20   12 Mg  -0.90751906E-03     -0.56947681
    21   12 Mg  -0.90383305E-03     -0.56716380
    22   12 Mg  -0.90382800E-03     -0.56716063
    23   12 Mg  -0.90699789E-03     -0.56914977
    24   12 Mg  -0.90700062E-03     -0.56915148
    25   12 Mg  -0.90289897E-03     -0.56657766
    26   12 Mg  -0.90289768E-03     -0.56657685
    27   12 Mg  -0.90289753E-03     -0.56657676
    28   12 Mg  -0.90289532E-03     -0.56657537
    29   12 Mg  -0.90289767E-03     -0.56657684
    30   12 Mg  -0.90289250E-03     -0.56657360
    31   12 Mg  -0.90223836E-03     -0.56616312
    32   12 Mg  -0.90223853E-03     -0.56616323
    33   12 Mg  -0.90223855E-03     -0.56616324
    34   12 Mg  -0.90950627E-03     -0.57072380
    35   12 Mg  -0.90456111E-03     -0.56762067
    36   12 Mg  -0.90455593E-03     -0.56761742
    37   12 Mg  -0.90455809E-03     -0.56761877
    38   12 Mg  -0.90455835E-03     -0.56761894
    39   12 Mg  -0.90455826E-03     -0.56761888
    40   12 Mg  -0.90455811E-03     -0.56761878
    41   12 Mg  -0.90187392E-03     -0.56593443
    42   12 Mg  -0.90187507E-03     -0.56593515
    43   12 Mg  -0.90187418E-03     -0.56593459
    44   12 Mg  -0.87691348E-03     -0.55027152
    45   12 Mg  -0.87691205E-03     -0.55027062
    46   12 Mg  -0.87691172E-03     -0.55027041
    47   12 Mg  -0.90723592E-03     -0.56929913
    48   12 Mg  -0.90724292E-03     -0.56930353
    49   12 Mg  -0.90723706E-03     -0.56929985
    50   12 Mg  -0.91001385E-03     -0.57104232
    51   12 Mg  -0.90071728E-03     -0.56520863
    52   12 Mg  -0.90071709E-03     -0.56520851
    53   12 Mg  -0.90071519E-03     -0.56520732
    54   12 Mg  -0.90230985E-03     -0.56620798
    55   12 Mg  -0.90230864E-03     -0.56620722
    56   12 Mg  -0.90230900E-03     -0.56620745
    57   12 Mg  -0.90073489E-03     -0.56521967
    58   12 Mg  -0.90073420E-03     -0.56521924
    59   12 Mg  -0.90073525E-03     -0.56521990
    60   12 Mg  -0.90044511E-03     -0.56503784
    61   12 Mg  -0.90044124E-03     -0.56503541
    62   12 Mg  -0.90043997E-03     -0.56503461
    63   12 Mg  -0.89883777E-03     -0.56402922
    64   12 Mg  -0.89884086E-03     -0.56403115
    65   12 Mg  -0.89883907E-03     -0.56403003
    66   12 Mg  -0.89884316E-03     -0.56403260
    67   12 Mg  -0.89884055E-03     -0.56403096
    68   12 Mg  -0.89884586E-03     -0.56403429
    69   12 Mg  -0.90479616E-03     -0.56776816
    70   12 Mg  -0.90480038E-03     -0.56777081
    71   12 Mg  -0.90480126E-03     -0.56777136
    72   12 Mg  -0.90480047E-03     -0.56777087
    73   12 Mg  -0.90479835E-03     -0.56776954
    74   12 Mg  -0.90480063E-03     -0.56777097
    75   12 Mg  -0.90403855E-03     -0.56729275
    76   12 Mg  -0.90469570E-03     -0.56770512
    77   12 Mg  -0.90469784E-03     -0.56770647
    78   12 Mg  -0.89829362E-03     -0.56368776
    79   12 Mg  -0.89829270E-03     -0.56368718
    80   12 Mg  -0.90242794E-03     -0.56628208
    81   12 Mg  -0.90242457E-03     -0.56627997
    82   12 Mg  -0.89916778E-03     -0.56423630
    83   12 Mg  -0.89829140E-03     -0.56368636
    84   12 Mg  -0.89829465E-03     -0.56368840
    85   12 Mg  -0.89829525E-03     -0.56368878
    86   12 Mg  -0.89829104E-03     -0.56368614
    87   12 Mg  -0.89673799E-03     -0.56271159
    88   12 Mg  -0.89961348E-03     -0.56451598
    89   12 Mg  -0.89960614E-03     -0.56451138
    90   12 Mg  -0.90469558E-03     -0.56770505
    91   12 Mg  -0.89674026E-03     -0.56271301
    92   12 Mg  -0.89673962E-03     -0.56271261
    93   12 Mg  -0.90243011E-03     -0.56628345
    94   12 Mg  -0.90242755E-03     -0.56628184
    95   12 Mg  -0.89960588E-03     -0.56451121
    96   12 Mg  -0.90242278E-03     -0.56627884
    97   12 Mg  -0.90242483E-03     -0.56628013
    98   12 Mg  -0.90403682E-03     -0.56729167
    99   12 Mg  -0.90403753E-03     -0.56729211
   100   12 Mg  -0.90479661E-03     -0.56776844
   101   12 Mg  -0.90480018E-03     -0.56777069
   102   12 Mg  -0.90480198E-03     -0.56777181
   103   12 Mg  -0.90479958E-03     -0.56777031
   104   12 Mg  -0.90479734E-03     -0.56776891
   105   12 Mg  -0.90480034E-03     -0.56777079
   106   12 Mg  -0.89883983E-03     -0.56403051
   107   12 Mg  -0.89884035E-03     -0.56403084
   108   12 Mg  -0.89884460E-03     -0.56403350
   109   12 Mg  -0.89884398E-03     -0.56403311
   110   12 Mg  -0.89884558E-03     -0.56403412
   111   12 Mg  -0.89884563E-03     -0.56403415
   112   12 Mg  -0.90044823E-03     -0.56503980
   113   12 Mg  -0.90044498E-03     -0.56503776
   114   12 Mg  -0.90044155E-03     -0.56503561
   115   12 Mg  -0.90073209E-03     -0.56521792
   116   12 Mg  -0.90073324E-03     -0.56521864
   117   12 Mg  -0.90072678E-03     -0.56521459
   118   12 Mg  -0.90231133E-03     -0.56620891
   119   12 Mg  -0.90230607E-03     -0.56620561
   120   12 Mg  -0.90230455E-03     -0.56620466
   121   12 Mg  -0.90071705E-03     -0.56520848
   122   12 Mg  -0.90071798E-03     -0.56520906
   123   12 Mg  -0.90071902E-03     -0.56520972
   124   12 Mg  -0.91001164E-03     -0.57104092
   125   12 Mg  -0.90723234E-03     -0.56929689
   126   12 Mg  -0.90723834E-03     -0.56930066
   127   12 Mg  -0.90723149E-03     -0.56929636
   128   12 Mg  -0.87690914E-03     -0.55026880
   129   12 Mg  -0.87690655E-03     -0.55026716
   130   12 Mg  -0.87690403E-03     -0.55026558
   131   12 Mg  -0.90187077E-03     -0.56593245
   132   12 Mg  -0.90187311E-03     -0.56593392
   133   12 Mg  -0.90187276E-03     -0.56593370
   134   12 Mg  -0.90455802E-03     -0.56761873
   135   12 Mg  -0.90455446E-03     -0.56761649
   136   12 Mg  -0.90455426E-03     -0.56761637
   137   12 Mg  -0.90455905E-03     -0.56761937
   138   12 Mg  -0.90455527E-03     -0.56761700
   139   12 Mg  -0.90455929E-03     -0.56761953
   140   12 Mg  -0.90950562E-03     -0.57072339
   141   12 Mg  -0.90223588E-03     -0.56616156
   142   12 Mg  -0.90224133E-03     -0.56616498
   143   12 Mg  -0.90223620E-03     -0.56616176
   144   12 Mg  -0.90289440E-03     -0.56657479
   145   12 Mg  -0.90289510E-03     -0.56657523
   146   12 Mg  -0.90289488E-03     -0.56657509
   147   12 Mg  -0.90289241E-03     -0.56657354
   148   12 Mg  -0.90289515E-03     -0.56657526
   149   12 Mg  -0.90289086E-03     -0.56657257
   150   34 Se  -0.44215368E-03     -0.27745562
--------------------------------------------------

Dispersion energy:      -1.3467183062704E-01 Eh

[Info] Dispersion energy written to .EDISP
