-----------------------------------
 s i m p l e   D F T - D 3  v1.2.1
-----------------------------------

Zero (Chai-Head-Gordon) damping: pbe-D3(0)
--------------------
  s6         1.0000
  s8         0.7220
  s9         0.0000
 rs6         1.2170
 rs8         1.0000
 alp        14.0000
--------------------

Atomic radii (in Angstrom):
-------------------------------------------
   Z          R(cov)     R(vdw)      r4/r2
-------------------------------------------
  30 Zn       1.4533     1.6155     2.6978
  16 S        1.3600     1.6554     2.1385
-------------------------------------------

Atomic reference systems (in atomic units):
----------------------------------------------------------------------------
   Z        #      CN    C6(AA)   #      CN    C6(AA)   #      CN    C6(AA)
----------------------------------------------------------------------------
  30 Zn     1  0.0000  340.5213   2  1.9419  153.4528
  16 S      1  0.0000  134.0066   2  0.9948  130.9965   3  1.9903  125.8109
----------------------------------------------------------------------------

Dispersion properties (in atomic units):
--------------------------------------------------------
     #    Z                CN       C6(AA)       C8(AA)
--------------------------------------------------------
     1   30 Zn         6.1957     153.4528   11965.3374
     2   30 Zn         6.1945     153.4528   11965.3374
     3   30 Zn         6.1939     153.4528   11965.3374
     4   30 Zn         6.1940     153.4528   11965.3374
     5   30 Zn         6.1931     153.4528   11965.3374
     6   30 Zn         6.1939     153.4528   11965.3374
     7   30 Zn         6.1946     153.4528   11965.3374
     8   30 Zn         6.1918     153.4528   11965.3374
     9   30 Zn         6.1944     153.4528   11965.3374
    10   30 Zn         6.1945     153.4528   11965.3374
    11   30 Zn         6.1949     153.4528   11965.3374
    12   30 Zn         6.1936     153.4528   11965.3374
    13   30 Zn         6.2377     153.4528   11965.3374
    14   30 Zn         6.1956     153.4528   11965.3374
    15   30 Zn         6.1947     153.4528   11965.3374
    16   30 Zn         6.1942     153.4528   11965.3374
    17   30 Zn         6.1934     153.4528   11965.3374
    18   30 Zn         6.1944     153.4528   11965.3374
    19   30 Zn         6.1931     153.4528   11965.3374
    20   30 Zn         6.1948     153.4528   11965.3374
    21   30 Zn         6.2394     153.4528   11965.3374
    22   30 Zn         6.1936     153.4528   11965.3374
    23   30 Zn         6.1923     153.4528   11965.3374
    24   30 Zn         6.1943     153.4528   11965.3374
    25   30 Zn         6.1947     153.4528   11965.3374
    26   30 Zn         6.1944     153.4528   11965.3374
    27   30 Zn         6.1949     153.4528   11965.3374
    28   30 Zn         6.1958     153.4528   11965.3374
    29   16 S          5.0856     125.8109    6163.6270
    30   16 S          5.0857     125.8109    6163.6270
    31   16 S          5.1302     125.8109    6163.6270
    32   16 S          5.1298     125.8109    6163.6270
    33   16 S          5.0864     125.8109    6163.6270
    34   16 S          5.0847     125.8109    6163.6270
    35   16 S          5.0861     125.8109    6163.6270
    36   16 S          5.0845     125.8109    6163.6270
    37   16 S          5.0862     125.8109    6163.6270
    38   16 S          5.0861     125.8109    6163.6270
    39   16 S          5.0859     125.8109    6163.6270
    40   16 S          5.0859     125.8109    6163.6270
    41   16 S          5.0863     125.8109    6163.6270
    42   16 S          5.0869     125.8109    6163.6270
    43   16 S          5.0859     125.8109    6163.6270
    44   16 S          5.0854     125.8109    6163.6270
    45   16 S          5.0859     125.8109    6163.6270
    46   16 S          5.0874     125.8109    6163.6270
    47   16 S          5.0860     125.8109    6163.6270
    48   16 S          5.0859     125.8109    6163.6270
    49   16 S          5.0861     125.8109    6163.6270
    50   16 S          5.0873     125.8109    6163.6270
    51   16 S          5.0856     125.8109    6163.6270
    52   16 S          5.0862     125.8109    6163.6270
    53   16 S          5.0874     125.8109    6163.6270
    54   16 S          5.0862     125.8109    6163.6270
    55   16 S          5.0859     125.8109    6163.6270
    56   16 S          5.0859     125.8109    6163.6270
--------------------------------------------------------

Atom-resolved dispersion energies:
--------------------------------------------------
     #    Z           [Hartree]      [kcal/mol]
--------------------------------------------------
     1   30 Zn  -0.17492041E-01    -10.97642160
     2   30 Zn  -0.17491229E-01    -10.97591219
     3   30 Zn  -0.17490488E-01    -10.97544701
     4   30 Zn  -0.17490591E-01    -10.97551142
     5   30 Zn  -0.17491043E-01    -10.97579517
     6   30 Zn  -0.17490097E-01    -10.97520181
     7   30 Zn  -0.17491959E-01    -10.97636974
     8   30 Zn  -0.17490248E-01    -10.97529617
     9   30 Zn  -0.17490967E-01    -10.97574732
    10   30 Zn  -0.17490517E-01    -10.97546532
    11   30 Zn  -0.17492289E-01    -10.97657730
    12   30 Zn  -0.17491534E-01    -10.97610313
    13   30 Zn  -0.17329079E-01    -10.87416126
    14   30 Zn  -0.17491284E-01    -10.97594646
    15   30 Zn  -0.17491658E-01    -10.97618099
    16   30 Zn  -0.17491250E-01    -10.97592482
    17   30 Zn  -0.17491361E-01    -10.97599492
    18   30 Zn  -0.17490540E-01    -10.97547942
    19   30 Zn  -0.17492192E-01    -10.97651648
    20   30 Zn  -0.17492638E-01    -10.97679601
    21   30 Zn  -0.17328681E-01    -10.87391168
    22   30 Zn  -0.17490889E-01    -10.97569849
    23   30 Zn  -0.17489681E-01    -10.97494050
    24   30 Zn  -0.17491459E-01    -10.97605607
    25   30 Zn  -0.17491990E-01    -10.97638917
    26   30 Zn  -0.17491343E-01    -10.97598328
    27   30 Zn  -0.17490533E-01    -10.97547530
    28   30 Zn  -0.17491481E-01    -10.97606986
    29   16 S   -0.13454508E-01     -8.44283129
    30   16 S   -0.13453840E-01     -8.44241205
    31   16 S   -0.13292243E-01     -8.34100845
    32   16 S   -0.13292930E-01     -8.34143967
    33   16 S   -0.13455095E-01     -8.44319939
    34   16 S   -0.13455061E-01     -8.44317808
    35   16 S   -0.13454697E-01     -8.44295007
    36   16 S   -0.13453533E-01     -8.44221951
    37   16 S   -0.13456333E-01     -8.44397619
    38   16 S   -0.13454577E-01     -8.44287479
    39   16 S   -0.13454796E-01     -8.44301215
    40   16 S   -0.13454162E-01     -8.44261387
    41   16 S   -0.13454839E-01     -8.44303895
    42   16 S   -0.13453866E-01     -8.44242828
    43   16 S   -0.13454444E-01     -8.44279110
    44   16 S   -0.13454435E-01     -8.44278537
    45   16 S   -0.13454052E-01     -8.44254521
    46   16 S   -0.13454412E-01     -8.44277082
    47   16 S   -0.13454835E-01     -8.44303629
    48   16 S   -0.13455237E-01     -8.44328845
    49   16 S   -0.13456428E-01     -8.44403624
    50   16 S   -0.13453862E-01     -8.44242576
    51   16 S   -0.13455155E-01     -8.44323752
    52   16 S   -0.13455419E-01     -8.44340320
    53   16 S   -0.13453927E-01     -8.44246640
    54   16 S   -0.13454813E-01     -8.44302233
    55   16 S   -0.13454836E-01     -8.44303687
    56   16 S   -0.13453877E-01     -8.44243520
--------------------------------------------------

Dispersion energy:      -8.6583527241008E-01 Eh

[Info] Dispersion energy written to .EDISP
