-----------------------------------
 s i m p l e   D F T - D 3  v1.2.1
-----------------------------------

Zero (Chai-Head-Gordon) damping: pbe-D3(0)
--------------------
  s6         1.0000
  s8         0.7220
  s9         0.0000
 rs6         1.2170
 rs8         1.0000
 alp        14.0000
--------------------

Atomic radii (in Angstrom):
-------------------------------------------
   Z          R(cov)     R(vdw)      r4/r2
-------------------------------------------
  30 Zn       1.4533     1.6155     2.6978
  16 S        1.3600     1.6554     2.1385
-------------------------------------------

Atomic reference systems (in atomic units):
----------------------------------------------------------------------------
   Z        #      CN    C6(AA)   #      CN    C6(AA)   #      CN    C6(AA)
----------------------------------------------------------------------------
  30 Zn     1  0.0000  340.5213   2  1.9419  153.4528
  16 S      1  0.0000  134.0066   2  0.9948  130.9965   3  1.9903  125.8109
----------------------------------------------------------------------------

Dispersion properties (in atomic units):
--------------------------------------------------------
     #    Z                CN       C6(AA)       C8(AA)
--------------------------------------------------------
     1   30 Zn         0.0809     340.5211   26551.8093
     2   30 Zn         0.0808     340.5211   26551.8093
     3   30 Zn         0.0808     340.5211   26551.8093
     4   30 Zn         0.0808     340.5211   26551.8093
     5   30 Zn         0.0808     340.5211   26551.8093
     6   30 Zn         0.0808     340.5211   26551.8093
     7   30 Zn         0.0808     340.5211   26551.8093
     8   30 Zn         0.0805     340.5211   26551.8094
     9   30 Zn         0.0809     340.5211   26551.8093
    10   30 Zn         0.0808     340.5211   26551.8093
    11   30 Zn         0.0811     340.5211   26551.8092
    12   30 Zn         0.0808     340.5211   26551.8093
    13   30 Zn         0.0810     340.5211   26551.8093
    14   30 Zn         0.0808     340.5211   26551.8093
    15   30 Zn         0.0809     340.5211   26551.8093
    16   30 Zn         0.0808     340.5211   26551.8093
    17   30 Zn         0.0808     340.5211   26551.8093
    18   30 Zn         0.0808     340.5211   26551.8093
    19   30 Zn         0.0808     340.5211   26551.8093
    20   30 Zn         0.0809     340.5211   26551.8093
    21   30 Zn         0.0811     340.5211   26551.8092
    22   30 Zn         0.0808     340.5211   26551.8093
    23   30 Zn         0.0804     340.5211   26551.8094
    24   30 Zn         0.0809     340.5211   26551.8093
    25   30 Zn         0.0810     340.5211   26551.8093
    26   30 Zn         0.0809     340.5211   26551.8093
    27   30 Zn         0.0808     340.5211   26551.8093
    28   30 Zn         0.0808     340.5211   26551.8093
    29   16 S          0.0795     133.9015    6559.9948
    30   16 S          0.0796     133.9014    6559.9927
    31   16 S          0.0797     133.9014    6559.9896
    32   16 S          0.0797     133.9014    6559.9900
    33   16 S          0.0796     133.9015    6559.9936
    34   16 S          0.0795     133.9015    6559.9967
    35   16 S          0.0796     133.9014    6559.9923
    36   16 S          0.0794     133.9016    6559.9989
    37   16 S          0.0797     133.9014    6559.9906
    38   16 S          0.0797     133.9014    6559.9898
    39   16 S          0.0796     133.9015    6559.9935
    40   16 S          0.0796     133.9015    6559.9935
    41   16 S          0.0797     133.9014    6559.9907
    42   16 S          0.0797     133.9014    6559.9886
    43   16 S          0.0796     133.9015    6559.9943
    44   16 S          0.0796     133.9015    6559.9947
    45   16 S          0.0796     133.9014    6559.9913
    46   16 S          0.0796     133.9014    6559.9912
    47   16 S          0.0796     133.9014    6559.9916
    48   16 S          0.0797     133.9014    6559.9898
    49   16 S          0.0797     133.9014    6559.9880
    50   16 S          0.0796     133.9014    6559.9916
    51   16 S          0.0795     133.9015    6559.9951
    52   16 S          0.0796     133.9014    6559.9918
    53   16 S          0.0798     133.9013    6559.9859
    54   16 S          0.0797     133.9014    6559.9894
    55   16 S          0.0796     133.9014    6559.9914
    56   16 S          0.0796     133.9014    6559.9910
--------------------------------------------------------

Atom-resolved dispersion energies:
--------------------------------------------------
     #    Z           [Hartree]      [kcal/mol]
--------------------------------------------------
     1   30 Zn  -0.43358638E-02     -2.72079562
     2   30 Zn  -0.43353566E-02     -2.72047733
     3   30 Zn  -0.43347787E-02     -2.72011471
     4   30 Zn  -0.43350954E-02     -2.72031344
     5   30 Zn  -0.43344158E-02     -2.71988698
     6   30 Zn  -0.43346868E-02     -2.72005706
     7   30 Zn  -0.43353117E-02     -2.72044919
     8   30 Zn  -0.43318672E-02     -2.71828774
     9   30 Zn  -0.43353612E-02     -2.72048024
    10   30 Zn  -0.43352925E-02     -2.72043712
    11   30 Zn  -0.43369048E-02     -2.72144883
    12   30 Zn  -0.43346965E-02     -2.72006310
    13   30 Zn  -0.43447810E-02     -2.72639125
    14   30 Zn  -0.43355638E-02     -2.72060739
    15   30 Zn  -0.43355700E-02     -2.72061122
    16   30 Zn  -0.43350882E-02     -2.72030893
    17   30 Zn  -0.43345861E-02     -2.71999382
    18   30 Zn  -0.43350277E-02     -2.72027097
    19   30 Zn  -0.43346037E-02     -2.72000491
    20   30 Zn  -0.43355306E-02     -2.72058654
    21   30 Zn  -0.43456905E-02     -2.72696197
    22   30 Zn  -0.43347418E-02     -2.72009157
    23   30 Zn  -0.43318071E-02     -2.71825000
    24   30 Zn  -0.43354319E-02     -2.72052461
    25   30 Zn  -0.43365685E-02     -2.72123782
    26   30 Zn  -0.43356183E-02     -2.72064157
    27   30 Zn  -0.43353949E-02     -2.72050138
    28   30 Zn  -0.43357546E-02     -2.72072711
    29   16 S   -0.34033939E-02     -2.13566191
    30   16 S   -0.34037514E-02     -2.13588625
    31   16 S   -0.34132215E-02     -2.14182880
    32   16 S   -0.34130815E-02     -2.14174097
    33   16 S   -0.34038252E-02     -2.13593255
    34   16 S   -0.34028393E-02     -2.13531390
    35   16 S   -0.34039620E-02     -2.13601837
    36   16 S   -0.34023527E-02     -2.13500858
    37   16 S   -0.34042714E-02     -2.13621256
    38   16 S   -0.34043705E-02     -2.13627475
    39   16 S   -0.34036482E-02     -2.13582149
    40   16 S   -0.34036760E-02     -2.13583897
    41   16 S   -0.34042959E-02     -2.13622791
    42   16 S   -0.34046825E-02     -2.13647055
    43   16 S   -0.34035568E-02     -2.13576411
    44   16 S   -0.34033732E-02     -2.13564894
    45   16 S   -0.34040298E-02     -2.13606097
    46   16 S   -0.34044730E-02     -2.13633904
    47   16 S   -0.34040573E-02     -2.13607823
    48   16 S   -0.34043403E-02     -2.13625579
    49   16 S   -0.34047354E-02     -2.13650370
    50   16 S   -0.34043604E-02     -2.13626843
    51   16 S   -0.34033803E-02     -2.13565338
    52   16 S   -0.34041011E-02     -2.13610568
    53   16 S   -0.34052741E-02     -2.13684175
    54   16 S   -0.34044756E-02     -2.13634066
    55   16 S   -0.34040536E-02     -2.13607588
    56   16 S   -0.34040769E-02     -2.13609050
--------------------------------------------------

Dispersion energy:      -2.1673104969889E-01 Eh

[Info] Dispersion energy written to .EDISP
