-----------------------------------
 s i m p l e   D F T - D 3  v1.2.1
-----------------------------------

Zero (Chai-Head-Gordon) damping: pbe-D3(0)
--------------------
  s6         1.0000
  s8         0.7220
  s9         0.0000
 rs6         1.2170
 rs8         1.0000
 alp        14.0000
--------------------

Atomic radii (in Angstrom):
-------------------------------------------
   Z          R(cov)     R(vdw)      r4/r2
-------------------------------------------
  30 Zn       1.4533     1.6155     2.6978
  16 S        1.3600     1.6554     2.1385
-------------------------------------------

Atomic reference systems (in atomic units):
----------------------------------------------------------------------------
   Z        #      CN    C6(AA)   #      CN    C6(AA)   #      CN    C6(AA)
----------------------------------------------------------------------------
  30 Zn     1  0.0000  340.5213   2  1.9419  153.4528
  16 S      1  0.0000  134.0066   2  0.9948  130.9965   3  1.9903  125.8109
----------------------------------------------------------------------------

Dispersion properties (in atomic units):
--------------------------------------------------------
     #    Z                CN       C6(AA)       C8(AA)
--------------------------------------------------------
     1   30 Zn         2.8130     153.4528   11965.3374
     2   30 Zn         2.8129     153.4528   11965.3374
     3   30 Zn         2.8121     153.4528   11965.3374
     4   30 Zn         2.8128     153.4528   11965.3374
     5   30 Zn         2.8119     153.4528   11965.3374
     6   30 Zn         2.8119     153.4528   11965.3374
     7   30 Zn         2.8126     153.4528   11965.3374
     8   30 Zn         2.8069     153.4528   11965.3374
     9   30 Zn         2.8130     153.4528   11965.3374
    10   30 Zn         2.8128     153.4528   11965.3374
    11   30 Zn         2.8161     153.4528   11965.3374
    12   30 Zn         2.8120     153.4528   11965.3374
    13   30 Zn         2.8157     153.4528   11965.3374
    14   30 Zn         2.8124     153.4528   11965.3374
    15   30 Zn         2.8131     153.4528   11965.3374
    16   30 Zn         2.8124     153.4528   11965.3374
    17   30 Zn         2.8120     153.4528   11965.3374
    18   30 Zn         2.8122     153.4528   11965.3374
    19   30 Zn         2.8122     153.4528   11965.3374
    20   30 Zn         2.8130     153.4528   11965.3374
    21   30 Zn         2.8164     153.4528   11965.3374
    22   30 Zn         2.8122     153.4528   11965.3374
    23   30 Zn         2.8063     153.4528   11965.3374
    24   30 Zn         2.8132     153.4528   11965.3374
    25   30 Zn         2.8156     153.4528   11965.3374
    26   30 Zn         2.8136     153.4528   11965.3374
    27   30 Zn         2.8126     153.4528   11965.3374
    28   30 Zn         2.8128     153.4528   11965.3374
    29   16 S          2.7832     125.8111    6163.6356
    30   16 S          2.7841     125.8111    6163.6355
    31   16 S          2.7855     125.8111    6163.6354
    32   16 S          2.7854     125.8111    6163.6355
    33   16 S          2.7837     125.8111    6163.6356
    34   16 S          2.7824     125.8111    6163.6357
    35   16 S          2.7842     125.8111    6163.6355
    36   16 S          2.7815     125.8111    6163.6357
    37   16 S          2.7848     125.8111    6163.6355
    38   16 S          2.7852     125.8111    6163.6355
    39   16 S          2.7836     125.8111    6163.6356
    40   16 S          2.7837     125.8111    6163.6356
    41   16 S          2.7849     125.8111    6163.6355
    42   16 S          2.7854     125.8111    6163.6354
    43   16 S          2.7834     125.8111    6163.6356
    44   16 S          2.7833     125.8111    6163.6356
    45   16 S          2.7846     125.8111    6163.6355
    46   16 S          2.7846     125.8111    6163.6355
    47   16 S          2.7845     125.8111    6163.6355
    48   16 S          2.7852     125.8111    6163.6355
    49   16 S          2.7860     125.8111    6163.6354
    50   16 S          2.7845     125.8111    6163.6355
    51   16 S          2.7831     125.8111    6163.6356
    52   16 S          2.7844     125.8111    6163.6355
    53   16 S          2.7865     125.8111    6163.6354
    54   16 S          2.7854     125.8111    6163.6355
    55   16 S          2.7846     125.8111    6163.6355
    56   16 S          2.7848     125.8111    6163.6355
--------------------------------------------------------

Atom-resolved dispersion energies:
--------------------------------------------------
     #    Z           [Hartree]      [kcal/mol]
--------------------------------------------------
     1   30 Zn  -0.65429701E-02     -4.10577569
     2   30 Zn  -0.65417092E-02     -4.10498447
     3   30 Zn  -0.65410848E-02     -4.10459271
     4   30 Zn  -0.65411068E-02     -4.10460646
     5   30 Zn  -0.65406165E-02     -4.10429881
     6   30 Zn  -0.65410103E-02     -4.10454593
     7   30 Zn  -0.65419633E-02     -4.10514395
     8   30 Zn  -0.65402599E-02     -4.10407504
     9   30 Zn  -0.65414389E-02     -4.10481488
    10   30 Zn  -0.65414861E-02     -4.10484448
    11   30 Zn  -0.65420527E-02     -4.10520008
    12   30 Zn  -0.65411473E-02     -4.10463188
    13   30 Zn  -0.65480996E-02     -4.10899454
    14   30 Zn  -0.65427827E-02     -4.10565815
    15   30 Zn  -0.65418721E-02     -4.10508672
    16   30 Zn  -0.65415033E-02     -4.10485528
    17   30 Zn  -0.65408843E-02     -4.10446687
    18   30 Zn  -0.65414499E-02     -4.10482177
    19   30 Zn  -0.65408260E-02     -4.10443030
    20   30 Zn  -0.65419685E-02     -4.10514723
    21   30 Zn  -0.65492075E-02     -4.10968976
    22   30 Zn  -0.65409297E-02     -4.10449535
    23   30 Zn  -0.65405248E-02     -4.10424125
    24   30 Zn  -0.65415417E-02     -4.10487939
    25   30 Zn  -0.65418374E-02     -4.10506492
    26   30 Zn  -0.65414477E-02     -4.10482042
    27   30 Zn  -0.65418045E-02     -4.10504427
    28   30 Zn  -0.65425535E-02     -4.10551428
    29   16 S   -0.48348766E-02     -3.03393087
    30   16 S   -0.48345643E-02     -3.03373489
    31   16 S   -0.48427602E-02     -3.03887790
    32   16 S   -0.48427238E-02     -3.03885506
    33   16 S   -0.48355309E-02     -3.03434147
    34   16 S   -0.48345353E-02     -3.03371670
    35   16 S   -0.48351374E-02     -3.03409453
    36   16 S   -0.48340555E-02     -3.03341565
    37   16 S   -0.48353198E-02     -3.03420896
    38   16 S   -0.48349372E-02     -3.03396889
    39   16 S   -0.48348875E-02     -3.03393772
    40   16 S   -0.48349486E-02     -3.03397603
    41   16 S   -0.48351941E-02     -3.03413008
    42   16 S   -0.48356232E-02     -3.03439938
    43   16 S   -0.48350173E-02     -3.03401914
    44   16 S   -0.48347526E-02     -3.03385309
    45   16 S   -0.48346144E-02     -3.03376633
    46   16 S   -0.48359372E-02     -3.03459641
    47   16 S   -0.48349959E-02     -3.03400572
    48   16 S   -0.48349726E-02     -3.03399111
    49   16 S   -0.48352633E-02     -3.03417351
    50   16 S   -0.48357625E-02     -3.03448681
    51   16 S   -0.48350885E-02     -3.03406387
    52   16 S   -0.48353710E-02     -3.03424114
    53   16 S   -0.48357849E-02     -3.03450086
    54   16 S   -0.48350126E-02     -3.03401620
    55   16 S   -0.48349496E-02     -3.03397665
    56   16 S   -0.48345820E-02     -3.03374598
--------------------------------------------------

Dispersion energy:      -3.1857327755536E-01 Eh

[Info] Dispersion energy written to .EDISP
