-----------------------------------
 s i m p l e   D F T - D 3  v1.2.1
-----------------------------------

Zero (Chai-Head-Gordon) damping: pbe-D3(0)
--------------------
  s6         1.0000
  s8         0.7220
  s9         0.0000
 rs6         1.2170
 rs8         1.0000
 alp        14.0000
--------------------

Atomic radii (in Angstrom):
-------------------------------------------
   Z          R(cov)     R(vdw)      r4/r2
-------------------------------------------
   3 Li       1.6000     1.7478     2.6564
  15 P        1.4667     1.7509     2.2740
-------------------------------------------

Atomic reference systems (in atomic units):
----------------------------------------------------------------------------
   Z        #      CN    C6(AA)   #      CN    C6(AA)   #      CN    C6(AA)
----------------------------------------------------------------------------
   3 Li     1  0.0000 1163.4454   2  0.9865   85.3197
  15 P      1  0.0000  191.6887   2  0.9947  180.6238   3  2.0102  175.5534
            4  2.9859  151.6886
----------------------------------------------------------------------------

Dispersion properties (in atomic units):
--------------------------------------------------------
     #    Z                CN       C6(AA)       C8(AA)
--------------------------------------------------------
     1    3 Li        10.3176      85.3197    6449.9358
     2    3 Li        10.3173      85.3197    6449.9358
     3    3 Li        10.3171      85.3197    6449.9358
     4    3 Li        10.3176      85.3197    6449.9358
     5    3 Li        10.3176      85.3197    6449.9358
     6    3 Li        10.3173      85.3197    6449.9358
     7    3 Li        10.3171      85.3197    6449.9358
     8    3 Li        10.3176      85.3197    6449.9358
     9   15 P         11.8664     151.6886    8403.5082
    10   15 P         11.8659     151.6886    8403.5082
    11   15 P         11.8660     151.6886    8403.5082
    12   15 P         11.8659     151.6886    8403.5082
    13   15 P         11.8660     151.6886    8403.5082
    14   15 P         11.8660     151.6886    8403.5082
    15   15 P         11.8664     151.6886    8403.5082
    16   15 P         11.8660     151.6886    8403.5082
    17   15 P         11.8664     151.6886    8403.5082
    18   15 P         11.8659     151.6886    8403.5082
    19   15 P         11.8660     151.6886    8403.5082
    20   15 P         11.8659     151.6886    8403.5082
    21   15 P         11.8660     151.6886    8403.5082
    22   15 P         11.8660     151.6886    8403.5082
    23   15 P         11.8664     151.6886    8403.5082
    24   15 P         11.8660     151.6886    8403.5082
    25   15 P         10.1851     151.6886    8403.5082
    26   15 P         10.1850     151.6886    8403.5082
    27   15 P         10.1856     151.6886    8403.5082
    28   15 P         10.1850     151.6886    8403.5082
    29   15 P         10.1856     151.6886    8403.5082
    30   15 P         10.1854     151.6886    8403.5082
    31   15 P         10.1851     151.6886    8403.5082
    32   15 P         10.1854     151.6886    8403.5082
    33   15 P         10.1851     151.6886    8403.5082
    34   15 P         10.1850     151.6886    8403.5082
    35   15 P         10.1856     151.6886    8403.5082
    36   15 P         10.1850     151.6886    8403.5082
    37   15 P         10.1856     151.6886    8403.5082
    38   15 P         10.1854     151.6886    8403.5082
    39   15 P         10.1851     151.6886    8403.5082
    40   15 P         10.1854     151.6886    8403.5082
    41   15 P         10.7659     151.6886    8403.5082
    42   15 P         10.7663     151.6886    8403.5082
    43   15 P         10.7663     151.6886    8403.5082
    44   15 P         10.7662     151.6886    8403.5082
    45   15 P         10.7663     151.6886    8403.5082
    46   15 P         10.7659     151.6886    8403.5082
    47   15 P         10.7659     151.6886    8403.5082
    48   15 P         10.7659     151.6886    8403.5082
    49   15 P         10.7659     151.6886    8403.5082
    50   15 P         10.7663     151.6886    8403.5082
    51   15 P         10.7663     151.6886    8403.5082
    52   15 P         10.7662     151.6886    8403.5082
    53   15 P         10.7663     151.6886    8403.5082
    54   15 P         10.7659     151.6886    8403.5082
    55   15 P         10.7659     151.6886    8403.5082
    56   15 P         10.7659     151.6886    8403.5082
    57   15 P         10.5031     151.6886    8403.5082
    58   15 P         10.5032     151.6886    8403.5082
    59   15 P         10.5031     151.6886    8403.5082
    60   15 P         10.5032     151.6886    8403.5082
    61   15 P         10.5031     151.6886    8403.5082
    62   15 P         10.5032     151.6886    8403.5082
    63   15 P         10.5031     151.6886    8403.5082
    64   15 P         10.5032     151.6886    8403.5082
--------------------------------------------------------

Atom-resolved dispersion energies:
--------------------------------------------------
     #    Z           [Hartree]      [kcal/mol]
--------------------------------------------------
     1    3 Li  -0.98627024E-02     -6.18893917
     2    3 Li  -0.98629408E-02     -6.18908879
     3    3 Li  -0.98629069E-02     -6.18906750
     4    3 Li  -0.98627023E-02     -6.18893916
     5    3 Li  -0.98627028E-02     -6.18893946
     6    3 Li  -0.98629408E-02     -6.18908881
     7    3 Li  -0.98629065E-02     -6.18906729
     8    3 Li  -0.98627025E-02     -6.18893929
     9   15 P   -0.10621008E-01     -6.66478297
    10   15 P   -0.10621078E-01     -6.66482687
    11   15 P   -0.10621113E-01     -6.66484884
    12   15 P   -0.10621078E-01     -6.66482737
    13   15 P   -0.10621113E-01     -6.66484923
    14   15 P   -0.10621107E-01     -6.66484540
    15   15 P   -0.10621007E-01     -6.66478225
    16   15 P   -0.10621107E-01     -6.66484541
    17   15 P   -0.10621007E-01     -6.66478241
    18   15 P   -0.10621078E-01     -6.66482735
    19   15 P   -0.10621113E-01     -6.66484912
    20   15 P   -0.10621078E-01     -6.66482736
    21   15 P   -0.10621112E-01     -6.66484866
    22   15 P   -0.10621107E-01     -6.66484519
    23   15 P   -0.10621007E-01     -6.66478251
    24   15 P   -0.10621106E-01     -6.66484464
    25   15 P   -0.11238884E-01     -7.05250617
    26   15 P   -0.11239004E-01     -7.05258140
    27   15 P   -0.11238738E-01     -7.05241469
    28   15 P   -0.11239004E-01     -7.05258132
    29   15 P   -0.11238739E-01     -7.05241495
    30   15 P   -0.11238889E-01     -7.05250904
    31   15 P   -0.11238884E-01     -7.05250612
    32   15 P   -0.11238890E-01     -7.05250966
    33   15 P   -0.11238884E-01     -7.05250591
    34   15 P   -0.11239005E-01     -7.05258197
    35   15 P   -0.11238738E-01     -7.05241476
    36   15 P   -0.11239004E-01     -7.05258155
    37   15 P   -0.11238739E-01     -7.05241494
    38   15 P   -0.11238889E-01     -7.05250944
    39   15 P   -0.11238884E-01     -7.05250623
    40   15 P   -0.11238888E-01     -7.05250842
    41   15 P   -0.11219853E-01     -7.04056378
    42   15 P   -0.11219797E-01     -7.04052912
    43   15 P   -0.11219703E-01     -7.04047000
    44   15 P   -0.11219798E-01     -7.04052978
    45   15 P   -0.11219703E-01     -7.04046989
    46   15 P   -0.11219783E-01     -7.04052017
    47   15 P   -0.11219853E-01     -7.04056376
    48   15 P   -0.11219783E-01     -7.04052039
    49   15 P   -0.11219852E-01     -7.04056337
    50   15 P   -0.11219798E-01     -7.04052937
    51   15 P   -0.11219703E-01     -7.04046991
    52   15 P   -0.11219798E-01     -7.04052926
    53   15 P   -0.11219703E-01     -7.04046991
    54   15 P   -0.11219782E-01     -7.04051946
    55   15 P   -0.11219852E-01     -7.04056365
    56   15 P   -0.11219784E-01     -7.04052050
    57   15 P   -0.11259048E-01     -7.06515932
    58   15 P   -0.11259030E-01     -7.06514828
    59   15 P   -0.11259045E-01     -7.06515727
    60   15 P   -0.11259031E-01     -7.06514847
    61   15 P   -0.11259048E-01     -7.06515915
    62   15 P   -0.11259031E-01     -7.06514833
    63   15 P   -0.11259048E-01     -7.06515912
    64   15 P   -0.11259031E-01     -7.06514851
--------------------------------------------------

Dispersion energy:      -6.9825064086342E-01 Eh

[Info] Dispersion energy written to .EDISP
