-----------------------------------
 s i m p l e   D F T - D 3  v1.2.1
-----------------------------------

Zero (Chai-Head-Gordon) damping: pbe-D3(0)
--------------------
  s6         1.0000
  s8         0.7220
  s9         0.0000
 rs6         1.2170
 rs8         1.0000
 alp        14.0000
--------------------

Atomic radii (in Angstrom):
-------------------------------------------
   Z          R(cov)     R(vdw)      r4/r2
-------------------------------------------
   3 Li       1.6000     1.7478     2.6564
  15 P        1.4667     1.7509     2.2740
-------------------------------------------

Atomic reference systems (in atomic units):
----------------------------------------------------------------------------
   Z        #      CN    C6(AA)   #      CN    C6(AA)   #      CN    C6(AA)
----------------------------------------------------------------------------
   3 Li     1  0.0000 1163.4454   2  0.9865   85.3197
  15 P      1  0.0000  191.6887   2  0.9947  180.6238   3  2.0102  175.5534
            4  2.9859  151.6886
----------------------------------------------------------------------------

Dispersion properties (in atomic units):
--------------------------------------------------------
     #    Z                CN       C6(AA)       C8(AA)
--------------------------------------------------------
     1    3 Li         0.0118    1125.1805   85060.5630
     2    3 Li         0.0118    1125.1815   85060.6391
     3    3 Li         0.0118    1125.1811   85060.6115
     4    3 Li         0.0118    1125.1805   85060.5630
     5    3 Li         0.0118    1125.1805   85060.5630
     6    3 Li         0.0118    1125.1815   85060.6391
     7    3 Li         0.0118    1125.1811   85060.6109
     8    3 Li         0.0118    1125.1805   85060.5627
     9   15 P          0.0383     191.4048   10603.7766
    10   15 P          0.0383     191.4048   10603.7762
    11   15 P          0.0383     191.4048   10603.7764
    12   15 P          0.0383     191.4048   10603.7762
    13   15 P          0.0383     191.4048   10603.7764
    14   15 P          0.0383     191.4048   10603.7766
    15   15 P          0.0383     191.4048   10603.7766
    16   15 P          0.0383     191.4048   10603.7766
    17   15 P          0.0383     191.4048   10603.7766
    18   15 P          0.0383     191.4048   10603.7762
    19   15 P          0.0383     191.4048   10603.7764
    20   15 P          0.0383     191.4048   10603.7762
    21   15 P          0.0383     191.4048   10603.7764
    22   15 P          0.0383     191.4048   10603.7766
    23   15 P          0.0383     191.4048   10603.7766
    24   15 P          0.0383     191.4048   10603.7766
    25   15 P          0.0373     191.4071   10603.9038
    26   15 P          0.0373     191.4071   10603.9035
    27   15 P          0.0373     191.4071   10603.9035
    28   15 P          0.0373     191.4071   10603.9035
    29   15 P          0.0373     191.4071   10603.9035
    30   15 P          0.0373     191.4071   10603.9035
    31   15 P          0.0373     191.4071   10603.9037
    32   15 P          0.0373     191.4071   10603.9035
    33   15 P          0.0373     191.4071   10603.9037
    34   15 P          0.0373     191.4071   10603.9035
    35   15 P          0.0373     191.4071   10603.9035
    36   15 P          0.0373     191.4071   10603.9035
    37   15 P          0.0373     191.4071   10603.9035
    38   15 P          0.0373     191.4071   10603.9035
    39   15 P          0.0373     191.4071   10603.9037
    40   15 P          0.0373     191.4071   10603.9035
    41   15 P          0.0331     191.4161   10604.4019
    42   15 P          0.0331     191.4161   10604.4016
    43   15 P          0.0331     191.4161   10604.4017
    44   15 P          0.0331     191.4161   10604.4016
    45   15 P          0.0331     191.4161   10604.4017
    46   15 P          0.0331     191.4161   10604.4017
    47   15 P          0.0331     191.4161   10604.4019
    48   15 P          0.0331     191.4161   10604.4017
    49   15 P          0.0331     191.4161   10604.4019
    50   15 P          0.0331     191.4161   10604.4016
    51   15 P          0.0331     191.4161   10604.4017
    52   15 P          0.0331     191.4161   10604.4016
    53   15 P          0.0331     191.4161   10604.4017
    54   15 P          0.0331     191.4161   10604.4017
    55   15 P          0.0331     191.4161   10604.4019
    56   15 P          0.0331     191.4161   10604.4017
    57   15 P          0.0296     191.4234   10604.8029
    58   15 P          0.0296     191.4233   10604.8021
    59   15 P          0.0296     191.4234   10604.8029
    60   15 P          0.0296     191.4233   10604.8021
    61   15 P          0.0296     191.4234   10604.8029
    62   15 P          0.0296     191.4233   10604.8021
    63   15 P          0.0296     191.4234   10604.8029
    64   15 P          0.0296     191.4233   10604.8021
--------------------------------------------------------

Atom-resolved dispersion energies:
--------------------------------------------------
     #    Z           [Hartree]      [kcal/mol]
--------------------------------------------------
     1    3 Li  -0.22054186E-02     -1.38392108
     2    3 Li  -0.22053199E-02     -1.38385912
     3    3 Li  -0.22052842E-02     -1.38383672
     4    3 Li  -0.22054187E-02     -1.38392113
     5    3 Li  -0.22054186E-02     -1.38392109
     6    3 Li  -0.22053199E-02     -1.38385912
     7    3 Li  -0.22052861E-02     -1.38383791
     8    3 Li  -0.22054197E-02     -1.38392175
     9   15 P   -0.15866869E-02     -0.99566104
    10   15 P   -0.15868293E-02     -0.99575044
    11   15 P   -0.15867554E-02     -0.99570405
    12   15 P   -0.15868293E-02     -0.99575041
    13   15 P   -0.15867554E-02     -0.99570405
    14   15 P   -0.15867353E-02     -0.99569141
    15   15 P   -0.15866875E-02     -0.99566144
    16   15 P   -0.15867351E-02     -0.99569131
    17   15 P   -0.15866875E-02     -0.99566142
    18   15 P   -0.15868292E-02     -0.99575036
    19   15 P   -0.15867554E-02     -0.99570407
    20   15 P   -0.15868295E-02     -0.99575056
    21   15 P   -0.15867557E-02     -0.99570426
    22   15 P   -0.15867355E-02     -0.99569158
    23   15 P   -0.15866875E-02     -0.99566144
    24   15 P   -0.15867355E-02     -0.99569157
    25   15 P   -0.12715799E-02     -0.79792843
    26   15 P   -0.12715948E-02     -0.79793779
    27   15 P   -0.12716257E-02     -0.79795719
    28   15 P   -0.12715951E-02     -0.79793799
    29   15 P   -0.12716258E-02     -0.79795723
    30   15 P   -0.12716378E-02     -0.79796480
    31   15 P   -0.12715808E-02     -0.79792903
    32   15 P   -0.12716378E-02     -0.79796480
    33   15 P   -0.12715809E-02     -0.79792906
    34   15 P   -0.12715947E-02     -0.79793771
    35   15 P   -0.12716257E-02     -0.79795718
    36   15 P   -0.12715948E-02     -0.79793781
    37   15 P   -0.12716258E-02     -0.79795723
    38   15 P   -0.12716379E-02     -0.79796481
    39   15 P   -0.12715809E-02     -0.79792904
    40   15 P   -0.12716382E-02     -0.79796500
    41   15 P   -0.14163137E-02     -0.88875023
    42   15 P   -0.14164687E-02     -0.88884753
    43   15 P   -0.14164239E-02     -0.88881942
    44   15 P   -0.14164684E-02     -0.88884732
    45   15 P   -0.14164237E-02     -0.88881927
    46   15 P   -0.14164271E-02     -0.88882142
    47   15 P   -0.14163131E-02     -0.88874986
    48   15 P   -0.14164273E-02     -0.88882152
    49   15 P   -0.14163137E-02     -0.88875029
    50   15 P   -0.14164687E-02     -0.88884753
    51   15 P   -0.14164239E-02     -0.88881943
    52   15 P   -0.14164686E-02     -0.88884745
    53   15 P   -0.14164237E-02     -0.88881927
    54   15 P   -0.14164271E-02     -0.88882144
    55   15 P   -0.14163138E-02     -0.88875035
    56   15 P   -0.14164273E-02     -0.88882153
    57   15 P   -0.15344305E-02     -0.96286965
    58   15 P   -0.15348918E-02     -0.96315914
    59   15 P   -0.15344321E-02     -0.96287066
    60   15 P   -0.15348919E-02     -0.96315919
    61   15 P   -0.15344304E-02     -0.96286964
    62   15 P   -0.15348918E-02     -0.96315914
    63   15 P   -0.15344307E-02     -0.96286979
    64   15 P   -0.15348919E-02     -0.96315919
--------------------------------------------------

Dispersion energy:      -9.8316495970044E-02 Eh

[Info] Dispersion energy written to .EDISP
