-----------------------------------
 s i m p l e   D F T - D 3  v1.2.1
-----------------------------------

Zero (Chai-Head-Gordon) damping: pbe-D3(0)
--------------------
  s6         1.0000
  s8         0.7220
  s9         0.0000
 rs6         1.2170
 rs8         1.0000
 alp        14.0000
--------------------

Atomic radii (in Angstrom):
-------------------------------------------
   Z          R(cov)     R(vdw)      r4/r2
-------------------------------------------
   3 Li       1.6000     1.7478     2.6564
  15 P        1.4667     1.7509     2.2740
-------------------------------------------

Atomic reference systems (in atomic units):
----------------------------------------------------------------------------
   Z        #      CN    C6(AA)   #      CN    C6(AA)   #      CN    C6(AA)
----------------------------------------------------------------------------
   3 Li     1  0.0000 1163.4454   2  0.9865   85.3197
  15 P      1  0.0000  191.6887   2  0.9947  180.6238   3  2.0102  175.5534
            4  2.9859  151.6886
----------------------------------------------------------------------------

Dispersion properties (in atomic units):
--------------------------------------------------------
     #    Z                CN       C6(AA)       C8(AA)
--------------------------------------------------------
     1    3 Li         0.5624     321.8169   24328.4742
     2    3 Li         0.5622     322.2402   24360.4772
     3    3 Li         0.5623     322.0737   24347.8893
     4    3 Li         0.5624     321.8168   24328.4658
     5    3 Li         0.5624     321.8169   24328.4742
     6    3 Li         0.5622     322.2402   24360.4771
     7    3 Li         0.5623     322.0708   24347.6705
     8    3 Li         0.5624     321.8153   24328.3548
     9   15 P          1.9661     175.2874    9710.8728
    10   15 P          1.9663     175.2865    9710.8249
    11   15 P          1.9662     175.2869    9710.8471
    12   15 P          1.9663     175.2865    9710.8249
    13   15 P          1.9662     175.2869    9710.8471
    14   15 P          1.9662     175.2872    9710.8627
    15   15 P          1.9661     175.2874    9710.8728
    16   15 P          1.9662     175.2872    9710.8627
    17   15 P          1.9661     175.2874    9710.8728
    18   15 P          1.9663     175.2865    9710.8249
    19   15 P          1.9662     175.2869    9710.8471
    20   15 P          1.9663     175.2865    9710.8249
    21   15 P          1.9662     175.2869    9710.8471
    22   15 P          1.9662     175.2872    9710.8627
    23   15 P          1.9661     175.2874    9710.8728
    24   15 P          1.9662     175.2872    9710.8627
    25   15 P          1.8696     175.6189    9729.2421
    26   15 P          1.8697     175.6187    9729.2315
    27   15 P          1.8697     175.6187    9729.2294
    28   15 P          1.8697     175.6187    9729.2303
    29   15 P          1.8697     175.6187    9729.2294
    30   15 P          1.8697     175.6187    9729.2293
    31   15 P          1.8697     175.6189    9729.2383
    32   15 P          1.8697     175.6187    9729.2293
    33   15 P          1.8697     175.6189    9729.2382
    34   15 P          1.8697     175.6187    9729.2315
    35   15 P          1.8697     175.6187    9729.2294
    36   15 P          1.8697     175.6187    9729.2315
    37   15 P          1.8697     175.6187    9729.2294
    38   15 P          1.8697     175.6187    9729.2293
    39   15 P          1.8697     175.6189    9729.2383
    40   15 P          1.8697     175.6187    9729.2293
    41   15 P          1.7322     176.1705    9759.7981
    42   15 P          1.7323     176.1699    9759.7659
    43   15 P          1.7323     176.1700    9759.7722
    44   15 P          1.7323     176.1699    9759.7658
    45   15 P          1.7323     176.1700    9759.7722
    46   15 P          1.7323     176.1700    9759.7715
    47   15 P          1.7322     176.1705    9759.7982
    48   15 P          1.7323     176.1700    9759.7715
    49   15 P          1.7322     176.1705    9759.7981
    50   15 P          1.7323     176.1699    9759.7659
    51   15 P          1.7323     176.1700    9759.7722
    52   15 P          1.7323     176.1699    9759.7658
    53   15 P          1.7323     176.1700    9759.7722
    54   15 P          1.7323     176.1700    9759.7715
    55   15 P          1.7322     176.1705    9759.7982
    56   15 P          1.7323     176.1700    9759.7715
    57   15 P          1.4677     178.4303    9884.9906
    58   15 P          1.4682     178.4258    9884.7426
    59   15 P          1.4677     178.4304    9884.9976
    60   15 P          1.4682     178.4258    9884.7429
    61   15 P          1.4677     178.4303    9884.9906
    62   15 P          1.4682     178.4258    9884.7426
    63   15 P          1.4677     178.4303    9884.9905
    64   15 P          1.4682     178.4258    9884.7429
--------------------------------------------------------

Atom-resolved dispersion energies:
--------------------------------------------------
     #    Z           [Hartree]      [kcal/mol]
--------------------------------------------------
     1    3 Li  -0.48355874E-02     -3.03437689
     2    3 Li  -0.48384100E-02     -3.03614813
     3    3 Li  -0.48371739E-02     -3.03537245
     4    3 Li  -0.48355865E-02     -3.03437634
     5    3 Li  -0.48355871E-02     -3.03437669
     6    3 Li  -0.48384097E-02     -3.03614790
     7    3 Li  -0.48371543E-02     -3.03536018
     8    3 Li  -0.48355765E-02     -3.03437007
     9   15 P   -0.34702848E-02     -2.17763662
    10   15 P   -0.34698685E-02     -2.17737538
    11   15 P   -0.34699945E-02     -2.17745445
    12   15 P   -0.34698682E-02     -2.17737519
    13   15 P   -0.34699944E-02     -2.17745437
    14   15 P   -0.34700426E-02     -2.17748458
    15   15 P   -0.34702861E-02     -2.17763738
    16   15 P   -0.34700429E-02     -2.17748482
    17   15 P   -0.34702861E-02     -2.17763742
    18   15 P   -0.34698679E-02     -2.17737500
    19   15 P   -0.34699944E-02     -2.17745434
    20   15 P   -0.34698686E-02     -2.17737544
    21   15 P   -0.34699945E-02     -2.17745441
    22   15 P   -0.34700423E-02     -2.17748441
    23   15 P   -0.34702860E-02     -2.17763735
    24   15 P   -0.34700434E-02     -2.17748508
    25   15 P   -0.32136036E-02     -2.01656673
    26   15 P   -0.32135975E-02     -2.01656289
    27   15 P   -0.32138194E-02     -2.01670212
    28   15 P   -0.32135970E-02     -2.01656255
    29   15 P   -0.32138198E-02     -2.01670240
    30   15 P   -0.32136845E-02     -2.01661745
    31   15 P   -0.32136019E-02     -2.01656561
    32   15 P   -0.32136840E-02     -2.01661715
    33   15 P   -0.32136021E-02     -2.01656575
    34   15 P   -0.32135973E-02     -2.01656273
    35   15 P   -0.32138195E-02     -2.01670217
    36   15 P   -0.32135982E-02     -2.01656331
    37   15 P   -0.32138197E-02     -2.01670230
    38   15 P   -0.32136843E-02     -2.01661737
    39   15 P   -0.32136023E-02     -2.01656586
    40   15 P   -0.32136853E-02     -2.01661798
    41   15 P   -0.33884268E-02     -2.12626994
    42   15 P   -0.33887552E-02     -2.12647602
    43   15 P   -0.33886677E-02     -2.12642108
    44   15 P   -0.33887544E-02     -2.12647547
    45   15 P   -0.33886675E-02     -2.12642094
    46   15 P   -0.33884337E-02     -2.12627423
    47   15 P   -0.33884261E-02     -2.12626947
    48   15 P   -0.33884339E-02     -2.12627440
    49   15 P   -0.33884273E-02     -2.12627025
    50   15 P   -0.33887555E-02     -2.12647621
    51   15 P   -0.33886688E-02     -2.12642180
    52   15 P   -0.33887555E-02     -2.12647616
    53   15 P   -0.33886684E-02     -2.12642152
    54   15 P   -0.33884343E-02     -2.12627462
    55   15 P   -0.33884269E-02     -2.12627000
    56   15 P   -0.33884341E-02     -2.12627448
    57   15 P   -0.35438350E-02     -2.22379003
    58   15 P   -0.35434283E-02     -2.22353482
    59   15 P   -0.35438341E-02     -2.22378945
    60   15 P   -0.35434273E-02     -2.22353422
    61   15 P   -0.35438360E-02     -2.22379064
    62   15 P   -0.35434283E-02     -2.22353483
    63   15 P   -0.35438361E-02     -2.22379071
    64   15 P   -0.35434279E-02     -2.22353456
--------------------------------------------------

Dispersion energy:      -2.2819925598381E-01 Eh

[Info] Dispersion energy written to .EDISP
