-----------------------------------
 s i m p l e   D F T - D 3  v1.2.1
-----------------------------------

Zero (Chai-Head-Gordon) damping: pbe-D3(0)
--------------------
  s6         1.0000
  s8         0.7220
  s9         0.0000
 rs6         1.2170
 rs8         1.0000
 alp        14.0000
--------------------

Atomic radii (in Angstrom):
-------------------------------------------
   Z          R(cov)     R(vdw)      r4/r2
-------------------------------------------
   3 Li       1.6000     1.7478     2.6564
  15 P        1.4667     1.7509     2.2740
-------------------------------------------

Atomic reference systems (in atomic units):
----------------------------------------------------------------------------
   Z        #      CN    C6(AA)   #      CN    C6(AA)   #      CN    C6(AA)
----------------------------------------------------------------------------
   3 Li     1  0.0000 1163.4454   2  0.9865   85.3197
  15 P      1  0.0000  191.6887   2  0.9947  180.6238   3  2.0102  175.5534
            4  2.9859  151.6886
----------------------------------------------------------------------------

Dispersion properties (in atomic units):
--------------------------------------------------------
     #    Z                CN       C6(AA)       C8(AA)
--------------------------------------------------------
     1    3 Li         0.2284     977.7265   73913.4506
     2    3 Li         0.2283     977.8578   73923.3723
     3    3 Li         0.2284     977.8054   73919.4146
     4    3 Li         0.2284     977.7265   73913.4482
     5    3 Li         0.2284     977.7265   73913.4506
     6    3 Li         0.2283     977.8578   73923.3723
     7    3 Li         0.2284     977.8046   73919.3494
     8    3 Li         0.2284     977.7261   73913.4151
     9   15 P          1.0170     180.6963   10010.5256
    10   15 P          1.0171     180.6961   10010.5145
    11   15 P          1.0170     180.6962   10010.5191
    12   15 P          1.0171     180.6961   10010.5145
    13   15 P          1.0170     180.6962   10010.5191
    14   15 P          1.0170     180.6963   10010.5257
    15   15 P          1.0170     180.6963   10010.5256
    16   15 P          1.0170     180.6963   10010.5257
    17   15 P          1.0170     180.6963   10010.5256
    18   15 P          1.0171     180.6961   10010.5145
    19   15 P          1.0170     180.6962   10010.5191
    20   15 P          1.0171     180.6961   10010.5145
    21   15 P          1.0170     180.6962   10010.5191
    22   15 P          1.0170     180.6963   10010.5257
    23   15 P          1.0170     180.6963   10010.5256
    24   15 P          1.0170     180.6963   10010.5257
    25   15 P          0.9972     180.7393   10012.9072
    26   15 P          0.9972     180.7392   10012.9012
    27   15 P          0.9972     180.7391   10012.9001
    28   15 P          0.9972     180.7391   10012.9005
    29   15 P          0.9972     180.7391   10012.9001
    30   15 P          0.9972     180.7391   10012.9001
    31   15 P          0.9972     180.7392   10012.9050
    32   15 P          0.9972     180.7391   10012.9001
    33   15 P          0.9972     180.7392   10012.9050
    34   15 P          0.9972     180.7392   10012.9012
    35   15 P          0.9972     180.7391   10012.9001
    36   15 P          0.9972     180.7392   10012.9012
    37   15 P          0.9972     180.7391   10012.9001
    38   15 P          0.9972     180.7391   10012.9001
    39   15 P          0.9972     180.7392   10012.9050
    40   15 P          0.9972     180.7391   10012.9001
    41   15 P          0.8775     181.0950   10032.6137
    42   15 P          0.8776     181.0947   10032.5993
    43   15 P          0.8776     181.0948   10032.6017
    44   15 P          0.8776     181.0947   10032.5992
    45   15 P          0.8776     181.0948   10032.6017
    46   15 P          0.8776     181.0948   10032.6017
    47   15 P          0.8775     181.0950   10032.6138
    48   15 P          0.8776     181.0948   10032.6017
    49   15 P          0.8775     181.0950   10032.6137
    50   15 P          0.8776     181.0947   10032.5993
    51   15 P          0.8776     181.0948   10032.6017
    52   15 P          0.8776     181.0947   10032.5992
    53   15 P          0.8776     181.0948   10032.6017
    54   15 P          0.8776     181.0948   10032.6017
    55   15 P          0.8775     181.0950   10032.6138
    56   15 P          0.8776     181.0948   10032.6017
    57   15 P          0.7605     181.8067   10072.0456
    58   15 P          0.7607     181.8052   10071.9587
    59   15 P          0.7605     181.8069   10072.0513
    60   15 P          0.7607     181.8052   10071.9589
    61   15 P          0.7605     181.8067   10072.0456
    62   15 P          0.7607     181.8052   10071.9587
    63   15 P          0.7605     181.8067   10072.0456
    64   15 P          0.7607     181.8052   10071.9589
--------------------------------------------------------

Atom-resolved dispersion energies:
--------------------------------------------------
     #    Z           [Hartree]      [kcal/mol]
--------------------------------------------------
     1    3 Li  -0.66905033E-02     -4.19835419
     2    3 Li  -0.66913311E-02     -4.19887363
     3    3 Li  -0.66907200E-02     -4.19849018
     4    3 Li  -0.66905032E-02     -4.19835411
     5    3 Li  -0.66905033E-02     -4.19835418
     6    3 Li  -0.66913310E-02     -4.19887360
     7    3 Li  -0.66907175E-02     -4.19848863
     8    3 Li  -0.66905020E-02     -4.19835342
     9   15 P   -0.32002422E-02     -2.00818233
    10   15 P   -0.31999524E-02     -2.00800042
    11   15 P   -0.32000614E-02     -2.00806882
    12   15 P   -0.31999520E-02     -2.00800018
    13   15 P   -0.32000613E-02     -2.00806879
    14   15 P   -0.32000680E-02     -2.00807298
    15   15 P   -0.32002435E-02     -2.00818309
    16   15 P   -0.32000682E-02     -2.00807313
    17   15 P   -0.32002434E-02     -2.00818307
    18   15 P   -0.31999519E-02     -2.00800016
    19   15 P   -0.32000614E-02     -2.00806887
    20   15 P   -0.31999524E-02     -2.00800043
    21   15 P   -0.32000621E-02     -2.00806929
    22   15 P   -0.32000686E-02     -2.00807334
    23   15 P   -0.32002435E-02     -2.00818311
    24   15 P   -0.32000694E-02     -2.00807388
    25   15 P   -0.27177842E-02     -1.70543535
    26   15 P   -0.27177722E-02     -1.70542781
    27   15 P   -0.27179602E-02     -1.70554576
    28   15 P   -0.27177715E-02     -1.70542737
    29   15 P   -0.27179605E-02     -1.70554595
    30   15 P   -0.27179395E-02     -1.70553280
    31   15 P   -0.27177813E-02     -1.70543352
    32   15 P   -0.27179394E-02     -1.70553270
    33   15 P   -0.27177814E-02     -1.70543360
    34   15 P   -0.27177717E-02     -1.70542749
    35   15 P   -0.27179602E-02     -1.70554575
    36   15 P   -0.27177724E-02     -1.70542795
    37   15 P   -0.27179605E-02     -1.70554594
    38   15 P   -0.27179396E-02     -1.70553285
    39   15 P   -0.27177814E-02     -1.70543358
    40   15 P   -0.27179407E-02     -1.70553356
    41   15 P   -0.30184837E-02     -1.89412712
    42   15 P   -0.30187665E-02     -1.89430456
    43   15 P   -0.30187004E-02     -1.89426309
    44   15 P   -0.30187654E-02     -1.89430391
    45   15 P   -0.30187000E-02     -1.89426285
    46   15 P   -0.30186486E-02     -1.89423060
    47   15 P   -0.30184831E-02     -1.89412676
    48   15 P   -0.30186488E-02     -1.89423071
    49   15 P   -0.30184840E-02     -1.89412734
    50   15 P   -0.30187665E-02     -1.89430459
    51   15 P   -0.30187007E-02     -1.89426328
    52   15 P   -0.30187663E-02     -1.89430443
    53   15 P   -0.30187002E-02     -1.89426299
    54   15 P   -0.30186489E-02     -1.89423078
    55   15 P   -0.30184841E-02     -1.89412734
    56   15 P   -0.30186488E-02     -1.89423074
    57   15 P   -0.34571038E-02     -2.16936540
    58   15 P   -0.34570998E-02     -2.16936290
    59   15 P   -0.34571065E-02     -2.16936706
    60   15 P   -0.34570996E-02     -2.16936273
    61   15 P   -0.34571040E-02     -2.16936549
    62   15 P   -0.34570998E-02     -2.16936290
    63   15 P   -0.34571042E-02     -2.16936566
    64   15 P   -0.34570997E-02     -2.16936280
--------------------------------------------------

Dispersion energy:      -2.2416844307920E-01 Eh

[Info] Dispersion energy written to .EDISP
