-----------------------------------
 s i m p l e   D F T - D 3  v1.2.1
-----------------------------------

Zero (Chai-Head-Gordon) damping: pbe-D3(0)
--------------------
  s6         1.0000
  s8         0.7220
  s9         0.0000
 rs6         1.2170
 rs8         1.0000
 alp        14.0000
--------------------

Atomic radii (in Angstrom):
-------------------------------------------
   Z          R(cov)     R(vdw)      r4/r2
-------------------------------------------
  19 K        2.3467     2.1206     4.2216
  14 Si       1.3867     1.8959     2.5839
-------------------------------------------

Atomic reference systems (in atomic units):
----------------------------------------------------------------------------
   Z        #      CN    C6(AA)   #      CN    C6(AA)   #      CN    C6(AA)
----------------------------------------------------------------------------
  19 K      1  0.0000 4983.5009   2  0.9767  338.0207
  14 Si     1  0.0000  317.8574   2  0.9507  270.2650   3  1.9435  233.1254
            4  2.9407  221.5046   5  3.8677  149.7734
----------------------------------------------------------------------------

Dispersion properties (in atomic units):
--------------------------------------------------------
     #    Z                CN       C6(AA)       C8(AA)
--------------------------------------------------------
     1   19 K         15.0097     338.0207   64537.4877
     2   19 K         15.0097     338.0207   64537.4877
     3   19 K          9.5245     338.0207   64537.4877
     4   19 K          9.5245     338.0207   64537.4877
     5   19 K          9.5245     338.0207   64537.4877
     6   19 K          9.5245     338.0207   64537.4877
     7   19 K          9.5245     338.0207   64537.4877
     8   19 K          9.5245     338.0207   64537.4877
     9   14 Si         5.0452     149.7737   10712.8120
    10   14 Si         5.0452     149.7737   10712.8120
    11   14 Si         5.0452     149.7737   10712.8120
    12   14 Si         5.0452     149.7737   10712.8120
    13   14 Si         5.0452     149.7737   10712.8120
    14   14 Si         5.0452     149.7737   10712.8120
    15   14 Si         5.1084     149.7736   10712.8033
    16   14 Si         5.1084     149.7736   10712.8033
    17   14 Si         5.1084     149.7736   10712.8033
    18   14 Si         5.1084     149.7736   10712.8033
    19   14 Si         5.1084     149.7736   10712.8033
    20   14 Si         5.1084     149.7736   10712.8033
    21   14 Si         5.1084     149.7736   10712.8033
    22   14 Si         5.1084     149.7736   10712.8033
    23   14 Si         5.1084     149.7736   10712.8033
    24   14 Si         5.1084     149.7736   10712.8033
    25   14 Si         5.1084     149.7736   10712.8033
    26   14 Si         5.1084     149.7736   10712.8033
    27   14 Si         5.1084     149.7736   10712.8033
    28   14 Si         5.1084     149.7736   10712.8033
    29   14 Si         5.1084     149.7736   10712.8033
    30   14 Si         5.1084     149.7736   10712.8033
    31   14 Si         5.4660     149.7734   10712.7899
    32   14 Si         5.4660     149.7734   10712.7899
    33   14 Si         5.4660     149.7734   10712.7899
    34   14 Si         5.4660     149.7734   10712.7899
    35   14 Si         5.4660     149.7734   10712.7899
    36   14 Si         5.4660     149.7734   10712.7899
    37   14 Si         5.4660     149.7734   10712.7899
    38   14 Si         5.4660     149.7734   10712.7899
    39   14 Si         5.4660     149.7734   10712.7899
    40   14 Si         5.4660     149.7734   10712.7899
    41   14 Si         5.4660     149.7734   10712.7899
    42   14 Si         5.4660     149.7734   10712.7899
    43   14 Si         5.4660     149.7734   10712.7899
    44   14 Si         5.4660     149.7734   10712.7899
    45   14 Si         5.4660     149.7734   10712.7899
    46   14 Si         5.4660     149.7734   10712.7899
    47   14 Si         5.4660     149.7734   10712.7899
    48   14 Si         5.4660     149.7734   10712.7899
    49   14 Si         5.4660     149.7734   10712.7899
    50   14 Si         5.4660     149.7734   10712.7899
    51   14 Si         5.4660     149.7734   10712.7899
    52   14 Si         5.4660     149.7734   10712.7899
    53   14 Si         5.4660     149.7734   10712.7899
    54   14 Si         5.4660     149.7734   10712.7899
--------------------------------------------------------

Atom-resolved dispersion energies:
--------------------------------------------------
     #    Z           [Hartree]      [kcal/mol]
--------------------------------------------------
     1   19 K   -0.61314188E-02     -3.84752341
     2   19 K   -0.61314188E-02     -3.84752341
     3   19 K   -0.74375736E-02     -4.66714790
     4   19 K   -0.74375736E-02     -4.66714790
     5   19 K   -0.74375736E-02     -4.66714790
     6   19 K   -0.74375736E-02     -4.66714790
     7   19 K   -0.74375736E-02     -4.66714790
     8   19 K   -0.74375736E-02     -4.66714790
     9   14 Si  -0.48196664E-02     -3.02438632
    10   14 Si  -0.48196664E-02     -3.02438632
    11   14 Si  -0.48196664E-02     -3.02438632
    12   14 Si  -0.48196664E-02     -3.02438632
    13   14 Si  -0.48196664E-02     -3.02438632
    14   14 Si  -0.48196664E-02     -3.02438632
    15   14 Si  -0.47952272E-02     -3.00905049
    16   14 Si  -0.47952272E-02     -3.00905049
    17   14 Si  -0.47952272E-02     -3.00905049
    18   14 Si  -0.47952272E-02     -3.00905049
    19   14 Si  -0.47952272E-02     -3.00905049
    20   14 Si  -0.47952272E-02     -3.00905049
    21   14 Si  -0.47952272E-02     -3.00905049
    22   14 Si  -0.47952272E-02     -3.00905049
    23   14 Si  -0.47952272E-02     -3.00905049
    24   14 Si  -0.47952272E-02     -3.00905049
    25   14 Si  -0.47952272E-02     -3.00905049
    26   14 Si  -0.47952272E-02     -3.00905049
    27   14 Si  -0.47952272E-02     -3.00905049
    28   14 Si  -0.47952272E-02     -3.00905049
    29   14 Si  -0.47952272E-02     -3.00905049
    30   14 Si  -0.47952272E-02     -3.00905049
    31   14 Si  -0.47815839E-02     -3.00048917
    32   14 Si  -0.47815839E-02     -3.00048917
    33   14 Si  -0.47815839E-02     -3.00048917
    34   14 Si  -0.47815839E-02     -3.00048917
    35   14 Si  -0.47815839E-02     -3.00048917
    36   14 Si  -0.47815839E-02     -3.00048917
    37   14 Si  -0.47815839E-02     -3.00048917
    38   14 Si  -0.47815839E-02     -3.00048917
    39   14 Si  -0.47815839E-02     -3.00048917
    40   14 Si  -0.47815839E-02     -3.00048917
    41   14 Si  -0.47815839E-02     -3.00048917
    42   14 Si  -0.47815839E-02     -3.00048917
    43   14 Si  -0.47815839E-02     -3.00048917
    44   14 Si  -0.47815839E-02     -3.00048917
    45   14 Si  -0.47815839E-02     -3.00048917
    46   14 Si  -0.47815839E-02     -3.00048917
    47   14 Si  -0.47815839E-02     -3.00048917
    48   14 Si  -0.47815839E-02     -3.00048917
    49   14 Si  -0.47815839E-02     -3.00048917
    50   14 Si  -0.47815839E-02     -3.00048917
    51   14 Si  -0.47815839E-02     -3.00048917
    52   14 Si  -0.47815839E-02     -3.00048917
    53   14 Si  -0.47815839E-02     -3.00048917
    54   14 Si  -0.47815839E-02     -3.00048917
--------------------------------------------------

Dispersion energy:      -2.7728792515295E-01 Eh

[Info] Dispersion energy written to .EDISP
