-----------------------------------
 s i m p l e   D F T - D 3  v1.2.1
-----------------------------------

Zero (Chai-Head-Gordon) damping: pbe-D3(0)
--------------------
  s6         1.0000
  s8         0.7220
  s9         0.0000
 rs6         1.2170
 rs8         1.0000
 alp        14.0000
--------------------

Atomic radii (in Angstrom):
-------------------------------------------
   Z          R(cov)     R(vdw)      r4/r2
-------------------------------------------
  19 K        2.3467     2.1206     4.2216
  14 Si       1.3867     1.8959     2.5839
-------------------------------------------

Atomic reference systems (in atomic units):
----------------------------------------------------------------------------
   Z        #      CN    C6(AA)   #      CN    C6(AA)   #      CN    C6(AA)
----------------------------------------------------------------------------
  19 K      1  0.0000 4983.5009   2  0.9767  338.0207
  14 Si     1  0.0000  317.8574   2  0.9507  270.2650   3  1.9435  233.1254
            4  2.9407  221.5046   5  3.8677  149.7734
----------------------------------------------------------------------------

Dispersion properties (in atomic units):
--------------------------------------------------------
     #    Z                CN       C6(AA)       C8(AA)
--------------------------------------------------------
     1   19 K          7.8408     338.0207   64537.4877
     2   19 K          7.8408     338.0207   64537.4877
     3   19 K          3.7467     338.0207   64537.4877
     4   19 K          3.7467     338.0207   64537.4877
     5   19 K          3.7467     338.0207   64537.4877
     6   19 K          3.7467     338.0207   64537.4877
     7   19 K          3.7467     338.0207   64537.4877
     8   19 K          3.7467     338.0207   64537.4877
     9   14 Si         2.6835     222.6133   15922.7790
    10   14 Si         2.6835     222.6133   15922.7790
    11   14 Si         2.6835     222.6133   15922.7790
    12   14 Si         2.6835     222.6133   15922.7790
    13   14 Si         2.6835     222.6133   15922.7790
    14   14 Si         2.6835     222.6133   15922.7790
    15   14 Si         3.0652     215.6051   15421.5115
    16   14 Si         3.0652     215.6051   15421.5115
    17   14 Si         3.0652     215.6051   15421.5115
    18   14 Si         3.0652     215.6051   15421.5115
    19   14 Si         3.0652     215.6051   15421.5115
    20   14 Si         3.0652     215.6051   15421.5115
    21   14 Si         3.0652     215.6051   15421.5115
    22   14 Si         3.0652     215.6051   15421.5115
    23   14 Si         3.0652     215.6051   15421.5115
    24   14 Si         3.0652     215.6051   15421.5115
    25   14 Si         3.0652     215.6051   15421.5115
    26   14 Si         3.0652     215.6051   15421.5115
    27   14 Si         3.0652     215.6051   15421.5115
    28   14 Si         3.0652     215.6051   15421.5115
    29   14 Si         3.0652     215.6051   15421.5115
    30   14 Si         3.0652     215.6051   15421.5115
    31   14 Si         3.0419     216.5091   15486.1720
    32   14 Si         3.0419     216.5091   15486.1720
    33   14 Si         3.0419     216.5091   15486.1720
    34   14 Si         3.0419     216.5091   15486.1720
    35   14 Si         3.0419     216.5091   15486.1720
    36   14 Si         3.0419     216.5091   15486.1720
    37   14 Si         3.0419     216.5091   15486.1720
    38   14 Si         3.0419     216.5091   15486.1720
    39   14 Si         3.0419     216.5091   15486.1720
    40   14 Si         3.0419     216.5091   15486.1720
    41   14 Si         3.0419     216.5091   15486.1720
    42   14 Si         3.0419     216.5091   15486.1720
    43   14 Si         3.0419     216.5091   15486.1720
    44   14 Si         3.0419     216.5091   15486.1720
    45   14 Si         3.0419     216.5091   15486.1720
    46   14 Si         3.0419     216.5091   15486.1720
    47   14 Si         3.0419     216.5091   15486.1720
    48   14 Si         3.0419     216.5091   15486.1720
    49   14 Si         3.0419     216.5091   15486.1720
    50   14 Si         3.0419     216.5091   15486.1720
    51   14 Si         3.0419     216.5091   15486.1720
    52   14 Si         3.0419     216.5091   15486.1720
    53   14 Si         3.0419     216.5091   15486.1720
    54   14 Si         3.0419     216.5091   15486.1720
--------------------------------------------------------

Atom-resolved dispersion energies:
--------------------------------------------------
     #    Z           [Hartree]      [kcal/mol]
--------------------------------------------------
     1   19 K   -0.61822651E-02     -3.87942991
     2   19 K   -0.61822651E-02     -3.87942991
     3   19 K   -0.82688742E-02     -5.18879689
     4   19 K   -0.82688742E-02     -5.18879689
     5   19 K   -0.82688742E-02     -5.18879689
     6   19 K   -0.82688742E-02     -5.18879689
     7   19 K   -0.82688742E-02     -5.18879689
     8   19 K   -0.82688742E-02     -5.18879689
     9   14 Si  -0.55167425E-02     -3.46180819
    10   14 Si  -0.55167425E-02     -3.46180819
    11   14 Si  -0.55167425E-02     -3.46180819
    12   14 Si  -0.55167425E-02     -3.46180819
    13   14 Si  -0.55167425E-02     -3.46180819
    14   14 Si  -0.55167425E-02     -3.46180819
    15   14 Si  -0.55317418E-02     -3.47122037
    16   14 Si  -0.55317418E-02     -3.47122037
    17   14 Si  -0.55317418E-02     -3.47122037
    18   14 Si  -0.55317418E-02     -3.47122037
    19   14 Si  -0.55317418E-02     -3.47122037
    20   14 Si  -0.55317418E-02     -3.47122037
    21   14 Si  -0.55317418E-02     -3.47122037
    22   14 Si  -0.55317418E-02     -3.47122037
    23   14 Si  -0.55317418E-02     -3.47122037
    24   14 Si  -0.55317418E-02     -3.47122037
    25   14 Si  -0.55317418E-02     -3.47122037
    26   14 Si  -0.55317418E-02     -3.47122037
    27   14 Si  -0.55317418E-02     -3.47122037
    28   14 Si  -0.55317418E-02     -3.47122037
    29   14 Si  -0.55317418E-02     -3.47122037
    30   14 Si  -0.55317418E-02     -3.47122037
    31   14 Si  -0.53744026E-02     -3.37248856
    32   14 Si  -0.53744026E-02     -3.37248856
    33   14 Si  -0.53744026E-02     -3.37248856
    34   14 Si  -0.53744026E-02     -3.37248856
    35   14 Si  -0.53744026E-02     -3.37248856
    36   14 Si  -0.53744026E-02     -3.37248856
    37   14 Si  -0.53744026E-02     -3.37248856
    38   14 Si  -0.53744026E-02     -3.37248856
    39   14 Si  -0.53744026E-02     -3.37248856
    40   14 Si  -0.53744026E-02     -3.37248856
    41   14 Si  -0.53744026E-02     -3.37248856
    42   14 Si  -0.53744026E-02     -3.37248856
    43   14 Si  -0.53744026E-02     -3.37248856
    44   14 Si  -0.53744026E-02     -3.37248856
    45   14 Si  -0.53744026E-02     -3.37248856
    46   14 Si  -0.53744026E-02     -3.37248856
    47   14 Si  -0.53744026E-02     -3.37248856
    48   14 Si  -0.53744026E-02     -3.37248856
    49   14 Si  -0.53744026E-02     -3.37248856
    50   14 Si  -0.53744026E-02     -3.37248856
    51   14 Si  -0.53744026E-02     -3.37248856
    52   14 Si  -0.53744026E-02     -3.37248856
    53   14 Si  -0.53744026E-02     -3.37248856
    54   14 Si  -0.53744026E-02     -3.37248856
--------------------------------------------------

Dispersion energy:      -3.1257176158253E-01 Eh

[Info] Dispersion energy written to .EDISP
