-----------------------------------
 s i m p l e   D F T - D 3  v1.2.1
-----------------------------------

Zero (Chai-Head-Gordon) damping: pbe-D3(0)
--------------------
  s6         1.0000
  s8         0.7220
  s9         0.0000
 rs6         1.2170
 rs8         1.0000
 alp        14.0000
--------------------

Atomic radii (in Angstrom):
-------------------------------------------
   Z          R(cov)     R(vdw)      r4/r2
-------------------------------------------
  30 Zn       1.4533     1.6155     2.6978
  16 S        1.3600     1.6554     2.1385
-------------------------------------------

Atomic reference systems (in atomic units):
----------------------------------------------------------------------------
   Z        #      CN    C6(AA)   #      CN    C6(AA)   #      CN    C6(AA)
----------------------------------------------------------------------------
  30 Zn     1  0.0000  340.5213   2  1.9419  153.4528
  16 S      1  0.0000  134.0066   2  0.9948  130.9965   3  1.9903  125.8109
----------------------------------------------------------------------------

Dispersion properties (in atomic units):
--------------------------------------------------------
     #    Z                CN       C6(AA)       C8(AA)
--------------------------------------------------------
     1   30 Zn         0.0170     340.5212   26551.8206
     2   30 Zn         0.0170     340.5212   26551.8206
     3   30 Zn         0.0170     340.5212   26551.8206
     4   30 Zn         0.0170     340.5212   26551.8206
     5   30 Zn         0.0170     340.5212   26551.8206
     6   30 Zn         0.0170     340.5212   26551.8206
     7   30 Zn         0.0170     340.5212   26551.8206
     8   30 Zn         0.0169     340.5212   26551.8206
     9   30 Zn         0.0170     340.5212   26551.8206
    10   30 Zn         0.0170     340.5212   26551.8206
    11   30 Zn         0.0170     340.5212   26551.8206
    12   30 Zn         0.0170     340.5212   26551.8206
    13   30 Zn         0.0170     340.5212   26551.8206
    14   30 Zn         0.0170     340.5212   26551.8206
    15   30 Zn         0.0170     340.5212   26551.8206
    16   30 Zn         0.0170     340.5212   26551.8206
    17   30 Zn         0.0170     340.5212   26551.8206
    18   30 Zn         0.0170     340.5212   26551.8206
    19   30 Zn         0.0170     340.5212   26551.8206
    20   30 Zn         0.0170     340.5212   26551.8206
    21   30 Zn         0.0170     340.5212   26551.8206
    22   30 Zn         0.0170     340.5212   26551.8206
    23   30 Zn         0.0169     340.5212   26551.8206
    24   30 Zn         0.0170     340.5212   26551.8206
    25   30 Zn         0.0170     340.5212   26551.8206
    26   30 Zn         0.0170     340.5212   26551.8206
    27   30 Zn         0.0170     340.5212   26551.8206
    28   30 Zn         0.0170     340.5212   26551.8206
    29   16 S          0.0166     133.9420    6561.9813
    30   16 S          0.0166     133.9420    6561.9810
    31   16 S          0.0166     133.9420    6561.9806
    32   16 S          0.0166     133.9420    6561.9806
    33   16 S          0.0166     133.9420    6561.9812
    34   16 S          0.0166     133.9420    6561.9815
    35   16 S          0.0166     133.9420    6561.9810
    36   16 S          0.0165     133.9420    6561.9817
    37   16 S          0.0166     133.9420    6561.9808
    38   16 S          0.0166     133.9420    6561.9807
    39   16 S          0.0166     133.9420    6561.9812
    40   16 S          0.0166     133.9420    6561.9811
    41   16 S          0.0166     133.9420    6561.9808
    42   16 S          0.0166     133.9420    6561.9808
    43   16 S          0.0166     133.9420    6561.9812
    44   16 S          0.0166     133.9420    6561.9813
    45   16 S          0.0166     133.9420    6561.9809
    46   16 S          0.0166     133.9420    6561.9809
    47   16 S          0.0166     133.9420    6561.9809
    48   16 S          0.0166     133.9420    6561.9807
    49   16 S          0.0166     133.9420    6561.9805
    50   16 S          0.0166     133.9420    6561.9810
    51   16 S          0.0166     133.9420    6561.9813
    52   16 S          0.0166     133.9420    6561.9810
    53   16 S          0.0166     133.9420    6561.9805
    54   16 S          0.0166     133.9420    6561.9807
    55   16 S          0.0166     133.9420    6561.9809
    56   16 S          0.0166     133.9420    6561.9809
--------------------------------------------------------

Atom-resolved dispersion energies:
--------------------------------------------------
     #    Z           [Hartree]      [kcal/mol]
--------------------------------------------------
     1   30 Zn  -0.22749033E-02     -1.42752336
     2   30 Zn  -0.22746611E-02     -1.42737138
     3   30 Zn  -0.22742365E-02     -1.42710497
     4   30 Zn  -0.22745545E-02     -1.42730448
     5   30 Zn  -0.22740557E-02     -1.42699153
     6   30 Zn  -0.22741529E-02     -1.42705247
     7   30 Zn  -0.22745815E-02     -1.42732144
     8   30 Zn  -0.22718330E-02     -1.42559673
     9   30 Zn  -0.22747071E-02     -1.42740027
    10   30 Zn  -0.22746099E-02     -1.42733929
    11   30 Zn  -0.22760533E-02     -1.42824501
    12   30 Zn  -0.22741977E-02     -1.42708063
    13   30 Zn  -0.22787848E-02     -1.42995908
    14   30 Zn  -0.22746297E-02     -1.42735170
    15   30 Zn  -0.22748092E-02     -1.42746434
    16   30 Zn  -0.22744516E-02     -1.42723994
    17   30 Zn  -0.22741638E-02     -1.42705933
    18   30 Zn  -0.22743659E-02     -1.42718618
    19   30 Zn  -0.22742071E-02     -1.42708652
    20   30 Zn  -0.22747763E-02     -1.42744369
    21   30 Zn  -0.22792968E-02     -1.43028035
    22   30 Zn  -0.22742591E-02     -1.42711912
    23   30 Zn  -0.22716616E-02     -1.42548918
    24   30 Zn  -0.22747678E-02     -1.42743833
    25   30 Zn  -0.22758173E-02     -1.42809692
    26   30 Zn  -0.22749445E-02     -1.42754923
    27   30 Zn  -0.22746153E-02     -1.42734268
    28   30 Zn  -0.22747952E-02     -1.42745552
    29   16 S   -0.19144283E-02     -1.20132192
    30   16 S   -0.19147881E-02     -1.20154768
    31   16 S   -0.19185807E-02     -1.20392758
    32   16 S   -0.19184945E-02     -1.20387345
    33   16 S   -0.19147157E-02     -1.20150226
    34   16 S   -0.19140201E-02     -1.20106577
    35   16 S   -0.19149061E-02     -1.20162172
    36   16 S   -0.19136063E-02     -1.20080607
    37   16 S   -0.19151868E-02     -1.20179788
    38   16 S   -0.19153145E-02     -1.20187802
    39   16 S   -0.19146479E-02     -1.20145968
    40   16 S   -0.19146690E-02     -1.20147293
    41   16 S   -0.19152020E-02     -1.20180743
    42   16 S   -0.19154850E-02     -1.20198500
    43   16 S   -0.19145442E-02     -1.20139463
    44   16 S   -0.19144382E-02     -1.20132811
    45   16 S   -0.19150273E-02     -1.20169777
    46   16 S   -0.19152167E-02     -1.20181665
    47   16 S   -0.19150178E-02     -1.20169179
    48   16 S   -0.19153034E-02     -1.20187104
    49   16 S   -0.19156405E-02     -1.20208259
    50   16 S   -0.19151326E-02     -1.20176386
    51   16 S   -0.19144083E-02     -1.20130937
    52   16 S   -0.19150069E-02     -1.20168499
    53   16 S   -0.19159788E-02     -1.20229484
    54   16 S   -0.19153977E-02     -1.20193020
    55   16 S   -0.19150312E-02     -1.20170019
    56   16 S   -0.19150886E-02     -1.20173622
--------------------------------------------------

Dispersion energy:      -1.1731817022746E-01 Eh

[Info] Dispersion energy written to .EDISP
