-----------------------------------
 s i m p l e   D F T - D 3  v1.2.1
-----------------------------------

Zero (Chai-Head-Gordon) damping: pbe-D3(0)
--------------------
  s6         1.0000
  s8         0.7220
  s9         0.0000
 rs6         1.2170
 rs8         1.0000
 alp        14.0000
--------------------

Atomic radii (in Angstrom):
-------------------------------------------
   Z          R(cov)     R(vdw)      r4/r2
-------------------------------------------
  12 Mg       1.6667     1.7420     2.8909
  44 Ru       1.5067     1.7311     3.0778
-------------------------------------------

Atomic reference systems (in atomic units):
----------------------------------------------------------------------------
   Z        #      CN    C6(AA)   #      CN    C6(AA)   #      CN    C6(AA)
----------------------------------------------------------------------------
  12 Mg     1  0.0000  683.3758   2  0.9628  451.2708   3  1.9496  175.5616
  44 Ru     1  0.0000  598.1988   2  1.8584  379.2655   3  8.8895  239.0071
----------------------------------------------------------------------------

Dispersion properties (in atomic units):
--------------------------------------------------------
     #    Z                CN       C6(AA)       C8(AA)
--------------------------------------------------------
     1   12 Mg         0.0037     677.0527   60617.7343
     2   12 Mg         0.0037     677.0527   60617.7344
     3   12 Mg         0.0042     677.0254   60615.2941
     4   12 Mg         0.0042     677.0254   60615.2939
     5   12 Mg         0.0042     677.0254   60615.2941
     6   12 Mg         0.0042     677.0254   60615.2942
     7   12 Mg         0.0037     677.0495   60617.4502
     8   12 Mg         0.0037     677.0495   60617.4502
     9   12 Mg         0.0037     677.0503   60617.5220
    10   12 Mg         0.0037     677.0507   60617.5614
    11   12 Mg         0.0037     677.0527   60617.7343
    12   12 Mg         0.0037     677.0527   60617.7343
    13   12 Mg         0.0037     677.0503   60617.5220
    14   12 Mg         0.0037     677.0503   60617.5220
    15   12 Mg         0.0037     677.0513   60617.6132
    16   12 Mg         0.0037     677.0513   60617.6132
    17   12 Mg         0.0037     677.0495   60617.4502
    18   12 Mg         0.0037     677.0527   60617.7344
    19   12 Mg         0.0037     677.0527   60617.7344
    20   12 Mg         0.0037     677.0513   60617.6132
    21   12 Mg         0.0037     677.0507   60617.5615
    22   12 Mg         0.0037     677.0507   60617.5614
    23   12 Mg         0.0042     677.0254   60615.2939
    24   12 Mg         0.0042     677.0254   60615.2940
    25   12 Mg         0.0042     677.0278   60615.5106
    26   12 Mg         0.0042     677.0278   60615.5105
    27   12 Mg         0.0042     677.0278   60615.5105
    28   12 Mg         0.0037     677.0503   60617.5210
    29   12 Mg         0.0037     677.0503   60617.5210
    30   12 Mg         0.0037     677.0503   60617.5211
    31   12 Mg         0.0037     677.0503   60617.5211
    32   12 Mg         0.0037     677.0503   60617.5211
    33   12 Mg         0.0037     677.0503   60617.5209
    34   12 Mg         0.0037     677.0511   60617.5936
    35   12 Mg         0.0037     677.0511   60617.5935
    36   12 Mg         0.0037     677.0511   60617.5935
    37   12 Mg         0.0037     677.0507   60617.5583
    38   12 Mg         0.0037     677.0507   60617.5583
    39   12 Mg         0.0037     677.0507   60617.5583
    40   12 Mg         0.0038     677.0471   60617.2395
    41   12 Mg         0.0038     677.0471   60617.2395
    42   12 Mg         0.0038     677.0471   60617.2395
    43   12 Mg         0.0038     677.0471   60617.2395
    44   12 Mg         0.0038     677.0471   60617.2395
    45   12 Mg         0.0038     677.0471   60617.2395
    46   12 Mg         0.0038     677.0473   60617.2494
    47   12 Mg         0.0039     677.0437   60616.9307
    48   12 Mg         0.0039     677.0437   60616.9307
    49   12 Mg         0.0039     677.0437   60616.9306
    50   12 Mg         0.0037     677.0506   60617.5463
    51   12 Mg         0.0037     677.0506   60617.5462
    52   12 Mg         0.0037     677.0506   60617.5462
    53   12 Mg         0.0037     677.0506   60617.5462
    54   12 Mg         0.0037     677.0506   60617.5462
    55   12 Mg         0.0037     677.0506   60617.5461
    56   12 Mg         0.0037     677.0502   60617.5096
    57   12 Mg         0.0037     677.0498   60617.4755
    58   12 Mg         0.0037     677.0498   60617.4755
    59   12 Mg         0.0037     677.0498   60617.4756
    60   12 Mg         0.0037     677.0498   60617.4756
    61   12 Mg         0.0037     677.0498   60617.4766
    62   12 Mg         0.0037     677.0498   60617.4756
    63   12 Mg         0.0037     677.0493   60617.4277
    64   12 Mg         0.0037     677.0493   60617.4278
    65   12 Mg         0.0037     677.0492   60617.4277
    66   12 Mg         0.0037     677.0491   60617.4108
    67   12 Mg         0.0037     677.0491   60617.4108
    68   12 Mg         0.0037     677.0491   60617.4107
    69   12 Mg         0.0038     677.0480   60617.3165
    70   12 Mg         0.0038     677.0480   60617.3154
    71   12 Mg         0.0038     677.0480   60617.3153
    72   12 Mg         0.0038     677.0478   60617.3022
    73   12 Mg         0.0038     677.0479   60617.3033
    74   12 Mg         0.0038     677.0478   60617.3023
    75   12 Mg         0.0037     677.0511   60617.5898
    76   12 Mg         0.0037     677.0510   60617.5876
    77   12 Mg         0.0037     677.0504   60617.5298
    78   12 Mg         0.0038     677.0479   60617.3078
    79   12 Mg         0.0038     677.0479   60617.3057
    80   12 Mg         0.0037     677.0505   60617.5404
    81   12 Mg         0.0037     677.0505   60617.5404
    82   12 Mg         0.0038     677.0479   60617.3046
    83   12 Mg         0.0038     677.0479   60617.3068
    84   12 Mg         0.0038     677.0473   60617.2517
    85   12 Mg         0.0037     677.0491   60617.4157
    86   12 Mg         0.0037     677.0497   60617.4713
    87   12 Mg         0.0037     677.0497   60617.4691
    88   12 Mg         0.0038     677.0479   60617.3035
    89   12 Mg         0.0038     677.0479   60617.3056
    90   12 Mg         0.0037     677.0491   60617.4157
    91   12 Mg         0.0037     677.0491   60617.4156
    92   12 Mg         0.0037     677.0505   60617.5403
    93   12 Mg         0.0037     677.0505   60617.5415
    94   12 Mg         0.0037     677.0510   60617.5887
    95   12 Mg         0.0037     677.0504   60617.5297
    96   12 Mg         0.0037     677.0504   60617.5296
    97   12 Mg         0.0037     677.0497   60617.4701
    98   12 Mg         0.0037     677.0505   60617.5403
    99   12 Mg         0.0037     677.0505   60617.5393
   100   12 Mg         0.0038     677.0478   60617.3023
   101   12 Mg         0.0038     677.0479   60617.3034
   102   12 Mg         0.0038     677.0478   60617.3023
   103   12 Mg         0.0038     677.0480   60617.3165
   104   12 Mg         0.0038     677.0480   60617.3155
   105   12 Mg         0.0038     677.0480   60617.3154
   106   12 Mg         0.0037     677.0491   60617.4108
   107   12 Mg         0.0037     677.0491   60617.4108
   108   12 Mg         0.0037     677.0491   60617.4107
   109   12 Mg         0.0037     677.0493   60617.4277
   110   12 Mg         0.0037     677.0493   60617.4278
   111   12 Mg         0.0037     677.0492   60617.4277
   112   12 Mg         0.0037     677.0498   60617.4756
   113   12 Mg         0.0037     677.0498   60617.4756
   114   12 Mg         0.0037     677.0498   60617.4756
   115   12 Mg         0.0037     677.0498   60617.4756
   116   12 Mg         0.0037     677.0498   60617.4766
   117   12 Mg         0.0037     677.0498   60617.4756
   118   12 Mg         0.0037     677.0502   60617.5096
   119   12 Mg         0.0037     677.0506   60617.5463
   120   12 Mg         0.0037     677.0506   60617.5463
   121   12 Mg         0.0037     677.0506   60617.5462
   122   12 Mg         0.0037     677.0506   60617.5462
   123   12 Mg         0.0037     677.0506   60617.5463
   124   12 Mg         0.0037     677.0506   60617.5462
   125   12 Mg         0.0039     677.0437   60616.9307
   126   12 Mg         0.0039     677.0437   60616.9307
   127   12 Mg         0.0039     677.0437   60616.9307
   128   12 Mg         0.0038     677.0473   60617.2494
   129   12 Mg         0.0038     677.0471   60617.2395
   130   12 Mg         0.0038     677.0471   60617.2395
   131   12 Mg         0.0038     677.0471   60617.2395
   132   12 Mg         0.0038     677.0471   60617.2395
   133   12 Mg         0.0038     677.0471   60617.2395
   134   12 Mg         0.0038     677.0471   60617.2395
   135   12 Mg         0.0037     677.0507   60617.5583
   136   12 Mg         0.0037     677.0507   60617.5583
   137   12 Mg         0.0037     677.0507   60617.5583
   138   12 Mg         0.0037     677.0511   60617.5936
   139   12 Mg         0.0037     677.0511   60617.5935
   140   12 Mg         0.0037     677.0511   60617.5935
   141   12 Mg         0.0037     677.0503   60617.5210
   142   12 Mg         0.0037     677.0503   60617.5210
   143   12 Mg         0.0037     677.0503   60617.5211
   144   12 Mg         0.0037     677.0503   60617.5211
   145   12 Mg         0.0037     677.0503   60617.5211
   146   12 Mg         0.0037     677.0503   60617.5209
   147   12 Mg         0.0042     677.0278   60615.5106
   148   12 Mg         0.0042     677.0278   60615.5106
   149   12 Mg         0.0042     677.0278   60615.5105
   150   44 Ru         0.0039     598.1985   60708.6162
--------------------------------------------------------

Atom-resolved dispersion energies:
--------------------------------------------------
     #    Z           [Hartree]      [kcal/mol]
--------------------------------------------------
     1   12 Mg  -0.13487049E-02     -0.84632509
     2   12 Mg  -0.13486978E-02     -0.84632066
     3   12 Mg  -0.15430011E-02     -0.96824783
     4   12 Mg  -0.15430130E-02     -0.96825530
     5   12 Mg  -0.15430039E-02     -0.96824959
     6   12 Mg  -0.15429990E-02     -0.96824650
     7   12 Mg  -0.13708205E-02     -0.86020284
     8   12 Mg  -0.13708231E-02     -0.86020449
     9   12 Mg  -0.13649915E-02     -0.85654513
    10   12 Mg  -0.13618256E-02     -0.85455846
    11   12 Mg  -0.13487065E-02     -0.84632609
    12   12 Mg  -0.13487085E-02     -0.84632737
    13   12 Mg  -0.13649947E-02     -0.85654710
    14   12 Mg  -0.13649931E-02     -0.85654607
    15   12 Mg  -0.13576057E-02     -0.85191044
    16   12 Mg  -0.13576039E-02     -0.85190929
    17   12 Mg  -0.13708243E-02     -0.86020521
    18   12 Mg  -0.13486992E-02     -0.84632155
    19   12 Mg  -0.13487026E-02     -0.84632365
    20   12 Mg  -0.13576026E-02     -0.85190851
    21   12 Mg  -0.13618221E-02     -0.85455630
    22   12 Mg  -0.13618272E-02     -0.85455948
    23   12 Mg  -0.15430133E-02     -0.96825545
    24   12 Mg  -0.15430095E-02     -0.96825309
    25   12 Mg  -0.15289563E-02     -0.95943454
    26   12 Mg  -0.15289598E-02     -0.95943675
    27   12 Mg  -0.15289647E-02     -0.95943985
    28   12 Mg  -0.13651852E-02     -0.85666662
    29   12 Mg  -0.13651873E-02     -0.85666797
    30   12 Mg  -0.13651849E-02     -0.85666647
    31   12 Mg  -0.13651846E-02     -0.85666629
    32   12 Mg  -0.13651833E-02     -0.85666547
    33   12 Mg  -0.13651922E-02     -0.85667105
    34   12 Mg  -0.13593954E-02     -0.85303351
    35   12 Mg  -0.13594010E-02     -0.85303698
    36   12 Mg  -0.13593997E-02     -0.85303619
    37   12 Mg  -0.13618778E-02     -0.85459122
    38   12 Mg  -0.13618762E-02     -0.85459021
    39   12 Mg  -0.13618750E-02     -0.85458948
    40   12 Mg  -0.13848577E-02     -0.86901132
    41   12 Mg  -0.13848595E-02     -0.86901248
    42   12 Mg  -0.13848591E-02     -0.86901221
    43   12 Mg  -0.13848602E-02     -0.86901287
    44   12 Mg  -0.13848586E-02     -0.86901191
    45   12 Mg  -0.13848579E-02     -0.86901146
    46   12 Mg  -0.13843263E-02     -0.86867784
    47   12 Mg  -0.14093801E-02     -0.88439934
    48   12 Mg  -0.14093781E-02     -0.88439813
    49   12 Mg  -0.14093815E-02     -0.88440025
    50   12 Mg  -0.13623807E-02     -0.85490678
    51   12 Mg  -0.13623852E-02     -0.85490959
    52   12 Mg  -0.13623872E-02     -0.85491089
    53   12 Mg  -0.13623867E-02     -0.85491058
    54   12 Mg  -0.13623843E-02     -0.85490903
    55   12 Mg  -0.13623921E-02     -0.85491393
    56   12 Mg  -0.13658519E-02     -0.85708503
    57   12 Mg  -0.13681081E-02     -0.85850079
    58   12 Mg  -0.13681087E-02     -0.85850119
    59   12 Mg  -0.13681081E-02     -0.85850079
    60   12 Mg  -0.13681012E-02     -0.85849647
    61   12 Mg  -0.13680309E-02     -0.85845236
    62   12 Mg  -0.13681056E-02     -0.85849923
    63   12 Mg  -0.13708446E-02     -0.86021795
    64   12 Mg  -0.13708408E-02     -0.86021558
    65   12 Mg  -0.13708467E-02     -0.86021929
    66   12 Mg  -0.13722403E-02     -0.86109378
    67   12 Mg  -0.13722426E-02     -0.86109521
    68   12 Mg  -0.13722458E-02     -0.86109723
    69   12 Mg  -0.13796593E-02     -0.86574927
    70   12 Mg  -0.13797320E-02     -0.86579488
    71   12 Mg  -0.13797434E-02     -0.86580207
    72   12 Mg  -0.13806193E-02     -0.86635170
    73   12 Mg  -0.13805375E-02     -0.86630037
    74   12 Mg  -0.13806156E-02     -0.86634936
    75   12 Mg  -0.13596299E-02     -0.85318067
    76   12 Mg  -0.13597885E-02     -0.85328018
    77   12 Mg  -0.13637296E-02     -0.85575325
    78   12 Mg  -0.13797256E-02     -0.86579089
    79   12 Mg  -0.13798801E-02     -0.86588782
    80   12 Mg  -0.13630953E-02     -0.85535518
    81   12 Mg  -0.13630998E-02     -0.85535807
    82   12 Mg  -0.13799602E-02     -0.86593807
    83   12 Mg  -0.13797972E-02     -0.86583582
    84   12 Mg  -0.13843774E-02     -0.86870992
    85   12 Mg  -0.13720925E-02     -0.86100105
    86   12 Mg  -0.13682407E-02     -0.85858400
    87   12 Mg  -0.13684010E-02     -0.85868457
    88   12 Mg  -0.13800383E-02     -0.86598709
    89   12 Mg  -0.13798833E-02     -0.86588986
    90   12 Mg  -0.13720898E-02     -0.86099936
    91   12 Mg  -0.13720996E-02     -0.86100551
    92   12 Mg  -0.13631018E-02     -0.85535930
    93   12 Mg  -0.13630191E-02     -0.85530740
    94   12 Mg  -0.13597111E-02     -0.85323158
    95   12 Mg  -0.13637338E-02     -0.85575590
    96   12 Mg  -0.13637401E-02     -0.85575986
    97   12 Mg  -0.13683314E-02     -0.85864094
    98   12 Mg  -0.13631039E-02     -0.85536064
    99   12 Mg  -0.13631735E-02     -0.85540431
   100   12 Mg  -0.13806162E-02     -0.86634973
   101   12 Mg  -0.13805344E-02     -0.86629840
   102   12 Mg  -0.13806124E-02     -0.86634739
   103   12 Mg  -0.13796565E-02     -0.86574753
   104   12 Mg  -0.13797292E-02     -0.86579313
   105   12 Mg  -0.13797406E-02     -0.86580032
   106   12 Mg  -0.13722377E-02     -0.86109216
   107   12 Mg  -0.13722400E-02     -0.86109359
   108   12 Mg  -0.13722432E-02     -0.86109561
   109   12 Mg  -0.13708442E-02     -0.86021774
   110   12 Mg  -0.13708405E-02     -0.86021537
   111   12 Mg  -0.13708464E-02     -0.86021908
   112   12 Mg  -0.13681053E-02     -0.85849906
   113   12 Mg  -0.13681060E-02     -0.85849946
   114   12 Mg  -0.13681053E-02     -0.85849906
   115   12 Mg  -0.13680985E-02     -0.85849475
   116   12 Mg  -0.13680282E-02     -0.85845063
   117   12 Mg  -0.13681029E-02     -0.85849750
   118   12 Mg  -0.13658517E-02     -0.85708490
   119   12 Mg  -0.13623778E-02     -0.85490499
   120   12 Mg  -0.13623823E-02     -0.85490780
   121   12 Mg  -0.13623844E-02     -0.85490911
   122   12 Mg  -0.13623839E-02     -0.85490879
   123   12 Mg  -0.13623814E-02     -0.85490724
   124   12 Mg  -0.13623892E-02     -0.85491214
   125   12 Mg  -0.14093772E-02     -0.88439756
   126   12 Mg  -0.14093753E-02     -0.88439634
   127   12 Mg  -0.14093787E-02     -0.88439847
   128   12 Mg  -0.13843257E-02     -0.86867751
   129   12 Mg  -0.13848551E-02     -0.86900966
   130   12 Mg  -0.13848569E-02     -0.86901083
   131   12 Mg  -0.13848565E-02     -0.86901056
   132   12 Mg  -0.13848575E-02     -0.86901122
   133   12 Mg  -0.13848560E-02     -0.86901026
   134   12 Mg  -0.13848553E-02     -0.86900981
   135   12 Mg  -0.13618777E-02     -0.85459118
   136   12 Mg  -0.13618761E-02     -0.85459016
   137   12 Mg  -0.13618749E-02     -0.85458943
   138   12 Mg  -0.13593952E-02     -0.85303338
   139   12 Mg  -0.13594008E-02     -0.85303685
   140   12 Mg  -0.13593995E-02     -0.85303605
   141   12 Mg  -0.13651850E-02     -0.85666651
   142   12 Mg  -0.13651871E-02     -0.85666786
   143   12 Mg  -0.13651847E-02     -0.85666635
   144   12 Mg  -0.13651845E-02     -0.85666618
   145   12 Mg  -0.13651831E-02     -0.85666536
   146   12 Mg  -0.13651920E-02     -0.85667093
   147   12 Mg  -0.15289541E-02     -0.95943320
   148   12 Mg  -0.15289577E-02     -0.95943542
   149   12 Mg  -0.15289626E-02     -0.95943851
   150   44 Ru  -0.18318012E-02     -1.14947261
--------------------------------------------------

Dispersion energy:      -2.0802622681982E-01 Eh

[Info] Dispersion energy written to .EDISP
