-----------------------------------
 s i m p l e   D F T - D 3  v1.2.1
-----------------------------------

Zero (Chai-Head-Gordon) damping: pbe-D3(0)
--------------------
  s6         1.0000
  s8         0.7220
  s9         0.0000
 rs6         1.2170
 rs8         1.0000
 alp        14.0000
--------------------

Atomic radii (in Angstrom):
-------------------------------------------
   Z          R(cov)     R(vdw)      r4/r2
-------------------------------------------
  12 Mg       1.6667     1.7420     2.8909
   8 O        0.8400     1.2408     1.3725
-------------------------------------------

Atomic reference systems (in atomic units):
----------------------------------------------------------------------------
   Z        #      CN    C6(AA)   #      CN    C6(AA)   #      CN    C6(AA)
----------------------------------------------------------------------------
  12 Mg     1  0.0000  683.3758   2  0.9628  451.2708   3  1.9496  175.5616
   8 O      1  0.0000   15.5059   2  0.9925   12.8161   3  1.9887   10.3708
----------------------------------------------------------------------------

Dispersion properties (in atomic units):
--------------------------------------------------------
     #    Z                CN       C6(AA)       C8(AA)
--------------------------------------------------------
     1   12 Mg        14.7246     175.5616   15718.3434
     2   12 Mg        14.1679     175.5616   15718.3434
     3   12 Mg        16.8225     175.5616   15718.3434
     4   12 Mg        14.1694     175.5616   15718.3434
     5   12 Mg        13.5652     175.5616   15718.3434
     6   12 Mg        15.3752     175.5616   15718.3434
     7   12 Mg        14.3853     175.5616   15718.3434
     8   12 Mg        15.1476     175.5616   15718.3434
     9   12 Mg        13.8709     175.5616   15718.3434
    10   12 Mg        15.8033     175.5616   15718.3434
    11   12 Mg        14.7304     175.5616   15718.3434
    12   12 Mg        14.2467     175.5616   15718.3434
    13   12 Mg        14.8047     175.5616   15718.3434
    14   12 Mg        15.0202     175.5616   15718.3434
    15   12 Mg        14.0225     175.5616   15718.3434
    16   12 Mg        13.9245     175.5616   15718.3434
    17   12 Mg        15.2434     175.5616   15718.3434
    18   12 Mg        15.6316     175.5616   15718.3434
    19   12 Mg        15.1531     175.5616   15718.3434
    20   12 Mg        15.8348     175.5616   15718.3434
    21   12 Mg        15.3576     175.5616   15718.3434
    22   12 Mg        15.2505     175.5616   15718.3434
    23   12 Mg        14.7092     175.5616   15718.3434
    24   12 Mg        15.5892     175.5616   15718.3434
    25   12 Mg        15.4318     175.5616   15718.3434
    26   12 Mg        16.0157     175.5616   15718.3434
    27   12 Mg        13.2025     175.5616   15718.3434
    28   12 Mg        15.2622     175.5616   15718.3434
    29   12 Mg        15.5866     175.5616   15718.3434
    30   12 Mg        14.6923     175.5616   15718.3434
    31   12 Mg        13.5312     175.5616   15718.3434
    32   12 Mg        15.6319     175.5616   15718.3434
    33   12 Mg        15.7190     175.5616   15718.3434
    34   12 Mg        15.0529     175.5616   15718.3434
    35   12 Mg        13.0536     175.5616   15718.3434
    36   12 Mg        15.0042     175.5616   15718.3434
    37   12 Mg        13.9909     175.5616   15718.3434
    38   12 Mg        15.0235     175.5616   15718.3434
    39   12 Mg        14.2881     175.5616   15718.3434
    40   12 Mg        15.3506     175.5616   15718.3434
    41    8 O          5.2224      10.3708     209.2884
    42    8 O          4.2186      10.3708     209.2884
    43    8 O          4.3155      10.3708     209.2884
    44    8 O          4.3920      10.3708     209.2884
    45    8 O          4.4900      10.3708     209.2884
    46    8 O          5.2621      10.3708     209.2884
    47    8 O          5.2414      10.3708     209.2884
    48    8 O          5.1343      10.3708     209.2884
    49    8 O          4.4862      10.3708     209.2884
    50    8 O          5.0452      10.3708     209.2884
    51    8 O          4.9425      10.3708     209.2884
    52    8 O          4.3638      10.3708     209.2884
    53    8 O          5.0631      10.3708     209.2884
    54    8 O          5.1633      10.3708     209.2884
    55    8 O          5.8160      10.3708     209.2884
    56    8 O          4.6113      10.3708     209.2884
    57    8 O          4.1922      10.3708     209.2884
    58    8 O          5.3219      10.3708     209.2884
    59    8 O          4.7199      10.3708     209.2884
    60    8 O          5.8599      10.3708     209.2884
    61    8 O          5.5179      10.3708     209.2884
    62    8 O          4.1579      10.3708     209.2884
    63    8 O          4.3812      10.3708     209.2884
    64    8 O          5.1778      10.3708     209.2884
    65    8 O          4.8260      10.3708     209.2884
    66    8 O          5.1083      10.3708     209.2884
    67    8 O          5.1393      10.3708     209.2884
    68    8 O          5.1606      10.3708     209.2884
    69    8 O          5.3736      10.3708     209.2884
    70    8 O          4.5478      10.3708     209.2884
    71    8 O          5.1354      10.3708     209.2884
    72    8 O          5.1178      10.3708     209.2884
    73    8 O          4.5652      10.3708     209.2884
    74    8 O          4.6904      10.3708     209.2884
    75    8 O          5.1500      10.3708     209.2884
    76    8 O          5.1394      10.3708     209.2884
    77    8 O          4.4836      10.3708     209.2884
    78    8 O          4.3537      10.3708     209.2884
    79    8 O          5.3734      10.3708     209.2884
    80    8 O          5.9208      10.3708     209.2884
--------------------------------------------------------

Atom-resolved dispersion energies:
--------------------------------------------------
     #    Z           [Hartree]      [kcal/mol]
--------------------------------------------------
     1   12 Mg  -0.13393022E-01     -8.40424796
     2   12 Mg  -0.13299281E-01     -8.34542480
     3   12 Mg  -0.12442753E-01     -7.80794546
     4   12 Mg  -0.13334280E-01     -8.36738708
     5   12 Mg  -0.13301968E-01     -8.34711101
     6   12 Mg  -0.12763374E-01     -8.00913819
     7   12 Mg  -0.13208309E-01     -8.28833889
     8   12 Mg  -0.13153638E-01     -8.25403225
     9   12 Mg  -0.13527177E-01     -8.48843166
    10   12 Mg  -0.12962562E-01     -8.13413041
    11   12 Mg  -0.13196611E-01     -8.28099864
    12   12 Mg  -0.13344823E-01     -8.37400267
    13   12 Mg  -0.13316225E-01     -8.35605747
    14   12 Mg  -0.12796550E-01     -8.02995653
    15   12 Mg  -0.13749382E-01     -8.62786775
    16   12 Mg  -0.13683573E-01     -8.58657182
    17   12 Mg  -0.13338740E-01     -8.37018602
    18   12 Mg  -0.13161741E-01     -8.25911734
    19   12 Mg  -0.13028442E-01     -8.17547052
    20   12 Mg  -0.13054523E-01     -8.19183676
    21   12 Mg  -0.13265837E-01     -8.32443859
    22   12 Mg  -0.13264070E-01     -8.32332960
    23   12 Mg  -0.13061656E-01     -8.19631269
    24   12 Mg  -0.12741964E-01     -7.99570336
    25   12 Mg  -0.13166497E-01     -8.26210138
    26   12 Mg  -0.12419156E-01     -7.79313796
    27   12 Mg  -0.13863415E-01     -8.69942438
    28   12 Mg  -0.12553679E-01     -7.87755244
    29   12 Mg  -0.13220050E-01     -8.29570691
    30   12 Mg  -0.12686679E-01     -7.96101114
    31   12 Mg  -0.13339048E-01     -8.37037872
    32   12 Mg  -0.13027776E-01     -8.17505298
    33   12 Mg  -0.13032818E-01     -8.17821688
    34   12 Mg  -0.13093330E-01     -8.21618867
    35   12 Mg  -0.13546272E-01     -8.50041387
    36   12 Mg  -0.13075807E-01     -8.20519301
    37   12 Mg  -0.13290049E-01     -8.33963175
    38   12 Mg  -0.13215457E-01     -8.29282444
    39   12 Mg  -0.13095645E-01     -8.21764137
    40   12 Mg  -0.13330074E-01     -8.36474797
    41    8 O   -0.40163333E-02     -2.52028721
    42    8 O   -0.40680959E-02     -2.55276869
    43    8 O   -0.41005300E-02     -2.57312144
    44    8 O   -0.40858386E-02     -2.56390242
    45    8 O   -0.40358910E-02     -2.53255987
    46    8 O   -0.38548857E-02     -2.41897730
    47    8 O   -0.38374510E-02     -2.40803684
    48    8 O   -0.39989366E-02     -2.50937063
    49    8 O   -0.38809494E-02     -2.43533249
    50    8 O   -0.40404839E-02     -2.53544193
    51    8 O   -0.39002115E-02     -2.44741967
    52    8 O   -0.40820540E-02     -2.56152754
    53    8 O   -0.39713130E-02     -2.49203650
    54    8 O   -0.39531960E-02     -2.48066795
    55    8 O   -0.38388266E-02     -2.40890008
    56    8 O   -0.40063872E-02     -2.51404594
    57    8 O   -0.40227326E-02     -2.52430285
    58    8 O   -0.40623926E-02     -2.54918986
    59    8 O   -0.39561184E-02     -2.48250179
    60    8 O   -0.38637479E-02     -2.42453844
    61    8 O   -0.39119109E-02     -2.45476116
    62    8 O   -0.42007183E-02     -2.63599050
    63    8 O   -0.38535024E-02     -2.41810925
    64    8 O   -0.40592159E-02     -2.54719646
    65    8 O   -0.38984770E-02     -2.44633126
    66    8 O   -0.41028832E-02     -2.57459809
    67    8 O   -0.38972227E-02     -2.44554416
    68    8 O   -0.39957391E-02     -2.50736415
    69    8 O   -0.39492247E-02     -2.47817589
    70    8 O   -0.40942801E-02     -2.56919958
    71    8 O   -0.39989783E-02     -2.50939674
    72    8 O   -0.40192298E-02     -2.52210479
    73    8 O   -0.39374769E-02     -2.47080407
    74    8 O   -0.38406540E-02     -2.41004675
    75    8 O   -0.40343853E-02     -2.53161503
    76    8 O   -0.40488809E-02     -2.54071115
    77    8 O   -0.38303450E-02     -2.40357775
    78    8 O   -0.38783819E-02     -2.43372136
    79    8 O   -0.38745010E-02     -2.43128610
    80    8 O   -0.37987536E-02     -2.38375384
--------------------------------------------------

Dispersion energy:      -6.8514739089054E-01 Eh

[Info] Dispersion energy written to .EDISP
