-----------------------------------
 s i m p l e   D F T - D 3  v1.2.1
-----------------------------------

Zero (Chai-Head-Gordon) damping: pbe-D3(0)
--------------------
  s6         1.0000
  s8         0.7220
  s9         0.0000
 rs6         1.2170
 rs8         1.0000
 alp        14.0000
--------------------

Atomic radii (in Angstrom):
-------------------------------------------
   Z          R(cov)     R(vdw)      r4/r2
-------------------------------------------
  12 Mg       1.6667     1.7420     2.8909
   8 O        0.8400     1.2408     1.3725
-------------------------------------------

Atomic reference systems (in atomic units):
----------------------------------------------------------------------------
   Z        #      CN    C6(AA)   #      CN    C6(AA)   #      CN    C6(AA)
----------------------------------------------------------------------------
  12 Mg     1  0.0000  683.3758   2  0.9628  451.2708   3  1.9496  175.5616
   8 O      1  0.0000   15.5059   2  0.9925   12.8161   3  1.9887   10.3708
----------------------------------------------------------------------------

Dispersion properties (in atomic units):
--------------------------------------------------------
     #    Z                CN       C6(AA)       C8(AA)
--------------------------------------------------------
     1   12 Mg         0.0030     677.0855   60620.6733
     2   12 Mg         0.0032     677.0735   60619.5946
     3   12 Mg         0.0028     677.0914   60621.1997
     4   12 Mg         0.0033     677.0689   60619.1897
     5   12 Mg         0.0036     677.0562   60618.0488
     6   12 Mg         0.0034     677.0637   60618.7190
     7   12 Mg         0.0029     677.0880   60620.8934
     8   12 Mg         0.0034     677.0656   60618.8903
     9   12 Mg         0.0034     677.0671   60619.0246
    10   12 Mg         0.0031     677.0810   60620.2701
    11   12 Mg         0.0032     677.0738   60619.6243
    12   12 Mg         0.0032     677.0760   60619.8233
    13   12 Mg         0.0034     677.0633   60618.6896
    14   12 Mg         0.0037     677.0499   60617.4851
    15   12 Mg         0.0031     677.0799   60620.1689
    16   12 Mg         0.0032     677.0739   60619.6304
    17   12 Mg         0.0037     677.0527   60617.7360
    18   12 Mg         0.0044     677.0164   60614.4894
    19   12 Mg         0.0042     677.0252   60615.2722
    20   12 Mg         0.0044     677.0196   60614.7707
    21   12 Mg         0.0043     677.0236   60615.1289
    22   12 Mg         0.0034     677.0664   60618.9656
    23   12 Mg         0.0032     677.0735   60619.5962
    24   12 Mg         0.0036     677.0569   60618.1165
    25   12 Mg         0.0044     677.0181   60614.6395
    26   12 Mg         0.0034     677.0631   60618.6638
    27   12 Mg         0.0032     677.0730   60619.5525
    28   12 Mg         0.0029     677.0898   60621.0603
    29   12 Mg         0.0037     677.0505   60617.5385
    30   12 Mg         0.0034     677.0630   60618.6606
    31   12 Mg         0.0029     677.0872   60620.8216
    32   12 Mg         0.0035     677.0608   60618.4591
    33   12 Mg         0.0042     677.0296   60615.6712
    34   12 Mg         0.0036     677.0580   60618.2091
    35   12 Mg         0.0029     677.0873   60620.8363
    36   12 Mg         0.0026     677.1012   60622.0771
    37   12 Mg         0.0030     677.0821   60620.3661
    38   12 Mg         0.0030     677.0831   60620.4622
    39   12 Mg         0.0034     677.0640   60618.7518
    40   12 Mg         0.0031     677.0809   60620.2658
    41    8 O          0.0016      15.4508     311.8048
    42    8 O          0.0022      15.4505     311.7996
    43    8 O          0.0019      15.4506     311.8015
    44    8 O          0.0018      15.4507     311.8032
    45    8 O          0.0019      15.4506     311.8021
    46    8 O          0.0015      15.4508     311.8051
    47    8 O          0.0014      15.4508     311.8061
    48    8 O          0.0016      15.4508     311.8047
    49    8 O          0.0015      15.4508     311.8050
    50    8 O          0.0012      15.4509     311.8082
    51    8 O          0.0017      15.4507     311.8041
    52    8 O          0.0014      15.4508     311.8065
    53    8 O          0.0016      15.4507     311.8043
    54    8 O          0.0018      15.4507     311.8027
    55    8 O          0.0019      15.4506     311.8022
    56    8 O          0.0019      15.4506     311.8017
    57    8 O          0.0018      15.4507     311.8032
    58    8 O          0.0017      15.4507     311.8034
    59    8 O          0.0016      15.4507     311.8043
    60    8 O          0.0016      15.4507     311.8043
    61    8 O          0.0019      15.4506     311.8022
    62    8 O          0.0018      15.4507     311.8025
    63    8 O          0.0018      15.4507     311.8030
    64    8 O          0.0018      15.4507     311.8026
    65    8 O          0.0017      15.4507     311.8041
    66    8 O          0.0017      15.4507     311.8039
    67    8 O          0.0014      15.4508     311.8065
    68    8 O          0.0019      15.4506     311.8021
    69    8 O          0.0017      15.4507     311.8038
    70    8 O          0.0017      15.4507     311.8036
    71    8 O          0.0016      15.4508     311.8048
    72    8 O          0.0020      15.4506     311.8014
    73    8 O          0.0020      15.4506     311.8008
    74    8 O          0.0019      15.4506     311.8016
    75    8 O          0.0018      15.4507     311.8030
    76    8 O          0.0014      15.4508     311.8061
    77    8 O          0.0019      15.4506     311.8019
    78    8 O          0.0015      15.4508     311.8050
    79    8 O          0.0024      15.4504     311.7979
    80    8 O          0.0017      15.4507     311.8040
--------------------------------------------------------

Atom-resolved dispersion energies:
--------------------------------------------------
     #    Z           [Hartree]      [kcal/mol]
--------------------------------------------------
     1   12 Mg  -0.88355369E-03     -0.55443831
     2   12 Mg  -0.94565847E-03     -0.59340965
     3   12 Mg  -0.84482737E-03     -0.53013718
     4   12 Mg  -0.98371590E-03     -0.61729105
     5   12 Mg  -0.99387741E-03     -0.62366749
     6   12 Mg  -0.10384074E-02     -0.65161049
     7   12 Mg  -0.84529708E-03     -0.53043193
     8   12 Mg  -0.10068185E-02     -0.63178815
     9   12 Mg  -0.93287243E-03     -0.58538629
    10   12 Mg  -0.93003595E-03     -0.58360637
    11   12 Mg  -0.94524861E-03     -0.59315246
    12   12 Mg  -0.93321146E-03     -0.58559903
    13   12 Mg  -0.95039936E-03     -0.59638461
    14   12 Mg  -0.10141049E-02     -0.63636045
    15   12 Mg  -0.87039671E-03     -0.54618218
    16   12 Mg  -0.87743109E-03     -0.55059632
    17   12 Mg  -0.10523576E-02     -0.66036433
    18   12 Mg  -0.12829903E-02     -0.80508858
    19   12 Mg  -0.12021216E-02     -0.75434267
    20   12 Mg  -0.12417198E-02     -0.77919093
    21   12 Mg  -0.12116076E-02     -0.76029526
    22   12 Mg  -0.96057996E-03     -0.60277303
    23   12 Mg  -0.88097755E-03     -0.55282176
    24   12 Mg  -0.10036110E-02     -0.62977539
    25   12 Mg  -0.12462044E-02     -0.78200509
    26   12 Mg  -0.10292734E-02     -0.64587883
    27   12 Mg  -0.89814583E-03     -0.56359502
    28   12 Mg  -0.84209583E-03     -0.52842311
    29   12 Mg  -0.10540455E-02     -0.66142355
    30   12 Mg  -0.96798770E-03     -0.60742145
    31   12 Mg  -0.76752349E-03     -0.48162826
    32   12 Mg  -0.10317422E-02     -0.64742803
    33   12 Mg  -0.11684481E-02     -0.73321223
    34   12 Mg  -0.10404787E-02     -0.65291024
    35   12 Mg  -0.85076728E-03     -0.53386453
    36   12 Mg  -0.77911308E-03     -0.48890084
    37   12 Mg  -0.86308966E-03     -0.54159694
    38   12 Mg  -0.87773512E-03     -0.55078710
    39   12 Mg  -0.95412946E-03     -0.59872528
    40   12 Mg  -0.91827361E-03     -0.57622539
    41    8 O   -0.30687427E-03     -0.19256651
    42    8 O   -0.37189287E-03     -0.23336630
    43    8 O   -0.35051497E-03     -0.21995146
    44    8 O   -0.32519065E-03     -0.20406021
    45    8 O   -0.34120385E-03     -0.21410865
    46    8 O   -0.30473269E-03     -0.19122265
    47    8 O   -0.28763511E-03     -0.18049376
    48    8 O   -0.31650992E-03     -0.19861298
    49    8 O   -0.29468356E-03     -0.18491672
    50    8 O   -0.24287736E-03     -0.15240784
    51    8 O   -0.30806305E-03     -0.19331248
    52    8 O   -0.26691330E-03     -0.16749062
    53    8 O   -0.31504428E-03     -0.19769327
    54    8 O   -0.34967554E-03     -0.21942471
    55    8 O   -0.36062013E-03     -0.22629255
    56    8 O   -0.35313464E-03     -0.22159533
    57    8 O   -0.32393652E-03     -0.20327324
    58    8 O   -0.32484268E-03     -0.20384186
    59    8 O   -0.30759780E-03     -0.19302054
    60    8 O   -0.33190093E-03     -0.20827098
    61    8 O   -0.35511831E-03     -0.22284010
    62    8 O   -0.33147226E-03     -0.20800198
    63    8 O   -0.33049166E-03     -0.20738665
    64    8 O   -0.34713378E-03     -0.21782973
    65    8 O   -0.31490705E-03     -0.19760716
    66    8 O   -0.32476413E-03     -0.20379257
    67    8 O   -0.28454640E-03     -0.17855556
    68    8 O   -0.36588105E-03     -0.22959383
    69    8 O   -0.33312184E-03     -0.20903711
    70    8 O   -0.32060953E-03     -0.20118552
    71    8 O   -0.30284740E-03     -0.19003961
    72    8 O   -0.37056448E-03     -0.23253272
    73    8 O   -0.36507223E-03     -0.22908628
    74    8 O   -0.35361504E-03     -0.22189678
    75    8 O   -0.33745010E-03     -0.21175313
    76    8 O   -0.28961345E-03     -0.18173519
    77    8 O   -0.34646629E-03     -0.21741088
    78    8 O   -0.29368195E-03     -0.18428821
    79    8 O   -0.42365931E-03     -0.26585023
    80    8 O   -0.33710974E-03     -0.21153955
--------------------------------------------------

Dispersion energy:      -5.2232845274063E-02 Eh

[Info] Dispersion energy written to .EDISP
