-----------------------------------
 s i m p l e   D F T - D 3  v1.2.1
-----------------------------------

Zero (Chai-Head-Gordon) damping: pbe-D3(0)
--------------------
  s6         1.0000
  s8         0.7220
  s9         0.0000
 rs6         1.2170
 rs8         1.0000
 alp        14.0000
--------------------

Atomic radii (in Angstrom):
-------------------------------------------
   Z          R(cov)     R(vdw)      r4/r2
-------------------------------------------
   3 Li       1.6000     1.7478     2.6564
  32 Ge       1.4533     1.9309     2.9321
-------------------------------------------

Atomic reference systems (in atomic units):
----------------------------------------------------------------------------
   Z        #      CN    C6(AA)   #      CN    C6(AA)   #      CN    C6(AA)
----------------------------------------------------------------------------
   3 Li     1  0.0000 1163.4454   2  0.9865   85.3197
  32 Ge     1  0.0000  363.5474   2  0.9434  316.8521   3  1.9447  286.6545
            4  2.9186  229.9498   5  3.8972  180.2912
----------------------------------------------------------------------------

Dispersion properties (in atomic units):
--------------------------------------------------------
     #    Z                CN       C6(AA)       C8(AA)
--------------------------------------------------------
     1    3 Li        20.1201      85.3197    6449.9358
     2    3 Li        20.6165      85.3197    6449.9358
     3    3 Li        20.6842      85.3197    6449.9358
     4    3 Li        20.1072      85.3197    6449.9358
     5    3 Li        19.9099      85.3197    6449.9358
     6    3 Li        19.9099      85.3197    6449.9358
     7    3 Li        19.9099      85.3197    6449.9358
     8    3 Li        19.9099      85.3197    6449.9358
     9    3 Li        19.3283      85.3197    6449.9358
    10    3 Li        19.3283      85.3197    6449.9358
    11    3 Li        19.3283      85.3197    6449.9358
    12    3 Li        19.3283      85.3197    6449.9358
    13    3 Li        19.7874      85.3197    6449.9358
    14    3 Li        19.7874      85.3197    6449.9358
    15    3 Li        19.7874      85.3197    6449.9358
    16    3 Li        19.7874      85.3197    6449.9358
    17    3 Li        19.9338      85.3197    6449.9358
    18    3 Li        19.9338      85.3197    6449.9358
    19    3 Li        19.9338      85.3197    6449.9358
    20    3 Li        19.9338      85.3197    6449.9358
    21    3 Li        19.6218      85.3197    6449.9358
    22    3 Li        19.6218      85.3197    6449.9358
    23    3 Li        19.6218      85.3197    6449.9358
    24    3 Li        19.6218      85.3197    6449.9358
    25    3 Li        20.1501      85.3197    6449.9358
    26    3 Li        20.1501      85.3197    6449.9358
    27    3 Li        20.1501      85.3197    6449.9358
    28    3 Li        20.1501      85.3197    6449.9358
    29    3 Li        19.3515      85.3197    6449.9358
    30    3 Li        19.3515      85.3197    6449.9358
    31    3 Li        19.3515      85.3197    6449.9358
    32    3 Li        19.3515      85.3197    6449.9358
    33    3 Li        19.3515      85.3197    6449.9358
    34    3 Li        19.3515      85.3197    6449.9358
    35    3 Li        19.7137      85.3197    6449.9358
    36    3 Li        19.7137      85.3197    6449.9358
    37    3 Li        19.7137      85.3197    6449.9358
    38    3 Li        19.7137      85.3197    6449.9358
    39    3 Li        19.7137      85.3197    6449.9358
    40    3 Li        19.7137      85.3197    6449.9358
    41    3 Li        19.3581      85.3197    6449.9358
    42    3 Li        19.3581      85.3197    6449.9358
    43    3 Li        19.3581      85.3197    6449.9358
    44    3 Li        19.3581      85.3197    6449.9358
    45    3 Li        19.3581      85.3197    6449.9358
    46    3 Li        19.3581      85.3197    6449.9358
    47    3 Li        19.3581      85.3197    6449.9358
    48    3 Li        19.3581      85.3197    6449.9358
    49    3 Li        19.3581      85.3197    6449.9358
    50    3 Li        19.3581      85.3197    6449.9358
    51    3 Li        19.3581      85.3197    6449.9358
    52    3 Li        19.3581      85.3197    6449.9358
    53    3 Li        19.8745      85.3197    6449.9358
    54    3 Li        19.8745      85.3197    6449.9358
    55    3 Li        19.8745      85.3197    6449.9358
    56    3 Li        19.8745      85.3197    6449.9358
    57    3 Li        19.8745      85.3197    6449.9358
    58    3 Li        19.8745      85.3197    6449.9358
    59    3 Li        19.8745      85.3197    6449.9358
    60    3 Li        19.8745      85.3197    6449.9358
    61    3 Li        19.8745      85.3197    6449.9358
    62    3 Li        19.8745      85.3197    6449.9358
    63    3 Li        19.8745      85.3197    6449.9358
    64    3 Li        19.8745      85.3197    6449.9358
    65    3 Li        19.6012      85.3197    6449.9358
    66    3 Li        19.6012      85.3197    6449.9358
    67    3 Li        19.6012      85.3197    6449.9358
    68    3 Li        19.6012      85.3197    6449.9358
    69    3 Li        19.6012      85.3197    6449.9358
    70    3 Li        19.6012      85.3197    6449.9358
    71    3 Li        19.6012      85.3197    6449.9358
    72    3 Li        19.6012      85.3197    6449.9358
    73    3 Li        19.6012      85.3197    6449.9358
    74    3 Li        19.6012      85.3197    6449.9358
    75    3 Li        19.6012      85.3197    6449.9358
    76    3 Li        19.6012      85.3197    6449.9358
    77    3 Li        19.5718      85.3197    6449.9358
    78    3 Li        19.5718      85.3197    6449.9358
    79    3 Li        19.5718      85.3197    6449.9358
    80    3 Li        19.5718      85.3197    6449.9358
    81    3 Li        19.5718      85.3197    6449.9358
    82    3 Li        19.5718      85.3197    6449.9358
    83    3 Li        19.5718      85.3197    6449.9358
    84    3 Li        19.5718      85.3197    6449.9358
    85    3 Li        19.5718      85.3197    6449.9358
    86    3 Li        19.5718      85.3197    6449.9358
    87    3 Li        19.5718      85.3197    6449.9358
    88    3 Li        19.5718      85.3197    6449.9358
    89   32 Ge        16.8041     180.2912   16605.2952
    90   32 Ge        16.8041     180.2912   16605.2952
    91   32 Ge        16.8041     180.2912   16605.2952
    92   32 Ge        16.8041     180.2912   16605.2952
    93   32 Ge        16.6592     180.2912   16605.2952
    94   32 Ge        16.6592     180.2912   16605.2952
    95   32 Ge        16.6592     180.2912   16605.2952
    96   32 Ge        16.6592     180.2912   16605.2952
    97   32 Ge        16.7431     180.2912   16605.2952
    98   32 Ge        16.7431     180.2912   16605.2952
    99   32 Ge        16.7431     180.2912   16605.2952
   100   32 Ge        16.7431     180.2912   16605.2952
   101   32 Ge        16.7431     180.2912   16605.2952
   102   32 Ge        16.7431     180.2912   16605.2952
   103   32 Ge        16.7344     180.2912   16605.2952
   104   32 Ge        16.7344     180.2912   16605.2952
   105   32 Ge        16.7344     180.2912   16605.2952
   106   32 Ge        16.7344     180.2912   16605.2952
   107   32 Ge        16.7344     180.2912   16605.2952
   108   32 Ge        16.7344     180.2912   16605.2952
--------------------------------------------------------

Atom-resolved dispersion energies:
--------------------------------------------------
     #    Z           [Hartree]      [kcal/mol]
--------------------------------------------------
     1    3 Li  -0.13574751E-01     -8.51828514
     2    3 Li  -0.13284256E-01     -8.33599647
     3    3 Li  -0.13426524E-01     -8.42527100
     4    3 Li  -0.13341369E-01     -8.37183538
     5    3 Li  -0.13158862E-01     -8.25731057
     6    3 Li  -0.13158862E-01     -8.25731057
     7    3 Li  -0.13158862E-01     -8.25731057
     8    3 Li  -0.13158862E-01     -8.25731054
     9    3 Li  -0.13219541E-01     -8.29538709
    10    3 Li  -0.13219541E-01     -8.29538709
    11    3 Li  -0.13219541E-01     -8.29538709
    12    3 Li  -0.13219541E-01     -8.29538706
    13    3 Li  -0.13248352E-01     -8.31346643
    14    3 Li  -0.13248352E-01     -8.31346643
    15    3 Li  -0.13248352E-01     -8.31346643
    16    3 Li  -0.13248352E-01     -8.31346645
    17    3 Li  -0.13035771E-01     -8.18007012
    18    3 Li  -0.13035771E-01     -8.18007012
    19    3 Li  -0.13035771E-01     -8.18007012
    20    3 Li  -0.13035771E-01     -8.18007010
    21    3 Li  -0.13359878E-01     -8.38345023
    22    3 Li  -0.13359878E-01     -8.38345023
    23    3 Li  -0.13359878E-01     -8.38345023
    24    3 Li  -0.13359878E-01     -8.38345024
    25    3 Li  -0.13169145E-01     -8.26376349
    26    3 Li  -0.13169145E-01     -8.26376349
    27    3 Li  -0.13169145E-01     -8.26376349
    28    3 Li  -0.13169145E-01     -8.26376351
    29    3 Li  -0.13259654E-01     -8.32055842
    30    3 Li  -0.13259654E-01     -8.32055843
    31    3 Li  -0.13259654E-01     -8.32055842
    32    3 Li  -0.13259654E-01     -8.32055843
    33    3 Li  -0.13259654E-01     -8.32055842
    34    3 Li  -0.13259654E-01     -8.32055843
    35    3 Li  -0.13141161E-01     -8.24620275
    36    3 Li  -0.13141161E-01     -8.24620273
    37    3 Li  -0.13141161E-01     -8.24620275
    38    3 Li  -0.13141161E-01     -8.24620273
    39    3 Li  -0.13141161E-01     -8.24620275
    40    3 Li  -0.13141161E-01     -8.24620273
    41    3 Li  -0.13243143E-01     -8.31019792
    42    3 Li  -0.13243143E-01     -8.31019790
    43    3 Li  -0.13243143E-01     -8.31019791
    44    3 Li  -0.13243143E-01     -8.31019790
    45    3 Li  -0.13243143E-01     -8.31019791
    46    3 Li  -0.13243143E-01     -8.31019792
    47    3 Li  -0.13243143E-01     -8.31019791
    48    3 Li  -0.13243143E-01     -8.31019792
    49    3 Li  -0.13243143E-01     -8.31019790
    50    3 Li  -0.13243143E-01     -8.31019791
    51    3 Li  -0.13243143E-01     -8.31019791
    52    3 Li  -0.13243143E-01     -8.31019791
    53    3 Li  -0.13277370E-01     -8.33167520
    54    3 Li  -0.13277370E-01     -8.33167520
    55    3 Li  -0.13277370E-01     -8.33167522
    56    3 Li  -0.13277370E-01     -8.33167520
    57    3 Li  -0.13277370E-01     -8.33167522
    58    3 Li  -0.13277370E-01     -8.33167520
    59    3 Li  -0.13277370E-01     -8.33167522
    60    3 Li  -0.13277370E-01     -8.33167520
    61    3 Li  -0.13277370E-01     -8.33167520
    62    3 Li  -0.13277370E-01     -8.33167519
    63    3 Li  -0.13277370E-01     -8.33167519
    64    3 Li  -0.13277370E-01     -8.33167519
    65    3 Li  -0.13228535E-01     -8.30103083
    66    3 Li  -0.13228535E-01     -8.30103083
    67    3 Li  -0.13228535E-01     -8.30103083
    68    3 Li  -0.13228535E-01     -8.30103083
    69    3 Li  -0.13228535E-01     -8.30103083
    70    3 Li  -0.13228535E-01     -8.30103083
    71    3 Li  -0.13228535E-01     -8.30103083
    72    3 Li  -0.13228535E-01     -8.30103083
    73    3 Li  -0.13228535E-01     -8.30103083
    74    3 Li  -0.13228535E-01     -8.30103082
    75    3 Li  -0.13228535E-01     -8.30103082
    76    3 Li  -0.13228535E-01     -8.30103082
    77    3 Li  -0.13298531E-01     -8.34495406
    78    3 Li  -0.13298531E-01     -8.34495406
    79    3 Li  -0.13298531E-01     -8.34495406
    80    3 Li  -0.13298531E-01     -8.34495406
    81    3 Li  -0.13298531E-01     -8.34495406
    82    3 Li  -0.13298531E-01     -8.34495406
    83    3 Li  -0.13298531E-01     -8.34495406
    84    3 Li  -0.13298531E-01     -8.34495406
    85    3 Li  -0.13298531E-01     -8.34495406
    86    3 Li  -0.13298531E-01     -8.34495404
    87    3 Li  -0.13298531E-01     -8.34495404
    88    3 Li  -0.13298531E-01     -8.34495404
    89   32 Ge  -0.14307960E-01     -8.97838031
    90   32 Ge  -0.14307960E-01     -8.97838031
    91   32 Ge  -0.14307960E-01     -8.97838031
    92   32 Ge  -0.14307960E-01     -8.97838035
    93   32 Ge  -0.14111116E-01     -8.85485911
    94   32 Ge  -0.14111116E-01     -8.85485911
    95   32 Ge  -0.14111116E-01     -8.85485911
    96   32 Ge  -0.14111116E-01     -8.85485908
    97   32 Ge  -0.14222068E-01     -8.92448221
    98   32 Ge  -0.14222068E-01     -8.92448222
    99   32 Ge  -0.14222068E-01     -8.92448221
   100   32 Ge  -0.14222068E-01     -8.92448222
   101   32 Ge  -0.14222068E-01     -8.92448221
   102   32 Ge  -0.14222068E-01     -8.92448222
   103   32 Ge  -0.14318394E-01     -8.98492819
   104   32 Ge  -0.14318395E-01     -8.98492821
   105   32 Ge  -0.14318394E-01     -8.98492819
   106   32 Ge  -0.14318395E-01     -8.98492821
   107   32 Ge  -0.14318394E-01     -8.98492819
   108   32 Ge  -0.14318395E-01     -8.98492821
--------------------------------------------------

Dispersion energy:      -1.4502880043269E+00 Eh

[Info] Dispersion energy written to .EDISP
