-----------------------------------
 s i m p l e   D F T - D 3  v1.2.1
-----------------------------------

Zero (Chai-Head-Gordon) damping: pbe-D3(0)
--------------------
  s6         1.0000
  s8         0.7220
  s9         0.0000
 rs6         1.2170
 rs8         1.0000
 alp        14.0000
--------------------

Atomic radii (in Angstrom):
-------------------------------------------
   Z          R(cov)     R(vdw)      r4/r2
-------------------------------------------
  12 Mg       1.6667     1.7420     2.8909
  41 Nb       1.7600     1.9298     3.4858
-------------------------------------------

Atomic reference systems (in atomic units):
----------------------------------------------------------------------------
   Z        #      CN    C6(AA)   #      CN    C6(AA)   #      CN    C6(AA)
----------------------------------------------------------------------------
  12 Mg     1  0.0000  683.3758   2  0.9628  451.2708   3  1.9496  175.5616
  41 Nb     1  0.0000 1475.2500   2  1.9545  580.5824   3  2.9225  428.8962
----------------------------------------------------------------------------

Dispersion properties (in atomic units):
--------------------------------------------------------
     #    Z                CN       C6(AA)       C8(AA)
--------------------------------------------------------
     1   12 Mg        11.6151     175.5616   15718.3434
     2   12 Mg        11.6151     175.5616   15718.3434
     3   12 Mg        11.7779     175.5616   15718.3434
     4   12 Mg        11.7779     175.5616   15718.3434
     5   12 Mg        11.6446     175.5616   15718.3434
     6   12 Mg        11.6547     175.5616   15718.3434
     7   12 Mg        11.6547     175.5616   15718.3434
     8   12 Mg        11.6151     175.5616   15718.3434
     9   12 Mg        11.6151     175.5616   15718.3434
    10   12 Mg        11.6509     175.5616   15718.3434
    11   12 Mg        11.6446     175.5616   15718.3434
    12   12 Mg        11.6446     175.5616   15718.3434
    13   12 Mg        11.6388     175.5616   15718.3434
    14   12 Mg        11.6387     175.5616   15718.3434
    15   12 Mg        11.6547     175.5616   15718.3434
    16   12 Mg        11.6150     175.5616   15718.3434
    17   12 Mg        11.6151     175.5616   15718.3434
    18   12 Mg        11.6510     175.5616   15718.3434
    19   12 Mg        11.6509     175.5616   15718.3434
    20   12 Mg        11.6388     175.5616   15718.3434
    21   12 Mg        11.7779     175.5616   15718.3434
    22   12 Mg        11.7779     175.5616   15718.3434
    23   12 Mg        11.7779     175.5616   15718.3434
    24   12 Mg        11.7779     175.5616   15718.3434
    25   12 Mg        11.7704     175.5616   15718.3434
    26   12 Mg        11.7704     175.5616   15718.3434
    27   12 Mg        11.7704     175.5616   15718.3434
    28   12 Mg        11.7146     175.5616   15718.3434
    29   12 Mg        11.7146     175.5616   15718.3434
    30   12 Mg        11.7146     175.5616   15718.3434
    31   12 Mg        11.6420     175.5616   15718.3434
    32   12 Mg        11.6419     175.5616   15718.3434
    33   12 Mg        11.6420     175.5616   15718.3434
    34   12 Mg        11.6515     175.5616   15718.3434
    35   12 Mg        11.6516     175.5616   15718.3434
    36   12 Mg        11.6515     175.5616   15718.3434
    37   12 Mg        11.6516     175.5616   15718.3434
    38   12 Mg        11.6516     175.5616   15718.3434
    39   12 Mg        11.6516     175.5616   15718.3434
    40   12 Mg        11.6526     175.5616   15718.3434
    41   12 Mg        11.6528     175.5616   15718.3434
    42   12 Mg        11.6528     175.5616   15718.3434
    43   12 Mg        11.6528     175.5616   15718.3434
    44   12 Mg        11.6528     175.5616   15718.3434
    45   12 Mg        11.6528     175.5616   15718.3434
    46   12 Mg        11.6528     175.5616   15718.3434
    47   12 Mg        11.6588     175.5616   15718.3434
    48   12 Mg        11.6589     175.5616   15718.3434
    49   12 Mg        11.6589     175.5616   15718.3434
    50   12 Mg        11.6311     175.5616   15718.3434
    51   12 Mg        11.6311     175.5616   15718.3434
    52   12 Mg        11.6311     175.5616   15718.3434
    53   12 Mg        11.6311     175.5616   15718.3434
    54   12 Mg        11.6311     175.5616   15718.3434
    55   12 Mg        11.6311     175.5616   15718.3434
    56   12 Mg        11.6519     175.5616   15718.3434
    57   12 Mg        11.6519     175.5616   15718.3434
    58   12 Mg        11.6520     175.5616   15718.3434
    59   12 Mg        11.6519     175.5616   15718.3434
    60   12 Mg        11.6520     175.5616   15718.3434
    61   12 Mg        11.6520     175.5616   15718.3434
    62   12 Mg        11.6609     175.5616   15718.3434
    63   12 Mg        11.6609     175.5616   15718.3434
    64   12 Mg        11.6609     175.5616   15718.3434
    65   12 Mg        11.6419     175.5616   15718.3434
    66   12 Mg        11.6568     175.5616   15718.3434
    67   12 Mg        11.6568     175.5616   15718.3434
    68   12 Mg        11.6568     175.5616   15718.3434
    69   12 Mg        11.6502     175.5616   15718.3434
    70   12 Mg        11.6502     175.5616   15718.3434
    71   12 Mg        11.6502     175.5616   15718.3434
    72   12 Mg        11.6580     175.5616   15718.3434
    73   12 Mg        11.6580     175.5616   15718.3434
    74   12 Mg        11.6580     175.5616   15718.3434
    75   12 Mg        11.6315     175.5616   15718.3434
    76   12 Mg        11.6315     175.5616   15718.3434
    77   12 Mg        11.6374     175.5616   15718.3434
    78   12 Mg        11.6568     175.5616   15718.3434
    79   12 Mg        11.6568     175.5616   15718.3434
    80   12 Mg        11.6397     175.5616   15718.3434
    81   12 Mg        11.6397     175.5616   15718.3434
    82   12 Mg        11.6568     175.5616   15718.3434
    83   12 Mg        11.6568     175.5616   15718.3434
    84   12 Mg        11.6702     175.5616   15718.3434
    85   12 Mg        11.6568     175.5616   15718.3434
    86   12 Mg        11.6568     175.5616   15718.3434
    87   12 Mg        11.6504     175.5616   15718.3434
    88   12 Mg        11.6503     175.5616   15718.3434
    89   12 Mg        11.6539     175.5616   15718.3434
    90   12 Mg        11.6397     175.5616   15718.3434
    91   12 Mg        11.6397     175.5616   15718.3434
    92   12 Mg        11.6540     175.5616   15718.3434
    93   12 Mg        11.6539     175.5616   15718.3434
    94   12 Mg        11.6315     175.5616   15718.3434
    95   12 Mg        11.6374     175.5616   15718.3434
    96   12 Mg        11.6374     175.5616   15718.3434
    97   12 Mg        11.6397     175.5616   15718.3434
    98   12 Mg        11.6397     175.5616   15718.3434
    99   12 Mg        11.6503     175.5616   15718.3434
   100   12 Mg        11.6581     175.5616   15718.3434
   101   12 Mg        11.6580     175.5616   15718.3434
   102   12 Mg        11.6581     175.5616   15718.3434
   103   12 Mg        11.6502     175.5616   15718.3434
   104   12 Mg        11.6502     175.5616   15718.3434
   105   12 Mg        11.6502     175.5616   15718.3434
   106   12 Mg        11.6568     175.5616   15718.3434
   107   12 Mg        11.6568     175.5616   15718.3434
   108   12 Mg        11.6569     175.5616   15718.3434
   109   12 Mg        11.6419     175.5616   15718.3434
   110   12 Mg        11.6609     175.5616   15718.3434
   111   12 Mg        11.6609     175.5616   15718.3434
   112   12 Mg        11.6610     175.5616   15718.3434
   113   12 Mg        11.6520     175.5616   15718.3434
   114   12 Mg        11.6520     175.5616   15718.3434
   115   12 Mg        11.6520     175.5616   15718.3434
   116   12 Mg        11.6520     175.5616   15718.3434
   117   12 Mg        11.6520     175.5616   15718.3434
   118   12 Mg        11.6520     175.5616   15718.3434
   119   12 Mg        11.6311     175.5616   15718.3434
   120   12 Mg        11.6311     175.5616   15718.3434
   121   12 Mg        11.6311     175.5616   15718.3434
   122   12 Mg        11.6311     175.5616   15718.3434
   123   12 Mg        11.6311     175.5616   15718.3434
   124   12 Mg        11.6311     175.5616   15718.3434
   125   12 Mg        11.6589     175.5616   15718.3434
   126   12 Mg        11.6589     175.5616   15718.3434
   127   12 Mg        11.6589     175.5616   15718.3434
   128   12 Mg        11.6528     175.5616   15718.3434
   129   12 Mg        11.6528     175.5616   15718.3434
   130   12 Mg        11.6528     175.5616   15718.3434
   131   12 Mg        11.6528     175.5616   15718.3434
   132   12 Mg        11.6529     175.5616   15718.3434
   133   12 Mg        11.6528     175.5616   15718.3434
   134   12 Mg        11.6526     175.5616   15718.3434
   135   12 Mg        11.6516     175.5616   15718.3434
   136   12 Mg        11.6515     175.5616   15718.3434
   137   12 Mg        11.6515     175.5616   15718.3434
   138   12 Mg        11.6516     175.5616   15718.3434
   139   12 Mg        11.6516     175.5616   15718.3434
   140   12 Mg        11.6516     175.5616   15718.3434
   141   12 Mg        11.6420     175.5616   15718.3434
   142   12 Mg        11.6420     175.5616   15718.3434
   143   12 Mg        11.6420     175.5616   15718.3434
   144   12 Mg        11.7145     175.5616   15718.3434
   145   12 Mg        11.7146     175.5616   15718.3434
   146   12 Mg        11.7146     175.5616   15718.3434
   147   12 Mg        11.7704     175.5616   15718.3434
   148   12 Mg        11.7704     175.5616   15718.3434
   149   12 Mg        11.7703     175.5616   15718.3434
   150   41 Nb        12.3957     428.8962   55829.5870
--------------------------------------------------------

Atom-resolved dispersion energies:
--------------------------------------------------
     #    Z           [Hartree]      [kcal/mol]
--------------------------------------------------
     1   12 Mg  -0.10696456E-01     -6.71212750
     2   12 Mg  -0.10696410E-01     -6.71209841
     3   12 Mg  -0.10906453E-01     -6.84390231
     4   12 Mg  -0.10906328E-01     -6.84382423
     5   12 Mg  -0.10607329E-01     -6.65619946
     6   12 Mg  -0.10804250E-01     -6.77976901
     7   12 Mg  -0.10804309E-01     -6.77980601
     8   12 Mg  -0.10696398E-01     -6.71209087
     9   12 Mg  -0.10696420E-01     -6.71210510
    10   12 Mg  -0.10802416E-01     -6.77861813
    11   12 Mg  -0.10607373E-01     -6.65622709
    12   12 Mg  -0.10607322E-01     -6.65619499
    13   12 Mg  -0.10604217E-01     -6.65424642
    14   12 Mg  -0.10604211E-01     -6.65424286
    15   12 Mg  -0.10804371E-01     -6.77984515
    16   12 Mg  -0.10696456E-01     -6.71212758
    17   12 Mg  -0.10696455E-01     -6.71212655
    18   12 Mg  -0.10802447E-01     -6.77863781
    19   12 Mg  -0.10802544E-01     -6.77869865
    20   12 Mg  -0.10604187E-01     -6.65422778
    21   12 Mg  -0.10906296E-01     -6.84380424
    22   12 Mg  -0.10906127E-01     -6.84369797
    23   12 Mg  -0.10906484E-01     -6.84392186
    24   12 Mg  -0.10906183E-01     -6.84373318
    25   12 Mg  -0.10908163E-01     -6.84497541
    26   12 Mg  -0.10907999E-01     -6.84487282
    27   12 Mg  -0.10908115E-01     -6.84494552
    28   12 Mg  -0.11221580E-01     -7.04164786
    29   12 Mg  -0.11221760E-01     -7.04176071
    30   12 Mg  -0.11221867E-01     -7.04182774
    31   12 Mg  -0.10607006E-01     -6.65599694
    32   12 Mg  -0.10607009E-01     -6.65599890
    33   12 Mg  -0.10607031E-01     -6.65601214
    34   12 Mg  -0.10806730E-01     -6.78132527
    35   12 Mg  -0.10806731E-01     -6.78132597
    36   12 Mg  -0.10806808E-01     -6.78137465
    37   12 Mg  -0.10806753E-01     -6.78134003
    38   12 Mg  -0.10806774E-01     -6.78135328
    39   12 Mg  -0.10806729E-01     -6.78132454
    40   12 Mg  -0.10601943E-01     -6.65281983
    41   12 Mg  -0.10618282E-01     -6.66307230
    42   12 Mg  -0.10618276E-01     -6.66306895
    43   12 Mg  -0.10618258E-01     -6.66305773
    44   12 Mg  -0.10618280E-01     -6.66307140
    45   12 Mg  -0.10618296E-01     -6.66308143
    46   12 Mg  -0.10618267E-01     -6.66306315
    47   12 Mg  -0.10593525E-01     -6.64753711
    48   12 Mg  -0.10593481E-01     -6.64750963
    49   12 Mg  -0.10593526E-01     -6.64753790
    50   12 Mg  -0.10706270E-01     -6.71828605
    51   12 Mg  -0.10706246E-01     -6.71827085
    52   12 Mg  -0.10706279E-01     -6.71829158
    53   12 Mg  -0.10706312E-01     -6.71831199
    54   12 Mg  -0.10706277E-01     -6.71828995
    55   12 Mg  -0.10706301E-01     -6.71830511
    56   12 Mg  -0.10597559E-01     -6.65006877
    57   12 Mg  -0.10597574E-01     -6.65007830
    58   12 Mg  -0.10597533E-01     -6.65005258
    59   12 Mg  -0.10597571E-01     -6.65007612
    60   12 Mg  -0.10597544E-01     -6.65005950
    61   12 Mg  -0.10597544E-01     -6.65005944
    62   12 Mg  -0.10597356E-01     -6.64994148
    63   12 Mg  -0.10597320E-01     -6.64991844
    64   12 Mg  -0.10597323E-01     -6.64992034
    65   12 Mg  -0.10888750E-01     -6.83279380
    66   12 Mg  -0.10605053E-01     -6.65477122
    67   12 Mg  -0.10605064E-01     -6.65477826
    68   12 Mg  -0.10605091E-01     -6.65479491
    69   12 Mg  -0.10598157E-01     -6.65044407
    70   12 Mg  -0.10598143E-01     -6.65043532
    71   12 Mg  -0.10598177E-01     -6.65045661
    72   12 Mg  -0.10588916E-01     -6.64464508
    73   12 Mg  -0.10588913E-01     -6.64464305
    74   12 Mg  -0.10588935E-01     -6.64465676
    75   12 Mg  -0.10603373E-01     -6.65371731
    76   12 Mg  -0.10603348E-01     -6.65370134
    77   12 Mg  -0.10590994E-01     -6.64594932
    78   12 Mg  -0.10586194E-01     -6.64293693
    79   12 Mg  -0.10586235E-01     -6.64296290
    80   12 Mg  -0.10592846E-01     -6.64711120
    81   12 Mg  -0.10592852E-01     -6.64711525
    82   12 Mg  -0.10586231E-01     -6.64296041
    83   12 Mg  -0.10586214E-01     -6.64294962
    84   12 Mg  -0.10589583E-01     -6.64506386
    85   12 Mg  -0.10586253E-01     -6.64297385
    86   12 Mg  -0.10586237E-01     -6.64296424
    87   12 Mg  -0.10593107E-01     -6.64727493
    88   12 Mg  -0.10593148E-01     -6.64730047
    89   12 Mg  -0.10587792E-01     -6.64393998
    90   12 Mg  -0.10592852E-01     -6.64711506
    91   12 Mg  -0.10592850E-01     -6.64711371
    92   12 Mg  -0.10587787E-01     -6.64393640
    93   12 Mg  -0.10587796E-01     -6.64394223
    94   12 Mg  -0.10603368E-01     -6.65371384
    95   12 Mg  -0.10590983E-01     -6.64594191
    96   12 Mg  -0.10591001E-01     -6.64595367
    97   12 Mg  -0.10592824E-01     -6.64709731
    98   12 Mg  -0.10592849E-01     -6.64711316
    99   12 Mg  -0.10593146E-01     -6.64729978
   100   12 Mg  -0.10588890E-01     -6.64462876
   101   12 Mg  -0.10588954E-01     -6.64466882
   102   12 Mg  -0.10588935E-01     -6.64465705
   103   12 Mg  -0.10598213E-01     -6.65047890
   104   12 Mg  -0.10598197E-01     -6.65046888
   105   12 Mg  -0.10598215E-01     -6.65048029
   106   12 Mg  -0.10605060E-01     -6.65477553
   107   12 Mg  -0.10605074E-01     -6.65478446
   108   12 Mg  -0.10605049E-01     -6.65476898
   109   12 Mg  -0.10888589E-01     -6.83269263
   110   12 Mg  -0.10597376E-01     -6.64995362
   111   12 Mg  -0.10597380E-01     -6.64995619
   112   12 Mg  -0.10597324E-01     -6.64992128
   113   12 Mg  -0.10597539E-01     -6.65005618
   114   12 Mg  -0.10597535E-01     -6.65005370
   115   12 Mg  -0.10597584E-01     -6.65008414
   116   12 Mg  -0.10597549E-01     -6.65006238
   117   12 Mg  -0.10597571E-01     -6.65007590
   118   12 Mg  -0.10597555E-01     -6.65006613
   119   12 Mg  -0.10706232E-01     -6.71826210
   120   12 Mg  -0.10706244E-01     -6.71826946
   121   12 Mg  -0.10706283E-01     -6.71829372
   122   12 Mg  -0.10706275E-01     -6.71828905
   123   12 Mg  -0.10706235E-01     -6.71826370
   124   12 Mg  -0.10706239E-01     -6.71826623
   125   12 Mg  -0.10593529E-01     -6.64753974
   126   12 Mg  -0.10593538E-01     -6.64754563
   127   12 Mg  -0.10593511E-01     -6.64752855
   128   12 Mg  -0.10618314E-01     -6.66309262
   129   12 Mg  -0.10618322E-01     -6.66309766
   130   12 Mg  -0.10618291E-01     -6.66307799
   131   12 Mg  -0.10618301E-01     -6.66308455
   132   12 Mg  -0.10618245E-01     -6.66304905
   133   12 Mg  -0.10618303E-01     -6.66308568
   134   12 Mg  -0.10601975E-01     -6.65284001
   135   12 Mg  -0.10806681E-01     -6.78129469
   136   12 Mg  -0.10806730E-01     -6.78132543
   137   12 Mg  -0.10806828E-01     -6.78138704
   138   12 Mg  -0.10806747E-01     -6.78133582
   139   12 Mg  -0.10806761E-01     -6.78134517
   140   12 Mg  -0.10806700E-01     -6.78130689
   141   12 Mg  -0.10607002E-01     -6.65599421
   142   12 Mg  -0.10606988E-01     -6.65598533
   143   12 Mg  -0.10607019E-01     -6.65600480
   144   12 Mg  -0.11221548E-01     -7.04162767
   145   12 Mg  -0.11221690E-01     -7.04171660
   146   12 Mg  -0.11221756E-01     -7.04175811
   147   12 Mg  -0.10908283E-01     -6.84505064
   148   12 Mg  -0.10908149E-01     -6.84496662
   149   12 Mg  -0.10908306E-01     -6.84506512
   150   41 Nb  -0.23271343E-01    -14.60298820
--------------------------------------------------

Dispersion energy:      -1.6161796537678E+00 Eh

[Info] Dispersion energy written to .EDISP
