-----------------------------------
 s i m p l e   D F T - D 3  v1.2.1
-----------------------------------

Zero (Chai-Head-Gordon) damping: pbe-D3(0)
--------------------
  s6         1.0000
  s8         0.7220
  s9         0.0000
 rs6         1.2170
 rs8         1.0000
 alp        14.0000
--------------------

Atomic radii (in Angstrom):
-------------------------------------------
   Z          R(cov)     R(vdw)      r4/r2
-------------------------------------------
  12 Mg       1.6667     1.7420     2.8909
  41 Nb       1.7600     1.9298     3.4858
-------------------------------------------

Atomic reference systems (in atomic units):
----------------------------------------------------------------------------
   Z        #      CN    C6(AA)   #      CN    C6(AA)   #      CN    C6(AA)
----------------------------------------------------------------------------
  12 Mg     1  0.0000  683.3758   2  0.9628  451.2708   3  1.9496  175.5616
  41 Nb     1  0.0000 1475.2500   2  1.9545  580.5824   3  2.9225  428.8962
----------------------------------------------------------------------------

Dispersion properties (in atomic units):
--------------------------------------------------------
     #    Z                CN       C6(AA)       C8(AA)
--------------------------------------------------------
     1   12 Mg         0.0020     677.1326   60624.8934
     2   12 Mg         0.0020     677.1326   60624.8932
     3   12 Mg         0.0021     677.1242   60624.1413
     4   12 Mg         0.0021     677.1242   60624.1409
     5   12 Mg         0.0020     677.1320   60624.8335
     6   12 Mg         0.0020     677.1313   60624.7729
     7   12 Mg         0.0020     677.1313   60624.7730
     8   12 Mg         0.0020     677.1326   60624.8934
     9   12 Mg         0.0020     677.1326   60624.8933
    10   12 Mg         0.0020     677.1317   60624.8068
    11   12 Mg         0.0020     677.1320   60624.8336
    12   12 Mg         0.0020     677.1320   60624.8335
    13   12 Mg         0.0020     677.1322   60624.8509
    14   12 Mg         0.0020     677.1322   60624.8510
    15   12 Mg         0.0020     677.1313   60624.7731
    16   12 Mg         0.0020     677.1326   60624.8936
    17   12 Mg         0.0020     677.1326   60624.8934
    18   12 Mg         0.0020     677.1317   60624.8067
    19   12 Mg         0.0020     677.1317   60624.8069
    20   12 Mg         0.0020     677.1322   60624.8508
    21   12 Mg         0.0021     677.1242   60624.1407
    22   12 Mg         0.0021     677.1242   60624.1405
    23   12 Mg         0.0021     677.1242   60624.1412
    24   12 Mg         0.0021     677.1242   60624.1405
    25   12 Mg         0.0021     677.1247   60624.1790
    26   12 Mg         0.0021     677.1247   60624.1785
    27   12 Mg         0.0021     677.1247   60624.1787
    28   12 Mg         0.0020     677.1304   60624.6907
    29   12 Mg         0.0020     677.1304   60624.6909
    30   12 Mg         0.0020     677.1304   60624.6909
    31   12 Mg         0.0020     677.1320   60624.8397
    32   12 Mg         0.0020     677.1320   60624.8399
    33   12 Mg         0.0020     677.1320   60624.8398
    34   12 Mg         0.0020     677.1316   60624.8051
    35   12 Mg         0.0020     677.1316   60624.8050
    36   12 Mg         0.0020     677.1316   60624.8051
    37   12 Mg         0.0020     677.1316   60624.8049
    38   12 Mg         0.0020     677.1316   60624.8049
    39   12 Mg         0.0020     677.1316   60624.8049
    40   12 Mg         0.0020     677.1316   60624.7997
    41   12 Mg         0.0020     677.1313   60624.7710
    42   12 Mg         0.0020     677.1313   60624.7709
    43   12 Mg         0.0020     677.1313   60624.7709
    44   12 Mg         0.0020     677.1313   60624.7710
    45   12 Mg         0.0020     677.1313   60624.7710
    46   12 Mg         0.0020     677.1313   60624.7710
    47   12 Mg         0.0020     677.1314   60624.7784
    48   12 Mg         0.0020     677.1314   60624.7783
    49   12 Mg         0.0020     677.1314   60624.7783
    50   12 Mg         0.0020     677.1322   60624.8520
    51   12 Mg         0.0020     677.1322   60624.8519
    52   12 Mg         0.0020     677.1322   60624.8519
    53   12 Mg         0.0020     677.1322   60624.8520
    54   12 Mg         0.0020     677.1322   60624.8519
    55   12 Mg         0.0020     677.1322   60624.8520
    56   12 Mg         0.0020     677.1316   60624.8019
    57   12 Mg         0.0020     677.1316   60624.8019
    58   12 Mg         0.0020     677.1316   60624.8017
    59   12 Mg         0.0020     677.1316   60624.8019
    60   12 Mg         0.0020     677.1316   60624.8018
    61   12 Mg         0.0020     677.1316   60624.8017
    62   12 Mg         0.0020     677.1315   60624.7881
    63   12 Mg         0.0020     677.1315   60624.7879
    64   12 Mg         0.0020     677.1315   60624.7880
    65   12 Mg         0.0020     677.1318   60624.8192
    66   12 Mg         0.0020     677.1314   60624.7869
    67   12 Mg         0.0020     677.1314   60624.7871
    68   12 Mg         0.0020     677.1314   60624.7871
    69   12 Mg         0.0020     677.1313   60624.7746
    70   12 Mg         0.0020     677.1313   60624.7745
    71   12 Mg         0.0020     677.1313   60624.7746
    72   12 Mg         0.0020     677.1314   60624.7786
    73   12 Mg         0.0020     677.1314   60624.7786
    74   12 Mg         0.0020     677.1314   60624.7787
    75   12 Mg         0.0020     677.1324   60624.8718
    76   12 Mg         0.0020     677.1324   60624.8718
    77   12 Mg         0.0020     677.1319   60624.8300
    78   12 Mg         0.0020     677.1312   60624.7604
    79   12 Mg         0.0020     677.1312   60624.7606
    80   12 Mg         0.0020     677.1320   60624.8384
    81   12 Mg         0.0020     677.1320   60624.8385
    82   12 Mg         0.0020     677.1312   60624.7604
    83   12 Mg         0.0020     677.1312   60624.7604
    84   12 Mg         0.0020     677.1309   60624.7406
    85   12 Mg         0.0020     677.1312   60624.7604
    86   12 Mg         0.0020     677.1312   60624.7604
    87   12 Mg         0.0020     677.1318   60624.8203
    88   12 Mg         0.0020     677.1318   60624.8205
    89   12 Mg         0.0020     677.1315   60624.7953
    90   12 Mg         0.0020     677.1320   60624.8384
    91   12 Mg         0.0020     677.1320   60624.8383
    92   12 Mg         0.0020     677.1315   60624.7952
    93   12 Mg         0.0020     677.1315   60624.7953
    94   12 Mg         0.0020     677.1324   60624.8718
    95   12 Mg         0.0020     677.1319   60624.8299
    96   12 Mg         0.0020     677.1319   60624.8300
    97   12 Mg         0.0020     677.1320   60624.8383
    98   12 Mg         0.0020     677.1320   60624.8384
    99   12 Mg         0.0020     677.1318   60624.8206
   100   12 Mg         0.0020     677.1314   60624.7784
   101   12 Mg         0.0020     677.1314   60624.7787
   102   12 Mg         0.0020     677.1314   60624.7786
   103   12 Mg         0.0020     677.1313   60624.7747
   104   12 Mg         0.0020     677.1313   60624.7746
   105   12 Mg         0.0020     677.1313   60624.7747
   106   12 Mg         0.0020     677.1314   60624.7869
   107   12 Mg         0.0020     677.1314   60624.7869
   108   12 Mg         0.0020     677.1314   60624.7867
   109   12 Mg         0.0020     677.1318   60624.8189
   110   12 Mg         0.0020     677.1315   60624.7880
   111   12 Mg         0.0020     677.1315   60624.7880
   112   12 Mg         0.0020     677.1315   60624.7877
   113   12 Mg         0.0020     677.1316   60624.8017
   114   12 Mg         0.0020     677.1316   60624.8016
   115   12 Mg         0.0020     677.1316   60624.8018
   116   12 Mg         0.0020     677.1316   60624.8017
   117   12 Mg         0.0020     677.1316   60624.8017
   118   12 Mg         0.0020     677.1316   60624.8016
   119   12 Mg         0.0020     677.1322   60624.8519
   120   12 Mg         0.0020     677.1322   60624.8519
   121   12 Mg         0.0020     677.1322   60624.8520
   122   12 Mg         0.0020     677.1322   60624.8519
   123   12 Mg         0.0020     677.1322   60624.8519
   124   12 Mg         0.0020     677.1322   60624.8518
   125   12 Mg         0.0020     677.1314   60624.7783
   126   12 Mg         0.0020     677.1314   60624.7783
   127   12 Mg         0.0020     677.1313   60624.7782
   128   12 Mg         0.0020     677.1313   60624.7710
   129   12 Mg         0.0020     677.1313   60624.7710
   130   12 Mg         0.0020     677.1313   60624.7709
   131   12 Mg         0.0020     677.1313   60624.7709
   132   12 Mg         0.0020     677.1313   60624.7706
   133   12 Mg         0.0020     677.1313   60624.7710
   134   12 Mg         0.0020     677.1316   60624.7997
   135   12 Mg         0.0020     677.1316   60624.8050
   136   12 Mg         0.0020     677.1316   60624.8051
   137   12 Mg         0.0020     677.1317   60624.8052
   138   12 Mg         0.0020     677.1316   60624.8050
   139   12 Mg         0.0020     677.1316   60624.8050
   140   12 Mg         0.0020     677.1316   60624.8050
   141   12 Mg         0.0020     677.1320   60624.8396
   142   12 Mg         0.0020     677.1320   60624.8397
   143   12 Mg         0.0020     677.1320   60624.8397
   144   12 Mg         0.0020     677.1304   60624.6909
   145   12 Mg         0.0020     677.1304   60624.6909
   146   12 Mg         0.0020     677.1304   60624.6909
   147   12 Mg         0.0021     677.1247   60624.1793
   148   12 Mg         0.0021     677.1247   60624.1790
   149   12 Mg         0.0021     677.1247   60624.1794
   150   41 Nb         0.0029    1475.2497  192033.8368
--------------------------------------------------------

Atom-resolved dispersion energies:
--------------------------------------------------
     #    Z           [Hartree]      [kcal/mol]
--------------------------------------------------
     1   12 Mg  -0.76825074E-03     -0.48208462
     2   12 Mg  -0.76826697E-03     -0.48209480
     3   12 Mg  -0.85456138E-03     -0.53624536
     4   12 Mg  -0.85459646E-03     -0.53626738
     5   12 Mg  -0.77348040E-03     -0.48536628
     6   12 Mg  -0.77902502E-03     -0.48884558
     7   12 Mg  -0.77902067E-03     -0.48884285
     8   12 Mg  -0.76824593E-03     -0.48208160
     9   12 Mg  -0.76825370E-03     -0.48208647
    10   12 Mg  -0.77619651E-03     -0.48707067
    11   12 Mg  -0.77346538E-03     -0.48535685
    12   12 Mg  -0.77347513E-03     -0.48536297
    13   12 Mg  -0.77194804E-03     -0.48440471
    14   12 Mg  -0.77193841E-03     -0.48439867
    15   12 Mg  -0.77900766E-03     -0.48883469
    16   12 Mg  -0.76823248E-03     -0.48207316
    17   12 Mg  -0.76825123E-03     -0.48208492
    18   12 Mg  -0.77620885E-03     -0.48707840
    19   12 Mg  -0.77618731E-03     -0.48706489
    20   12 Mg  -0.77196048E-03     -0.48441252
    21   12 Mg  -0.85461372E-03     -0.53627821
    22   12 Mg  -0.85463993E-03     -0.53629465
    23   12 Mg  -0.85456819E-03     -0.53624964
    24   12 Mg  -0.85463833E-03     -0.53629365
    25   12 Mg  -0.85160288E-03     -0.53438887
    26   12 Mg  -0.85164744E-03     -0.53441684
    27   12 Mg  -0.85162520E-03     -0.53440288
    28   12 Mg  -0.78805565E-03     -0.49451239
    29   12 Mg  -0.78804481E-03     -0.49450558
    30   12 Mg  -0.78804386E-03     -0.49450499
    31   12 Mg  -0.77293179E-03     -0.48502202
    32   12 Mg  -0.77291535E-03     -0.48501170
    33   12 Mg  -0.77292713E-03     -0.48501910
    34   12 Mg  -0.77635464E-03     -0.48716989
    35   12 Mg  -0.77635968E-03     -0.48717305
    36   12 Mg  -0.77635461E-03     -0.48716988
    37   12 Mg  -0.77637098E-03     -0.48718014
    38   12 Mg  -0.77636919E-03     -0.48717903
    39   12 Mg  -0.77637251E-03     -0.48718110
    40   12 Mg  -0.77623493E-03     -0.48709477
    41   12 Mg  -0.77880262E-03     -0.48870602
    42   12 Mg  -0.77881039E-03     -0.48871090
    43   12 Mg  -0.77880954E-03     -0.48871036
    44   12 Mg  -0.77880131E-03     -0.48870520
    45   12 Mg  -0.77879587E-03     -0.48870179
    46   12 Mg  -0.77879791E-03     -0.48870307
    47   12 Mg  -0.77820360E-03     -0.48833013
    48   12 Mg  -0.77821823E-03     -0.48833931
    49   12 Mg  -0.77821541E-03     -0.48833754
    50   12 Mg  -0.77193331E-03     -0.48439547
    51   12 Mg  -0.77193764E-03     -0.48439818
    52   12 Mg  -0.77193803E-03     -0.48439843
    53   12 Mg  -0.77192755E-03     -0.48439185
    54   12 Mg  -0.77193762E-03     -0.48439817
    55   12 Mg  -0.77192793E-03     -0.48439209
    56   12 Mg  -0.77610498E-03     -0.48701323
    57   12 Mg  -0.77610821E-03     -0.48701525
    58   12 Mg  -0.77612285E-03     -0.48702444
    59   12 Mg  -0.77610926E-03     -0.48701592
    60   12 Mg  -0.77611696E-03     -0.48702074
    61   12 Mg  -0.77612257E-03     -0.48702427
    62   12 Mg  -0.77728466E-03     -0.48775349
    63   12 Mg  -0.77730148E-03     -0.48776404
    64   12 Mg  -0.77729791E-03     -0.48776180
    65   12 Mg  -0.77529567E-03     -0.48650538
    66   12 Mg  -0.77749572E-03     -0.48788593
    67   12 Mg  -0.77748520E-03     -0.48787933
    68   12 Mg  -0.77748225E-03     -0.48787748
    69   12 Mg  -0.77841562E-03     -0.48846318
    70   12 Mg  -0.77842315E-03     -0.48846790
    71   12 Mg  -0.77840068E-03     -0.48845380
    72   12 Mg  -0.77799822E-03     -0.48820125
    73   12 Mg  -0.77799955E-03     -0.48820209
    74   12 Mg  -0.77798978E-03     -0.48819596
    75   12 Mg  -0.77009187E-03     -0.48323994
    76   12 Mg  -0.77009507E-03     -0.48324195
    77   12 Mg  -0.77373768E-03     -0.48552772
    78   12 Mg  -0.77952866E-03     -0.48916162
    79   12 Mg  -0.77951900E-03     -0.48915556
    80   12 Mg  -0.77290741E-03     -0.48500672
    81   12 Mg  -0.77290018E-03     -0.48500218
    82   12 Mg  -0.77953367E-03     -0.48916476
    83   12 Mg  -0.77953464E-03     -0.48916537
    84   12 Mg  -0.78125223E-03     -0.49024318
    85   12 Mg  -0.77952821E-03     -0.48916134
    86   12 Mg  -0.77952124E-03     -0.48915696
    87   12 Mg  -0.77444262E-03     -0.48597008
    88   12 Mg  -0.77442408E-03     -0.48595845
    89   12 Mg  -0.77658108E-03     -0.48731198
    90   12 Mg  -0.77290849E-03     -0.48500740
    91   12 Mg  -0.77291386E-03     -0.48501077
    92   12 Mg  -0.77658610E-03     -0.48731513
    93   12 Mg  -0.77657795E-03     -0.48731002
    94   12 Mg  -0.77009591E-03     -0.48324248
    95   12 Mg  -0.77374413E-03     -0.48553177
    96   12 Mg  -0.77373642E-03     -0.48552693
    97   12 Mg  -0.77291165E-03     -0.48500939
    98   12 Mg  -0.77290518E-03     -0.48500532
    99   12 Mg  -0.77441446E-03     -0.48595241
   100   12 Mg  -0.77801727E-03     -0.48821321
   101   12 Mg  -0.77799345E-03     -0.48819826
   102   12 Mg  -0.77800224E-03     -0.48820378
   103   12 Mg  -0.77840494E-03     -0.48845647
   104   12 Mg  -0.77841790E-03     -0.48846461
   105   12 Mg  -0.77839958E-03     -0.48845311
   106   12 Mg  -0.77749905E-03     -0.48788802
   107   12 Mg  -0.77749589E-03     -0.48788603
   108   12 Mg  -0.77751386E-03     -0.48789731
   109   12 Mg  -0.77531435E-03     -0.48651710
   110   12 Mg  -0.77729537E-03     -0.48776021
   111   12 Mg  -0.77729959E-03     -0.48776286
   112   12 Mg  -0.77732029E-03     -0.48777584
   113   12 Mg  -0.77612566E-03     -0.48702620
   114   12 Mg  -0.77612991E-03     -0.48702887
   115   12 Mg  -0.77611517E-03     -0.48701962
   116   12 Mg  -0.77612753E-03     -0.48702738
   117   12 Mg  -0.77612428E-03     -0.48702534
   118   12 Mg  -0.77613133E-03     -0.48702976
   119   12 Mg  -0.77194040E-03     -0.48439992
   120   12 Mg  -0.77193717E-03     -0.48439789
   121   12 Mg  -0.77193225E-03     -0.48439480
   122   12 Mg  -0.77194037E-03     -0.48439989
   123   12 Mg  -0.77193731E-03     -0.48439797
   124   12 Mg  -0.77194501E-03     -0.48440281
   125   12 Mg  -0.77821278E-03     -0.48833589
   126   12 Mg  -0.77821277E-03     -0.48833589
   127   12 Mg  -0.77822634E-03     -0.48834440
   128   12 Mg  -0.77880176E-03     -0.48870548
   129   12 Mg  -0.77879865E-03     -0.48870353
   130   12 Mg  -0.77880483E-03     -0.48870741
   131   12 Mg  -0.77880586E-03     -0.48870806
   132   12 Mg  -0.77883166E-03     -0.48872425
   133   12 Mg  -0.77879899E-03     -0.48870374
   134   12 Mg  -0.77623860E-03     -0.48709707
   135   12 Mg  -0.77636405E-03     -0.48717580
   136   12 Mg  -0.77635507E-03     -0.48717016
   137   12 Mg  -0.77634461E-03     -0.48716360
   138   12 Mg  -0.77636242E-03     -0.48717478
   139   12 Mg  -0.77636562E-03     -0.48717678
   140   12 Mg  -0.77636469E-03     -0.48717620
   141   12 Mg  -0.77294095E-03     -0.48502777
   142   12 Mg  -0.77293324E-03     -0.48502293
   143   12 Mg  -0.77293721E-03     -0.48502542
   144   12 Mg  -0.78804217E-03     -0.49450393
   145   12 Mg  -0.78804053E-03     -0.49450290
   146   12 Mg  -0.78803918E-03     -0.49450205
   147   12 Mg  -0.85156705E-03     -0.53436639
   148   12 Mg  -0.85160067E-03     -0.53438749
   149   12 Mg  -0.85155805E-03     -0.53436075
   150   41 Nb  -0.14138045E-02     -0.88717572
--------------------------------------------------

Dispersion energy:      -1.1798695937273E-01 Eh

[Info] Dispersion energy written to .EDISP
