-----------------------------------
 s i m p l e   D F T - D 3  v1.2.1
-----------------------------------

Zero (Chai-Head-Gordon) damping: pbe-D3(0)
--------------------
  s6         1.0000
  s8         0.7220
  s9         0.0000
 rs6         1.2170
 rs8         1.0000
 alp        14.0000
--------------------

Atomic radii (in Angstrom):
-------------------------------------------
   Z          R(cov)     R(vdw)      r4/r2
-------------------------------------------
  62 Sm       2.0667     2.2258     4.6660
  30 Zn       1.4533     1.6155     2.6978
-------------------------------------------

Atomic reference systems (in atomic units):
----------------------------------------------------------------------------
   Z        #      CN    C6(AA)   #      CN    C6(AA)   #      CN    C6(AA)
----------------------------------------------------------------------------
  62 Sm     1  0.0000 3522.0508   2  2.9300  587.7891
  30 Zn     1  0.0000  340.5213   2  1.9419  153.4528
----------------------------------------------------------------------------

Dispersion properties (in atomic units):
--------------------------------------------------------
     #    Z                CN       C6(AA)       C8(AA)
--------------------------------------------------------
     1   62 Sm         0.0066    3522.0508  821475.9286
     2   62 Sm         0.0066    3522.0508  821475.9286
     3   62 Sm         0.0066    3522.0508  821475.9286
     4   62 Sm         0.0066    3522.0508  821475.9286
     5   62 Sm         0.0070    3522.0508  821475.9286
     6   62 Sm         0.0070    3522.0508  821475.9286
     7   30 Zn         0.0043     340.5212   26551.8218
     8   30 Zn         0.0043     340.5212   26551.8218
     9   30 Zn         0.0043     340.5212   26551.8218
    10   30 Zn         0.0043     340.5212   26551.8218
    11   30 Zn         0.0043     340.5212   26551.8218
    12   30 Zn         0.0043     340.5212   26551.8218
    13   30 Zn         0.0043     340.5212   26551.8218
    14   30 Zn         0.0043     340.5212   26551.8218
    15   30 Zn         0.0043     340.5212   26551.8218
    16   30 Zn         0.0043     340.5212   26551.8218
    17   30 Zn         0.0043     340.5212   26551.8218
    18   30 Zn         0.0043     340.5212   26551.8218
    19   30 Zn         0.0043     340.5212   26551.8218
    20   30 Zn         0.0043     340.5212   26551.8218
    21   30 Zn         0.0043     340.5212   26551.8218
    22   30 Zn         0.0043     340.5212   26551.8218
    23   30 Zn         0.0042     340.5212   26551.8218
    24   30 Zn         0.0042     340.5212   26551.8218
    25   30 Zn         0.0042     340.5212   26551.8218
    26   30 Zn         0.0042     340.5212   26551.8218
    27   30 Zn         0.0042     340.5212   26551.8218
    28   30 Zn         0.0042     340.5212   26551.8218
    29   30 Zn         0.0042     340.5212   26551.8218
    30   30 Zn         0.0042     340.5212   26551.8218
    31   30 Zn         0.0042     340.5212   26551.8218
    32   30 Zn         0.0042     340.5212   26551.8218
    33   30 Zn         0.0042     340.5212   26551.8218
    34   30 Zn         0.0042     340.5212   26551.8218
    35   30 Zn         0.0042     340.5212   26551.8218
    36   30 Zn         0.0042     340.5212   26551.8218
    37   30 Zn         0.0042     340.5212   26551.8218
    38   30 Zn         0.0042     340.5212   26551.8218
    39   30 Zn         0.0044     340.5212   26551.8218
    40   30 Zn         0.0044     340.5212   26551.8218
    41   30 Zn         0.0044     340.5212   26551.8218
    42   30 Zn         0.0044     340.5212   26551.8218
    43   30 Zn         0.0044     340.5212   26551.8218
    44   30 Zn         0.0044     340.5212   26551.8218
    45   30 Zn         0.0044     340.5212   26551.8218
    46   30 Zn         0.0044     340.5212   26551.8218
    47   30 Zn         0.0049     340.5212   26551.8218
    48   30 Zn         0.0049     340.5212   26551.8218
    49   30 Zn         0.0049     340.5212   26551.8218
    50   30 Zn         0.0049     340.5212   26551.8218
--------------------------------------------------------

Atom-resolved dispersion energies:
--------------------------------------------------
     #    Z           [Hartree]      [kcal/mol]
--------------------------------------------------
     1   62 Sm  -0.29456248E-02     -1.84840748
     2   62 Sm  -0.29456248E-02     -1.84840748
     3   62 Sm  -0.29456248E-02     -1.84840748
     4   62 Sm  -0.29456248E-02     -1.84840748
     5   62 Sm  -0.30886880E-02     -1.93818097
     6   62 Sm  -0.30886880E-02     -1.93818097
     7   30 Zn  -0.17661372E-02     -1.10826784
     8   30 Zn  -0.17661410E-02     -1.10827019
     9   30 Zn  -0.17661372E-02     -1.10826784
    10   30 Zn  -0.17661310E-02     -1.10826392
    11   30 Zn  -0.17661310E-02     -1.10826392
    12   30 Zn  -0.17661347E-02     -1.10826627
    13   30 Zn  -0.17661410E-02     -1.10827019
    14   30 Zn  -0.17661347E-02     -1.10826627
    15   30 Zn  -0.17661372E-02     -1.10826784
    16   30 Zn  -0.17661410E-02     -1.10827019
    17   30 Zn  -0.17661372E-02     -1.10826784
    18   30 Zn  -0.17661310E-02     -1.10826392
    19   30 Zn  -0.17661310E-02     -1.10826392
    20   30 Zn  -0.17661347E-02     -1.10826627
    21   30 Zn  -0.17661410E-02     -1.10827019
    22   30 Zn  -0.17661347E-02     -1.10826627
    23   30 Zn  -0.17336310E-02     -1.08786988
    24   30 Zn  -0.17336310E-02     -1.08786988
    25   30 Zn  -0.17336327E-02     -1.08787092
    26   30 Zn  -0.17336327E-02     -1.08787092
    27   30 Zn  -0.17336310E-02     -1.08786988
    28   30 Zn  -0.17336310E-02     -1.08786988
    29   30 Zn  -0.17336327E-02     -1.08787092
    30   30 Zn  -0.17336327E-02     -1.08787092
    31   30 Zn  -0.17435194E-02     -1.09407494
    32   30 Zn  -0.17435194E-02     -1.09407494
    33   30 Zn  -0.17435188E-02     -1.09407455
    34   30 Zn  -0.17435188E-02     -1.09407455
    35   30 Zn  -0.17435194E-02     -1.09407494
    36   30 Zn  -0.17435194E-02     -1.09407494
    37   30 Zn  -0.17435188E-02     -1.09407455
    38   30 Zn  -0.17435188E-02     -1.09407455
    39   30 Zn  -0.18096687E-02     -1.13558425
    40   30 Zn  -0.18096687E-02     -1.13558425
    41   30 Zn  -0.18096745E-02     -1.13558787
    42   30 Zn  -0.18096745E-02     -1.13558787
    43   30 Zn  -0.18096687E-02     -1.13558425
    44   30 Zn  -0.18096687E-02     -1.13558425
    45   30 Zn  -0.18096745E-02     -1.13558787
    46   30 Zn  -0.18096745E-02     -1.13558787
    47   30 Zn  -0.19877228E-02     -1.24731489
    48   30 Zn  -0.19877228E-02     -1.24731489
    49   30 Zn  -0.19877149E-02     -1.24730993
    50   30 Zn  -0.19877149E-02     -1.24730993
--------------------------------------------------

Dispersion energy:      -9.6463506020273E-02 Eh

[Info] Dispersion energy written to .EDISP
