-----------------------------------
 s i m p l e   D F T - D 3  v1.2.1
-----------------------------------

Zero (Chai-Head-Gordon) damping: pbe-D3(0)
--------------------
  s6         1.0000
  s8         0.7220
  s9         0.0000
 rs6         1.2170
 rs8         1.0000
 alp        14.0000
--------------------

Atomic radii (in Angstrom):
-------------------------------------------
   Z          R(cov)     R(vdw)      r4/r2
-------------------------------------------
  62 Sm       2.0667     2.2258     4.6660
  30 Zn       1.4533     1.6155     2.6978
-------------------------------------------

Atomic reference systems (in atomic units):
----------------------------------------------------------------------------
   Z        #      CN    C6(AA)   #      CN    C6(AA)   #      CN    C6(AA)
----------------------------------------------------------------------------
  62 Sm     1  0.0000 3522.0508   2  2.9300  587.7891
  30 Zn     1  0.0000  340.5213   2  1.9419  153.4528
----------------------------------------------------------------------------

Dispersion properties (in atomic units):
--------------------------------------------------------
     #    Z                CN       C6(AA)       C8(AA)
--------------------------------------------------------
     1   62 Sm         0.8362    3522.0490  821475.5153
     2   62 Sm         0.8362    3522.0490  821475.5153
     3   62 Sm         0.8362    3522.0490  821475.5153
     4   62 Sm         0.8362    3522.0490  821475.5153
     5   62 Sm         0.8881    3522.0448  821474.5351
     6   62 Sm         0.8881    3522.0448  821474.5351
     7   30 Zn         0.5474     340.1974   26526.5751
     8   30 Zn         0.5474     340.1974   26526.5732
     9   30 Zn         0.5474     340.1974   26526.5751
    10   30 Zn         0.5474     340.1975   26526.5763
    11   30 Zn         0.5474     340.1975   26526.5763
    12   30 Zn         0.5474     340.1974   26526.5744
    13   30 Zn         0.5474     340.1974   26526.5732
    14   30 Zn         0.5474     340.1974   26526.5744
    15   30 Zn         0.5474     340.1974   26526.5751
    16   30 Zn         0.5474     340.1974   26526.5732
    17   30 Zn         0.5474     340.1974   26526.5751
    18   30 Zn         0.5474     340.1975   26526.5763
    19   30 Zn         0.5474     340.1975   26526.5763
    20   30 Zn         0.5474     340.1974   26526.5744
    21   30 Zn         0.5474     340.1974   26526.5732
    22   30 Zn         0.5474     340.1974   26526.5744
    23   30 Zn         0.5416     340.2251   26528.7326
    24   30 Zn         0.5416     340.2251   26528.7326
    25   30 Zn         0.5416     340.2251   26528.7325
    26   30 Zn         0.5416     340.2251   26528.7325
    27   30 Zn         0.5416     340.2251   26528.7326
    28   30 Zn         0.5416     340.2251   26528.7326
    29   30 Zn         0.5416     340.2251   26528.7325
    30   30 Zn         0.5416     340.2251   26528.7325
    31   30 Zn         0.5260     340.2890   26533.7128
    32   30 Zn         0.5260     340.2890   26533.7128
    33   30 Zn         0.5260     340.2890   26533.7122
    34   30 Zn         0.5260     340.2890   26533.7122
    35   30 Zn         0.5260     340.2890   26533.7128
    36   30 Zn         0.5260     340.2890   26533.7128
    37   30 Zn         0.5260     340.2890   26533.7122
    38   30 Zn         0.5260     340.2890   26533.7122
    39   30 Zn         0.5709     340.0548   26515.4504
    40   30 Zn         0.5709     340.0548   26515.4504
    41   30 Zn         0.5709     340.0547   26515.4478
    42   30 Zn         0.5709     340.0547   26515.4478
    43   30 Zn         0.5709     340.0548   26515.4504
    44   30 Zn         0.5709     340.0548   26515.4504
    45   30 Zn         0.5709     340.0547   26515.4478
    46   30 Zn         0.5709     340.0547   26515.4478
    47   30 Zn         0.6893     337.6228   26325.8178
    48   30 Zn         0.6893     337.6228   26325.8178
    49   30 Zn         0.6893     337.6231   26325.8405
    50   30 Zn         0.6893     337.6231   26325.8405
--------------------------------------------------------

Atom-resolved dispersion energies:
--------------------------------------------------
     #    Z           [Hartree]      [kcal/mol]
--------------------------------------------------
     1   62 Sm  -0.38209043E-01    -23.97653640
     2   62 Sm  -0.38209043E-01    -23.97653640
     3   62 Sm  -0.38209043E-01    -23.97653640
     4   62 Sm  -0.38209043E-01    -23.97653640
     5   62 Sm  -0.39390672E-01    -24.71802013
     6   62 Sm  -0.39390672E-01    -24.71802013
     7   30 Zn  -0.18102843E-01    -11.35970571
     8   30 Zn  -0.18102816E-01    -11.35968824
     9   30 Zn  -0.18102843E-01    -11.35970571
    10   30 Zn  -0.18102833E-01    -11.35969909
    11   30 Zn  -0.18102833E-01    -11.35969909
    12   30 Zn  -0.18102805E-01    -11.35968162
    13   30 Zn  -0.18102816E-01    -11.35968824
    14   30 Zn  -0.18102805E-01    -11.35968162
    15   30 Zn  -0.18102843E-01    -11.35970571
    16   30 Zn  -0.18102816E-01    -11.35968824
    17   30 Zn  -0.18102843E-01    -11.35970571
    18   30 Zn  -0.18102833E-01    -11.35969909
    19   30 Zn  -0.18102833E-01    -11.35969909
    20   30 Zn  -0.18102805E-01    -11.35968162
    21   30 Zn  -0.18102816E-01    -11.35968824
    22   30 Zn  -0.18102805E-01    -11.35968162
    23   30 Zn  -0.17867957E-01    -11.21231219
    24   30 Zn  -0.17867957E-01    -11.21231219
    25   30 Zn  -0.17867966E-01    -11.21231805
    26   30 Zn  -0.17867966E-01    -11.21231805
    27   30 Zn  -0.17867957E-01    -11.21231219
    28   30 Zn  -0.17867957E-01    -11.21231219
    29   30 Zn  -0.17867966E-01    -11.21231805
    30   30 Zn  -0.17867966E-01    -11.21231805
    31   30 Zn  -0.18299851E-01    -11.48332967
    32   30 Zn  -0.18299851E-01    -11.48332967
    33   30 Zn  -0.18299805E-01    -11.48330072
    34   30 Zn  -0.18299805E-01    -11.48330072
    35   30 Zn  -0.18299851E-01    -11.48332967
    36   30 Zn  -0.18299851E-01    -11.48332967
    37   30 Zn  -0.18299805E-01    -11.48330072
    38   30 Zn  -0.18299805E-01    -11.48330072
    39   30 Zn  -0.18197338E-01    -11.41900196
    40   30 Zn  -0.18197338E-01    -11.41900196
    41   30 Zn  -0.18197319E-01    -11.41898985
    42   30 Zn  -0.18197319E-01    -11.41898985
    43   30 Zn  -0.18197338E-01    -11.41900196
    44   30 Zn  -0.18197338E-01    -11.41900196
    45   30 Zn  -0.18197319E-01    -11.41898985
    46   30 Zn  -0.18197319E-01    -11.41898985
    47   30 Zn  -0.17717420E-01    -11.11784921
    48   30 Zn  -0.17717420E-01    -11.11784921
    49   30 Zn  -0.17717446E-01    -11.11786494
    50   30 Zn  -0.17717446E-01    -11.11786494
--------------------------------------------------

Dispersion energy:      -1.0270533739687E+00 Eh

[Info] Dispersion energy written to .EDISP
