-----------------------------------
 s i m p l e   D F T - D 3  v1.2.1
-----------------------------------

Zero (Chai-Head-Gordon) damping: pbe-D3(0)
--------------------
  s6         1.0000
  s8         0.7220
  s9         0.0000
 rs6         1.2170
 rs8         1.0000
 alp        14.0000
--------------------

Atomic radii (in Angstrom):
-------------------------------------------
   Z          R(cov)     R(vdw)      r4/r2
-------------------------------------------
  12 Mg       1.6667     1.7420     2.8909
  21 Sc       1.7733     1.9451     3.4970
-------------------------------------------

Atomic reference systems (in atomic units):
----------------------------------------------------------------------------
   Z        #      CN    C6(AA)   #      CN    C6(AA)   #      CN    C6(AA)
----------------------------------------------------------------------------
  12 Mg     1  0.0000  683.3758   2  0.9628  451.2708   3  1.9496  175.5616
  21 Sc     1  0.0000 1522.4676   2  1.8627  324.5068   3  2.8999  313.9846
----------------------------------------------------------------------------

Dispersion properties (in atomic units):
--------------------------------------------------------
     #    Z                CN       C6(AA)       C8(AA)
--------------------------------------------------------
     1   12 Mg         5.9013     175.5616   15718.3434
     2   12 Mg         5.9013     175.5616   15718.3434
     3   12 Mg         5.9067     175.5616   15718.3434
     4   12 Mg         6.0528     175.5616   15718.3434
     5   12 Mg         6.0529     175.5616   15718.3434
     6   12 Mg         5.9202     175.5616   15718.3434
     7   12 Mg         5.9202     175.5616   15718.3434
     8   12 Mg         5.9013     175.5616   15718.3434
     9   12 Mg         5.9013     175.5616   15718.3434
    10   12 Mg         5.9067     175.5616   15718.3434
    11   12 Mg         5.9067     175.5616   15718.3434
    12   12 Mg         5.9590     175.5616   15718.3434
    13   12 Mg         5.9203     175.5616   15718.3434
    14   12 Mg         5.9262     175.5616   15718.3434
    15   12 Mg         5.9262     175.5616   15718.3434
    16   12 Mg         5.9014     175.5616   15718.3434
    17   12 Mg         5.9014     175.5616   15718.3434
    18   12 Mg         5.9590     175.5616   15718.3434
    19   12 Mg         5.9590     175.5616   15718.3434
    20   12 Mg         5.9261     175.5616   15718.3434
    21   12 Mg         6.0529     175.5616   15718.3434
    22   12 Mg         6.0529     175.5616   15718.3434
    23   12 Mg         6.0529     175.5616   15718.3434
    24   12 Mg         6.0529     175.5616   15718.3434
    25   12 Mg         5.8890     175.5616   15718.3434
    26   12 Mg         5.8890     175.5616   15718.3434
    27   12 Mg         5.8890     175.5616   15718.3434
    28   12 Mg         6.0803     175.5616   15718.3434
    29   12 Mg         6.0802     175.5616   15718.3434
    30   12 Mg         6.0802     175.5616   15718.3434
    31   12 Mg         5.8650     175.5616   15718.3434
    32   12 Mg         5.8928     175.5616   15718.3434
    33   12 Mg         5.8928     175.5616   15718.3434
    34   12 Mg         5.8928     175.5616   15718.3434
    35   12 Mg         5.8928     175.5616   15718.3434
    36   12 Mg         5.8928     175.5616   15718.3434
    37   12 Mg         5.8928     175.5616   15718.3434
    38   12 Mg         5.9166     175.5616   15718.3434
    39   12 Mg         5.9166     175.5616   15718.3434
    40   12 Mg         5.9166     175.5616   15718.3434
    41   12 Mg         5.9266     175.5616   15718.3434
    42   12 Mg         5.9266     175.5616   15718.3434
    43   12 Mg         5.9266     175.5616   15718.3434
    44   12 Mg         5.9266     175.5616   15718.3434
    45   12 Mg         5.9266     175.5616   15718.3434
    46   12 Mg         5.9266     175.5616   15718.3434
    47   12 Mg         5.9630     175.5616   15718.3434
    48   12 Mg         5.9629     175.5616   15718.3434
    49   12 Mg         5.9629     175.5616   15718.3434
    50   12 Mg         5.8997     175.5616   15718.3434
    51   12 Mg         5.8997     175.5616   15718.3434
    52   12 Mg         5.8997     175.5616   15718.3434
    53   12 Mg         5.8997     175.5616   15718.3434
    54   12 Mg         5.8997     175.5616   15718.3434
    55   12 Mg         5.8997     175.5616   15718.3434
    56   12 Mg         5.8855     175.5616   15718.3434
    57   12 Mg         5.8855     175.5616   15718.3434
    58   12 Mg         5.8855     175.5616   15718.3434
    59   12 Mg         5.8899     175.5616   15718.3434
    60   12 Mg         5.8899     175.5616   15718.3434
    61   12 Mg         5.8898     175.5616   15718.3434
    62   12 Mg         5.9258     175.5616   15718.3434
    63   12 Mg         5.9258     175.5616   15718.3434
    64   12 Mg         5.9258     175.5616   15718.3434
    65   12 Mg         5.9258     175.5616   15718.3434
    66   12 Mg         5.9258     175.5616   15718.3434
    67   12 Mg         5.9258     175.5616   15718.3434
    68   12 Mg         5.9286     175.5616   15718.3434
    69   12 Mg         5.9286     175.5616   15718.3434
    70   12 Mg         5.9286     175.5616   15718.3434
    71   12 Mg         5.9411     175.5616   15718.3434
    72   12 Mg         5.9411     175.5616   15718.3434
    73   12 Mg         5.9412     175.5616   15718.3434
    74   12 Mg         5.9153     175.5616   15718.3434
    75   12 Mg         5.8890     175.5616   15718.3434
    76   12 Mg         5.8890     175.5616   15718.3434
    77   12 Mg         5.9197     175.5616   15718.3434
    78   12 Mg         5.9178     175.5616   15718.3434
    79   12 Mg         5.9178     175.5616   15718.3434
    80   12 Mg         5.9178     175.5616   15718.3434
    81   12 Mg         5.9178     175.5616   15718.3434
    82   12 Mg         5.9071     175.5616   15718.3434
    83   12 Mg         5.9071     175.5616   15718.3434
    84   12 Mg         5.9214     175.5616   15718.3434
    85   12 Mg         5.9177     175.5616   15718.3434
    86   12 Mg         5.9178     175.5616   15718.3434
    87   12 Mg         5.9070     175.5616   15718.3434
    88   12 Mg         5.9070     175.5616   15718.3434
    89   12 Mg         5.9199     175.5616   15718.3434
    90   12 Mg         5.9071     175.5616   15718.3434
    91   12 Mg         5.9072     175.5616   15718.3434
    92   12 Mg         5.9199     175.5616   15718.3434
    93   12 Mg         5.9200     175.5616   15718.3434
    94   12 Mg         5.8890     175.5616   15718.3434
    95   12 Mg         5.9197     175.5616   15718.3434
    96   12 Mg         5.9196     175.5616   15718.3434
    97   12 Mg         5.9071     175.5616   15718.3434
    98   12 Mg         5.9072     175.5616   15718.3434
    99   12 Mg         5.9070     175.5616   15718.3434
   100   12 Mg         5.9154     175.5616   15718.3434
   101   12 Mg         5.9411     175.5616   15718.3434
   102   12 Mg         5.9411     175.5616   15718.3434
   103   12 Mg         5.9412     175.5616   15718.3434
   104   12 Mg         5.9286     175.5616   15718.3434
   105   12 Mg         5.9286     175.5616   15718.3434
   106   12 Mg         5.9286     175.5616   15718.3434
   107   12 Mg         5.9258     175.5616   15718.3434
   108   12 Mg         5.9258     175.5616   15718.3434
   109   12 Mg         5.9258     175.5616   15718.3434
   110   12 Mg         5.9258     175.5616   15718.3434
   111   12 Mg         5.9258     175.5616   15718.3434
   112   12 Mg         5.9258     175.5616   15718.3434
   113   12 Mg         5.8899     175.5616   15718.3434
   114   12 Mg         5.8899     175.5616   15718.3434
   115   12 Mg         5.8898     175.5616   15718.3434
   116   12 Mg         5.8855     175.5616   15718.3434
   117   12 Mg         5.8855     175.5616   15718.3434
   118   12 Mg         5.8855     175.5616   15718.3434
   119   12 Mg         5.8997     175.5616   15718.3434
   120   12 Mg         5.8997     175.5616   15718.3434
   121   12 Mg         5.8997     175.5616   15718.3434
   122   12 Mg         5.8997     175.5616   15718.3434
   123   12 Mg         5.8997     175.5616   15718.3434
   124   12 Mg         5.8997     175.5616   15718.3434
   125   12 Mg         5.9630     175.5616   15718.3434
   126   12 Mg         5.9630     175.5616   15718.3434
   127   12 Mg         5.9630     175.5616   15718.3434
   128   12 Mg         5.9266     175.5616   15718.3434
   129   12 Mg         5.9266     175.5616   15718.3434
   130   12 Mg         5.9266     175.5616   15718.3434
   131   12 Mg         5.9267     175.5616   15718.3434
   132   12 Mg         5.9266     175.5616   15718.3434
   133   12 Mg         5.9266     175.5616   15718.3434
   134   12 Mg         5.9166     175.5616   15718.3434
   135   12 Mg         5.9166     175.5616   15718.3434
   136   12 Mg         5.9166     175.5616   15718.3434
   137   12 Mg         5.8928     175.5616   15718.3434
   138   12 Mg         5.8928     175.5616   15718.3434
   139   12 Mg         5.8928     175.5616   15718.3434
   140   12 Mg         5.8928     175.5616   15718.3434
   141   12 Mg         5.8928     175.5616   15718.3434
   142   12 Mg         5.8928     175.5616   15718.3434
   143   12 Mg         5.8650     175.5616   15718.3434
   144   12 Mg         6.0803     175.5616   15718.3434
   145   12 Mg         6.0802     175.5616   15718.3434
   146   12 Mg         6.0802     175.5616   15718.3434
   147   12 Mg         5.8890     175.5616   15718.3434
   148   12 Mg         5.8890     175.5616   15718.3434
   149   12 Mg         5.8890     175.5616   15718.3434
   150   21 Sc         7.4898     313.9846   41136.5242
--------------------------------------------------------

Atom-resolved dispersion energies:
--------------------------------------------------
     #    Z           [Hartree]      [kcal/mol]
--------------------------------------------------
     1   12 Mg  -0.66942997E-02     -4.20073651
     2   12 Mg  -0.66942969E-02     -4.20073470
     3   12 Mg  -0.66738420E-02     -4.18789911
     4   12 Mg  -0.66257444E-02     -4.15771738
     5   12 Mg  -0.66257295E-02     -4.15770802
     6   12 Mg  -0.66925201E-02     -4.19961979
     7   12 Mg  -0.66925193E-02     -4.19961925
     8   12 Mg  -0.66943015E-02     -4.20073761
     9   12 Mg  -0.66943069E-02     -4.20074103
    10   12 Mg  -0.66738326E-02     -4.18789319
    11   12 Mg  -0.66738365E-02     -4.18789565
    12   12 Mg  -0.66925169E-02     -4.19961774
    13   12 Mg  -0.66924991E-02     -4.19960658
    14   12 Mg  -0.66885800E-02     -4.19714734
    15   12 Mg  -0.66885741E-02     -4.19714361
    16   12 Mg  -0.66942909E-02     -4.20073094
    17   12 Mg  -0.66942892E-02     -4.20072987
    18   12 Mg  -0.66925175E-02     -4.19961814
    19   12 Mg  -0.66925215E-02     -4.19962067
    20   12 Mg  -0.66885951E-02     -4.19715679
    21   12 Mg  -0.66257309E-02     -4.15770894
    22   12 Mg  -0.66257294E-02     -4.15770795
    23   12 Mg  -0.66257281E-02     -4.15770718
    24   12 Mg  -0.66257347E-02     -4.15771127
    25   12 Mg  -0.67473603E-02     -4.23403254
    26   12 Mg  -0.67473724E-02     -4.23404008
    27   12 Mg  -0.67473780E-02     -4.23404363
    28   12 Mg  -0.66091161E-02     -4.14728298
    29   12 Mg  -0.66091250E-02     -4.14728855
    30   12 Mg  -0.66091249E-02     -4.14728852
    31   12 Mg  -0.66905235E-02     -4.19836690
    32   12 Mg  -0.66836009E-02     -4.19402290
    33   12 Mg  -0.66835965E-02     -4.19402014
    34   12 Mg  -0.66836004E-02     -4.19402258
    35   12 Mg  -0.66835987E-02     -4.19402148
    36   12 Mg  -0.66836054E-02     -4.19402569
    37   12 Mg  -0.66836060E-02     -4.19402610
    38   12 Mg  -0.66835241E-02     -4.19397468
    39   12 Mg  -0.66835251E-02     -4.19397529
    40   12 Mg  -0.66835251E-02     -4.19397535
    41   12 Mg  -0.67036460E-02     -4.20660140
    42   12 Mg  -0.67036425E-02     -4.20659918
    43   12 Mg  -0.67036386E-02     -4.20659671
    44   12 Mg  -0.67036339E-02     -4.20659380
    45   12 Mg  -0.67036369E-02     -4.20659567
    46   12 Mg  -0.67036389E-02     -4.20659693
    47   12 Mg  -0.66698977E-02     -4.18542400
    48   12 Mg  -0.66699047E-02     -4.18542838
    49   12 Mg  -0.66699062E-02     -4.18542936
    50   12 Mg  -0.66973824E-02     -4.20267092
    51   12 Mg  -0.66973831E-02     -4.20267136
    52   12 Mg  -0.66973844E-02     -4.20267213
    53   12 Mg  -0.66973784E-02     -4.20266840
    54   12 Mg  -0.66973924E-02     -4.20267719
    55   12 Mg  -0.66973833E-02     -4.20267149
    56   12 Mg  -0.66824575E-02     -4.19330539
    57   12 Mg  -0.66824555E-02     -4.19330414
    58   12 Mg  -0.66824624E-02     -4.19330843
    59   12 Mg  -0.66832218E-02     -4.19378500
    60   12 Mg  -0.66832275E-02     -4.19378855
    61   12 Mg  -0.66832362E-02     -4.19379402
    62   12 Mg  -0.66707594E-02     -4.18596471
    63   12 Mg  -0.66707714E-02     -4.18597227
    64   12 Mg  -0.66707559E-02     -4.18596251
    65   12 Mg  -0.66707616E-02     -4.18596610
    66   12 Mg  -0.66707646E-02     -4.18596797
    67   12 Mg  -0.66707572E-02     -4.18596331
    68   12 Mg  -0.66809005E-02     -4.19232835
    69   12 Mg  -0.66809069E-02     -4.19233238
    70   12 Mg  -0.66809095E-02     -4.19233400
    71   12 Mg  -0.66720841E-02     -4.18679601
    72   12 Mg  -0.66720838E-02     -4.18679577
    73   12 Mg  -0.66720666E-02     -4.18678501
    74   12 Mg  -0.67123799E-02     -4.21208197
    75   12 Mg  -0.66855685E-02     -4.19525757
    76   12 Mg  -0.66855687E-02     -4.19525770
    77   12 Mg  -0.66744928E-02     -4.18830749
    78   12 Mg  -0.66698375E-02     -4.18538623
    79   12 Mg  -0.66698171E-02     -4.18537339
    80   12 Mg  -0.66698206E-02     -4.18537560
    81   12 Mg  -0.66698227E-02     -4.18537692
    82   12 Mg  -0.66808422E-02     -4.19229175
    83   12 Mg  -0.66808525E-02     -4.19229827
    84   12 Mg  -0.66663947E-02     -4.18322585
    85   12 Mg  -0.66698331E-02     -4.18538345
    86   12 Mg  -0.66698297E-02     -4.18538131
    87   12 Mg  -0.66828412E-02     -4.19354615
    88   12 Mg  -0.66828299E-02     -4.19353906
    89   12 Mg  -0.66789135E-02     -4.19108150
    90   12 Mg  -0.66808340E-02     -4.19228665
    91   12 Mg  -0.66808341E-02     -4.19228666
    92   12 Mg  -0.66789043E-02     -4.19107570
    93   12 Mg  -0.66788997E-02     -4.19107282
    94   12 Mg  -0.66855532E-02     -4.19524798
    95   12 Mg  -0.66744940E-02     -4.18830820
    96   12 Mg  -0.66744999E-02     -4.18831191
    97   12 Mg  -0.66808368E-02     -4.19228838
    98   12 Mg  -0.66808339E-02     -4.19228656
    99   12 Mg  -0.66828429E-02     -4.19354723
   100   12 Mg  -0.67123648E-02     -4.21207250
   101   12 Mg  -0.66720875E-02     -4.18679811
   102   12 Mg  -0.66720871E-02     -4.18679787
   103   12 Mg  -0.66720700E-02     -4.18678711
   104   12 Mg  -0.66809017E-02     -4.19232913
   105   12 Mg  -0.66809082E-02     -4.19233317
   106   12 Mg  -0.66809107E-02     -4.19233478
   107   12 Mg  -0.66707601E-02     -4.18596514
   108   12 Mg  -0.66707721E-02     -4.18597269
   109   12 Mg  -0.66707565E-02     -4.18596293
   110   12 Mg  -0.66707623E-02     -4.18596652
   111   12 Mg  -0.66707653E-02     -4.18596840
   112   12 Mg  -0.66707578E-02     -4.18596374
   113   12 Mg  -0.66832221E-02     -4.19378516
   114   12 Mg  -0.66832277E-02     -4.19378871
   115   12 Mg  -0.66832364E-02     -4.19379418
   116   12 Mg  -0.66824548E-02     -4.19330368
   117   12 Mg  -0.66824528E-02     -4.19330242
   118   12 Mg  -0.66824596E-02     -4.19330672
   119   12 Mg  -0.66973801E-02     -4.20266948
   120   12 Mg  -0.66973808E-02     -4.20266992
   121   12 Mg  -0.66973821E-02     -4.20267069
   122   12 Mg  -0.66973761E-02     -4.20266696
   123   12 Mg  -0.66973901E-02     -4.20267575
   124   12 Mg  -0.66973810E-02     -4.20267005
   125   12 Mg  -0.66698938E-02     -4.18542157
   126   12 Mg  -0.66699008E-02     -4.18542595
   127   12 Mg  -0.66699024E-02     -4.18542693
   128   12 Mg  -0.67036411E-02     -4.20659829
   129   12 Mg  -0.67036375E-02     -4.20659607
   130   12 Mg  -0.67036336E-02     -4.20659360
   131   12 Mg  -0.67036290E-02     -4.20659068
   132   12 Mg  -0.67036319E-02     -4.20659256
   133   12 Mg  -0.67036340E-02     -4.20659381
   134   12 Mg  -0.66835257E-02     -4.19397571
   135   12 Mg  -0.66835267E-02     -4.19397632
   136   12 Mg  -0.66835268E-02     -4.19397638
   137   12 Mg  -0.66836046E-02     -4.19402519
   138   12 Mg  -0.66836002E-02     -4.19402243
   139   12 Mg  -0.66836041E-02     -4.19402488
   140   12 Mg  -0.66836023E-02     -4.19402377
   141   12 Mg  -0.66836090E-02     -4.19402799
   142   12 Mg  -0.66836097E-02     -4.19402840
   143   12 Mg  -0.66905388E-02     -4.19837648
   144   12 Mg  -0.66091196E-02     -4.14728514
   145   12 Mg  -0.66091284E-02     -4.14729071
   146   12 Mg  -0.66091284E-02     -4.14729067
   147   12 Mg  -0.67473616E-02     -4.23403335
   148   12 Mg  -0.67473736E-02     -4.23404089
   149   12 Mg  -0.67473793E-02     -4.23404444
   150   21 Sc  -0.75853599E-02     -4.75988522
--------------------------------------------------

Dispersion energy:      -1.0031256785605E+00 Eh

[Info] Dispersion energy written to .EDISP
