-----------------------------------
 s i m p l e   D F T - D 3  v1.2.1
-----------------------------------

Zero (Chai-Head-Gordon) damping: pbe-D3(0)
--------------------
  s6         1.0000
  s8         0.7220
  s9         0.0000
 rs6         1.2170
 rs8         1.0000
 alp        14.0000
--------------------

Atomic radii (in Angstrom):
-------------------------------------------
   Z          R(cov)     R(vdw)      r4/r2
-------------------------------------------
  12 Mg       1.6667     1.7420     2.8909
  21 Sc       1.7733     1.9451     3.4970
-------------------------------------------

Atomic reference systems (in atomic units):
----------------------------------------------------------------------------
   Z        #      CN    C6(AA)   #      CN    C6(AA)   #      CN    C6(AA)
----------------------------------------------------------------------------
  12 Mg     1  0.0000  683.3758   2  0.9628  451.2708   3  1.9496  175.5616
  21 Sc     1  0.0000 1522.4676   2  1.8627  324.5068   3  2.8999  313.9846
----------------------------------------------------------------------------

Dispersion properties (in atomic units):
--------------------------------------------------------
     #    Z                CN       C6(AA)       C8(AA)
--------------------------------------------------------
     1   12 Mg         0.0020     677.1313   60624.7741
     2   12 Mg         0.0020     677.1313   60624.7741
     3   12 Mg         0.0020     677.1313   60624.7734
     4   12 Mg         0.0020     677.1293   60624.5944
     5   12 Mg         0.0020     677.1293   60624.5944
     6   12 Mg         0.0020     677.1311   60624.7540
     7   12 Mg         0.0020     677.1311   60624.7540
     8   12 Mg         0.0020     677.1313   60624.7741
     9   12 Mg         0.0020     677.1313   60624.7742
    10   12 Mg         0.0020     677.1313   60624.7734
    11   12 Mg         0.0020     677.1313   60624.7734
    12   12 Mg         0.0020     677.1306   60624.7125
    13   12 Mg         0.0020     677.1311   60624.7539
    14   12 Mg         0.0020     677.1310   60624.7477
    15   12 Mg         0.0020     677.1310   60624.7476
    16   12 Mg         0.0020     677.1313   60624.7741
    17   12 Mg         0.0020     677.1313   60624.7741
    18   12 Mg         0.0020     677.1306   60624.7125
    19   12 Mg         0.0020     677.1306   60624.7126
    20   12 Mg         0.0020     677.1310   60624.7477
    21   12 Mg         0.0020     677.1293   60624.5944
    22   12 Mg         0.0020     677.1293   60624.5944
    23   12 Mg         0.0020     677.1293   60624.5944
    24   12 Mg         0.0020     677.1293   60624.5944
    25   12 Mg         0.0020     677.1313   60624.7778
    26   12 Mg         0.0020     677.1313   60624.7779
    27   12 Mg         0.0020     677.1313   60624.7779
    28   12 Mg         0.0020     677.1290   60624.5692
    29   12 Mg         0.0020     677.1290   60624.5692
    30   12 Mg         0.0020     677.1290   60624.5692
    31   12 Mg         0.0020     677.1318   60624.8149
    32   12 Mg         0.0020     677.1314   60624.7870
    33   12 Mg         0.0020     677.1314   60624.7869
    34   12 Mg         0.0020     677.1314   60624.7870
    35   12 Mg         0.0020     677.1314   60624.7870
    36   12 Mg         0.0020     677.1314   60624.7870
    37   12 Mg         0.0020     677.1314   60624.7870
    38   12 Mg         0.0020     677.1311   60624.7601
    39   12 Mg         0.0020     677.1311   60624.7601
    40   12 Mg         0.0020     677.1311   60624.7601
    41   12 Mg         0.0020     677.1310   60624.7453
    42   12 Mg         0.0020     677.1310   60624.7453
    43   12 Mg         0.0020     677.1310   60624.7453
    44   12 Mg         0.0020     677.1310   60624.7453
    45   12 Mg         0.0020     677.1310   60624.7453
    46   12 Mg         0.0020     677.1310   60624.7453
    47   12 Mg         0.0020     677.1306   60624.7114
    48   12 Mg         0.0020     677.1306   60624.7114
    49   12 Mg         0.0020     677.1306   60624.7114
    50   12 Mg         0.0020     677.1313   60624.7764
    51   12 Mg         0.0020     677.1313   60624.7764
    52   12 Mg         0.0020     677.1313   60624.7764
    53   12 Mg         0.0020     677.1313   60624.7764
    54   12 Mg         0.0020     677.1313   60624.7764
    55   12 Mg         0.0020     677.1313   60624.7764
    56   12 Mg         0.0020     677.1315   60624.7945
    57   12 Mg         0.0020     677.1315   60624.7945
    58   12 Mg         0.0020     677.1315   60624.7945
    59   12 Mg         0.0020     677.1315   60624.7900
    60   12 Mg         0.0020     677.1315   60624.7901
    61   12 Mg         0.0020     677.1315   60624.7901
    62   12 Mg         0.0020     677.1311   60624.7530
    63   12 Mg         0.0020     677.1311   60624.7530
    64   12 Mg         0.0020     677.1311   60624.7530
    65   12 Mg         0.0020     677.1311   60624.7530
    66   12 Mg         0.0020     677.1311   60624.7530
    67   12 Mg         0.0020     677.1311   60624.7530
    68   12 Mg         0.0020     677.1310   60624.7464
    69   12 Mg         0.0020     677.1310   60624.7464
    70   12 Mg         0.0020     677.1310   60624.7464
    71   12 Mg         0.0020     677.1309   60624.7353
    72   12 Mg         0.0020     677.1309   60624.7353
    73   12 Mg         0.0020     677.1309   60624.7353
    74   12 Mg         0.0020     677.1311   60624.7568
    75   12 Mg         0.0020     677.1315   60624.7903
    76   12 Mg         0.0020     677.1315   60624.7903
    77   12 Mg         0.0020     677.1311   60624.7593
    78   12 Mg         0.0020     677.1312   60624.7616
    79   12 Mg         0.0020     677.1312   60624.7615
    80   12 Mg         0.0020     677.1312   60624.7616
    81   12 Mg         0.0020     677.1312   60624.7616
    82   12 Mg         0.0020     677.1313   60624.7710
    83   12 Mg         0.0020     677.1313   60624.7710
    84   12 Mg         0.0020     677.1311   60624.7582
    85   12 Mg         0.0020     677.1312   60624.7616
    86   12 Mg         0.0020     677.1312   60624.7616
    87   12 Mg         0.0020     677.1313   60624.7697
    88   12 Mg         0.0020     677.1313   60624.7697
    89   12 Mg         0.0020     677.1311   60624.7563
    90   12 Mg         0.0020     677.1313   60624.7710
    91   12 Mg         0.0020     677.1313   60624.7710
    92   12 Mg         0.0020     677.1311   60624.7563
    93   12 Mg         0.0020     677.1311   60624.7563
    94   12 Mg         0.0020     677.1315   60624.7903
    95   12 Mg         0.0020     677.1311   60624.7592
    96   12 Mg         0.0020     677.1311   60624.7593
    97   12 Mg         0.0020     677.1313   60624.7710
    98   12 Mg         0.0020     677.1313   60624.7710
    99   12 Mg         0.0020     677.1313   60624.7697
   100   12 Mg         0.0020     677.1311   60624.7567
   101   12 Mg         0.0020     677.1309   60624.7353
   102   12 Mg         0.0020     677.1309   60624.7353
   103   12 Mg         0.0020     677.1309   60624.7353
   104   12 Mg         0.0020     677.1310   60624.7464
   105   12 Mg         0.0020     677.1310   60624.7464
   106   12 Mg         0.0020     677.1310   60624.7464
   107   12 Mg         0.0020     677.1311   60624.7530
   108   12 Mg         0.0020     677.1311   60624.7530
   109   12 Mg         0.0020     677.1311   60624.7530
   110   12 Mg         0.0020     677.1311   60624.7530
   111   12 Mg         0.0020     677.1311   60624.7530
   112   12 Mg         0.0020     677.1311   60624.7530
   113   12 Mg         0.0020     677.1315   60624.7900
   114   12 Mg         0.0020     677.1315   60624.7901
   115   12 Mg         0.0020     677.1315   60624.7901
   116   12 Mg         0.0020     677.1315   60624.7945
   117   12 Mg         0.0020     677.1315   60624.7945
   118   12 Mg         0.0020     677.1315   60624.7945
   119   12 Mg         0.0020     677.1313   60624.7764
   120   12 Mg         0.0020     677.1313   60624.7764
   121   12 Mg         0.0020     677.1313   60624.7764
   122   12 Mg         0.0020     677.1313   60624.7763
   123   12 Mg         0.0020     677.1313   60624.7764
   124   12 Mg         0.0020     677.1313   60624.7764
   125   12 Mg         0.0020     677.1306   60624.7114
   126   12 Mg         0.0020     677.1306   60624.7114
   127   12 Mg         0.0020     677.1306   60624.7114
   128   12 Mg         0.0020     677.1310   60624.7453
   129   12 Mg         0.0020     677.1310   60624.7453
   130   12 Mg         0.0020     677.1310   60624.7453
   131   12 Mg         0.0020     677.1310   60624.7453
   132   12 Mg         0.0020     677.1310   60624.7453
   133   12 Mg         0.0020     677.1310   60624.7453
   134   12 Mg         0.0020     677.1311   60624.7601
   135   12 Mg         0.0020     677.1311   60624.7601
   136   12 Mg         0.0020     677.1311   60624.7601
   137   12 Mg         0.0020     677.1314   60624.7870
   138   12 Mg         0.0020     677.1314   60624.7870
   139   12 Mg         0.0020     677.1314   60624.7870
   140   12 Mg         0.0020     677.1314   60624.7870
   141   12 Mg         0.0020     677.1314   60624.7870
   142   12 Mg         0.0020     677.1314   60624.7870
   143   12 Mg         0.0020     677.1318   60624.8149
   144   12 Mg         0.0020     677.1290   60624.5692
   145   12 Mg         0.0020     677.1290   60624.5692
   146   12 Mg         0.0020     677.1290   60624.5692
   147   12 Mg         0.0020     677.1313   60624.7778
   148   12 Mg         0.0020     677.1313   60624.7779
   149   12 Mg         0.0020     677.1313   60624.7779
   150   21 Sc         0.0025    1522.4659  199465.0571
--------------------------------------------------------

Atom-resolved dispersion energies:
--------------------------------------------------
     #    Z           [Hartree]      [kcal/mol]
--------------------------------------------------
     1   12 Mg  -0.77866079E-03     -0.48861702
     2   12 Mg  -0.77866169E-03     -0.48861758
     3   12 Mg  -0.77867288E-03     -0.48862461
     4   12 Mg  -0.81258678E-03     -0.50990590
     5   12 Mg  -0.81258981E-03     -0.50990781
     6   12 Mg  -0.78065968E-03     -0.48987134
     7   12 Mg  -0.78066035E-03     -0.48987177
     8   12 Mg  -0.77866080E-03     -0.48861703
     9   12 Mg  -0.77865994E-03     -0.48861649
    10   12 Mg  -0.77867446E-03     -0.48862560
    11   12 Mg  -0.77867360E-03     -0.48862506
    12   12 Mg  -0.78441078E-03     -0.49222520
    13   12 Mg  -0.78066486E-03     -0.48987460
    14   12 Mg  -0.78099985E-03     -0.49008480
    15   12 Mg  -0.78100161E-03     -0.49008591
    16   12 Mg  -0.77866353E-03     -0.48861875
    17   12 Mg  -0.77866452E-03     -0.48861936
    18   12 Mg  -0.78441072E-03     -0.49222516
    19   12 Mg  -0.78440872E-03     -0.49222391
    20   12 Mg  -0.78099620E-03     -0.49008251
    21   12 Mg  -0.81258819E-03     -0.50990679
    22   12 Mg  -0.81258887E-03     -0.50990721
    23   12 Mg  -0.81258938E-03     -0.50990753
    24   12 Mg  -0.81258890E-03     -0.50990724
    25   12 Mg  -0.78040450E-03     -0.48971122
    26   12 Mg  -0.78040084E-03     -0.48970892
    27   12 Mg  -0.78039997E-03     -0.48970838
    28   12 Mg  -0.81491123E-03     -0.51136451
    29   12 Mg  -0.81490842E-03     -0.51136275
    30   12 Mg  -0.81490946E-03     -0.51136341
    31   12 Mg  -0.77504328E-03     -0.48634700
    32   12 Mg  -0.77756696E-03     -0.48793063
    33   12 Mg  -0.77756771E-03     -0.48793111
    34   12 Mg  -0.77756682E-03     -0.48793055
    35   12 Mg  -0.77756683E-03     -0.48793055
    36   12 Mg  -0.77756606E-03     -0.48793007
    37   12 Mg  -0.77756610E-03     -0.48793009
    38   12 Mg  -0.77988192E-03     -0.48938329
    39   12 Mg  -0.77988198E-03     -0.48938333
    40   12 Mg  -0.77988093E-03     -0.48938268
    41   12 Mg  -0.78155333E-03     -0.49043212
    42   12 Mg  -0.78155317E-03     -0.49043202
    43   12 Mg  -0.78155407E-03     -0.49043259
    44   12 Mg  -0.78155488E-03     -0.49043309
    45   12 Mg  -0.78155394E-03     -0.49043250
    46   12 Mg  -0.78155406E-03     -0.49043258
    47   12 Mg  -0.78405380E-03     -0.49200119
    48   12 Mg  -0.78405195E-03     -0.49200003
    49   12 Mg  -0.78405214E-03     -0.49200014
    50   12 Mg  -0.77858171E-03     -0.48856740
    51   12 Mg  -0.77858067E-03     -0.48856675
    52   12 Mg  -0.77858076E-03     -0.48856681
    53   12 Mg  -0.77858258E-03     -0.48856795
    54   12 Mg  -0.77857900E-03     -0.48856570
    55   12 Mg  -0.77858074E-03     -0.48856679
    56   12 Mg  -0.77680039E-03     -0.48744961
    57   12 Mg  -0.77679925E-03     -0.48744889
    58   12 Mg  -0.77679847E-03     -0.48744840
    59   12 Mg  -0.77722016E-03     -0.48771301
    60   12 Mg  -0.77721839E-03     -0.48771190
    61   12 Mg  -0.77721569E-03     -0.48771021
    62   12 Mg  -0.78037702E-03     -0.48969397
    63   12 Mg  -0.78037442E-03     -0.48969234
    64   12 Mg  -0.78037689E-03     -0.48969389
    65   12 Mg  -0.78037604E-03     -0.48969336
    66   12 Mg  -0.78037521E-03     -0.48969284
    67   12 Mg  -0.78037692E-03     -0.48969391
    68   12 Mg  -0.78100553E-03     -0.49008837
    69   12 Mg  -0.78100375E-03     -0.49008725
    70   12 Mg  -0.78100386E-03     -0.49008732
    71   12 Mg  -0.78198033E-03     -0.49070007
    72   12 Mg  -0.78198036E-03     -0.49070008
    73   12 Mg  -0.78198479E-03     -0.49070286
    74   12 Mg  -0.78084031E-03     -0.48998469
    75   12 Mg  -0.77720586E-03     -0.48770404
    76   12 Mg  -0.77720487E-03     -0.48770342
    77   12 Mg  -0.77993111E-03     -0.48941416
    78   12 Mg  -0.77959690E-03     -0.48920444
    79   12 Mg  -0.77960021E-03     -0.48920652
    80   12 Mg  -0.77959933E-03     -0.48920597
    81   12 Mg  -0.77959834E-03     -0.48920534
    82   12 Mg  -0.77884434E-03     -0.48873220
    83   12 Mg  -0.77884276E-03     -0.48873121
    84   12 Mg  -0.77983145E-03     -0.48935162
    85   12 Mg  -0.77959564E-03     -0.48920365
    86   12 Mg  -0.77959653E-03     -0.48920421
    87   12 Mg  -0.77892506E-03     -0.48878286
    88   12 Mg  -0.77892667E-03     -0.48878387
    89   12 Mg  -0.78007872E-03     -0.48950679
    90   12 Mg  -0.77884606E-03     -0.48873328
    91   12 Mg  -0.77884701E-03     -0.48873388
    92   12 Mg  -0.78008036E-03     -0.48950782
    93   12 Mg  -0.78008347E-03     -0.48950977
    94   12 Mg  -0.77720745E-03     -0.48770504
    95   12 Mg  -0.77993111E-03     -0.48941416
    96   12 Mg  -0.77992925E-03     -0.48941299
    97   12 Mg  -0.77884507E-03     -0.48873266
    98   12 Mg  -0.77884707E-03     -0.48873391
    99   12 Mg  -0.77892512E-03     -0.48878289
   100   12 Mg  -0.78084455E-03     -0.48998735
   101   12 Mg  -0.78198045E-03     -0.49070014
   102   12 Mg  -0.78198047E-03     -0.49070016
   103   12 Mg  -0.78198490E-03     -0.49070293
   104   12 Mg  -0.78100556E-03     -0.49008839
   105   12 Mg  -0.78100379E-03     -0.49008727
   106   12 Mg  -0.78100389E-03     -0.49008734
   107   12 Mg  -0.78037704E-03     -0.48969399
   108   12 Mg  -0.78037444E-03     -0.48969235
   109   12 Mg  -0.78037692E-03     -0.48969391
   110   12 Mg  -0.78037606E-03     -0.48969337
   111   12 Mg  -0.78037524E-03     -0.48969285
   112   12 Mg  -0.78037695E-03     -0.48969393
   113   12 Mg  -0.77722017E-03     -0.48771302
   114   12 Mg  -0.77721840E-03     -0.48771191
   115   12 Mg  -0.77721570E-03     -0.48771022
   116   12 Mg  -0.77680034E-03     -0.48744957
   117   12 Mg  -0.77679919E-03     -0.48744885
   118   12 Mg  -0.77679841E-03     -0.48744836
   119   12 Mg  -0.77858328E-03     -0.48856839
   120   12 Mg  -0.77858225E-03     -0.48856774
   121   12 Mg  -0.77858234E-03     -0.48856779
   122   12 Mg  -0.77858416E-03     -0.48856893
   123   12 Mg  -0.77858057E-03     -0.48856668
   124   12 Mg  -0.77858231E-03     -0.48856778
   125   12 Mg  -0.78405527E-03     -0.49200211
   126   12 Mg  -0.78405341E-03     -0.49200094
   127   12 Mg  -0.78405360E-03     -0.49200106
   128   12 Mg  -0.78155480E-03     -0.49043304
   129   12 Mg  -0.78155464E-03     -0.49043294
   130   12 Mg  -0.78155554E-03     -0.49043351
   131   12 Mg  -0.78155634E-03     -0.49043401
   132   12 Mg  -0.78155540E-03     -0.49043342
   133   12 Mg  -0.78155553E-03     -0.49043350
   134   12 Mg  -0.77988199E-03     -0.48938334
   135   12 Mg  -0.77988206E-03     -0.48938338
   136   12 Mg  -0.77988101E-03     -0.48938272
   137   12 Mg  -0.77756545E-03     -0.48792969
   138   12 Mg  -0.77756621E-03     -0.48793016
   139   12 Mg  -0.77756532E-03     -0.48792960
   140   12 Mg  -0.77756532E-03     -0.48792961
   141   12 Mg  -0.77756455E-03     -0.48792912
   142   12 Mg  -0.77756459E-03     -0.48792915
   143   12 Mg  -0.77503897E-03     -0.48634430
   144   12 Mg  -0.81491046E-03     -0.51136403
   145   12 Mg  -0.81490765E-03     -0.51136227
   146   12 Mg  -0.81490869E-03     -0.51136292
   147   12 Mg  -0.78040451E-03     -0.48971122
   148   12 Mg  -0.78040085E-03     -0.48970893
   149   12 Mg  -0.78039998E-03     -0.48970838
   150   21 Sc  -0.12218513E-02     -0.76672324
--------------------------------------------------

Dispersion energy:      -1.1780871503022E-01 Eh

[Info] Dispersion energy written to .EDISP
