-----------------------------------
 s i m p l e   D F T - D 3  v1.2.1
-----------------------------------

Zero (Chai-Head-Gordon) damping: pbe-D3(0)
--------------------
  s6         1.0000
  s8         0.7220
  s9         0.0000
 rs6         1.2170
 rs8         1.0000
 alp        14.0000
--------------------

Atomic radii (in Angstrom):
-------------------------------------------
   Z          R(cov)     R(vdw)      r4/r2
-------------------------------------------
  19 K        2.3467     2.1206     4.2216
   6 C        1.0000     1.4551     1.6431
-------------------------------------------

Atomic reference systems (in atomic units):
----------------------------------------------------------------------------
   Z        #      CN    C6(AA)   #      CN    C6(AA)   #      CN    C6(AA)
----------------------------------------------------------------------------
  19 K      1  0.0000 4983.5009   2  0.9767  338.0207
   6 C      1  0.0000   49.1130   2  0.9868   43.2452   3  1.9985   29.3602
            4  2.9987   25.7809   5  3.9844   18.2067
----------------------------------------------------------------------------

Dispersion properties (in atomic units):
--------------------------------------------------------
     #    Z                CN       C6(AA)       C8(AA)
--------------------------------------------------------
     1   19 K         27.2381     338.0207   64537.4877
     2   19 K         27.2381     338.0207   64537.4877
     3   19 K         27.2381     338.0207   64537.4877
     4   19 K         27.2381     338.0207   64537.4877
     5   19 K         27.2381     338.0207   64537.4877
     6   19 K         27.2381     338.0207   64537.4877
     7    6 C          8.2148      18.2067     526.5694
     8    6 C          8.2148      18.2067     526.5694
     9    6 C          8.2148      18.2067     526.5694
    10    6 C          8.2148      18.2067     526.5694
    11    6 C          8.2148      18.2067     526.5694
    12    6 C          8.2148      18.2067     526.5694
    13    6 C          8.2148      18.2067     526.5694
    14    6 C          8.2148      18.2067     526.5694
    15    6 C          8.2148      18.2067     526.5694
    16    6 C          8.2148      18.2067     526.5694
    17    6 C          8.2148      18.2067     526.5694
    18    6 C          8.2148      18.2067     526.5694
    19    6 C          7.4576      18.2067     526.5694
    20    6 C          7.4576      18.2067     526.5694
    21    6 C          7.4575      18.2067     526.5694
    22    6 C          7.4575      18.2067     526.5694
    23    6 C          7.4576      18.2067     526.5694
    24    6 C          7.4575      18.2067     526.5694
    25    6 C          7.4575      18.2067     526.5694
    26    6 C          7.4576      18.2067     526.5694
    27    6 C          7.4576      18.2067     526.5694
    28    6 C          7.4576      18.2067     526.5694
    29    6 C          7.4575      18.2067     526.5694
    30    6 C          7.4575      18.2067     526.5694
    31    6 C          7.4576      18.2067     526.5694
    32    6 C          7.4576      18.2067     526.5694
    33    6 C          7.4575      18.2067     526.5694
    34    6 C          7.4575      18.2067     526.5694
    35    6 C          7.4576      18.2067     526.5694
    36    6 C          7.4575      18.2067     526.5694
    37    6 C          7.4575      18.2067     526.5694
    38    6 C          7.4576      18.2067     526.5694
    39    6 C          7.4576      18.2067     526.5694
    40    6 C          7.4576      18.2067     526.5694
    41    6 C          7.4575      18.2067     526.5694
    42    6 C          7.4575      18.2067     526.5694
    43    6 C          7.3922      18.2067     526.5694
    44    6 C          7.3921      18.2067     526.5694
    45    6 C          7.3921      18.2067     526.5694
    46    6 C          7.3922      18.2067     526.5694
    47    6 C          7.3921      18.2067     526.5694
    48    6 C          7.3921      18.2067     526.5694
    49    6 C          7.3922      18.2067     526.5694
    50    6 C          7.3922      18.2067     526.5694
    51    6 C          7.3922      18.2067     526.5694
    52    6 C          7.3921      18.2067     526.5694
    53    6 C          7.3921      18.2067     526.5694
    54    6 C          7.3922      18.2067     526.5694
    55    6 C          7.3922      18.2067     526.5694
    56    6 C          7.3921      18.2067     526.5694
    57    6 C          7.3921      18.2067     526.5694
    58    6 C          7.3922      18.2067     526.5694
    59    6 C          7.3921      18.2067     526.5694
    60    6 C          7.3921      18.2067     526.5694
    61    6 C          7.3922      18.2067     526.5694
    62    6 C          7.3922      18.2067     526.5694
    63    6 C          7.3922      18.2067     526.5694
    64    6 C          7.3921      18.2067     526.5694
    65    6 C          7.3921      18.2067     526.5694
    66    6 C          7.3922      18.2067     526.5694
--------------------------------------------------------

Atom-resolved dispersion energies:
--------------------------------------------------
     #    Z           [Hartree]      [kcal/mol]
--------------------------------------------------
     1   19 K   -0.12859668E-01     -8.06956323
     2   19 K   -0.12859668E-01     -8.06956323
     3   19 K   -0.12859668E-01     -8.06956323
     4   19 K   -0.12859668E-01     -8.06956323
     5   19 K   -0.12859668E-01     -8.06956323
     6   19 K   -0.12859668E-01     -8.06956323
     7    6 C   -0.37392573E-02     -2.34641937
     8    6 C   -0.37392569E-02     -2.34641910
     9    6 C   -0.37392573E-02     -2.34641937
    10    6 C   -0.37392569E-02     -2.34641910
    11    6 C   -0.37392569E-02     -2.34641910
    12    6 C   -0.37392573E-02     -2.34641937
    13    6 C   -0.37392569E-02     -2.34641910
    14    6 C   -0.37392573E-02     -2.34641937
    15    6 C   -0.37392573E-02     -2.34641937
    16    6 C   -0.37392569E-02     -2.34641910
    17    6 C   -0.37392573E-02     -2.34641937
    18    6 C   -0.37392569E-02     -2.34641910
    19    6 C   -0.39078213E-02     -2.45219489
    20    6 C   -0.39078218E-02     -2.45219518
    21    6 C   -0.39078208E-02     -2.45219458
    22    6 C   -0.39078212E-02     -2.45219484
    23    6 C   -0.39078218E-02     -2.45219518
    24    6 C   -0.39078208E-02     -2.45219458
    25    6 C   -0.39078212E-02     -2.45219484
    26    6 C   -0.39078213E-02     -2.45219489
    27    6 C   -0.39078213E-02     -2.45219489
    28    6 C   -0.39078218E-02     -2.45219518
    29    6 C   -0.39078208E-02     -2.45219458
    30    6 C   -0.39078212E-02     -2.45219484
    31    6 C   -0.39078213E-02     -2.45219489
    32    6 C   -0.39078218E-02     -2.45219518
    33    6 C   -0.39078208E-02     -2.45219458
    34    6 C   -0.39078212E-02     -2.45219484
    35    6 C   -0.39078218E-02     -2.45219518
    36    6 C   -0.39078208E-02     -2.45219458
    37    6 C   -0.39078212E-02     -2.45219484
    38    6 C   -0.39078213E-02     -2.45219489
    39    6 C   -0.39078213E-02     -2.45219489
    40    6 C   -0.39078218E-02     -2.45219518
    41    6 C   -0.39078208E-02     -2.45219458
    42    6 C   -0.39078212E-02     -2.45219484
    43    6 C   -0.39246534E-02     -2.46275718
    44    6 C   -0.39246540E-02     -2.46275757
    45    6 C   -0.39246540E-02     -2.46275754
    46    6 C   -0.39246538E-02     -2.46275747
    47    6 C   -0.39246540E-02     -2.46275757
    48    6 C   -0.39246540E-02     -2.46275754
    49    6 C   -0.39246538E-02     -2.46275747
    50    6 C   -0.39246534E-02     -2.46275718
    51    6 C   -0.39246534E-02     -2.46275718
    52    6 C   -0.39246540E-02     -2.46275757
    53    6 C   -0.39246540E-02     -2.46275754
    54    6 C   -0.39246538E-02     -2.46275747
    55    6 C   -0.39246534E-02     -2.46275718
    56    6 C   -0.39246540E-02     -2.46275757
    57    6 C   -0.39246540E-02     -2.46275754
    58    6 C   -0.39246538E-02     -2.46275747
    59    6 C   -0.39246540E-02     -2.46275757
    60    6 C   -0.39246540E-02     -2.46275754
    61    6 C   -0.39246538E-02     -2.46275747
    62    6 C   -0.39246534E-02     -2.46275718
    63    6 C   -0.39246534E-02     -2.46275718
    64    6 C   -0.39246540E-02     -2.46275757
    65    6 C   -0.39246540E-02     -2.46275754
    66    6 C   -0.39246538E-02     -2.46275747
--------------------------------------------------

Dispersion energy:      -3.1000849182338E-01 Eh

[Info] Dispersion energy written to .EDISP
