-----------------------------------
 s i m p l e   D F T - D 3  v1.2.1
-----------------------------------

Zero (Chai-Head-Gordon) damping: pbe-D3(0)
--------------------
  s6         1.0000
  s8         0.7220
  s9         0.0000
 rs6         1.2170
 rs8         1.0000
 alp        14.0000
--------------------

Atomic radii (in Angstrom):
-------------------------------------------
   Z          R(cov)     R(vdw)      r4/r2
-------------------------------------------
  19 K        2.3467     2.1206     4.2216
   6 C        1.0000     1.4551     1.6431
-------------------------------------------

Atomic reference systems (in atomic units):
----------------------------------------------------------------------------
   Z        #      CN    C6(AA)   #      CN    C6(AA)   #      CN    C6(AA)
----------------------------------------------------------------------------
  19 K      1  0.0000 4983.5009   2  0.9767  338.0207
   6 C      1  0.0000   49.1130   2  0.9868   43.2452   3  1.9985   29.3602
            4  2.9987   25.7809   5  3.9844   18.2067
----------------------------------------------------------------------------

Dispersion properties (in atomic units):
--------------------------------------------------------
     #    Z                CN       C6(AA)       C8(AA)
--------------------------------------------------------
     1   19 K         23.1216     338.0207   64537.4877
     2   19 K         23.1216     338.0207   64537.4877
     3   19 K         23.1216     338.0207   64537.4877
     4   19 K         23.1216     338.0207   64537.4877
     5   19 K         23.1216     338.0207   64537.4877
     6   19 K         23.1216     338.0207   64537.4877
     7    6 C          6.6975      18.2067     526.5694
     8    6 C          6.6975      18.2067     526.5694
     9    6 C          6.6975      18.2067     526.5694
    10    6 C          6.6975      18.2067     526.5694
    11    6 C          6.6975      18.2067     526.5694
    12    6 C          6.6975      18.2067     526.5694
    13    6 C          6.6975      18.2067     526.5694
    14    6 C          6.6975      18.2067     526.5694
    15    6 C          6.6975      18.2067     526.5694
    16    6 C          6.6975      18.2067     526.5694
    17    6 C          6.6975      18.2067     526.5694
    18    6 C          6.6975      18.2067     526.5694
    19    6 C          6.0382      18.2067     526.5694
    20    6 C          6.0382      18.2067     526.5694
    21    6 C          6.0381      18.2067     526.5694
    22    6 C          6.0381      18.2067     526.5694
    23    6 C          6.0382      18.2067     526.5694
    24    6 C          6.0381      18.2067     526.5694
    25    6 C          6.0381      18.2067     526.5694
    26    6 C          6.0382      18.2067     526.5694
    27    6 C          6.0382      18.2067     526.5694
    28    6 C          6.0382      18.2067     526.5694
    29    6 C          6.0381      18.2067     526.5694
    30    6 C          6.0381      18.2067     526.5694
    31    6 C          6.0382      18.2067     526.5694
    32    6 C          6.0382      18.2067     526.5694
    33    6 C          6.0381      18.2067     526.5694
    34    6 C          6.0381      18.2067     526.5694
    35    6 C          6.0382      18.2067     526.5694
    36    6 C          6.0381      18.2067     526.5694
    37    6 C          6.0381      18.2067     526.5694
    38    6 C          6.0382      18.2067     526.5694
    39    6 C          6.0382      18.2067     526.5694
    40    6 C          6.0382      18.2067     526.5694
    41    6 C          6.0381      18.2067     526.5694
    42    6 C          6.0381      18.2067     526.5694
    43    6 C          5.9796      18.2067     526.5694
    44    6 C          5.9795      18.2067     526.5694
    45    6 C          5.9795      18.2067     526.5694
    46    6 C          5.9796      18.2067     526.5694
    47    6 C          5.9795      18.2067     526.5694
    48    6 C          5.9795      18.2067     526.5694
    49    6 C          5.9796      18.2067     526.5694
    50    6 C          5.9796      18.2067     526.5694
    51    6 C          5.9796      18.2067     526.5694
    52    6 C          5.9795      18.2067     526.5694
    53    6 C          5.9795      18.2067     526.5694
    54    6 C          5.9796      18.2067     526.5694
    55    6 C          5.9796      18.2067     526.5694
    56    6 C          5.9795      18.2067     526.5694
    57    6 C          5.9795      18.2067     526.5694
    58    6 C          5.9796      18.2067     526.5694
    59    6 C          5.9795      18.2067     526.5694
    60    6 C          5.9795      18.2067     526.5694
    61    6 C          5.9796      18.2067     526.5694
    62    6 C          5.9796      18.2067     526.5694
    63    6 C          5.9796      18.2067     526.5694
    64    6 C          5.9795      18.2067     526.5694
    65    6 C          5.9795      18.2067     526.5694
    66    6 C          5.9796      18.2067     526.5694
--------------------------------------------------------

Atom-resolved dispersion energies:
--------------------------------------------------
     #    Z           [Hartree]      [kcal/mol]
--------------------------------------------------
     1   19 K   -0.10733156E-01     -6.73515719
     2   19 K   -0.10733156E-01     -6.73515719
     3   19 K   -0.10733156E-01     -6.73515719
     4   19 K   -0.10733156E-01     -6.73515719
     5   19 K   -0.10733156E-01     -6.73515719
     6   19 K   -0.10733156E-01     -6.73515719
     7    6 C   -0.30846664E-02     -1.93565741
     8    6 C   -0.30846663E-02     -1.93565732
     9    6 C   -0.30846664E-02     -1.93565741
    10    6 C   -0.30846663E-02     -1.93565732
    11    6 C   -0.30846663E-02     -1.93565732
    12    6 C   -0.30846664E-02     -1.93565741
    13    6 C   -0.30846663E-02     -1.93565732
    14    6 C   -0.30846664E-02     -1.93565741
    15    6 C   -0.30846664E-02     -1.93565741
    16    6 C   -0.30846663E-02     -1.93565732
    17    6 C   -0.30846664E-02     -1.93565741
    18    6 C   -0.30846663E-02     -1.93565732
    19    6 C   -0.32565097E-02     -2.04349066
    20    6 C   -0.32565103E-02     -2.04349104
    21    6 C   -0.32565097E-02     -2.04349071
    22    6 C   -0.32565100E-02     -2.04349086
    23    6 C   -0.32565103E-02     -2.04349104
    24    6 C   -0.32565097E-02     -2.04349071
    25    6 C   -0.32565100E-02     -2.04349086
    26    6 C   -0.32565097E-02     -2.04349066
    27    6 C   -0.32565097E-02     -2.04349066
    28    6 C   -0.32565103E-02     -2.04349104
    29    6 C   -0.32565097E-02     -2.04349071
    30    6 C   -0.32565100E-02     -2.04349086
    31    6 C   -0.32565097E-02     -2.04349066
    32    6 C   -0.32565103E-02     -2.04349104
    33    6 C   -0.32565097E-02     -2.04349071
    34    6 C   -0.32565100E-02     -2.04349086
    35    6 C   -0.32565103E-02     -2.04349104
    36    6 C   -0.32565097E-02     -2.04349071
    37    6 C   -0.32565100E-02     -2.04349086
    38    6 C   -0.32565097E-02     -2.04349066
    39    6 C   -0.32565097E-02     -2.04349066
    40    6 C   -0.32565103E-02     -2.04349104
    41    6 C   -0.32565097E-02     -2.04349071
    42    6 C   -0.32565100E-02     -2.04349086
    43    6 C   -0.32733692E-02     -2.05407020
    44    6 C   -0.32733680E-02     -2.05406941
    45    6 C   -0.32733678E-02     -2.05406929
    46    6 C   -0.32733687E-02     -2.05406985
    47    6 C   -0.32733680E-02     -2.05406941
    48    6 C   -0.32733678E-02     -2.05406929
    49    6 C   -0.32733687E-02     -2.05406985
    50    6 C   -0.32733692E-02     -2.05407020
    51    6 C   -0.32733692E-02     -2.05407020
    52    6 C   -0.32733680E-02     -2.05406941
    53    6 C   -0.32733678E-02     -2.05406929
    54    6 C   -0.32733687E-02     -2.05406985
    55    6 C   -0.32733692E-02     -2.05407020
    56    6 C   -0.32733680E-02     -2.05406941
    57    6 C   -0.32733678E-02     -2.05406929
    58    6 C   -0.32733687E-02     -2.05406985
    59    6 C   -0.32733680E-02     -2.05406941
    60    6 C   -0.32733678E-02     -2.05406929
    61    6 C   -0.32733687E-02     -2.05406985
    62    6 C   -0.32733692E-02     -2.05407020
    63    6 C   -0.32733692E-02     -2.05407020
    64    6 C   -0.32733680E-02     -2.05406941
    65    6 C   -0.32733678E-02     -2.05406929
    66    6 C   -0.32733687E-02     -2.05406985
--------------------------------------------------

Dispersion energy:      -2.5813201276322E-01 Eh

[Info] Dispersion energy written to .EDISP
