-----------------------------------
 s i m p l e   D F T - D 3  v1.2.1
-----------------------------------

Zero (Chai-Head-Gordon) damping: pbe-D3(0)
--------------------
  s6         1.0000
  s8         0.7220
  s9         0.0000
 rs6         1.2170
 rs8         1.0000
 alp        14.0000
--------------------

Atomic radii (in Angstrom):
-------------------------------------------
   Z          R(cov)     R(vdw)      r4/r2
-------------------------------------------
  19 K        2.3467     2.1206     4.2216
   6 C        1.0000     1.4551     1.6431
-------------------------------------------

Atomic reference systems (in atomic units):
----------------------------------------------------------------------------
   Z        #      CN    C6(AA)   #      CN    C6(AA)   #      CN    C6(AA)
----------------------------------------------------------------------------
  19 K      1  0.0000 4983.5009   2  0.9767  338.0207
   6 C      1  0.0000   49.1130   2  0.9868   43.2452   3  1.9985   29.3602
            4  2.9987   25.7809   5  3.9844   18.2067
----------------------------------------------------------------------------

Dispersion properties (in atomic units):
--------------------------------------------------------
     #    Z                CN       C6(AA)       C8(AA)
--------------------------------------------------------
     1   19 K          0.0242    4784.8603  913561.9946
     2   19 K          0.0242    4784.8603  913561.9946
     3   19 K          0.0242    4784.8603  913561.9946
     4   19 K          0.0242    4784.8603  913561.9946
     5   19 K          0.0242    4784.8603  913561.9946
     6   19 K          0.0242    4784.8603  913561.9946
     7    6 C          0.0564      48.9258    1415.0205
     8    6 C          0.0564      48.9258    1415.0205
     9    6 C          0.0564      48.9258    1415.0205
    10    6 C          0.0564      48.9258    1415.0205
    11    6 C          0.0564      48.9258    1415.0205
    12    6 C          0.0564      48.9258    1415.0205
    13    6 C          0.0564      48.9258    1415.0205
    14    6 C          0.0564      48.9258    1415.0205
    15    6 C          0.0564      48.9258    1415.0205
    16    6 C          0.0564      48.9258    1415.0205
    17    6 C          0.0564      48.9258    1415.0205
    18    6 C          0.0564      48.9258    1415.0205
    19    6 C          0.0576      48.9241    1414.9692
    20    6 C          0.0576      48.9241    1414.9693
    21    6 C          0.0576      48.9241    1414.9693
    22    6 C          0.0576      48.9241    1414.9693
    23    6 C          0.0576      48.9241    1414.9693
    24    6 C          0.0576      48.9241    1414.9693
    25    6 C          0.0576      48.9241    1414.9693
    26    6 C          0.0576      48.9241    1414.9692
    27    6 C          0.0576      48.9241    1414.9692
    28    6 C          0.0576      48.9241    1414.9693
    29    6 C          0.0576      48.9241    1414.9693
    30    6 C          0.0576      48.9241    1414.9693
    31    6 C          0.0576      48.9241    1414.9692
    32    6 C          0.0576      48.9241    1414.9693
    33    6 C          0.0576      48.9241    1414.9693
    34    6 C          0.0576      48.9241    1414.9693
    35    6 C          0.0576      48.9241    1414.9693
    36    6 C          0.0576      48.9241    1414.9693
    37    6 C          0.0576      48.9241    1414.9693
    38    6 C          0.0576      48.9241    1414.9692
    39    6 C          0.0576      48.9241    1414.9692
    40    6 C          0.0576      48.9241    1414.9693
    41    6 C          0.0576      48.9241    1414.9693
    42    6 C          0.0576      48.9241    1414.9693
    43    6 C          0.0582      48.9232    1414.9452
    44    6 C          0.0582      48.9232    1414.9453
    45    6 C          0.0582      48.9232    1414.9453
    46    6 C          0.0582      48.9232    1414.9453
    47    6 C          0.0582      48.9232    1414.9453
    48    6 C          0.0582      48.9232    1414.9453
    49    6 C          0.0582      48.9232    1414.9453
    50    6 C          0.0582      48.9232    1414.9452
    51    6 C          0.0582      48.9232    1414.9452
    52    6 C          0.0582      48.9232    1414.9453
    53    6 C          0.0582      48.9232    1414.9453
    54    6 C          0.0582      48.9232    1414.9453
    55    6 C          0.0582      48.9232    1414.9452
    56    6 C          0.0582      48.9232    1414.9453
    57    6 C          0.0582      48.9232    1414.9453
    58    6 C          0.0582      48.9232    1414.9453
    59    6 C          0.0582      48.9232    1414.9453
    60    6 C          0.0582      48.9232    1414.9453
    61    6 C          0.0582      48.9232    1414.9453
    62    6 C          0.0582      48.9232    1414.9452
    63    6 C          0.0582      48.9232    1414.9452
    64    6 C          0.0582      48.9232    1414.9453
    65    6 C          0.0582      48.9232    1414.9453
    66    6 C          0.0582      48.9232    1414.9453
--------------------------------------------------------

Atom-resolved dispersion energies:
--------------------------------------------------
     #    Z           [Hartree]      [kcal/mol]
--------------------------------------------------
     1   19 K   -0.42718293E-02     -2.68061335
     2   19 K   -0.42718293E-02     -2.68061335
     3   19 K   -0.42718293E-02     -2.68061335
     4   19 K   -0.42718293E-02     -2.68061335
     5   19 K   -0.42718293E-02     -2.68061335
     6   19 K   -0.42718293E-02     -2.68061335
     7    6 C   -0.10085985E-02     -0.63290510
     8    6 C   -0.10085977E-02     -0.63290460
     9    6 C   -0.10085985E-02     -0.63290510
    10    6 C   -0.10085977E-02     -0.63290460
    11    6 C   -0.10085977E-02     -0.63290460
    12    6 C   -0.10085985E-02     -0.63290510
    13    6 C   -0.10085977E-02     -0.63290460
    14    6 C   -0.10085985E-02     -0.63290510
    15    6 C   -0.10085985E-02     -0.63290510
    16    6 C   -0.10085977E-02     -0.63290460
    17    6 C   -0.10085985E-02     -0.63290510
    18    6 C   -0.10085977E-02     -0.63290460
    19    6 C   -0.97655831E-03     -0.61279959
    20    6 C   -0.97655843E-03     -0.61279967
    21    6 C   -0.97655813E-03     -0.61279948
    22    6 C   -0.97655813E-03     -0.61279948
    23    6 C   -0.97655843E-03     -0.61279967
    24    6 C   -0.97655813E-03     -0.61279948
    25    6 C   -0.97655813E-03     -0.61279948
    26    6 C   -0.97655831E-03     -0.61279959
    27    6 C   -0.97655831E-03     -0.61279959
    28    6 C   -0.97655843E-03     -0.61279967
    29    6 C   -0.97655813E-03     -0.61279948
    30    6 C   -0.97655813E-03     -0.61279948
    31    6 C   -0.97655831E-03     -0.61279959
    32    6 C   -0.97655843E-03     -0.61279967
    33    6 C   -0.97655813E-03     -0.61279948
    34    6 C   -0.97655813E-03     -0.61279948
    35    6 C   -0.97655843E-03     -0.61279967
    36    6 C   -0.97655813E-03     -0.61279948
    37    6 C   -0.97655813E-03     -0.61279948
    38    6 C   -0.97655831E-03     -0.61279959
    39    6 C   -0.97655831E-03     -0.61279959
    40    6 C   -0.97655843E-03     -0.61279967
    41    6 C   -0.97655813E-03     -0.61279948
    42    6 C   -0.97655813E-03     -0.61279948
    43    6 C   -0.98259888E-03     -0.61659010
    44    6 C   -0.98259882E-03     -0.61659007
    45    6 C   -0.98259883E-03     -0.61659007
    46    6 C   -0.98260057E-03     -0.61659117
    47    6 C   -0.98259882E-03     -0.61659007
    48    6 C   -0.98259883E-03     -0.61659007
    49    6 C   -0.98260057E-03     -0.61659117
    50    6 C   -0.98259888E-03     -0.61659010
    51    6 C   -0.98259888E-03     -0.61659010
    52    6 C   -0.98259882E-03     -0.61659007
    53    6 C   -0.98259883E-03     -0.61659007
    54    6 C   -0.98260057E-03     -0.61659117
    55    6 C   -0.98259888E-03     -0.61659010
    56    6 C   -0.98259882E-03     -0.61659007
    57    6 C   -0.98259883E-03     -0.61659007
    58    6 C   -0.98260057E-03     -0.61659117
    59    6 C   -0.98259882E-03     -0.61659007
    60    6 C   -0.98259883E-03     -0.61659007
    61    6 C   -0.98260057E-03     -0.61659117
    62    6 C   -0.98259888E-03     -0.61659010
    63    6 C   -0.98259888E-03     -0.61659010
    64    6 C   -0.98259882E-03     -0.61659007
    65    6 C   -0.98259883E-03     -0.61659007
    66    6 C   -0.98260057E-03     -0.61659117
--------------------------------------------------

Dispersion energy:      -8.4753933385090E-02 Eh

[Info] Dispersion energy written to .EDISP
