-----------------------------------
 s i m p l e   D F T - D 3  v1.2.1
-----------------------------------

Zero (Chai-Head-Gordon) damping: pbe-D3(0)
--------------------
  s6         1.0000
  s8         0.7220
  s9         0.0000
 rs6         1.2170
 rs8         1.0000
 alp        14.0000
--------------------

Atomic radii (in Angstrom):
-------------------------------------------
   Z          R(cov)     R(vdw)      r4/r2
-------------------------------------------
  12 Mg       1.6667     1.7420     2.8909
  14 Si       1.3867     1.8959     2.5839
-------------------------------------------

Atomic reference systems (in atomic units):
----------------------------------------------------------------------------
   Z        #      CN    C6(AA)   #      CN    C6(AA)   #      CN    C6(AA)
----------------------------------------------------------------------------
  12 Mg     1  0.0000  683.3758   2  0.9628  451.2708   3  1.9496  175.5616
  14 Si     1  0.0000  317.8574   2  0.9507  270.2650   3  1.9435  233.1254
            4  2.9407  221.5046   5  3.8677  149.7734
----------------------------------------------------------------------------

Dispersion properties (in atomic units):
--------------------------------------------------------
     #    Z                CN       C6(AA)       C8(AA)
--------------------------------------------------------
     1   12 Mg         5.8938     175.5616   15718.3434
     2   12 Mg         5.8936     175.5616   15718.3434
     3   12 Mg         5.8938     175.5616   15718.3434
     4   12 Mg         5.8938     175.5616   15718.3434
     5   12 Mg         5.9980     175.5616   15718.3434
     6   12 Mg         5.9985     175.5616   15718.3434
     7   12 Mg         5.9644     175.5616   15718.3434
     8   12 Mg         5.9615     175.5616   15718.3434
     9   12 Mg         5.9742     175.5616   15718.3434
    10   12 Mg         5.9742     175.5616   15718.3434
    11   12 Mg         5.9659     175.5616   15718.3434
    12   12 Mg         5.9656     175.5616   15718.3434
    13   12 Mg         5.9357     175.5616   15718.3434
    14   12 Mg         5.9362     175.5616   15718.3434
    15   12 Mg         5.9731     175.5616   15718.3434
    16   12 Mg         5.9742     175.5616   15718.3434
    17   12 Mg         5.9991     175.5616   15718.3434
    18   12 Mg         5.9362     175.5616   15718.3434
    19   12 Mg         5.9614     175.5616   15718.3434
    20   12 Mg         5.9615     175.5616   15718.3434
    21   12 Mg         5.8936     175.5616   15718.3434
    22   12 Mg         5.8938     175.5616   15718.3434
    23   12 Mg         5.9742     175.5616   15718.3434
    24   12 Mg         5.9742     175.5616   15718.3434
    25   12 Mg         5.8437     175.5616   15718.3434
    26   12 Mg         5.8439     175.5616   15718.3434
    27   12 Mg         5.8437     175.5616   15718.3434
    28   12 Mg         5.9361     175.5616   15718.3434
    29   12 Mg         5.9360     175.5616   15718.3434
    30   12 Mg         5.9356     175.5616   15718.3434
    31   12 Mg         5.9363     175.5616   15718.3434
    32   12 Mg         5.9363     175.5616   15718.3434
    33   12 Mg         5.9366     175.5616   15718.3434
    34   12 Mg         5.9330     175.5616   15718.3434
    35   12 Mg         5.9331     175.5616   15718.3434
    36   12 Mg         5.9332     175.5616   15718.3434
    37   12 Mg         5.9516     175.5616   15718.3434
    38   12 Mg         5.9506     175.5616   15718.3434
    39   12 Mg         5.9512     175.5616   15718.3434
    40   12 Mg         6.0071     175.5616   15718.3434
    41   12 Mg         6.0080     175.5616   15718.3434
    42   12 Mg         6.0086     175.5616   15718.3434
    43   12 Mg         6.0080     175.5616   15718.3434
    44   12 Mg         6.0092     175.5616   15718.3434
    45   12 Mg         6.0085     175.5616   15718.3434
    46   12 Mg         6.0074     175.5616   15718.3434
    47   12 Mg         6.0482     175.5616   15718.3434
    48   12 Mg         6.0468     175.5616   15718.3434
    49   12 Mg         6.0473     175.5616   15718.3434
    50   12 Mg         6.0411     175.5616   15718.3434
    51   12 Mg         5.9430     175.5616   15718.3434
    52   12 Mg         5.9430     175.5616   15718.3434
    53   12 Mg         5.9426     175.5616   15718.3434
    54   12 Mg         5.9429     175.5616   15718.3434
    55   12 Mg         5.9427     175.5616   15718.3434
    56   12 Mg         5.9430     175.5616   15718.3434
    57   12 Mg         5.9244     175.5616   15718.3434
    58   12 Mg         5.9250     175.5616   15718.3434
    59   12 Mg         5.9244     175.5616   15718.3434
    60   12 Mg         5.9109     175.5616   15718.3434
    61   12 Mg         5.9110     175.5616   15718.3434
    62   12 Mg         5.9110     175.5616   15718.3434
    63   12 Mg         5.9113     175.5616   15718.3434
    64   12 Mg         5.9109     175.5616   15718.3434
    65   12 Mg         5.9109     175.5616   15718.3434
    66   12 Mg         5.9470     175.5616   15718.3434
    67   12 Mg         5.9478     175.5616   15718.3434
    68   12 Mg         5.9475     175.5616   15718.3434
    69   12 Mg         5.9479     175.5616   15718.3434
    70   12 Mg         5.9487     175.5616   15718.3434
    71   12 Mg         5.9484     175.5616   15718.3434
    72   12 Mg         5.9292     175.5616   15718.3434
    73   12 Mg         5.9294     175.5616   15718.3434
    74   12 Mg         5.9292     175.5616   15718.3434
    75   12 Mg         6.0297     175.5616   15718.3434
    76   12 Mg         5.9635     175.5616   15718.3434
    77   12 Mg         5.9630     175.5616   15718.3434
    78   12 Mg         5.9189     175.5616   15718.3434
    79   12 Mg         5.9185     175.5616   15718.3434
    80   12 Mg         5.9342     175.5616   15718.3434
    81   12 Mg         5.9343     175.5616   15718.3434
    82   12 Mg         5.8838     175.5616   15718.3434
    83   12 Mg         5.9189     175.5616   15718.3434
    84   12 Mg         5.9188     175.5616   15718.3434
    85   12 Mg         5.9187     175.5616   15718.3434
    86   12 Mg         5.9185     175.5616   15718.3434
    87   12 Mg         5.8634     175.5616   15718.3434
    88   12 Mg         5.9161     175.5616   15718.3434
    89   12 Mg         5.9162     175.5616   15718.3434
    90   12 Mg         5.8634     175.5616   15718.3434
    91   12 Mg         5.8635     175.5616   15718.3434
    92   12 Mg         5.9343     175.5616   15718.3434
    93   12 Mg         5.9346     175.5616   15718.3434
    94   12 Mg         5.9631     175.5616   15718.3434
    95   12 Mg         5.9161     175.5616   15718.3434
    96   12 Mg         6.0299     175.5616   15718.3434
    97   12 Mg         6.0298     175.5616   15718.3434
    98   12 Mg         5.9342     175.5616   15718.3434
    99   12 Mg         5.9345     175.5616   15718.3434
   100   12 Mg         5.9293     175.5616   15718.3434
   101   12 Mg         5.9294     175.5616   15718.3434
   102   12 Mg         5.9293     175.5616   15718.3434
   103   12 Mg         5.9479     175.5616   15718.3434
   104   12 Mg         5.9487     175.5616   15718.3434
   105   12 Mg         5.9484     175.5616   15718.3434
   106   12 Mg         5.9470     175.5616   15718.3434
   107   12 Mg         5.9479     175.5616   15718.3434
   108   12 Mg         5.9476     175.5616   15718.3434
   109   12 Mg         5.9109     175.5616   15718.3434
   110   12 Mg         5.9110     175.5616   15718.3434
   111   12 Mg         5.9110     175.5616   15718.3434
   112   12 Mg         5.9114     175.5616   15718.3434
   113   12 Mg         5.9109     175.5616   15718.3434
   114   12 Mg         5.9109     175.5616   15718.3434
   115   12 Mg         5.9244     175.5616   15718.3434
   116   12 Mg         5.9250     175.5616   15718.3434
   117   12 Mg         5.9245     175.5616   15718.3434
   118   12 Mg         5.9430     175.5616   15718.3434
   119   12 Mg         5.9430     175.5616   15718.3434
   120   12 Mg         5.9426     175.5616   15718.3434
   121   12 Mg         5.9429     175.5616   15718.3434
   122   12 Mg         5.9427     175.5616   15718.3434
   123   12 Mg         5.9430     175.5616   15718.3434
   124   12 Mg         6.0411     175.5616   15718.3434
   125   12 Mg         6.0482     175.5616   15718.3434
   126   12 Mg         6.0468     175.5616   15718.3434
   127   12 Mg         6.0473     175.5616   15718.3434
   128   12 Mg         6.0074     175.5616   15718.3434
   129   12 Mg         6.0070     175.5616   15718.3434
   130   12 Mg         6.0080     175.5616   15718.3434
   131   12 Mg         6.0085     175.5616   15718.3434
   132   12 Mg         6.0079     175.5616   15718.3434
   133   12 Mg         6.0092     175.5616   15718.3434
   134   12 Mg         6.0085     175.5616   15718.3434
   135   12 Mg         5.9516     175.5616   15718.3434
   136   12 Mg         5.9505     175.5616   15718.3434
   137   12 Mg         5.9511     175.5616   15718.3434
   138   12 Mg         5.9330     175.5616   15718.3434
   139   12 Mg         5.9330     175.5616   15718.3434
   140   12 Mg         5.9331     175.5616   15718.3434
   141   12 Mg         5.9361     175.5616   15718.3434
   142   12 Mg         5.9360     175.5616   15718.3434
   143   12 Mg         5.9356     175.5616   15718.3434
   144   12 Mg         5.9363     175.5616   15718.3434
   145   12 Mg         5.9363     175.5616   15718.3434
   146   12 Mg         5.9366     175.5616   15718.3434
   147   12 Mg         5.8437     175.5616   15718.3434
   148   12 Mg         5.8439     175.5616   15718.3434
   149   12 Mg         5.8437     175.5616   15718.3434
   150   14 Si         2.9932     218.0302   15594.9678
--------------------------------------------------------

Atom-resolved dispersion energies:
--------------------------------------------------
     #    Z           [Hartree]      [kcal/mol]
--------------------------------------------------
     1   12 Mg  -0.68405035E-02     -4.29248073
     2   12 Mg  -0.68403768E-02     -4.29240122
     3   12 Mg  -0.68404068E-02     -4.29242010
     4   12 Mg  -0.68402545E-02     -4.29232452
     5   12 Mg  -0.67170570E-02     -4.21501693
     6   12 Mg  -0.67170973E-02     -4.21504220
     7   12 Mg  -0.67041954E-02     -4.20694611
     8   12 Mg  -0.67120136E-02     -4.21185211
     9   12 Mg  -0.67012349E-02     -4.20508836
    10   12 Mg  -0.67015416E-02     -4.20528083
    11   12 Mg  -0.67036727E-02     -4.20661816
    12   12 Mg  -0.67040351E-02     -4.20684556
    13   12 Mg  -0.66933255E-02     -4.20012515
    14   12 Mg  -0.66932373E-02     -4.20006984
    15   12 Mg  -0.67018164E-02     -4.20545329
    16   12 Mg  -0.67015978E-02     -4.20531611
    17   12 Mg  -0.67168453E-02     -4.21488405
    18   12 Mg  -0.66931807E-02     -4.20003429
    19   12 Mg  -0.67121254E-02     -4.21192225
    20   12 Mg  -0.67119854E-02     -4.21183440
    21   12 Mg  -0.68404671E-02     -4.29245789
    22   12 Mg  -0.68402933E-02     -4.29234888
    23   12 Mg  -0.67014388E-02     -4.20521632
    24   12 Mg  -0.67012220E-02     -4.20508029
    25   12 Mg  -0.68531568E-02     -4.30042081
    26   12 Mg  -0.68530873E-02     -4.30037720
    27   12 Mg  -0.68531950E-02     -4.30044477
    28   12 Mg  -0.67222479E-02     -4.21827425
    29   12 Mg  -0.67224032E-02     -4.21837171
    30   12 Mg  -0.67224931E-02     -4.21842813
    31   12 Mg  -0.67223150E-02     -4.21831637
    32   12 Mg  -0.67221844E-02     -4.21823437
    33   12 Mg  -0.67221668E-02     -4.21822334
    34   12 Mg  -0.66885104E-02     -4.19710363
    35   12 Mg  -0.66884620E-02     -4.19707326
    36   12 Mg  -0.66885009E-02     -4.19709769
    37   12 Mg  -0.66873405E-02     -4.19636950
    38   12 Mg  -0.66876865E-02     -4.19658662
    39   12 Mg  -0.66874390E-02     -4.19643132
    40   12 Mg  -0.66748785E-02     -4.18854948
    41   12 Mg  -0.66745832E-02     -4.18836418
    42   12 Mg  -0.66744721E-02     -4.18829450
    43   12 Mg  -0.66745415E-02     -4.18833804
    44   12 Mg  -0.66742201E-02     -4.18813634
    45   12 Mg  -0.66744396E-02     -4.18827410
    46   12 Mg  -0.66750448E-02     -4.18865386
    47   12 Mg  -0.67329824E-02     -4.22501023
    48   12 Mg  -0.67334102E-02     -4.22527866
    49   12 Mg  -0.67333100E-02     -4.22521581
    50   12 Mg  -0.66942957E-02     -4.20073399
    51   12 Mg  -0.67073198E-02     -4.20890673
    52   12 Mg  -0.67074521E-02     -4.20898971
    53   12 Mg  -0.67074260E-02     -4.20897336
    54   12 Mg  -0.67073965E-02     -4.20895484
    55   12 Mg  -0.67074376E-02     -4.20898065
    56   12 Mg  -0.67073648E-02     -4.20893494
    57   12 Mg  -0.66821580E-02     -4.19311744
    58   12 Mg  -0.66819686E-02     -4.19299859
    59   12 Mg  -0.66821226E-02     -4.19309525
    60   12 Mg  -0.66968405E-02     -4.20233083
    61   12 Mg  -0.66969011E-02     -4.20236890
    62   12 Mg  -0.66969365E-02     -4.20239111
    63   12 Mg  -0.66966544E-02     -4.20221410
    64   12 Mg  -0.66969258E-02     -4.20238440
    65   12 Mg  -0.66970308E-02     -4.20245029
    66   12 Mg  -0.66831775E-02     -4.19375718
    67   12 Mg  -0.66828677E-02     -4.19356279
    68   12 Mg  -0.66831013E-02     -4.19370939
    69   12 Mg  -0.66883587E-02     -4.19700847
    70   12 Mg  -0.66881831E-02     -4.19689824
    71   12 Mg  -0.66882840E-02     -4.19696160
    72   12 Mg  -0.66722193E-02     -4.18688083
    73   12 Mg  -0.66720796E-02     -4.18679314
    74   12 Mg  -0.66721888E-02     -4.18686167
    75   12 Mg  -0.66673575E-02     -4.18382999
    76   12 Mg  -0.66836941E-02     -4.19408134
    77   12 Mg  -0.66837725E-02     -4.19413056
    78   12 Mg  -0.66842803E-02     -4.19444919
    79   12 Mg  -0.66843744E-02     -4.19450828
    80   12 Mg  -0.66825781E-02     -4.19338106
    81   12 Mg  -0.66826100E-02     -4.19340110
    82   12 Mg  -0.66998122E-02     -4.20419565
    83   12 Mg  -0.66843127E-02     -4.19446952
    84   12 Mg  -0.66843386E-02     -4.19448582
    85   12 Mg  -0.66843891E-02     -4.19451746
    86   12 Mg  -0.66844443E-02     -4.19455213
    87   12 Mg  -0.67000065E-02     -4.20431758
    88   12 Mg  -0.66784627E-02     -4.19079860
    89   12 Mg  -0.66784507E-02     -4.19079111
    90   12 Mg  -0.67000083E-02     -4.20431866
    91   12 Mg  -0.67000079E-02     -4.20431844
    92   12 Mg  -0.66825523E-02     -4.19336488
    93   12 Mg  -0.66825085E-02     -4.19333740
    94   12 Mg  -0.66837963E-02     -4.19414549
    95   12 Mg  -0.66784305E-02     -4.19077839
    96   12 Mg  -0.66672833E-02     -4.18378342
    97   12 Mg  -0.66673353E-02     -4.18381608
    98   12 Mg  -0.66826388E-02     -4.19341918
    99   12 Mg  -0.66825149E-02     -4.19334140
   100   12 Mg  -0.66722027E-02     -4.18687040
   101   12 Mg  -0.66720630E-02     -4.18678272
   102   12 Mg  -0.66721722E-02     -4.18685124
   103   12 Mg  -0.66883583E-02     -4.19700818
   104   12 Mg  -0.66881826E-02     -4.19689795
   105   12 Mg  -0.66882836E-02     -4.19696131
   106   12 Mg  -0.66831719E-02     -4.19375368
   107   12 Mg  -0.66828621E-02     -4.19355929
   108   12 Mg  -0.66830957E-02     -4.19370589
   109   12 Mg  -0.66968347E-02     -4.20232719
   110   12 Mg  -0.66968953E-02     -4.20236525
   111   12 Mg  -0.66969307E-02     -4.20238746
   112   12 Mg  -0.66966486E-02     -4.20221045
   113   12 Mg  -0.66969200E-02     -4.20238076
   114   12 Mg  -0.66970250E-02     -4.20244664
   115   12 Mg  -0.66821550E-02     -4.19311556
   116   12 Mg  -0.66819656E-02     -4.19299671
   117   12 Mg  -0.66821196E-02     -4.19309337
   118   12 Mg  -0.67073197E-02     -4.20890667
   119   12 Mg  -0.67074520E-02     -4.20898965
   120   12 Mg  -0.67074259E-02     -4.20897329
   121   12 Mg  -0.67073964E-02     -4.20895478
   122   12 Mg  -0.67074375E-02     -4.20898059
   123   12 Mg  -0.67073647E-02     -4.20893488
   124   12 Mg  -0.66942954E-02     -4.20073378
   125   12 Mg  -0.67329838E-02     -4.22501112
   126   12 Mg  -0.67334116E-02     -4.22527956
   127   12 Mg  -0.67333114E-02     -4.22521670
   128   12 Mg  -0.66750384E-02     -4.18864981
   129   12 Mg  -0.66748860E-02     -4.18855422
   130   12 Mg  -0.66745907E-02     -4.18836892
   131   12 Mg  -0.66744797E-02     -4.18829924
   132   12 Mg  -0.66745491E-02     -4.18834278
   133   12 Mg  -0.66742276E-02     -4.18814108
   134   12 Mg  -0.66744472E-02     -4.18827885
   135   12 Mg  -0.66873557E-02     -4.19637907
   136   12 Mg  -0.66877017E-02     -4.19659620
   137   12 Mg  -0.66874542E-02     -4.19644089
   138   12 Mg  -0.66885180E-02     -4.19710840
   139   12 Mg  -0.66884696E-02     -4.19707803
   140   12 Mg  -0.66885085E-02     -4.19710246
   141   12 Mg  -0.67222490E-02     -4.21827494
   142   12 Mg  -0.67224043E-02     -4.21837239
   143   12 Mg  -0.67224942E-02     -4.21842882
   144   12 Mg  -0.67223161E-02     -4.21831705
   145   12 Mg  -0.67221854E-02     -4.21823505
   146   12 Mg  -0.67221679E-02     -4.21822402
   147   12 Mg  -0.68531542E-02     -4.30041921
   148   12 Mg  -0.68530847E-02     -4.30037560
   149   12 Mg  -0.68531924E-02     -4.30044317
   150   14 Si  -0.88871264E-02     -5.57675604
--------------------------------------------------

Dispersion energy:      -1.0081865316610E+00 Eh

[Info] Dispersion energy written to .EDISP
