-----------------------------------
 s i m p l e   D F T - D 3  v1.2.1
-----------------------------------

Zero (Chai-Head-Gordon) damping: pbe-D3(0)
--------------------
  s6         1.0000
  s8         0.7220
  s9         0.0000
 rs6         1.2170
 rs8         1.0000
 alp        14.0000
--------------------

Atomic radii (in Angstrom):
-------------------------------------------
   Z          R(cov)     R(vdw)      r4/r2
-------------------------------------------
  12 Mg       1.6667     1.7420     2.8909
  14 Si       1.3867     1.8959     2.5839
-------------------------------------------

Atomic reference systems (in atomic units):
----------------------------------------------------------------------------
   Z        #      CN    C6(AA)   #      CN    C6(AA)   #      CN    C6(AA)
----------------------------------------------------------------------------
  12 Mg     1  0.0000  683.3758   2  0.9628  451.2708   3  1.9496  175.5616
  14 Si     1  0.0000  317.8574   2  0.9507  270.2650   3  1.9435  233.1254
            4  2.9407  221.5046   5  3.8677  149.7734
----------------------------------------------------------------------------

Dispersion properties (in atomic units):
--------------------------------------------------------
     #    Z                CN       C6(AA)       C8(AA)
--------------------------------------------------------
     1   12 Mg         0.8580     459.0268   41097.4899
     2   12 Mg         0.8579     459.0331   41098.0541
     3   12 Mg         0.8580     459.0272   41097.5280
     4   12 Mg         0.8580     459.0299   41097.7695
     5   12 Mg         0.8599     458.8280   41079.6935
     6   12 Mg         0.8600     458.8151   41078.5363
     7   12 Mg         0.8528     459.5709   41146.2040
     8   12 Mg         0.8538     459.4613   41136.3917
     9   12 Mg         0.8559     459.2402   41116.5962
    10   12 Mg         0.8559     459.2406   41116.6294
    11   12 Mg         0.8531     459.5367   41143.1437
    12   12 Mg         0.8531     459.5435   41143.7476
    13   12 Mg         0.8472     460.1719   41200.0140
    14   12 Mg         0.8473     460.1601   41198.9587
    15   12 Mg         0.8557     459.2660   41118.9066
    16   12 Mg         0.8559     459.2404   41116.6118
    17   12 Mg         0.8602     458.8013   41077.3008
    18   12 Mg         0.8473     460.1594   41198.8904
    19   12 Mg         0.8538     459.4632   41136.5623
    20   12 Mg         0.8538     459.4612   41136.3836
    21   12 Mg         0.8579     459.0324   41097.9910
    22   12 Mg         0.8580     459.0300   41097.7707
    23   12 Mg         0.8559     459.2401   41116.5850
    24   12 Mg         0.8560     459.2396   41116.5391
    25   12 Mg         0.8468     460.2126   41203.6535
    26   12 Mg         0.8468     460.2102   41203.4445
    27   12 Mg         0.8468     460.2124   41203.6335
    28   12 Mg         0.8470     460.1909   41201.7143
    29   12 Mg         0.8470     460.1930   41201.9009
    30   12 Mg         0.8469     460.2031   41202.8023
    31   12 Mg         0.8471     460.1873   41201.3873
    32   12 Mg         0.8471     460.1871   41201.3704
    33   12 Mg         0.8471     460.1805   41200.7842
    34   12 Mg         0.8459     460.3139   41212.7285
    35   12 Mg         0.8459     460.3131   41212.6497
    36   12 Mg         0.8459     460.3107   41212.4356
    37   12 Mg         0.8500     459.8715   41173.1129
    38   12 Mg         0.8498     459.8971   41175.4078
    39   12 Mg         0.8499     459.8825   41174.0984
    40   12 Mg         0.8617     458.6437   41063.1873
    41   12 Mg         0.8619     458.6222   41061.2631
    42   12 Mg         0.8620     458.6109   41060.2568
    43   12 Mg         0.8619     458.6235   41061.3761
    44   12 Mg         0.8622     458.5956   41058.8792
    45   12 Mg         0.8620     458.6108   41060.2478
    46   12 Mg         0.8618     458.6372   41062.6034
    47   12 Mg         0.8716     457.6428   40973.5767
    48   12 Mg         0.8713     457.6739   40976.3650
    49   12 Mg         0.8714     457.6624   40975.3303
    50   12 Mg         0.8690     457.8994   40996.5462
    51   12 Mg         0.8484     460.0471   41188.8409
    52   12 Mg         0.8484     460.0475   41188.8758
    53   12 Mg         0.8483     460.0551   41189.5500
    54   12 Mg         0.8483     460.0478   41188.8985
    55   12 Mg         0.8483     460.0540   41189.4574
    56   12 Mg         0.8484     460.0465   41188.7830
    57   12 Mg         0.8437     460.5497   41233.8331
    58   12 Mg         0.8439     460.5360   41232.6101
    59   12 Mg         0.8438     460.5479   41233.6743
    60   12 Mg         0.8407     460.8842   41263.7882
    61   12 Mg         0.8407     460.8815   41263.5430
    62   12 Mg         0.8407     460.8808   41263.4800
    63   12 Mg         0.8408     460.8727   41262.7578
    64   12 Mg         0.8407     460.8847   41263.8267
    65   12 Mg         0.8407     460.8843   41263.7910
    66   12 Mg         0.8486     460.0220   41186.5890
    67   12 Mg         0.8488     460.0013   41184.7395
    68   12 Mg         0.8487     460.0086   41185.3904
    69   12 Mg         0.8490     459.9737   41182.2641
    70   12 Mg         0.8492     459.9552   41180.6085
    71   12 Mg         0.8492     459.9612   41181.1455
    72   12 Mg         0.8448     460.4384   41223.8717
    73   12 Mg         0.8448     460.4341   41223.4908
    74   12 Mg         0.8448     460.4381   41223.8426
    75   12 Mg         0.8665     458.1525   41019.2096
    76   12 Mg         0.8521     459.6444   41152.7854
    77   12 Mg         0.8520     459.6547   41153.7065
    78   12 Mg         0.8425     460.6814   41245.6264
    79   12 Mg         0.8425     460.6909   41246.4773
    80   12 Mg         0.8457     460.3379   41214.8705
    81   12 Mg         0.8457     460.3378   41214.8667
    82   12 Mg         0.8349     461.5423   41322.7016
    83   12 Mg         0.8425     460.6817   41245.6581
    84   12 Mg         0.8425     460.6848   41245.9281
    85   12 Mg         0.8425     460.6857   41246.0129
    86   12 Mg         0.8425     460.6905   41246.4431
    87   12 Mg         0.8308     462.0069   41364.3054
    88   12 Mg         0.8418     460.7585   41252.5298
    89   12 Mg         0.8419     460.7567   41252.3672
    90   12 Mg         0.8308     462.0068   41364.2954
    91   12 Mg         0.8308     462.0037   41364.0136
    92   12 Mg         0.8457     460.3357   41214.6792
    93   12 Mg         0.8457     460.3299   41214.1566
    94   12 Mg         0.8520     459.6536   41153.6113
    95   12 Mg         0.8418     460.7585   41252.5308
    96   12 Mg         0.8666     458.1471   41018.7260
    97   12 Mg         0.8665     458.1506   41019.0450
    98   12 Mg         0.8457     460.3383   41214.9081
    99   12 Mg         0.8457     460.3314   41214.2953
   100   12 Mg         0.8448     460.4373   41223.7726
   101   12 Mg         0.8448     460.4330   41223.3918
   102   12 Mg         0.8448     460.4370   41223.7435
   103   12 Mg         0.8490     459.9737   41182.2692
   104   12 Mg         0.8492     459.9552   41180.6137
   105   12 Mg         0.8492     459.9612   41181.1507
   106   12 Mg         0.8486     460.0216   41186.5540
   107   12 Mg         0.8488     460.0009   41184.7046
   108   12 Mg         0.8487     460.0082   41185.3555
   109   12 Mg         0.8407     460.8838   41263.7529
   110   12 Mg         0.8407     460.8811   41263.5077
   111   12 Mg         0.8407     460.8804   41263.4447
   112   12 Mg         0.8408     460.8723   41262.7225
   113   12 Mg         0.8407     460.8843   41263.7912
   114   12 Mg         0.8407     460.8839   41263.7556
   115   12 Mg         0.8437     460.5493   41233.7968
   116   12 Mg         0.8439     460.5356   41232.5739
   117   12 Mg         0.8438     460.5475   41233.6380
   118   12 Mg         0.8484     460.0471   41188.8408
   119   12 Mg         0.8484     460.0475   41188.8757
   120   12 Mg         0.8483     460.0551   41189.5499
   121   12 Mg         0.8483     460.0478   41188.8984
   122   12 Mg         0.8483     460.0540   41189.4573
   123   12 Mg         0.8484     460.0465   41188.7829
   124   12 Mg         0.8690     457.8994   40996.5462
   125   12 Mg         0.8716     457.6432   40973.6115
   126   12 Mg         0.8713     457.6743   40976.3998
   127   12 Mg         0.8714     457.6628   40975.3651
   128   12 Mg         0.8618     458.6371   41062.6020
   129   12 Mg         0.8617     458.6444   41063.2520
   130   12 Mg         0.8619     458.6229   41061.3278
   131   12 Mg         0.8620     458.6117   41060.3214
   132   12 Mg         0.8619     458.6242   41061.4407
   133   12 Mg         0.8622     458.5963   41058.9437
   134   12 Mg         0.8620     458.6116   41060.3125
   135   12 Mg         0.8500     459.8726   41173.2176
   136   12 Mg         0.8497     459.8983   41175.5126
   137   12 Mg         0.8499     459.8836   41174.2032
   138   12 Mg         0.8459     460.3147   41212.7964
   139   12 Mg         0.8459     460.3138   41212.7176
   140   12 Mg         0.8459     460.3114   41212.5036
   141   12 Mg         0.8470     460.1913   41201.7476
   142   12 Mg         0.8470     460.1934   41201.9342
   143   12 Mg         0.8469     460.2034   41202.8357
   144   12 Mg         0.8471     460.1876   41201.4206
   145   12 Mg         0.8471     460.1875   41201.4037
   146   12 Mg         0.8471     460.1809   41200.8175
   147   12 Mg         0.8468     460.2126   41203.6536
   148   12 Mg         0.8468     460.2102   41203.4446
   149   12 Mg         0.8468     460.2124   41203.6336
   150   14 Si         0.3617     303.3009   21694.0984
--------------------------------------------------------

Atom-resolved dispersion energies:
--------------------------------------------------
     #    Z           [Hartree]      [kcal/mol]
--------------------------------------------------
     1   12 Mg  -0.15339816E-01     -9.62587968
     2   12 Mg  -0.15339653E-01     -9.62577732
     3   12 Mg  -0.15339591E-01     -9.62573862
     4   12 Mg  -0.15339669E-01     -9.62578751
     5   12 Mg  -0.15312585E-01     -9.60879202
     6   12 Mg  -0.15312448E-01     -9.60870648
     7   12 Mg  -0.15312354E-01     -9.60864717
     8   12 Mg  -0.15298152E-01     -9.59973562
     9   12 Mg  -0.15302864E-01     -9.60269218
    10   12 Mg  -0.15303120E-01     -9.60285286
    11   12 Mg  -0.15311903E-01     -9.60836398
    12   12 Mg  -0.15312225E-01     -9.60856653
    13   12 Mg  -0.15305240E-01     -9.60418291
    14   12 Mg  -0.15305054E-01     -9.60406641
    15   12 Mg  -0.15303512E-01     -9.60309864
    16   12 Mg  -0.15303145E-01     -9.60286822
    17   12 Mg  -0.15312267E-01     -9.60859240
    18   12 Mg  -0.15305032E-01     -9.60405262
    19   12 Mg  -0.15298268E-01     -9.59980794
    20   12 Mg  -0.15298148E-01     -9.59973297
    21   12 Mg  -0.15339646E-01     -9.62577294
    22   12 Mg  -0.15339662E-01     -9.62578319
    23   12 Mg  -0.15303101E-01     -9.60284081
    24   12 Mg  -0.15302830E-01     -9.60267052
    25   12 Mg  -0.15360022E-01     -9.63855910
    26   12 Mg  -0.15360026E-01     -9.63856198
    27   12 Mg  -0.15360041E-01     -9.63857139
    28   12 Mg  -0.15313415E-01     -9.60931278
    29   12 Mg  -0.15313472E-01     -9.60934903
    30   12 Mg  -0.15313589E-01     -9.60942231
    31   12 Mg  -0.15313405E-01     -9.60930670
    32   12 Mg  -0.15313375E-01     -9.60928795
    33   12 Mg  -0.15313329E-01     -9.60925905
    34   12 Mg  -0.15313640E-01     -9.60945426
    35   12 Mg  -0.15313615E-01     -9.60943861
    36   12 Mg  -0.15313611E-01     -9.60943568
    37   12 Mg  -0.15307217E-01     -9.60542339
    38   12 Mg  -0.15307616E-01     -9.60567392
    39   12 Mg  -0.15307336E-01     -9.60549864
    40   12 Mg  -0.15287460E-01     -9.59302626
    41   12 Mg  -0.15287169E-01     -9.59284350
    42   12 Mg  -0.15287074E-01     -9.59278363
    43   12 Mg  -0.15287196E-01     -9.59286057
    44   12 Mg  -0.15286893E-01     -9.59267034
    45   12 Mg  -0.15287060E-01     -9.59277493
    46   12 Mg  -0.15288949E-01     -9.59396033
    47   12 Mg  -0.15266627E-01     -9.57995292
    48   12 Mg  -0.15267049E-01     -9.58021762
    49   12 Mg  -0.15266880E-01     -9.58011164
    50   12 Mg  -0.15283089E-01     -9.59028325
    51   12 Mg  -0.15309537E-01     -9.60687940
    52   12 Mg  -0.15309682E-01     -9.60697057
    53   12 Mg  -0.15309616E-01     -9.60692913
    54   12 Mg  -0.15309560E-01     -9.60689369
    55   12 Mg  -0.15309610E-01     -9.60692522
    56   12 Mg  -0.15309539E-01     -9.60688077
    57   12 Mg  -0.15302285E-01     -9.60232898
    58   12 Mg  -0.15302143E-01     -9.60223957
    59   12 Mg  -0.15302267E-01     -9.60231744
    60   12 Mg  -0.15323865E-01     -9.61587039
    61   12 Mg  -0.15323958E-01     -9.61592898
    62   12 Mg  -0.15323951E-01     -9.61592420
    63   12 Mg  -0.15323709E-01     -9.61577269
    64   12 Mg  -0.15324007E-01     -9.61595935
    65   12 Mg  -0.15324023E-01     -9.61596969
    66   12 Mg  -0.15307248E-01     -9.60544344
    67   12 Mg  -0.15306973E-01     -9.60527029
    68   12 Mg  -0.15307187E-01     -9.60540456
    69   12 Mg  -0.15308004E-01     -9.60591771
    70   12 Mg  -0.15307786E-01     -9.60578074
    71   12 Mg  -0.15307865E-01     -9.60583034
    72   12 Mg  -0.15300078E-01     -9.60094401
    73   12 Mg  -0.15299994E-01     -9.60089134
    74   12 Mg  -0.15300062E-01     -9.60093372
    75   12 Mg  -0.15290915E-01     -9.59519424
    76   12 Mg  -0.15306297E-01     -9.60484630
    77   12 Mg  -0.15306391E-01     -9.60490519
    78   12 Mg  -0.15309132E-01     -9.60662558
    79   12 Mg  -0.15309248E-01     -9.60669827
    80   12 Mg  -0.15312202E-01     -9.60855195
    81   12 Mg  -0.15312238E-01     -9.60857424
    82   12 Mg  -0.15325218E-01     -9.61671918
    83   12 Mg  -0.15309130E-01     -9.60662405
    84   12 Mg  -0.15309208E-01     -9.60667332
    85   12 Mg  -0.15309230E-01     -9.60668700
    86   12 Mg  -0.15309235E-01     -9.60669026
    87   12 Mg  -0.15328946E-01     -9.61905900
    88   12 Mg  -0.15311505E-01     -9.60811442
    89   12 Mg  -0.15311516E-01     -9.60812134
    90   12 Mg  -0.15328956E-01     -9.61906485
    91   12 Mg  -0.15328946E-01     -9.61905893
    92   12 Mg  -0.15312199E-01     -9.60854971
    93   12 Mg  -0.15312135E-01     -9.60851009
    94   12 Mg  -0.15306379E-01     -9.60489791
    95   12 Mg  -0.15311481E-01     -9.60809919
    96   12 Mg  -0.15290860E-01     -9.59515970
    97   12 Mg  -0.15290897E-01     -9.59518243
    98   12 Mg  -0.15312264E-01     -9.60859051
    99   12 Mg  -0.15312149E-01     -9.60851833
   100   12 Mg  -0.15300067E-01     -9.60093683
   101   12 Mg  -0.15299983E-01     -9.60088417
   102   12 Mg  -0.15300050E-01     -9.60092654
   103   12 Mg  -0.15308009E-01     -9.60592055
   104   12 Mg  -0.15307791E-01     -9.60578359
   105   12 Mg  -0.15307870E-01     -9.60583320
   106   12 Mg  -0.15307245E-01     -9.60544123
   107   12 Mg  -0.15306969E-01     -9.60526808
   108   12 Mg  -0.15307183E-01     -9.60540235
   109   12 Mg  -0.15323861E-01     -9.61586803
   110   12 Mg  -0.15323954E-01     -9.61592663
   111   12 Mg  -0.15323947E-01     -9.61592184
   112   12 Mg  -0.15323705E-01     -9.61577033
   113   12 Mg  -0.15324003E-01     -9.61595696
   114   12 Mg  -0.15324019E-01     -9.61596733
   115   12 Mg  -0.15302284E-01     -9.60232793
   116   12 Mg  -0.15302141E-01     -9.60223853
   117   12 Mg  -0.15302265E-01     -9.60231639
   118   12 Mg  -0.15309537E-01     -9.60687964
   119   12 Mg  -0.15309683E-01     -9.60697082
   120   12 Mg  -0.15309616E-01     -9.60692937
   121   12 Mg  -0.15309560E-01     -9.60689394
   122   12 Mg  -0.15309610E-01     -9.60692546
   123   12 Mg  -0.15309539E-01     -9.60688102
   124   12 Mg  -0.15283089E-01     -9.59028330
   125   12 Mg  -0.15266629E-01     -9.57995438
   126   12 Mg  -0.15267051E-01     -9.58021908
   127   12 Mg  -0.15266882E-01     -9.58011309
   128   12 Mg  -0.15288941E-01     -9.59395560
   129   12 Mg  -0.15287467E-01     -9.59303065
   130   12 Mg  -0.15287176E-01     -9.59284792
   131   12 Mg  -0.15287081E-01     -9.59278803
   132   12 Mg  -0.15287203E-01     -9.59286497
   133   12 Mg  -0.15286900E-01     -9.59267473
   134   12 Mg  -0.15287067E-01     -9.59277932
   135   12 Mg  -0.15307234E-01     -9.60543426
   136   12 Mg  -0.15307633E-01     -9.60568479
   137   12 Mg  -0.15307354E-01     -9.60550952
   138   12 Mg  -0.15313644E-01     -9.60945680
   139   12 Mg  -0.15313619E-01     -9.60944114
   140   12 Mg  -0.15313615E-01     -9.60943823
   141   12 Mg  -0.15313414E-01     -9.60931266
   142   12 Mg  -0.15313472E-01     -9.60934892
   143   12 Mg  -0.15313589E-01     -9.60942220
   144   12 Mg  -0.15313405E-01     -9.60930659
   145   12 Mg  -0.15313375E-01     -9.60928784
   146   12 Mg  -0.15313329E-01     -9.60925894
   147   12 Mg  -0.15360021E-01     -9.63855867
   148   12 Mg  -0.15360026E-01     -9.63856154
   149   12 Mg  -0.15360041E-01     -9.63857095
   150   14 Si  -0.14188339E-01     -8.90331740
--------------------------------------------------

Dispersion energy:      -2.2952395514690E+00 Eh

[Info] Dispersion energy written to .EDISP
