-----------------------------------
 s i m p l e   D F T - D 3  v1.2.1
-----------------------------------

Zero (Chai-Head-Gordon) damping: pbe-D3(0)
--------------------
  s6         1.0000
  s8         0.7220
  s9         0.0000
 rs6         1.2170
 rs8         1.0000
 alp        14.0000
--------------------

Atomic radii (in Angstrom):
-------------------------------------------
   Z          R(cov)     R(vdw)      r4/r2
-------------------------------------------
   3 Li       1.6000     1.7478     2.6564
  52 Te       1.6400     1.9450     3.0782
-------------------------------------------

Atomic reference systems (in atomic units):
----------------------------------------------------------------------------
   Z        #      CN    C6(AA)   #      CN    C6(AA)   #      CN    C6(AA)
----------------------------------------------------------------------------
   3 Li     1  0.0000 1163.4454   2  0.9865   85.3197
  52 Te     1  0.0000  425.5355   2  0.9811  425.1015   3  1.9639  418.5789
----------------------------------------------------------------------------

Dispersion properties (in atomic units):
--------------------------------------------------------
     #    Z                CN       C6(AA)       C8(AA)
--------------------------------------------------------
     1    3 Li         5.3253      85.3197    6449.9358
     2    3 Li         5.3193      85.3197    6449.9358
     3    3 Li         5.3320      85.3197    6449.9358
     4    3 Li         5.3273      85.3197    6449.9358
     5    3 Li         5.3810      85.3197    6449.9358
     6    3 Li         5.3699      85.3197    6449.9358
     7    3 Li         5.3771      85.3197    6449.9358
     8    3 Li         5.3668      85.3197    6449.9358
     9    3 Li         5.4041      85.3197    6449.9358
    10    3 Li         5.3935      85.3197    6449.9358
    11    3 Li         5.3195      85.3197    6449.9358
    12    3 Li         5.3140      85.3197    6449.9358
    13   52 Te         5.4841     418.5789   42489.0258
    14   52 Te         5.4834     418.5789   42489.0258
    15   52 Te         5.4833     418.5789   42489.0258
    16   52 Te         5.4937     418.5789   42489.0258
    17   52 Te         5.4946     418.5789   42489.0258
    18   52 Te         5.4955     418.5789   42489.0258
    19   52 Te         5.4904     418.5789   42489.0258
    20   52 Te         5.4899     418.5789   42489.0258
    21   52 Te         5.4902     418.5789   42489.0258
    22   52 Te         5.4992     418.5789   42489.0258
    23   52 Te         5.4976     418.5789   42489.0258
    24   52 Te         5.4984     418.5789   42489.0258
    25   52 Te         5.1811     418.5789   42489.0258
    26   52 Te         5.1808     418.5789   42489.0258
    27   52 Te         5.1821     418.5789   42489.0258
    28   52 Te         5.1986     418.5789   42489.0258
    29   52 Te         5.1985     418.5789   42489.0258
    30   52 Te         5.1976     418.5789   42489.0258
    31   52 Te         5.1921     418.5789   42489.0258
    32   52 Te         5.1928     418.5789   42489.0258
    33   52 Te         5.1930     418.5789   42489.0258
    34   52 Te         5.1996     418.5789   42489.0258
    35   52 Te         5.1988     418.5789   42489.0258
    36   52 Te         5.2009     418.5789   42489.0258
    37   52 Te         5.0489     418.5789   42489.0258
    38   52 Te         5.0482     418.5789   42489.0258
    39   52 Te         5.0476     418.5789   42489.0258
    40   52 Te         5.0398     418.5789   42489.0258
    41   52 Te         5.0387     418.5789   42489.0258
    42   52 Te         5.0384     418.5789   42489.0258
    43   52 Te         5.6412     418.5789   42489.0258
    44   52 Te         5.6421     418.5789   42489.0258
    45   52 Te         5.6415     418.5789   42489.0258
    46   52 Te         5.6307     418.5789   42489.0258
    47   52 Te         5.6321     418.5789   42489.0258
    48   52 Te         5.6315     418.5789   42489.0258
--------------------------------------------------------

Atom-resolved dispersion energies:
--------------------------------------------------
     #    Z           [Hartree]      [kcal/mol]
--------------------------------------------------
     1    3 Li  -0.67683308E-02     -4.24719172
     2    3 Li  -0.67599653E-02     -4.24194226
     3    3 Li  -0.67677001E-02     -4.24679593
     4    3 Li  -0.67622742E-02     -4.24339113
     5    3 Li  -0.66769355E-02     -4.18984030
     6    3 Li  -0.66741930E-02     -4.18811932
     7    3 Li  -0.66697248E-02     -4.18531551
     8    3 Li  -0.66650242E-02     -4.18236584
     9    3 Li  -0.66260494E-02     -4.15790880
    10    3 Li  -0.66255104E-02     -4.15757054
    11    3 Li  -0.68161731E-02     -4.27721321
    12    3 Li  -0.68068130E-02     -4.27133963
    13   52 Te  -0.11472495E-01     -7.19909940
    14   52 Te  -0.11472138E-01     -7.19887534
    15   52 Te  -0.11472076E-01     -7.19883662
    16   52 Te  -0.11481133E-01     -7.20451976
    17   52 Te  -0.11481326E-01     -7.20464085
    18   52 Te  -0.11480637E-01     -7.20420858
    19   52 Te  -0.11477654E-01     -7.20233662
    20   52 Te  -0.11476923E-01     -7.20187806
    21   52 Te  -0.11476987E-01     -7.20191820
    22   52 Te  -0.11485119E-01     -7.20702070
    23   52 Te  -0.11485661E-01     -7.20736079
    24   52 Te  -0.11485048E-01     -7.20697651
    25   52 Te  -0.11490914E-01     -7.21065747
    26   52 Te  -0.11490729E-01     -7.21054109
    27   52 Te  -0.11490442E-01     -7.21036107
    28   52 Te  -0.11491990E-01     -7.21133286
    29   52 Te  -0.11492629E-01     -7.21173346
    30   52 Te  -0.11492786E-01     -7.21183204
    31   52 Te  -0.11491167E-01     -7.21081622
    32   52 Te  -0.11490918E-01     -7.21066020
    33   52 Te  -0.11490384E-01     -7.21032513
    34   52 Te  -0.11493651E-01     -7.21237463
    35   52 Te  -0.11494254E-01     -7.21275310
    36   52 Te  -0.11493700E-01     -7.21240592
    37   52 Te  -0.11503531E-01     -7.21857474
    38   52 Te  -0.11504160E-01     -7.21896970
    39   52 Te  -0.11503726E-01     -7.21869715
    40   52 Te  -0.11492717E-01     -7.21178896
    41   52 Te  -0.11492974E-01     -7.21195004
    42   52 Te  -0.11492930E-01     -7.21192260
    43   52 Te  -0.11476024E-01     -7.20131387
    44   52 Te  -0.11476009E-01     -7.20130466
    45   52 Te  -0.11476260E-01     -7.20146218
    46   52 Te  -0.11467903E-01     -7.19621792
    47   52 Te  -0.11467065E-01     -7.19569181
    48   52 Te  -0.11468155E-01     -7.19637603
--------------------------------------------------

Dispersion energy:      -4.9409091219624E-01 Eh

[Info] Dispersion energy written to .EDISP
