-----------------------------------
 s i m p l e   D F T - D 3  v1.2.1
-----------------------------------

Zero (Chai-Head-Gordon) damping: pbe-D3(0)
--------------------
  s6         1.0000
  s8         0.7220
  s9         0.0000
 rs6         1.2170
 rs8         1.0000
 alp        14.0000
--------------------

Atomic radii (in Angstrom):
-------------------------------------------
   Z          R(cov)     R(vdw)      r4/r2
-------------------------------------------
  29 Cu       1.3467     1.6504     2.7654
  34 Se       1.4667     1.7634     2.5771
-------------------------------------------

Atomic reference systems (in atomic units):
----------------------------------------------------------------------------
   Z        #      CN    C6(AA)   #      CN    C6(AA)   #      CN    C6(AA)
----------------------------------------------------------------------------
  29 Cu     1  0.0000  337.1808   2  0.9576  174.9969
  34 Se     1  0.0000  213.6738   2  0.9901  213.7862   3  1.9812  210.5231
----------------------------------------------------------------------------

Dispersion properties (in atomic units):
--------------------------------------------------------
     #    Z                CN       C6(AA)       C8(AA)
--------------------------------------------------------
     1   29 Cu         2.7757     174.9969   14337.6668
     2   29 Cu         2.9248     174.9969   14337.6666
     3   29 Cu         2.6114     174.9969   14337.6674
     4   29 Cu         2.6561     174.9969   14337.6671
     5   29 Cu         2.5599     174.9969   14337.6678
     6   29 Cu         2.5933     174.9969   14337.6675
     7   29 Cu         2.5807     174.9969   14337.6676
     8   29 Cu         2.5745     174.9969   14337.6676
     9   29 Cu         2.6375     174.9969   14337.6672
    10   29 Cu         2.7652     174.9969   14337.6668
    11   29 Cu         2.7648     174.9969   14337.6668
    12   29 Cu         2.9560     174.9969   14337.6666
    13   29 Cu         2.6479     174.9969   14337.6672
    14   29 Cu         3.0635     174.9969   14337.6666
    15   29 Cu         3.0478     174.9969   14337.6666
    16   29 Cu         3.1435     174.9969   14337.6665
    17   29 Cu         2.8989     174.9969   14337.6666
    18   29 Cu         3.1507     174.9969   14337.6665
    19   29 Cu         3.1313     174.9969   14337.6666
    20   29 Cu         3.1469     174.9969   14337.6665
    21   29 Cu         3.1534     174.9969   14337.6665
    22   29 Cu         3.1523     174.9969   14337.6665
    23   29 Cu         3.1521     174.9969   14337.6665
    24   29 Cu         3.1512     174.9969   14337.6665
    25   29 Cu         3.1069     174.9969   14337.6666
    26   29 Cu         3.1368     174.9969   14337.6666
    27   29 Cu         2.9546     174.9969   14337.6666
    28   29 Cu         3.0640     174.9969   14337.6666
    29   29 Cu         2.7124     174.9969   14337.6669
    30   34 Se         3.7374     210.5231   14979.1797
    31   34 Se         4.0224     210.5231   14979.1797
    32   34 Se         3.2018     210.5231   14979.1800
    33   34 Se         2.7550     210.5232   14979.1896
    34   34 Se         2.5989     210.5236   14979.2136
    35   34 Se         2.6070     210.5235   14979.2115
    36   34 Se         2.6020     210.5236   14979.2128
    37   34 Se         2.8637     210.5232   14979.1839
    38   34 Se         2.6046     210.5236   14979.2121
    39   34 Se         3.5206     210.5231   14979.1797
    40   34 Se         3.8388     210.5231   14979.1797
    41   34 Se         4.5163     210.5231   14979.1797
    42   34 Se         4.9134     210.5231   14979.1797
    43   34 Se         5.1166     210.5231   14979.1797
    44   34 Se         5.1411     210.5231   14979.1797
    45   34 Se         5.1366     210.5231   14979.1797
    46   34 Se         5.1320     210.5231   14979.1797
    47   34 Se         5.0979     210.5231   14979.1797
    48   34 Se         4.7613     210.5231   14979.1797
--------------------------------------------------------

Atom-resolved dispersion energies:
--------------------------------------------------
     #    Z           [Hartree]      [kcal/mol]
--------------------------------------------------
     1   29 Cu  -0.82601501E-02     -5.18332243
     2   29 Cu  -0.91535035E-02     -5.74391014
     3   29 Cu  -0.85049938E-02     -5.33696417
     4   29 Cu  -0.76958446E-02     -4.82921542
     5   29 Cu  -0.74791705E-02     -4.69325032
     6   29 Cu  -0.73637009E-02     -4.62079205
     7   29 Cu  -0.73592977E-02     -4.61802901
     8   29 Cu  -0.74107562E-02     -4.65031972
     9   29 Cu  -0.78153622E-02     -4.90421385
    10   29 Cu  -0.83607569E-02     -5.24645414
    11   29 Cu  -0.87661854E-02     -5.50086442
    12   29 Cu  -0.92843238E-02     -5.82600116
    13   29 Cu  -0.89676554E-02     -5.62728874
    14   29 Cu  -0.10338274E-01     -6.48736472
    15   29 Cu  -0.93264184E-02     -5.85241589
    16   29 Cu  -0.10389965E-01     -6.51980127
    17   29 Cu  -0.10095290E-01     -6.33488986
    18   29 Cu  -0.10436772E-01     -6.54917343
    19   29 Cu  -0.10306114E-01     -6.46718425
    20   29 Cu  -0.10428498E-01     -6.54398108
    21   29 Cu  -0.10439973E-01     -6.55118198
    22   29 Cu  -0.10439871E-01     -6.55111807
    23   29 Cu  -0.10406112E-01     -6.52993411
    24   29 Cu  -0.10433344E-01     -6.54702233
    25   29 Cu  -0.10245446E-01     -6.42911431
    26   29 Cu  -0.10383924E-01     -6.51601049
    27   29 Cu  -0.94199986E-02     -5.91113839
    28   29 Cu  -0.10040654E-01     -6.30060530
    29   29 Cu  -0.95011095E-02     -5.96203621
    30   34 Se  -0.88313480E-02     -5.54175456
    31   34 Se  -0.82544811E-02     -5.17976510
    32   34 Se  -0.79228680E-02     -4.97167473
    33   34 Se  -0.71265505E-02     -4.47197796
    34   34 Se  -0.70063055E-02     -4.39652309
    35   34 Se  -0.69369565E-02     -4.35300593
    36   34 Se  -0.69367825E-02     -4.35289674
    37   34 Se  -0.75751397E-02     -4.75347190
    38   34 Se  -0.70175908E-02     -4.40360472
    39   34 Se  -0.86847636E-02     -5.44977145
    40   34 Se  -0.80112478E-02     -5.02713392
    41   34 Se  -0.88042089E-02     -5.52472447
    42   34 Se  -0.96222989E-02     -6.03808375
    43   34 Se  -0.97661966E-02     -6.12838088
    44   34 Se  -0.98582950E-02     -6.18617353
    45   34 Se  -0.98510176E-02     -6.18160688
    46   34 Se  -0.98381689E-02     -6.17354420
    47   34 Se  -0.97384440E-02     -6.11096588
    48   34 Se  -0.92308440E-02     -5.79244205
--------------------------------------------------

Dispersion energy:      -4.3006697136085E-01 Eh

[Info] Dispersion energy written to .EDISP
