-----------------------------------
 s i m p l e   D F T - D 3  v1.2.1
-----------------------------------

Zero (Chai-Head-Gordon) damping: pbe-D3(0)
--------------------
  s6         1.0000
  s8         0.7220
  s9         0.0000
 rs6         1.2170
 rs8         1.0000
 alp        14.0000
--------------------

Atomic radii (in Angstrom):
-------------------------------------------
   Z          R(cov)     R(vdw)      r4/r2
-------------------------------------------
  12 Mg       1.6667     1.7420     2.8909
  25 Mn       1.4267     1.7731     3.0718
-------------------------------------------

Atomic reference systems (in atomic units):
----------------------------------------------------------------------------
   Z        #      CN    C6(AA)   #      CN    C6(AA)   #      CN    C6(AA)
----------------------------------------------------------------------------
  12 Mg     1  0.0000  683.3758   2  0.9628  451.2708   3  1.9496  175.5616
  25 Mn     1  0.0000  802.7484   2  1.6406  239.5554   3  9.8849  113.8463
----------------------------------------------------------------------------

Dispersion properties (in atomic units):
--------------------------------------------------------
     #    Z                CN       C6(AA)       C8(AA)
--------------------------------------------------------
     1   12 Mg        16.0011     175.5616   15718.3434
     2   12 Mg        16.0011     175.5616   15718.3434
     3   12 Mg        16.3057     175.5616   15718.3434
     4   12 Mg        16.3058     175.5616   15718.3434
     5   12 Mg        16.3058     175.5616   15718.3434
     6   12 Mg        16.3058     175.5616   15718.3434
     7   12 Mg        15.9750     175.5616   15718.3434
     8   12 Mg        15.9941     175.5616   15718.3434
     9   12 Mg        15.9941     175.5616   15718.3434
    10   12 Mg        16.0011     175.5616   15718.3434
    11   12 Mg        16.0011     175.5616   15718.3434
    12   12 Mg        15.9843     175.5616   15718.3434
    13   12 Mg        15.9750     175.5616   15718.3434
    14   12 Mg        15.9750     175.5616   15718.3434
    15   12 Mg        15.9481     175.5616   15718.3434
    16   12 Mg        15.9481     175.5616   15718.3434
    17   12 Mg        15.9941     175.5616   15718.3434
    18   12 Mg        16.0011     175.5616   15718.3434
    19   12 Mg        16.0011     175.5616   15718.3434
    20   12 Mg        15.9481     175.5616   15718.3434
    21   12 Mg        15.9843     175.5616   15718.3434
    22   12 Mg        15.9843     175.5616   15718.3434
    23   12 Mg        16.3058     175.5616   15718.3434
    24   12 Mg        16.3058     175.5616   15718.3434
    25   12 Mg        16.3268     175.5616   15718.3434
    26   12 Mg        16.3268     175.5616   15718.3434
    27   12 Mg        16.3268     175.5616   15718.3434
    28   12 Mg        15.9732     175.5616   15718.3434
    29   12 Mg        15.9732     175.5616   15718.3434
    30   12 Mg        15.9732     175.5616   15718.3434
    31   12 Mg        15.9732     175.5616   15718.3434
    32   12 Mg        15.9732     175.5616   15718.3434
    33   12 Mg        15.9732     175.5616   15718.3434
    34   12 Mg        15.9472     175.5616   15718.3434
    35   12 Mg        15.9471     175.5616   15718.3434
    36   12 Mg        15.9471     175.5616   15718.3434
    37   12 Mg        15.9311     175.5616   15718.3434
    38   12 Mg        15.9536     175.5616   15718.3434
    39   12 Mg        15.9536     175.5616   15718.3434
    40   12 Mg        15.9536     175.5616   15718.3434
    41   12 Mg        15.8747     175.5616   15718.3434
    42   12 Mg        15.8747     175.5616   15718.3434
    43   12 Mg        15.8747     175.5616   15718.3434
    44   12 Mg        15.8747     175.5616   15718.3434
    45   12 Mg        15.8747     175.5616   15718.3434
    46   12 Mg        15.8747     175.5616   15718.3434
    47   12 Mg        15.8314     175.5616   15718.3434
    48   12 Mg        15.8314     175.5616   15718.3434
    49   12 Mg        15.8314     175.5616   15718.3434
    50   12 Mg        15.9102     175.5616   15718.3434
    51   12 Mg        15.9101     175.5616   15718.3434
    52   12 Mg        15.9102     175.5616   15718.3434
    53   12 Mg        15.9102     175.5616   15718.3434
    54   12 Mg        15.9102     175.5616   15718.3434
    55   12 Mg        15.9102     175.5616   15718.3434
    56   12 Mg        15.8738     175.5616   15718.3434
    57   12 Mg        15.9477     175.5616   15718.3434
    58   12 Mg        15.9477     175.5616   15718.3434
    59   12 Mg        15.9477     175.5616   15718.3434
    60   12 Mg        15.9477     175.5616   15718.3434
    61   12 Mg        15.9477     175.5616   15718.3434
    62   12 Mg        15.9477     175.5616   15718.3434
    63   12 Mg        15.9895     175.5616   15718.3434
    64   12 Mg        15.9895     175.5616   15718.3434
    65   12 Mg        15.9894     175.5616   15718.3434
    66   12 Mg        15.8243     175.5616   15718.3434
    67   12 Mg        15.8243     175.5616   15718.3434
    68   12 Mg        15.8243     175.5616   15718.3434
    69   12 Mg        15.9407     175.5616   15718.3434
    70   12 Mg        15.9407     175.5616   15718.3434
    71   12 Mg        15.9407     175.5616   15718.3434
    72   12 Mg        15.9150     175.5616   15718.3434
    73   12 Mg        15.9150     175.5616   15718.3434
    74   12 Mg        15.9150     175.5616   15718.3434
    75   12 Mg        15.8751     175.5616   15718.3434
    76   12 Mg        15.9484     175.5616   15718.3434
    77   12 Mg        15.9484     175.5616   15718.3434
    78   12 Mg        15.8875     175.5616   15718.3434
    79   12 Mg        15.8875     175.5616   15718.3434
    80   12 Mg        15.9249     175.5616   15718.3434
    81   12 Mg        15.9249     175.5616   15718.3434
    82   12 Mg        15.8875     175.5616   15718.3434
    83   12 Mg        15.8875     175.5616   15718.3434
    84   12 Mg        15.9399     175.5616   15718.3434
    85   12 Mg        15.9329     175.5616   15718.3434
    86   12 Mg        15.9639     175.5616   15718.3434
    87   12 Mg        15.9639     175.5616   15718.3434
    88   12 Mg        15.8875     175.5616   15718.3434
    89   12 Mg        15.8875     175.5616   15718.3434
    90   12 Mg        15.9330     175.5616   15718.3434
    91   12 Mg        15.9330     175.5616   15718.3434
    92   12 Mg        15.9249     175.5616   15718.3434
    93   12 Mg        15.9249     175.5616   15718.3434
    94   12 Mg        15.9484     175.5616   15718.3434
    95   12 Mg        15.8751     175.5616   15718.3434
    96   12 Mg        15.8751     175.5616   15718.3434
    97   12 Mg        15.9250     175.5616   15718.3434
    98   12 Mg        15.9250     175.5616   15718.3434
    99   12 Mg        15.9639     175.5616   15718.3434
   100   12 Mg        15.9150     175.5616   15718.3434
   101   12 Mg        15.9150     175.5616   15718.3434
   102   12 Mg        15.9150     175.5616   15718.3434
   103   12 Mg        15.9406     175.5616   15718.3434
   104   12 Mg        15.9406     175.5616   15718.3434
   105   12 Mg        15.9406     175.5616   15718.3434
   106   12 Mg        15.8243     175.5616   15718.3434
   107   12 Mg        15.8243     175.5616   15718.3434
   108   12 Mg        15.8243     175.5616   15718.3434
   109   12 Mg        15.9894     175.5616   15718.3434
   110   12 Mg        15.9894     175.5616   15718.3434
   111   12 Mg        15.9894     175.5616   15718.3434
   112   12 Mg        15.9477     175.5616   15718.3434
   113   12 Mg        15.9477     175.5616   15718.3434
   114   12 Mg        15.9477     175.5616   15718.3434
   115   12 Mg        15.9477     175.5616   15718.3434
   116   12 Mg        15.9477     175.5616   15718.3434
   117   12 Mg        15.9477     175.5616   15718.3434
   118   12 Mg        15.8738     175.5616   15718.3434
   119   12 Mg        15.9101     175.5616   15718.3434
   120   12 Mg        15.9101     175.5616   15718.3434
   121   12 Mg        15.9101     175.5616   15718.3434
   122   12 Mg        15.9101     175.5616   15718.3434
   123   12 Mg        15.9101     175.5616   15718.3434
   124   12 Mg        15.9101     175.5616   15718.3434
   125   12 Mg        15.8314     175.5616   15718.3434
   126   12 Mg        15.8314     175.5616   15718.3434
   127   12 Mg        15.8314     175.5616   15718.3434
   128   12 Mg        15.8747     175.5616   15718.3434
   129   12 Mg        15.8747     175.5616   15718.3434
   130   12 Mg        15.8747     175.5616   15718.3434
   131   12 Mg        15.8747     175.5616   15718.3434
   132   12 Mg        15.8747     175.5616   15718.3434
   133   12 Mg        15.8747     175.5616   15718.3434
   134   12 Mg        15.9536     175.5616   15718.3434
   135   12 Mg        15.9536     175.5616   15718.3434
   136   12 Mg        15.9536     175.5616   15718.3434
   137   12 Mg        15.9298     175.5616   15718.3434
   138   12 Mg        15.9471     175.5616   15718.3434
   139   12 Mg        15.9471     175.5616   15718.3434
   140   12 Mg        15.9471     175.5616   15718.3434
   141   12 Mg        15.9728     175.5616   15718.3434
   142   12 Mg        15.9728     175.5616   15718.3434
   143   12 Mg        15.9728     175.5616   15718.3434
   144   12 Mg        15.9728     175.5616   15718.3434
   145   12 Mg        15.9728     175.5616   15718.3434
   146   12 Mg        15.9728     175.5616   15718.3434
   147   12 Mg        16.3268     175.5616   15718.3434
   148   12 Mg        16.3267     175.5616   15718.3434
   149   12 Mg        16.3268     175.5616   15718.3434
   150   25 Mn        13.7376     113.8463   11508.8363
--------------------------------------------------------

Atom-resolved dispersion energies:
--------------------------------------------------
     #    Z           [Hartree]      [kcal/mol]
--------------------------------------------------
     1   12 Mg  -0.20555202E-01    -12.89858393
     2   12 Mg  -0.20555185E-01    -12.89857320
     3   12 Mg  -0.20570368E-01    -12.90810102
     4   12 Mg  -0.20570368E-01    -12.90810056
     5   12 Mg  -0.20570364E-01    -12.90809859
     6   12 Mg  -0.20570364E-01    -12.90809825
     7   12 Mg  -0.20526391E-01    -12.88050479
     8   12 Mg  -0.20563925E-01    -12.90405772
     9   12 Mg  -0.20563915E-01    -12.90405140
    10   12 Mg  -0.20555186E-01    -12.89857395
    11   12 Mg  -0.20555196E-01    -12.89857998
    12   12 Mg  -0.20555169E-01    -12.89856348
    13   12 Mg  -0.20526387E-01    -12.88050241
    14   12 Mg  -0.20526383E-01    -12.88050003
    15   12 Mg  -0.20508828E-01    -12.86948367
    16   12 Mg  -0.20508808E-01    -12.86947131
    17   12 Mg  -0.20563932E-01    -12.90406202
    18   12 Mg  -0.20555170E-01    -12.89856368
    19   12 Mg  -0.20555186E-01    -12.89857377
    20   12 Mg  -0.20508813E-01    -12.86947460
    21   12 Mg  -0.20555162E-01    -12.89855890
    22   12 Mg  -0.20555168E-01    -12.89856284
    23   12 Mg  -0.20570365E-01    -12.90809876
    24   12 Mg  -0.20570366E-01    -12.90809984
    25   12 Mg  -0.20568942E-01    -12.90720596
    26   12 Mg  -0.20568955E-01    -12.90721391
    27   12 Mg  -0.20568950E-01    -12.90721108
    28   12 Mg  -0.20556722E-01    -12.89953760
    29   12 Mg  -0.20556718E-01    -12.89953559
    30   12 Mg  -0.20556728E-01    -12.89954171
    31   12 Mg  -0.20556715E-01    -12.89953315
    32   12 Mg  -0.20556720E-01    -12.89953626
    33   12 Mg  -0.20556718E-01    -12.89953526
    34   12 Mg  -0.20515801E-01    -12.87385948
    35   12 Mg  -0.20515791E-01    -12.87385335
    36   12 Mg  -0.20515804E-01    -12.87386118
    37   12 Mg  -0.20539099E-01    -12.88847944
    38   12 Mg  -0.20491931E-01    -12.85888071
    39   12 Mg  -0.20491928E-01    -12.85887871
    40   12 Mg  -0.20491923E-01    -12.85887590
    41   12 Mg  -0.20577610E-01    -12.91264521
    42   12 Mg  -0.20577595E-01    -12.91263566
    43   12 Mg  -0.20577613E-01    -12.91264735
    44   12 Mg  -0.20577606E-01    -12.91264241
    45   12 Mg  -0.20577602E-01    -12.91264002
    46   12 Mg  -0.20577611E-01    -12.91264589
    47   12 Mg  -0.20601968E-01    -12.92792989
    48   12 Mg  -0.20601957E-01    -12.92792313
    49   12 Mg  -0.20601962E-01    -12.92792606
    50   12 Mg  -0.20562497E-01    -12.90316176
    51   12 Mg  -0.20562497E-01    -12.90316145
    52   12 Mg  -0.20562491E-01    -12.90315786
    53   12 Mg  -0.20562505E-01    -12.90316681
    54   12 Mg  -0.20562504E-01    -12.90316624
    55   12 Mg  -0.20562503E-01    -12.90316571
    56   12 Mg  -0.20582876E-01    -12.91594970
    57   12 Mg  -0.20499420E-01    -12.86358000
    58   12 Mg  -0.20499418E-01    -12.86357897
    59   12 Mg  -0.20499411E-01    -12.86357437
    60   12 Mg  -0.20499416E-01    -12.86357756
    61   12 Mg  -0.20499429E-01    -12.86358577
    62   12 Mg  -0.20499413E-01    -12.86357569
    63   12 Mg  -0.20503418E-01    -12.86608932
    64   12 Mg  -0.20503415E-01    -12.86608725
    65   12 Mg  -0.20503419E-01    -12.86608942
    66   12 Mg  -0.20562831E-01    -12.90337138
    67   12 Mg  -0.20562840E-01    -12.90337688
    68   12 Mg  -0.20562830E-01    -12.90337079
    69   12 Mg  -0.20510102E-01    -12.87028353
    70   12 Mg  -0.20510114E-01    -12.87029113
    71   12 Mg  -0.20510109E-01    -12.87028745
    72   12 Mg  -0.20503132E-01    -12.86590953
    73   12 Mg  -0.20503129E-01    -12.86590751
    74   12 Mg  -0.20503123E-01    -12.86590414
    75   12 Mg  -0.20510136E-01    -12.87030481
    76   12 Mg  -0.20474176E-01    -12.84773941
    77   12 Mg  -0.20474158E-01    -12.84772823
    78   12 Mg  -0.20531310E-01    -12.88359146
    79   12 Mg  -0.20531327E-01    -12.88360217
    80   12 Mg  -0.20485840E-01    -12.85505866
    81   12 Mg  -0.20485853E-01    -12.85506710
    82   12 Mg  -0.20531328E-01    -12.88360272
    83   12 Mg  -0.20531320E-01    -12.88359810
    84   12 Mg  -0.20526953E-01    -12.88085737
    85   12 Mg  -0.20494259E-01    -12.86034140
    86   12 Mg  -0.20486860E-01    -12.85569890
    87   12 Mg  -0.20486849E-01    -12.85569212
    88   12 Mg  -0.20531319E-01    -12.88359744
    89   12 Mg  -0.20531319E-01    -12.88359720
    90   12 Mg  -0.20494254E-01    -12.86033886
    91   12 Mg  -0.20494252E-01    -12.86033727
    92   12 Mg  -0.20485843E-01    -12.85506087
    93   12 Mg  -0.20485857E-01    -12.85506941
    94   12 Mg  -0.20474162E-01    -12.84773051
    95   12 Mg  -0.20510146E-01    -12.87031082
    96   12 Mg  -0.20510139E-01    -12.87030674
    97   12 Mg  -0.20485850E-01    -12.85506504
    98   12 Mg  -0.20485845E-01    -12.85506180
    99   12 Mg  -0.20486861E-01    -12.85569965
   100   12 Mg  -0.20503083E-01    -12.86587852
   101   12 Mg  -0.20503079E-01    -12.86587650
   102   12 Mg  -0.20503074E-01    -12.86587313
   103   12 Mg  -0.20510061E-01    -12.87025772
   104   12 Mg  -0.20510073E-01    -12.87026531
   105   12 Mg  -0.20510067E-01    -12.87026163
   106   12 Mg  -0.20562755E-01    -12.90332364
   107   12 Mg  -0.20562764E-01    -12.90332914
   108   12 Mg  -0.20562754E-01    -12.90332305
   109   12 Mg  -0.20503160E-01    -12.86592745
   110   12 Mg  -0.20503157E-01    -12.86592537
   111   12 Mg  -0.20503161E-01    -12.86592754
   112   12 Mg  -0.20499266E-01    -12.86348366
   113   12 Mg  -0.20499264E-01    -12.86348262
   114   12 Mg  -0.20499257E-01    -12.86347803
   115   12 Mg  -0.20499262E-01    -12.86348121
   116   12 Mg  -0.20499275E-01    -12.86348942
   117   12 Mg  -0.20499259E-01    -12.86347934
   118   12 Mg  -0.20582771E-01    -12.91588381
   119   12 Mg  -0.20562365E-01    -12.90307884
   120   12 Mg  -0.20562364E-01    -12.90307853
   121   12 Mg  -0.20562359E-01    -12.90307494
   122   12 Mg  -0.20562373E-01    -12.90308389
   123   12 Mg  -0.20562372E-01    -12.90308332
   124   12 Mg  -0.20562371E-01    -12.90308279
   125   12 Mg  -0.20601956E-01    -12.92792255
   126   12 Mg  -0.20601945E-01    -12.92791579
   127   12 Mg  -0.20601950E-01    -12.92791872
   128   12 Mg  -0.20577546E-01    -12.91260514
   129   12 Mg  -0.20577531E-01    -12.91259559
   130   12 Mg  -0.20577550E-01    -12.91260729
   131   12 Mg  -0.20577542E-01    -12.91260235
   132   12 Mg  -0.20577538E-01    -12.91259995
   133   12 Mg  -0.20577547E-01    -12.91260582
   134   12 Mg  -0.20491849E-01    -12.85882927
   135   12 Mg  -0.20491846E-01    -12.85882727
   136   12 Mg  -0.20491841E-01    -12.85882447
   137   12 Mg  -0.20539556E-01    -12.88876627
   138   12 Mg  -0.20515678E-01    -12.87378246
   139   12 Mg  -0.20515668E-01    -12.87377634
   140   12 Mg  -0.20515681E-01    -12.87378417
   141   12 Mg  -0.20556817E-01    -12.89959757
   142   12 Mg  -0.20556814E-01    -12.89959556
   143   12 Mg  -0.20556824E-01    -12.89960169
   144   12 Mg  -0.20556810E-01    -12.89959313
   145   12 Mg  -0.20556815E-01    -12.89959623
   146   12 Mg  -0.20556814E-01    -12.89959524
   147   12 Mg  -0.20568780E-01    -12.90710463
   148   12 Mg  -0.20568793E-01    -12.90711258
   149   12 Mg  -0.20568789E-01    -12.90710975
   150   25 Mn  -0.16149316E-01    -10.13384902
--------------------------------------------------

Dispersion energy:      -3.0760357730997E+00 Eh

[Info] Dispersion energy written to .EDISP
