-----------------------------------
 s i m p l e   D F T - D 3  v1.2.1
-----------------------------------

Zero (Chai-Head-Gordon) damping: pbe-D3(0)
--------------------
  s6         1.0000
  s8         0.7220
  s9         0.0000
 rs6         1.2170
 rs8         1.0000
 alp        14.0000
--------------------

Atomic radii (in Angstrom):
-------------------------------------------
   Z          R(cov)     R(vdw)      r4/r2
-------------------------------------------
  12 Mg       1.6667     1.7420     2.8909
  25 Mn       1.4267     1.7731     3.0718
-------------------------------------------

Atomic reference systems (in atomic units):
----------------------------------------------------------------------------
   Z        #      CN    C6(AA)   #      CN    C6(AA)   #      CN    C6(AA)
----------------------------------------------------------------------------
  12 Mg     1  0.0000  683.3758   2  0.9628  451.2708   3  1.9496  175.5616
  25 Mn     1  0.0000  802.7484   2  1.6406  239.5554   3  9.8849  113.8463
----------------------------------------------------------------------------

Dispersion properties (in atomic units):
--------------------------------------------------------
     #    Z                CN       C6(AA)       C8(AA)
--------------------------------------------------------
     1   12 Mg         5.8268     175.5616   15718.3434
     2   12 Mg         5.8268     175.5616   15718.3434
     3   12 Mg         6.2278     175.5616   15718.3434
     4   12 Mg         6.2278     175.5616   15718.3434
     5   12 Mg         6.2278     175.5616   15718.3434
     6   12 Mg         6.2278     175.5616   15718.3434
     7   12 Mg         5.9599     175.5616   15718.3434
     8   12 Mg         5.9555     175.5616   15718.3434
     9   12 Mg         5.9554     175.5616   15718.3434
    10   12 Mg         5.8268     175.5616   15718.3434
    11   12 Mg         5.8268     175.5616   15718.3434
    12   12 Mg         5.9118     175.5616   15718.3434
    13   12 Mg         5.9599     175.5616   15718.3434
    14   12 Mg         5.9599     175.5616   15718.3434
    15   12 Mg         5.9421     175.5616   15718.3434
    16   12 Mg         5.9421     175.5616   15718.3434
    17   12 Mg         5.9555     175.5616   15718.3434
    18   12 Mg         5.8268     175.5616   15718.3434
    19   12 Mg         5.8268     175.5616   15718.3434
    20   12 Mg         5.9420     175.5616   15718.3434
    21   12 Mg         5.9118     175.5616   15718.3434
    22   12 Mg         5.9118     175.5616   15718.3434
    23   12 Mg         6.2278     175.5616   15718.3434
    24   12 Mg         6.2278     175.5616   15718.3434
    25   12 Mg         6.0959     175.5616   15718.3434
    26   12 Mg         6.0959     175.5616   15718.3434
    27   12 Mg         6.0959     175.5616   15718.3434
    28   12 Mg         5.9009     175.5616   15718.3434
    29   12 Mg         5.9009     175.5616   15718.3434
    30   12 Mg         5.9009     175.5616   15718.3434
    31   12 Mg         5.9009     175.5616   15718.3434
    32   12 Mg         5.9009     175.5616   15718.3434
    33   12 Mg         5.9009     175.5616   15718.3434
    34   12 Mg         5.9349     175.5616   15718.3434
    35   12 Mg         5.9349     175.5616   15718.3434
    36   12 Mg         5.9349     175.5616   15718.3434
    37   12 Mg         6.0135     175.5616   15718.3434
    38   12 Mg         5.9829     175.5616   15718.3434
    39   12 Mg         5.9829     175.5616   15718.3434
    40   12 Mg         5.9830     175.5616   15718.3434
    41   12 Mg         6.0228     175.5616   15718.3434
    42   12 Mg         6.0227     175.5616   15718.3434
    43   12 Mg         6.0228     175.5616   15718.3434
    44   12 Mg         6.0227     175.5616   15718.3434
    45   12 Mg         6.0227     175.5616   15718.3434
    46   12 Mg         6.0228     175.5616   15718.3434
    47   12 Mg         6.0630     175.5616   15718.3434
    48   12 Mg         6.0629     175.5616   15718.3434
    49   12 Mg         6.0630     175.5616   15718.3434
    50   12 Mg         5.8462     175.5616   15718.3434
    51   12 Mg         5.8463     175.5616   15718.3434
    52   12 Mg         5.8462     175.5616   15718.3434
    53   12 Mg         5.8462     175.5616   15718.3434
    54   12 Mg         5.8462     175.5616   15718.3434
    55   12 Mg         5.8462     175.5616   15718.3434
    56   12 Mg         5.8006     175.5616   15718.3434
    57   12 Mg         5.9563     175.5616   15718.3434
    58   12 Mg         5.9563     175.5616   15718.3434
    59   12 Mg         5.9563     175.5616   15718.3434
    60   12 Mg         5.9563     175.5616   15718.3434
    61   12 Mg         5.9563     175.5616   15718.3434
    62   12 Mg         5.9563     175.5616   15718.3434
    63   12 Mg         5.9495     175.5616   15718.3434
    64   12 Mg         5.9495     175.5616   15718.3434
    65   12 Mg         5.9495     175.5616   15718.3434
    66   12 Mg         5.9792     175.5616   15718.3434
    67   12 Mg         5.9792     175.5616   15718.3434
    68   12 Mg         5.9792     175.5616   15718.3434
    69   12 Mg         5.9893     175.5616   15718.3434
    70   12 Mg         5.9893     175.5616   15718.3434
    71   12 Mg         5.9893     175.5616   15718.3434
    72   12 Mg         5.9585     175.5616   15718.3434
    73   12 Mg         5.9585     175.5616   15718.3434
    74   12 Mg         5.9585     175.5616   15718.3434
    75   12 Mg         5.9197     175.5616   15718.3434
    76   12 Mg         5.9044     175.5616   15718.3434
    77   12 Mg         5.9045     175.5616   15718.3434
    78   12 Mg         6.0020     175.5616   15718.3434
    79   12 Mg         6.0020     175.5616   15718.3434
    80   12 Mg         5.9256     175.5616   15718.3434
    81   12 Mg         5.9256     175.5616   15718.3434
    82   12 Mg         6.0020     175.5616   15718.3434
    83   12 Mg         6.0020     175.5616   15718.3434
    84   12 Mg         5.9834     175.5616   15718.3434
    85   12 Mg         5.8993     175.5616   15718.3434
    86   12 Mg         5.9050     175.5616   15718.3434
    87   12 Mg         5.9050     175.5616   15718.3434
    88   12 Mg         6.0020     175.5616   15718.3434
    89   12 Mg         6.0020     175.5616   15718.3434
    90   12 Mg         5.8994     175.5616   15718.3434
    91   12 Mg         5.8994     175.5616   15718.3434
    92   12 Mg         5.9256     175.5616   15718.3434
    93   12 Mg         5.9256     175.5616   15718.3434
    94   12 Mg         5.9045     175.5616   15718.3434
    95   12 Mg         5.9197     175.5616   15718.3434
    96   12 Mg         5.9197     175.5616   15718.3434
    97   12 Mg         5.9256     175.5616   15718.3434
    98   12 Mg         5.9256     175.5616   15718.3434
    99   12 Mg         5.9050     175.5616   15718.3434
   100   12 Mg         5.9585     175.5616   15718.3434
   101   12 Mg         5.9585     175.5616   15718.3434
   102   12 Mg         5.9585     175.5616   15718.3434
   103   12 Mg         5.9893     175.5616   15718.3434
   104   12 Mg         5.9893     175.5616   15718.3434
   105   12 Mg         5.9893     175.5616   15718.3434
   106   12 Mg         5.9792     175.5616   15718.3434
   107   12 Mg         5.9792     175.5616   15718.3434
   108   12 Mg         5.9792     175.5616   15718.3434
   109   12 Mg         5.9495     175.5616   15718.3434
   110   12 Mg         5.9495     175.5616   15718.3434
   111   12 Mg         5.9495     175.5616   15718.3434
   112   12 Mg         5.9563     175.5616   15718.3434
   113   12 Mg         5.9563     175.5616   15718.3434
   114   12 Mg         5.9563     175.5616   15718.3434
   115   12 Mg         5.9563     175.5616   15718.3434
   116   12 Mg         5.9563     175.5616   15718.3434
   117   12 Mg         5.9563     175.5616   15718.3434
   118   12 Mg         5.8005     175.5616   15718.3434
   119   12 Mg         5.8462     175.5616   15718.3434
   120   12 Mg         5.8462     175.5616   15718.3434
   121   12 Mg         5.8462     175.5616   15718.3434
   122   12 Mg         5.8462     175.5616   15718.3434
   123   12 Mg         5.8462     175.5616   15718.3434
   124   12 Mg         5.8462     175.5616   15718.3434
   125   12 Mg         6.0621     175.5616   15718.3434
   126   12 Mg         6.0621     175.5616   15718.3434
   127   12 Mg         6.0621     175.5616   15718.3434
   128   12 Mg         6.0219     175.5616   15718.3434
   129   12 Mg         6.0218     175.5616   15718.3434
   130   12 Mg         6.0219     175.5616   15718.3434
   131   12 Mg         6.0218     175.5616   15718.3434
   132   12 Mg         6.0218     175.5616   15718.3434
   133   12 Mg         6.0219     175.5616   15718.3434
   134   12 Mg         5.9830     175.5616   15718.3434
   135   12 Mg         5.9830     175.5616   15718.3434
   136   12 Mg         5.9830     175.5616   15718.3434
   137   12 Mg         6.0135     175.5616   15718.3434
   138   12 Mg         5.9350     175.5616   15718.3434
   139   12 Mg         5.9349     175.5616   15718.3434
   140   12 Mg         5.9349     175.5616   15718.3434
   141   12 Mg         5.9009     175.5616   15718.3434
   142   12 Mg         5.9009     175.5616   15718.3434
   143   12 Mg         5.9009     175.5616   15718.3434
   144   12 Mg         5.9009     175.5616   15718.3434
   145   12 Mg         5.9009     175.5616   15718.3434
   146   12 Mg         5.9009     175.5616   15718.3434
   147   12 Mg         6.0959     175.5616   15718.3434
   148   12 Mg         6.0959     175.5616   15718.3434
   149   12 Mg         6.0959     175.5616   15718.3434
   150   25 Mn         4.5833     239.5554   24216.8949
--------------------------------------------------------

Atom-resolved dispersion energies:
--------------------------------------------------
     #    Z           [Hartree]      [kcal/mol]
--------------------------------------------------
     1   12 Mg  -0.67740881E-02     -4.25080446
     2   12 Mg  -0.67740939E-02     -4.25080811
     3   12 Mg  -0.67066574E-02     -4.20849108
     4   12 Mg  -0.67066784E-02     -4.20850423
     5   12 Mg  -0.67066644E-02     -4.20849544
     6   12 Mg  -0.67066557E-02     -4.20848997
     7   12 Mg  -0.66990421E-02     -4.20371239
     8   12 Mg  -0.67558679E-02     -4.23937114
     9   12 Mg  -0.67558928E-02     -4.23938675
    10   12 Mg  -0.67740781E-02     -4.25079819
    11   12 Mg  -0.67740876E-02     -4.25080413
    12   12 Mg  -0.67586038E-02     -4.24108790
    13   12 Mg  -0.66990739E-02     -4.20373233
    14   12 Mg  -0.66990381E-02     -4.20370989
    15   12 Mg  -0.66918406E-02     -4.19919340
    16   12 Mg  -0.66918360E-02     -4.19919050
    17   12 Mg  -0.67558819E-02     -4.23937990
    18   12 Mg  -0.67740786E-02     -4.25079848
    19   12 Mg  -0.67740809E-02     -4.25079995
    20   12 Mg  -0.66918413E-02     -4.19919380
    21   12 Mg  -0.67585941E-02     -4.24108180
    22   12 Mg  -0.67586025E-02     -4.24108712
    23   12 Mg  -0.67066770E-02     -4.20850338
    24   12 Mg  -0.67066690E-02     -4.20849836
    25   12 Mg  -0.67600700E-02     -4.24200794
    26   12 Mg  -0.67600776E-02     -4.24201275
    27   12 Mg  -0.67600799E-02     -4.24201418
    28   12 Mg  -0.67628052E-02     -4.24372432
    29   12 Mg  -0.67628229E-02     -4.24373542
    30   12 Mg  -0.67628107E-02     -4.24372782
    31   12 Mg  -0.67628089E-02     -4.24372668
    32   12 Mg  -0.67628186E-02     -4.24373272
    33   12 Mg  -0.67628179E-02     -4.24373231
    34   12 Mg  -0.66959284E-02     -4.20175848
    35   12 Mg  -0.66959355E-02     -4.20176294
    36   12 Mg  -0.66959411E-02     -4.20176645
    37   12 Mg  -0.66772402E-02     -4.19003147
    38   12 Mg  -0.66757977E-02     -4.18912632
    39   12 Mg  -0.66757917E-02     -4.18912252
    40   12 Mg  -0.66757813E-02     -4.18911598
    41   12 Mg  -0.66660927E-02     -4.18303633
    42   12 Mg  -0.66660989E-02     -4.18304024
    43   12 Mg  -0.66660879E-02     -4.18303334
    44   12 Mg  -0.66661005E-02     -4.18304124
    45   12 Mg  -0.66660961E-02     -4.18303844
    46   12 Mg  -0.66660926E-02     -4.18303628
    47   12 Mg  -0.67637560E-02     -4.24432099
    48   12 Mg  -0.67637553E-02     -4.24432055
    49   12 Mg  -0.67637503E-02     -4.24431738
    50   12 Mg  -0.67458399E-02     -4.23307848
    51   12 Mg  -0.67458202E-02     -4.23306609
    52   12 Mg  -0.67458303E-02     -4.23307242
    53   12 Mg  -0.67458410E-02     -4.23307915
    54   12 Mg  -0.67458430E-02     -4.23308040
    55   12 Mg  -0.67458327E-02     -4.23307392
    56   12 Mg  -0.67887399E-02     -4.25999863
    57   12 Mg  -0.66862346E-02     -4.19567555
    58   12 Mg  -0.66862379E-02     -4.19567762
    59   12 Mg  -0.66862351E-02     -4.19567585
    60   12 Mg  -0.66862268E-02     -4.19567063
    61   12 Mg  -0.66862167E-02     -4.19566431
    62   12 Mg  -0.66862347E-02     -4.19567562
    63   12 Mg  -0.67045289E-02     -4.20715543
    64   12 Mg  -0.67045345E-02     -4.20715891
    65   12 Mg  -0.67045334E-02     -4.20715820
    66   12 Mg  -0.66590979E-02     -4.17864704
    67   12 Mg  -0.66590937E-02     -4.17864440
    68   12 Mg  -0.66590890E-02     -4.17864146
    69   12 Mg  -0.66770542E-02     -4.18991474
    70   12 Mg  -0.66770511E-02     -4.18991284
    71   12 Mg  -0.66770540E-02     -4.18991462
    72   12 Mg  -0.66795009E-02     -4.19145007
    73   12 Mg  -0.66794984E-02     -4.19144853
    74   12 Mg  -0.66795042E-02     -4.19145215
    75   12 Mg  -0.66691859E-02     -4.18497736
    76   12 Mg  -0.66997970E-02     -4.20418609
    77   12 Mg  -0.66997863E-02     -4.20417936
    78   12 Mg  -0.66641264E-02     -4.18180243
    79   12 Mg  -0.66641143E-02     -4.18179489
    80   12 Mg  -0.66868378E-02     -4.19605409
    81   12 Mg  -0.66868527E-02     -4.19606340
    82   12 Mg  -0.66641146E-02     -4.18179508
    83   12 Mg  -0.66641269E-02     -4.18180279
    84   12 Mg  -0.66828128E-02     -4.19352837
    85   12 Mg  -0.66986659E-02     -4.20347630
    86   12 Mg  -0.67056575E-02     -4.20786360
    87   12 Mg  -0.67056707E-02     -4.20787189
    88   12 Mg  -0.66641268E-02     -4.18180270
    89   12 Mg  -0.66641179E-02     -4.18179712
    90   12 Mg  -0.66986598E-02     -4.20347251
    91   12 Mg  -0.66986678E-02     -4.20347752
    92   12 Mg  -0.66868368E-02     -4.19605342
    93   12 Mg  -0.66868378E-02     -4.19605406
    94   12 Mg  -0.66997920E-02     -4.20418298
    95   12 Mg  -0.66691975E-02     -4.18498464
    96   12 Mg  -0.66691891E-02     -4.18497936
    97   12 Mg  -0.66868466E-02     -4.19605959
    98   12 Mg  -0.66868495E-02     -4.19606141
    99   12 Mg  -0.67056554E-02     -4.20786229
   100   12 Mg  -0.66794979E-02     -4.19144820
   101   12 Mg  -0.66794954E-02     -4.19144665
   102   12 Mg  -0.66795012E-02     -4.19145027
   103   12 Mg  -0.66769572E-02     -4.18985388
   104   12 Mg  -0.66769541E-02     -4.18985198
   105   12 Mg  -0.66769570E-02     -4.18985376
   106   12 Mg  -0.66590879E-02     -4.17864074
   107   12 Mg  -0.66590837E-02     -4.17863809
   108   12 Mg  -0.66590790E-02     -4.17863516
   109   12 Mg  -0.67044627E-02     -4.20711386
   110   12 Mg  -0.67044682E-02     -4.20711734
   111   12 Mg  -0.67044671E-02     -4.20711663
   112   12 Mg  -0.66861992E-02     -4.19565332
   113   12 Mg  -0.66862024E-02     -4.19565538
   114   12 Mg  -0.66861996E-02     -4.19565361
   115   12 Mg  -0.66861913E-02     -4.19564840
   116   12 Mg  -0.66861812E-02     -4.19564207
   117   12 Mg  -0.66861993E-02     -4.19565339
   118   12 Mg  -0.67887448E-02     -4.26000167
   119   12 Mg  -0.67458155E-02     -4.23306314
   120   12 Mg  -0.67457958E-02     -4.23305075
   121   12 Mg  -0.67458059E-02     -4.23305709
   122   12 Mg  -0.67458166E-02     -4.23306382
   123   12 Mg  -0.67458186E-02     -4.23306507
   124   12 Mg  -0.67458083E-02     -4.23305859
   125   12 Mg  -0.67640305E-02     -4.24449325
   126   12 Mg  -0.67640298E-02     -4.24449280
   127   12 Mg  -0.67640248E-02     -4.24448963
   128   12 Mg  -0.66663449E-02     -4.18319461
   129   12 Mg  -0.66663512E-02     -4.18319852
   130   12 Mg  -0.66663402E-02     -4.18319162
   131   12 Mg  -0.66663528E-02     -4.18319952
   132   12 Mg  -0.66663483E-02     -4.18319672
   133   12 Mg  -0.66663449E-02     -4.18319456
   134   12 Mg  -0.66757793E-02     -4.18911474
   135   12 Mg  -0.66757732E-02     -4.18911095
   136   12 Mg  -0.66757628E-02     -4.18910440
   137   12 Mg  -0.66769557E-02     -4.18985294
   138   12 Mg  -0.66958545E-02     -4.20171212
   139   12 Mg  -0.66958616E-02     -4.20171659
   140   12 Mg  -0.66958672E-02     -4.20172010
   141   12 Mg  -0.67627022E-02     -4.24365970
   142   12 Mg  -0.67627199E-02     -4.24367080
   143   12 Mg  -0.67627078E-02     -4.24366320
   144   12 Mg  -0.67627060E-02     -4.24366206
   145   12 Mg  -0.67627156E-02     -4.24366810
   146   12 Mg  -0.67627149E-02     -4.24366770
   147   12 Mg  -0.67599988E-02     -4.24196330
   148   12 Mg  -0.67600065E-02     -4.24196811
   149   12 Mg  -0.67600087E-02     -4.24196953
   150   25 Mn  -0.70813102E-02     -4.44358922
--------------------------------------------------

Dispersion energy:      -1.0067485828345E+00 Eh

[Info] Dispersion energy written to .EDISP
