-----------------------------------
 s i m p l e   D F T - D 3  v1.2.1
-----------------------------------

Zero (Chai-Head-Gordon) damping: pbe-D3(0)
--------------------
  s6         1.0000
  s8         0.7220
  s9         0.0000
 rs6         1.2170
 rs8         1.0000
 alp        14.0000
--------------------

Atomic radii (in Angstrom):
-------------------------------------------
   Z          R(cov)     R(vdw)      r4/r2
-------------------------------------------
  12 Mg       1.6667     1.7420     2.8909
  53 I        1.7600     1.8690     2.9281
-------------------------------------------

Atomic reference systems (in atomic units):
----------------------------------------------------------------------------
   Z        #      CN    C6(AA)   #      CN    C6(AA)   #      CN    C6(AA)
----------------------------------------------------------------------------
  12 Mg     1  0.0000  683.3758   2  0.9628  451.2708   3  1.9496  175.5616
  53 I      1  0.0000  351.9667   2  0.9968  358.4995
----------------------------------------------------------------------------

Dispersion properties (in atomic units):
--------------------------------------------------------
     #    Z                CN       C6(AA)       C8(AA)
--------------------------------------------------------
     1   12 Mg         0.0971     670.7468   60053.1561
     2   12 Mg         0.0971     670.7469   60053.1664
     3   12 Mg         0.1029     670.2077   60004.8901
     4   12 Mg         0.1029     670.2076   60004.8821
     5   12 Mg         0.1030     670.1967   60003.9063
     6   12 Mg         0.0971     670.7468   60053.1620
     7   12 Mg         0.0971     670.7468   60053.1596
     8   12 Mg         0.1030     670.1968   60003.9141
     9   12 Mg         0.1030     670.1969   60003.9202
    10   12 Mg         0.1014     670.3501   60017.6365
    11   12 Mg         0.1037     670.1289   59997.8324
    12   12 Mg         0.1037     670.1289   59997.8344
    13   12 Mg         0.1037     670.1289   59997.8331
    14   12 Mg         0.1037     670.1289   59997.8344
    15   12 Mg         0.1029     670.2077   60004.8935
    16   12 Mg         0.1023     670.2572   60009.3232
    17   12 Mg         0.1023     670.2573   60009.3310
    18   12 Mg         0.0971     670.7469   60053.1634
    19   12 Mg         0.0971     670.7467   60053.1502
    20   12 Mg         0.1023     670.2572   60009.3254
    21   12 Mg         0.1014     670.3501   60017.6377
    22   12 Mg         0.1014     670.3501   60017.6424
    23   12 Mg         0.1037     670.1288   59997.8296
    24   12 Mg         0.1037     670.1288   59997.8313
    25   12 Mg         0.1011     670.3769   60020.0409
    26   12 Mg         0.0999     670.4922   60030.3617
    27   12 Mg         0.0999     670.4921   60030.3578
    28   12 Mg         0.0999     670.4921   60030.3583
    29   12 Mg         0.0999     670.4922   60030.3599
    30   12 Mg         0.0999     670.4922   60030.3674
    31   12 Mg         0.0999     670.4922   60030.3657
    32   12 Mg         0.1009     670.3896   60021.1814
    33   12 Mg         0.1009     670.3896   60021.1813
    34   12 Mg         0.1009     670.3897   60021.1888
    35   12 Mg         0.1014     670.3441   60017.1027
    36   12 Mg         0.1014     670.3440   60017.0991
    37   12 Mg         0.1014     670.3441   60017.1061
    38   12 Mg         0.1014     670.3440   60017.0985
    39   12 Mg         0.1014     670.3441   60017.1078
    40   12 Mg         0.1014     670.3441   60017.1005
    41   12 Mg         0.0990     670.5684   60037.1881
    42   12 Mg         0.0990     670.5683   60037.1809
    43   12 Mg         0.0990     670.5684   60037.1830
    44   12 Mg         0.1010     670.3886   60021.0887
    45   12 Mg         0.1010     670.3886   60021.0847
    46   12 Mg         0.1010     670.3886   60021.0866
    47   12 Mg         0.0979     670.6728   60046.5307
    48   12 Mg         0.0979     670.6728   60046.5312
    49   12 Mg         0.0979     670.6728   60046.5352
    50   12 Mg         0.1002     670.4569   60027.2070
    51   12 Mg         0.1002     670.4560   60027.1222
    52   12 Mg         0.1002     670.4569   60027.2071
    53   12 Mg         0.1022     670.2736   60010.7957
    54   12 Mg         0.1001     670.4684   60028.2321
    55   12 Mg         0.1001     670.4684   60028.2326
    56   12 Mg         0.1001     670.4684   60028.2322
    57   12 Mg         0.0998     670.4994   60031.0075
    58   12 Mg         0.0998     670.5003   60031.0913
    59   12 Mg         0.0998     670.5004   60031.0975
    60   12 Mg         0.1001     670.4711   60028.4739
    61   12 Mg         0.1001     670.4711   60028.4708
    62   12 Mg         0.1001     670.4710   60028.4671
    63   12 Mg         0.1002     670.4597   60027.4541
    64   12 Mg         0.1002     670.4597   60027.4506
    65   12 Mg         0.1002     670.4597   60027.4521
    66   12 Mg         0.1002     670.4597   60027.4551
    67   12 Mg         0.1002     670.4588   60027.3718
    68   12 Mg         0.1002     670.4597   60027.4550
    69   12 Mg         0.1021     670.2820   60011.5466
    70   12 Mg         0.1021     670.2821   60011.5505
    71   12 Mg         0.1021     670.2820   60011.5451
    72   12 Mg         0.1021     670.2820   60011.5447
    73   12 Mg         0.1021     670.2820   60011.5452
    74   12 Mg         0.1021     670.2821   60011.5504
    75   12 Mg         0.1007     670.4161   60023.5461
    76   12 Mg         0.0994     670.5328   60034.0007
    77   12 Mg         0.0994     670.5347   60034.1706
    78   12 Mg         0.1018     670.3130   60014.3161
    79   12 Mg         0.1018     670.3110   60014.1435
    80   12 Mg         0.0994     670.5355   60034.2441
    81   12 Mg         0.0994     670.5337   60034.0773
    82   12 Mg         0.0995     670.5299   60033.7377
    83   12 Mg         0.1012     670.3665   60019.1096
    84   12 Mg         0.1012     670.3666   60019.1161
    85   12 Mg         0.0994     670.5365   60034.3283
    86   12 Mg         0.0994     670.5346   60034.1584
    87   12 Mg         0.1004     670.4377   60025.4804
    88   12 Mg         0.1005     670.4358   60025.3177
    89   12 Mg         0.0999     670.4887   60030.0474
    90   12 Mg         0.1018     670.3120   60014.2256
    91   12 Mg         0.1012     670.3657   60019.0343
    92   12 Mg         0.1012     670.3665   60019.1121
    93   12 Mg         0.0999     670.4886   60030.0436
    94   12 Mg         0.0999     670.4886   60030.0384
    95   12 Mg         0.1012     670.3674   60019.1919
    96   12 Mg         0.1012     670.3666   60019.1168
    97   12 Mg         0.1004     670.4368   60025.3990
    98   12 Mg         0.1007     670.4161   60023.5539
    99   12 Mg         0.1007     670.4161   60023.5518
   100   12 Mg         0.1021     670.2820   60011.5466
   101   12 Mg         0.1021     670.2821   60011.5504
   102   12 Mg         0.1021     670.2820   60011.5451
   103   12 Mg         0.1021     670.2820   60011.5447
   104   12 Mg         0.1021     670.2820   60011.5452
   105   12 Mg         0.1021     670.2821   60011.5503
   106   12 Mg         0.1002     670.4597   60027.4512
   107   12 Mg         0.1002     670.4596   60027.4477
   108   12 Mg         0.1002     670.4597   60027.4491
   109   12 Mg         0.1002     670.4597   60027.4521
   110   12 Mg         0.1002     670.4588   60027.3689
   111   12 Mg         0.1002     670.4597   60027.4521
   112   12 Mg         0.1001     670.4711   60028.4711
   113   12 Mg         0.1001     670.4710   60028.4680
   114   12 Mg         0.1001     670.4710   60028.4642
   115   12 Mg         0.0998     670.4994   60031.0075
   116   12 Mg         0.0998     670.5003   60031.0913
   117   12 Mg         0.0998     670.5004   60031.0975
   118   12 Mg         0.1001     670.4684   60028.2321
   119   12 Mg         0.1001     670.4684   60028.2326
   120   12 Mg         0.1001     670.4684   60028.2322
   121   12 Mg         0.1022     670.2736   60010.7957
   122   12 Mg         0.1002     670.4569   60027.2072
   123   12 Mg         0.1002     670.4560   60027.1224
   124   12 Mg         0.1002     670.4570   60027.2074
   125   12 Mg         0.0979     670.6728   60046.5307
   126   12 Mg         0.0979     670.6728   60046.5313
   127   12 Mg         0.0979     670.6728   60046.5353
   128   12 Mg         0.1010     670.3886   60021.0920
   129   12 Mg         0.1010     670.3886   60021.0879
   130   12 Mg         0.1010     670.3886   60021.0899
   131   12 Mg         0.0990     670.5685   60037.1911
   132   12 Mg         0.0990     670.5684   60037.1839
   133   12 Mg         0.0990     670.5684   60037.1860
   134   12 Mg         0.1014     670.3441   60017.1028
   135   12 Mg         0.1014     670.3441   60017.0992
   136   12 Mg         0.1014     670.3441   60017.1062
   137   12 Mg         0.1014     670.3440   60017.0986
   138   12 Mg         0.1014     670.3441   60017.1079
   139   12 Mg         0.1014     670.3441   60017.1006
   140   12 Mg         0.1009     670.3897   60021.1874
   141   12 Mg         0.1009     670.3897   60021.1873
   142   12 Mg         0.1009     670.3898   60021.1948
   143   12 Mg         0.0999     670.4922   60030.3647
   144   12 Mg         0.0999     670.4922   60030.3608
   145   12 Mg         0.0999     670.4922   60030.3613
   146   12 Mg         0.0999     670.4922   60030.3629
   147   12 Mg         0.0999     670.4923   60030.3704
   148   12 Mg         0.0999     670.4923   60030.3687
   149   12 Mg         0.1011     670.3769   60020.0411
   150   53 I          0.0970     352.2212   32351.3396
--------------------------------------------------------

Atom-resolved dispersion energies:
--------------------------------------------------
     #    Z           [Hartree]      [kcal/mol]
--------------------------------------------------
     1   12 Mg  -0.10482477E-01     -6.57785373
     2   12 Mg  -0.10482443E-01     -6.57783202
     3   12 Mg  -0.11154201E-01     -6.99936659
     4   12 Mg  -0.11154229E-01     -6.99938448
     5   12 Mg  -0.11186314E-01     -7.01951830
     6   12 Mg  -0.10482462E-01     -6.57784415
     7   12 Mg  -0.10482462E-01     -6.57784446
     8   12 Mg  -0.11186284E-01     -7.01949905
     9   12 Mg  -0.11186258E-01     -7.01948304
    10   12 Mg  -0.11107785E-01     -6.97024020
    11   12 Mg  -0.11186294E-01     -7.01950517
    12   12 Mg  -0.11186286E-01     -7.01950014
    13   12 Mg  -0.11186285E-01     -7.01949990
    14   12 Mg  -0.11186281E-01     -7.01949711
    15   12 Mg  -0.11154181E-01     -6.99935455
    16   12 Mg  -0.11166729E-01     -7.00722819
    17   12 Mg  -0.11166696E-01     -7.00720763
    18   12 Mg  -0.10482443E-01     -6.57783209
    19   12 Mg  -0.10482501E-01     -6.57786849
    20   12 Mg  -0.11166715E-01     -7.00721973
    21   12 Mg  -0.11107776E-01     -6.97023470
    22   12 Mg  -0.11107763E-01     -6.97022660
    23   12 Mg  -0.11186296E-01     -7.01950687
    24   12 Mg  -0.11186293E-01     -7.01950501
    25   12 Mg  -0.11127066E-01     -6.98233909
    26   12 Mg  -0.11090164E-01     -6.95918322
    27   12 Mg  -0.11090186E-01     -6.95919668
    28   12 Mg  -0.11090169E-01     -6.95918581
    29   12 Mg  -0.11090175E-01     -6.95919016
    30   12 Mg  -0.11090138E-01     -6.95916690
    31   12 Mg  -0.11090140E-01     -6.95916800
    32   12 Mg  -0.11120900E-01     -6.97847025
    33   12 Mg  -0.11120902E-01     -6.97847154
    34   12 Mg  -0.11120871E-01     -6.97845171
    35   12 Mg  -0.11105272E-01     -6.96866331
    36   12 Mg  -0.11105284E-01     -6.96867119
    37   12 Mg  -0.11105258E-01     -6.96865438
    38   12 Mg  -0.11105284E-01     -6.96867079
    39   12 Mg  -0.11105250E-01     -6.96864990
    40   12 Mg  -0.11105275E-01     -6.96866530
    41   12 Mg  -0.10985771E-01     -6.89367528
    42   12 Mg  -0.10985793E-01     -6.89368904
    43   12 Mg  -0.10985786E-01     -6.89368459
    44   12 Mg  -0.11117784E-01     -6.97651503
    45   12 Mg  -0.11117805E-01     -6.97652778
    46   12 Mg  -0.11117796E-01     -6.97652251
    47   12 Mg  -0.10516000E-01     -6.59888944
    48   12 Mg  -0.10515993E-01     -6.59888524
    49   12 Mg  -0.10515981E-01     -6.59887785
    50   12 Mg  -0.11088367E-01     -6.95805518
    51   12 Mg  -0.11088744E-01     -6.95829179
    52   12 Mg  -0.11088366E-01     -6.95805487
    53   12 Mg  -0.11120501E-01     -6.97821968
    54   12 Mg  -0.11097127E-01     -6.96355221
    55   12 Mg  -0.11097124E-01     -6.96355018
    56   12 Mg  -0.11097132E-01     -6.96355570
    57   12 Mg  -0.11072807E-01     -6.94829106
    58   12 Mg  -0.11072475E-01     -6.94808295
    59   12 Mg  -0.11072370E-01     -6.94801709
    60   12 Mg  -0.11088671E-01     -6.95824581
    61   12 Mg  -0.11088665E-01     -6.95824256
    62   12 Mg  -0.11088686E-01     -6.95825564
    63   12 Mg  -0.11089434E-01     -6.95872478
    64   12 Mg  -0.11089382E-01     -6.95869221
    65   12 Mg  -0.11089445E-01     -6.95873182
    66   12 Mg  -0.11089351E-01     -6.95867270
    67   12 Mg  -0.11089700E-01     -6.95889183
    68   12 Mg  -0.11089348E-01     -6.95867083
    69   12 Mg  -0.11140402E-01     -6.99070763
    70   12 Mg  -0.11140459E-01     -6.99074365
    71   12 Mg  -0.11140461E-01     -6.99074467
    72   12 Mg  -0.11140481E-01     -6.99075719
    73   12 Mg  -0.11140465E-01     -6.99074760
    74   12 Mg  -0.11140455E-01     -6.99074098
    75   12 Mg  -0.11113467E-01     -6.97380607
    76   12 Mg  -0.11068601E-01     -6.94565197
    77   12 Mg  -0.11067909E-01     -6.94521746
    78   12 Mg  -0.11138784E-01     -6.98969244
    79   12 Mg  -0.11139475E-01     -6.99012593
    80   12 Mg  -0.11067576E-01     -6.94500851
    81   12 Mg  -0.11068302E-01     -6.94546440
    82   12 Mg  -0.11059638E-01     -6.94002753
    83   12 Mg  -0.11123284E-01     -6.97996626
    84   12 Mg  -0.11123227E-01     -6.97993025
    85   12 Mg  -0.11067249E-01     -6.94480374
    86   12 Mg  -0.11067947E-01     -6.94524141
    87   12 Mg  -0.11093859E-01     -6.96150149
    88   12 Mg  -0.11094533E-01     -6.96192427
    89   12 Mg  -0.11080573E-01     -6.95316476
    90   12 Mg  -0.11139140E-01     -6.98991594
    91   12 Mg  -0.11123575E-01     -6.98014895
    92   12 Mg  -0.11123242E-01     -6.97993980
    93   12 Mg  -0.11080600E-01     -6.95318175
    94   12 Mg  -0.11080607E-01     -6.95318565
    95   12 Mg  -0.11122933E-01     -6.97974573
    96   12 Mg  -0.11123257E-01     -6.97994894
    97   12 Mg  -0.11094203E-01     -6.96171777
    98   12 Mg  -0.11113425E-01     -6.97377978
    99   12 Mg  -0.11113446E-01     -6.97379252
   100   12 Mg  -0.11140402E-01     -6.99070774
   101   12 Mg  -0.11140459E-01     -6.99074376
   102   12 Mg  -0.11140461E-01     -6.99074478
   103   12 Mg  -0.11140481E-01     -6.99075730
   104   12 Mg  -0.11140466E-01     -6.99074772
   105   12 Mg  -0.11140455E-01     -6.99074109
   106   12 Mg  -0.11089446E-01     -6.95873216
   107   12 Mg  -0.11089394E-01     -6.95869958
   108   12 Mg  -0.11089457E-01     -6.95873920
   109   12 Mg  -0.11089363E-01     -6.95868008
   110   12 Mg  -0.11089712E-01     -6.95889921
   111   12 Mg  -0.11089360E-01     -6.95867821
   112   12 Mg  -0.11088682E-01     -6.95825287
   113   12 Mg  -0.11088677E-01     -6.95824962
   114   12 Mg  -0.11088697E-01     -6.95826271
   115   12 Mg  -0.11072808E-01     -6.94829168
   116   12 Mg  -0.11072476E-01     -6.94808357
   117   12 Mg  -0.11072371E-01     -6.94801770
   118   12 Mg  -0.11097129E-01     -6.96355362
   119   12 Mg  -0.11097126E-01     -6.96355159
   120   12 Mg  -0.11097135E-01     -6.96355711
   121   12 Mg  -0.11120501E-01     -6.97821963
   122   12 Mg  -0.11088366E-01     -6.95805499
   123   12 Mg  -0.11088744E-01     -6.95829161
   124   12 Mg  -0.11088366E-01     -6.95805469
   125   12 Mg  -0.10515999E-01     -6.59888911
   126   12 Mg  -0.10515992E-01     -6.59888491
   127   12 Mg  -0.10515981E-01     -6.59887753
   128   12 Mg  -0.11117772E-01     -6.97650706
   129   12 Mg  -0.11117792E-01     -6.97651981
   130   12 Mg  -0.11117784E-01     -6.97651455
   131   12 Mg  -0.10985759E-01     -6.89366767
   132   12 Mg  -0.10985781E-01     -6.89368143
   133   12 Mg  -0.10985774E-01     -6.89367699
   134   12 Mg  -0.11105269E-01     -6.96866155
   135   12 Mg  -0.11105282E-01     -6.96866942
   136   12 Mg  -0.11105255E-01     -6.96865261
   137   12 Mg  -0.11105281E-01     -6.96866902
   138   12 Mg  -0.11105248E-01     -6.96864813
   139   12 Mg  -0.11105272E-01     -6.96866353
   140   12 Mg  -0.11120875E-01     -6.97845441
   141   12 Mg  -0.11120877E-01     -6.97845570
   142   12 Mg  -0.11120845E-01     -6.97843587
   143   12 Mg  -0.11090152E-01     -6.95917540
   144   12 Mg  -0.11090173E-01     -6.95918886
   145   12 Mg  -0.11090156E-01     -6.95917799
   146   12 Mg  -0.11090163E-01     -6.95918234
   147   12 Mg  -0.11090126E-01     -6.95915909
   148   12 Mg  -0.11090128E-01     -6.95916019
   149   12 Mg  -0.11127062E-01     -6.98233657
   150   53 I   -0.55258940E-02     -3.46755083
--------------------------------------------------

Dispersion energy:      -1.6529949854660E+00 Eh

[Info] Dispersion energy written to .EDISP
