-----------------------------------
 s i m p l e   D F T - D 3  v1.2.1
-----------------------------------

Zero (Chai-Head-Gordon) damping: pbe-D3(0)
--------------------
  s6         1.0000
  s8         0.7220
  s9         0.0000
 rs6         1.2170
 rs8         1.0000
 alp        14.0000
--------------------

Atomic radii (in Angstrom):
-------------------------------------------
   Z          R(cov)     R(vdw)      r4/r2
-------------------------------------------
  12 Mg       1.6667     1.7420     2.8909
  73 Ta       1.7467     2.0490     4.0776
-------------------------------------------

Atomic reference systems (in atomic units):
----------------------------------------------------------------------------
   Z        #      CN    C6(AA)   #      CN    C6(AA)   #      CN    C6(AA)
----------------------------------------------------------------------------
  12 Mg     1  0.0000  683.3758   2  0.9628  451.2708   3  1.9496  175.5616
  73 Ta     1  0.0000 1163.8241   2  1.9459  659.7501   3  2.8988  458.7677
----------------------------------------------------------------------------

Dispersion properties (in atomic units):
--------------------------------------------------------
     #    Z                CN       C6(AA)       C8(AA)
--------------------------------------------------------
     1   12 Mg         0.0021     677.1244   60624.1580
     2   12 Mg         0.0021     677.1244   60624.1581
     3   12 Mg         0.0020     677.1329   60624.9171
     4   12 Mg         0.0020     677.1329   60624.9171
     5   12 Mg         0.0021     677.1244   60624.1580
     6   12 Mg         0.0021     677.1244   60624.1580
     7   12 Mg         0.0020     677.1320   60624.8349
     8   12 Mg         0.0020     677.1315   60624.7900
     9   12 Mg         0.0020     677.1315   60624.7900
    10   12 Mg         0.0020     677.1329   60624.9171
    11   12 Mg         0.0020     677.1329   60624.9171
    12   12 Mg         0.0020     677.1318   60624.8200
    13   12 Mg         0.0020     677.1320   60624.8349
    14   12 Mg         0.0020     677.1320   60624.8349
    15   12 Mg         0.0020     677.1322   60624.8580
    16   12 Mg         0.0020     677.1322   60624.8580
    17   12 Mg         0.0020     677.1315   60624.7900
    18   12 Mg         0.0020     677.1329   60624.9171
    19   12 Mg         0.0020     677.1329   60624.9171
    20   12 Mg         0.0020     677.1322   60624.8580
    21   12 Mg         0.0020     677.1318   60624.8201
    22   12 Mg         0.0020     677.1318   60624.8201
    23   12 Mg         0.0021     677.1244   60624.1580
    24   12 Mg         0.0021     677.1244   60624.1581
    25   12 Mg         0.0021     677.1252   60624.2266
    26   12 Mg         0.0021     677.1252   60624.2266
    27   12 Mg         0.0021     677.1252   60624.2266
    28   12 Mg         0.0020     677.1308   60624.7309
    29   12 Mg         0.0020     677.1308   60624.7309
    30   12 Mg         0.0020     677.1308   60624.7309
    31   12 Mg         0.0020     677.1322   60624.8574
    32   12 Mg         0.0020     677.1322   60624.8574
    33   12 Mg         0.0020     677.1322   60624.8574
    34   12 Mg         0.0020     677.1320   60624.8328
    35   12 Mg         0.0020     677.1320   60624.8327
    36   12 Mg         0.0020     677.1320   60624.8328
    37   12 Mg         0.0020     677.1320   60624.8328
    38   12 Mg         0.0020     677.1320   60624.8328
    39   12 Mg         0.0020     677.1320   60624.8328
    40   12 Mg         0.0020     677.1318   60624.8156
    41   12 Mg         0.0020     677.1315   60624.7916
    42   12 Mg         0.0020     677.1315   60624.7916
    43   12 Mg         0.0020     677.1315   60624.7916
    44   12 Mg         0.0020     677.1315   60624.7916
    45   12 Mg         0.0020     677.1315   60624.7916
    46   12 Mg         0.0020     677.1315   60624.7916
    47   12 Mg         0.0020     677.1315   60624.7947
    48   12 Mg         0.0020     677.1315   60624.7947
    49   12 Mg         0.0020     677.1315   60624.7946
    50   12 Mg         0.0020     677.1327   60624.9002
    51   12 Mg         0.0020     677.1327   60624.9003
    52   12 Mg         0.0020     677.1327   60624.9002
    53   12 Mg         0.0020     677.1327   60624.9002
    54   12 Mg         0.0020     677.1327   60624.9002
    55   12 Mg         0.0020     677.1327   60624.9003
    56   12 Mg         0.0020     677.1320   60624.8390
    57   12 Mg         0.0020     677.1320   60624.8390
    58   12 Mg         0.0020     677.1320   60624.8390
    59   12 Mg         0.0020     677.1320   60624.8390
    60   12 Mg         0.0020     677.1320   60624.8390
    61   12 Mg         0.0020     677.1320   60624.8390
    62   12 Mg         0.0020     677.1320   60624.8328
    63   12 Mg         0.0020     677.1320   60624.8328
    64   12 Mg         0.0020     677.1320   60624.8328
    65   12 Mg         0.0020     677.1325   60624.8800
    66   12 Mg         0.0020     677.1319   60624.8247
    67   12 Mg         0.0020     677.1319   60624.8247
    68   12 Mg         0.0020     677.1319   60624.8246
    69   12 Mg         0.0020     677.1317   60624.8133
    70   12 Mg         0.0020     677.1317   60624.8133
    71   12 Mg         0.0020     677.1317   60624.8133
    72   12 Mg         0.0020     677.1320   60624.8323
    73   12 Mg         0.0020     677.1320   60624.8323
    74   12 Mg         0.0020     677.1320   60624.8323
    75   12 Mg         0.0020     677.1327   60624.8987
    76   12 Mg         0.0020     677.1327   60624.8986
    77   12 Mg         0.0020     677.1320   60624.8398
    78   12 Mg         0.0020     677.1317   60624.8057
    79   12 Mg         0.0020     677.1317   60624.8057
    80   12 Mg         0.0020     677.1325   60624.8770
    81   12 Mg         0.0020     677.1325   60624.8770
    82   12 Mg         0.0020     677.1317   60624.8058
    83   12 Mg         0.0020     677.1317   60624.8057
    84   12 Mg         0.0020     677.1317   60624.8092
    85   12 Mg         0.0020     677.1325   60624.8824
    86   12 Mg         0.0020     677.1325   60624.8840
    87   12 Mg         0.0020     677.1325   60624.8840
    88   12 Mg         0.0020     677.1317   60624.8057
    89   12 Mg         0.0020     677.1317   60624.8057
    90   12 Mg         0.0020     677.1325   60624.8770
    91   12 Mg         0.0020     677.1325   60624.8770
    92   12 Mg         0.0020     677.1325   60624.8825
    93   12 Mg         0.0020     677.1325   60624.8824
    94   12 Mg         0.0020     677.1327   60624.8986
    95   12 Mg         0.0020     677.1320   60624.8398
    96   12 Mg         0.0020     677.1320   60624.8398
    97   12 Mg         0.0020     677.1325   60624.8770
    98   12 Mg         0.0020     677.1325   60624.8770
    99   12 Mg         0.0020     677.1325   60624.8840
   100   12 Mg         0.0020     677.1320   60624.8323
   101   12 Mg         0.0020     677.1320   60624.8323
   102   12 Mg         0.0020     677.1320   60624.8323
   103   12 Mg         0.0020     677.1317   60624.8133
   104   12 Mg         0.0020     677.1317   60624.8133
   105   12 Mg         0.0020     677.1317   60624.8133
   106   12 Mg         0.0020     677.1319   60624.8247
   107   12 Mg         0.0020     677.1319   60624.8247
   108   12 Mg         0.0020     677.1319   60624.8246
   109   12 Mg         0.0020     677.1325   60624.8800
   110   12 Mg         0.0020     677.1320   60624.8329
   111   12 Mg         0.0020     677.1320   60624.8328
   112   12 Mg         0.0020     677.1320   60624.8328
   113   12 Mg         0.0020     677.1320   60624.8390
   114   12 Mg         0.0020     677.1320   60624.8390
   115   12 Mg         0.0020     677.1320   60624.8390
   116   12 Mg         0.0020     677.1320   60624.8390
   117   12 Mg         0.0020     677.1320   60624.8390
   118   12 Mg         0.0020     677.1320   60624.8390
   119   12 Mg         0.0020     677.1327   60624.9002
   120   12 Mg         0.0020     677.1327   60624.9003
   121   12 Mg         0.0020     677.1327   60624.9002
   122   12 Mg         0.0020     677.1327   60624.9002
   123   12 Mg         0.0020     677.1327   60624.9002
   124   12 Mg         0.0020     677.1327   60624.9003
   125   12 Mg         0.0020     677.1315   60624.7947
   126   12 Mg         0.0020     677.1315   60624.7947
   127   12 Mg         0.0020     677.1315   60624.7946
   128   12 Mg         0.0020     677.1315   60624.7916
   129   12 Mg         0.0020     677.1315   60624.7916
   130   12 Mg         0.0020     677.1315   60624.7916
   131   12 Mg         0.0020     677.1315   60624.7916
   132   12 Mg         0.0020     677.1315   60624.7916
   133   12 Mg         0.0020     677.1315   60624.7916
   134   12 Mg         0.0020     677.1318   60624.8156
   135   12 Mg         0.0020     677.1320   60624.8328
   136   12 Mg         0.0020     677.1320   60624.8328
   137   12 Mg         0.0020     677.1320   60624.8328
   138   12 Mg         0.0020     677.1320   60624.8328
   139   12 Mg         0.0020     677.1320   60624.8328
   140   12 Mg         0.0020     677.1320   60624.8328
   141   12 Mg         0.0020     677.1322   60624.8574
   142   12 Mg         0.0020     677.1322   60624.8574
   143   12 Mg         0.0020     677.1322   60624.8574
   144   12 Mg         0.0020     677.1308   60624.7309
   145   12 Mg         0.0020     677.1308   60624.7309
   146   12 Mg         0.0020     677.1308   60624.7309
   147   12 Mg         0.0021     677.1252   60624.2266
   148   12 Mg         0.0021     677.1252   60624.2266
   149   12 Mg         0.0021     677.1252   60624.2266
   150   73 Ta         0.0028    1163.8239  207310.0733
--------------------------------------------------------

Atom-resolved dispersion energies:
--------------------------------------------------
     #    Z           [Hartree]      [kcal/mol]
--------------------------------------------------
     1   12 Mg  -0.84664771E-03     -0.53127946
     2   12 Mg  -0.84664498E-03     -0.53127775
     3   12 Mg  -0.76603823E-03     -0.48069625
     4   12 Mg  -0.76603677E-03     -0.48069533
     5   12 Mg  -0.84665054E-03     -0.53128124
     6   12 Mg  -0.84664716E-03     -0.53127912
     7   12 Mg  -0.77322528E-03     -0.48520619
     8   12 Mg  -0.77724020E-03     -0.48772559
     9   12 Mg  -0.77723740E-03     -0.48772383
    10   12 Mg  -0.76603676E-03     -0.48069532
    11   12 Mg  -0.76603832E-03     -0.48069630
    12   12 Mg  -0.77476074E-03     -0.48616970
    13   12 Mg  -0.77322601E-03     -0.48520665
    14   12 Mg  -0.77322359E-03     -0.48520513
    15   12 Mg  -0.77121085E-03     -0.48394211
    16   12 Mg  -0.77121264E-03     -0.48394324
    17   12 Mg  -0.77723743E-03     -0.48772385
    18   12 Mg  -0.76603560E-03     -0.48069460
    19   12 Mg  -0.76603675E-03     -0.48069532
    20   12 Mg  -0.77121011E-03     -0.48394165
    21   12 Mg  -0.77475503E-03     -0.48616612
    22   12 Mg  -0.77476042E-03     -0.48616950
    23   12 Mg  -0.84664745E-03     -0.53127930
    24   12 Mg  -0.84664486E-03     -0.53127767
    25   12 Mg  -0.84102374E-03     -0.52775037
    26   12 Mg  -0.84102033E-03     -0.52774823
    27   12 Mg  -0.84102391E-03     -0.52775047
    28   12 Mg  -0.78371757E-03     -0.49179020
    29   12 Mg  -0.78372289E-03     -0.49179354
    30   12 Mg  -0.78372015E-03     -0.49179182
    31   12 Mg  -0.77124990E-03     -0.48396662
    32   12 Mg  -0.77124820E-03     -0.48396555
    33   12 Mg  -0.77124985E-03     -0.48396659
    34   12 Mg  -0.77362449E-03     -0.48545670
    35   12 Mg  -0.77362641E-03     -0.48545790
    36   12 Mg  -0.77362216E-03     -0.48545523
    37   12 Mg  -0.77362188E-03     -0.48545506
    38   12 Mg  -0.77362363E-03     -0.48545615
    39   12 Mg  -0.77362374E-03     -0.48545623
    40   12 Mg  -0.77472472E-03     -0.48614710
    41   12 Mg  -0.77685711E-03     -0.48748520
    42   12 Mg  -0.77685794E-03     -0.48748572
    43   12 Mg  -0.77685720E-03     -0.48748526
    44   12 Mg  -0.77685620E-03     -0.48748462
    45   12 Mg  -0.77685876E-03     -0.48748623
    46   12 Mg  -0.77685718E-03     -0.48748524
    47   12 Mg  -0.77666932E-03     -0.48736736
    48   12 Mg  -0.77666904E-03     -0.48736718
    49   12 Mg  -0.77667183E-03     -0.48736893
    50   12 Mg  -0.76747483E-03     -0.48159772
    51   12 Mg  -0.76747138E-03     -0.48159556
    52   12 Mg  -0.76747313E-03     -0.48159666
    53   12 Mg  -0.76747507E-03     -0.48159788
    54   12 Mg  -0.76747499E-03     -0.48159783
    55   12 Mg  -0.76747109E-03     -0.48159538
    56   12 Mg  -0.77272132E-03     -0.48488995
    57   12 Mg  -0.77271897E-03     -0.48488847
    58   12 Mg  -0.77271812E-03     -0.48488794
    59   12 Mg  -0.77272071E-03     -0.48488957
    60   12 Mg  -0.77272164E-03     -0.48489015
    61   12 Mg  -0.77271991E-03     -0.48488906
    62   12 Mg  -0.77326044E-03     -0.48522825
    63   12 Mg  -0.77326130E-03     -0.48522879
    64   12 Mg  -0.77326404E-03     -0.48523051
    65   12 Mg  -0.76946358E-03     -0.48284568
    66   12 Mg  -0.77404620E-03     -0.48572132
    67   12 Mg  -0.77404527E-03     -0.48572074
    68   12 Mg  -0.77404977E-03     -0.48572357
    69   12 Mg  -0.77485775E-03     -0.48623058
    70   12 Mg  -0.77485859E-03     -0.48623111
    71   12 Mg  -0.77485759E-03     -0.48623048
    72   12 Mg  -0.77318139E-03     -0.48517865
    73   12 Mg  -0.77318145E-03     -0.48517869
    74   12 Mg  -0.77318211E-03     -0.48517910
    75   12 Mg  -0.76757218E-03     -0.48165881
    76   12 Mg  -0.76757661E-03     -0.48166159
    77   12 Mg  -0.77270202E-03     -0.48487784
    78   12 Mg  -0.77542537E-03     -0.48658676
    79   12 Mg  -0.77542638E-03     -0.48658740
    80   12 Mg  -0.76940500E-03     -0.48280893
    81   12 Mg  -0.76940355E-03     -0.48280802
    82   12 Mg  -0.77542465E-03     -0.48658631
    83   12 Mg  -0.77542660E-03     -0.48658754
    84   12 Mg  -0.77518572E-03     -0.48643638
    85   12 Mg  -0.76884148E-03     -0.48245531
    86   12 Mg  -0.76875560E-03     -0.48240142
    87   12 Mg  -0.76875523E-03     -0.48240119
    88   12 Mg  -0.77542845E-03     -0.48658870
    89   12 Mg  -0.77542829E-03     -0.48658860
    90   12 Mg  -0.76940197E-03     -0.48280702
    91   12 Mg  -0.76940370E-03     -0.48280811
    92   12 Mg  -0.76883960E-03     -0.48245413
    93   12 Mg  -0.76884149E-03     -0.48245532
    94   12 Mg  -0.76757661E-03     -0.48166160
    95   12 Mg  -0.77270477E-03     -0.48487956
    96   12 Mg  -0.77270193E-03     -0.48487778
    97   12 Mg  -0.76940057E-03     -0.48280615
    98   12 Mg  -0.76940358E-03     -0.48280803
    99   12 Mg  -0.76875184E-03     -0.48239907
   100   12 Mg  -0.77318136E-03     -0.48517863
   101   12 Mg  -0.77318143E-03     -0.48517867
   102   12 Mg  -0.77318209E-03     -0.48517908
   103   12 Mg  -0.77485773E-03     -0.48623057
   104   12 Mg  -0.77485858E-03     -0.48623110
   105   12 Mg  -0.77485758E-03     -0.48623047
   106   12 Mg  -0.77404612E-03     -0.48572127
   107   12 Mg  -0.77404519E-03     -0.48572069
   108   12 Mg  -0.77404970E-03     -0.48572352
   109   12 Mg  -0.76946357E-03     -0.48284568
   110   12 Mg  -0.77325910E-03     -0.48522741
   111   12 Mg  -0.77325996E-03     -0.48522795
   112   12 Mg  -0.77326270E-03     -0.48522967
   113   12 Mg  -0.77272120E-03     -0.48488987
   114   12 Mg  -0.77271884E-03     -0.48488840
   115   12 Mg  -0.77271799E-03     -0.48488786
   116   12 Mg  -0.77272059E-03     -0.48488949
   117   12 Mg  -0.77272152E-03     -0.48489008
   118   12 Mg  -0.77271979E-03     -0.48488899
   119   12 Mg  -0.76747480E-03     -0.48159771
   120   12 Mg  -0.76747135E-03     -0.48159554
   121   12 Mg  -0.76747310E-03     -0.48159664
   122   12 Mg  -0.76747504E-03     -0.48159786
   123   12 Mg  -0.76747497E-03     -0.48159781
   124   12 Mg  -0.76747106E-03     -0.48159536
   125   12 Mg  -0.77666914E-03     -0.48736724
   126   12 Mg  -0.77666886E-03     -0.48736706
   127   12 Mg  -0.77667165E-03     -0.48736882
   128   12 Mg  -0.77685709E-03     -0.48748518
   129   12 Mg  -0.77685792E-03     -0.48748570
   130   12 Mg  -0.77685718E-03     -0.48748524
   131   12 Mg  -0.77685617E-03     -0.48748461
   132   12 Mg  -0.77685874E-03     -0.48748622
   133   12 Mg  -0.77685716E-03     -0.48748523
   134   12 Mg  -0.77472889E-03     -0.48614972
   135   12 Mg  -0.77362305E-03     -0.48545579
   136   12 Mg  -0.77362496E-03     -0.48545699
   137   12 Mg  -0.77362071E-03     -0.48545432
   138   12 Mg  -0.77362044E-03     -0.48545415
   139   12 Mg  -0.77362218E-03     -0.48545525
   140   12 Mg  -0.77362229E-03     -0.48545532
   141   12 Mg  -0.77124712E-03     -0.48396487
   142   12 Mg  -0.77124542E-03     -0.48396381
   143   12 Mg  -0.77124707E-03     -0.48396484
   144   12 Mg  -0.78371744E-03     -0.49179012
   145   12 Mg  -0.78372276E-03     -0.49179345
   146   12 Mg  -0.78372002E-03     -0.49179174
   147   12 Mg  -0.84102371E-03     -0.52775035
   148   12 Mg  -0.84102030E-03     -0.52774821
   149   12 Mg  -0.84102388E-03     -0.52775045
   150   73 Ta  -0.13037930E-02     -0.81814245
--------------------------------------------------

Dispersion energy:      -1.1733149926896E-01 Eh

[Info] Dispersion energy written to .EDISP
