-----------------------------------
 s i m p l e   D F T - D 3  v1.2.1
-----------------------------------

Zero (Chai-Head-Gordon) damping: pbe-D3(0)
--------------------
  s6         1.0000
  s8         0.7220
  s9         0.0000
 rs6         1.2170
 rs8         1.0000
 alp        14.0000
--------------------

Atomic radii (in Angstrom):
-------------------------------------------
   Z          R(cov)     R(vdw)      r4/r2
-------------------------------------------
  12 Mg       1.6667     1.7420     2.8909
  73 Ta       1.7467     2.0490     4.0776
-------------------------------------------

Atomic reference systems (in atomic units):
----------------------------------------------------------------------------
   Z        #      CN    C6(AA)   #      CN    C6(AA)   #      CN    C6(AA)
----------------------------------------------------------------------------
  12 Mg     1  0.0000  683.3758   2  0.9628  451.2708   3  1.9496  175.5616
  73 Ta     1  0.0000 1163.8241   2  1.9459  659.7501   3  2.8988  458.7677
----------------------------------------------------------------------------

Dispersion properties (in atomic units):
--------------------------------------------------------
     #    Z                CN       C6(AA)       C8(AA)
--------------------------------------------------------
     1   12 Mg         0.0041     677.0328   60615.9512
     2   12 Mg         0.0041     677.0328   60615.9513
     3   12 Mg         0.0037     677.0511   60617.5943
     4   12 Mg         0.0037     677.0511   60617.5943
     5   12 Mg         0.0041     677.0328   60615.9512
     6   12 Mg         0.0041     677.0328   60615.9513
     7   12 Mg         0.0037     677.0491   60617.4179
     8   12 Mg         0.0038     677.0481   60617.3247
     9   12 Mg         0.0038     677.0481   60617.3248
    10   12 Mg         0.0037     677.0511   60617.5943
    11   12 Mg         0.0037     677.0511   60617.5943
    12   12 Mg         0.0037     677.0488   60617.3881
    13   12 Mg         0.0037     677.0491   60617.4179
    14   12 Mg         0.0037     677.0491   60617.4179
    15   12 Mg         0.0037     677.0497   60617.4670
    16   12 Mg         0.0037     677.0497   60617.4670
    17   12 Mg         0.0038     677.0481   60617.3248
    18   12 Mg         0.0037     677.0511   60617.5943
    19   12 Mg         0.0037     677.0511   60617.5943
    20   12 Mg         0.0037     677.0497   60617.4671
    21   12 Mg         0.0037     677.0488   60617.3882
    22   12 Mg         0.0037     677.0488   60617.3881
    23   12 Mg         0.0041     677.0328   60615.9513
    24   12 Mg         0.0041     677.0328   60615.9513
    25   12 Mg         0.0041     677.0344   60616.0958
    26   12 Mg         0.0041     677.0344   60616.0959
    27   12 Mg         0.0041     677.0344   60616.0958
    28   12 Mg         0.0038     677.0468   60617.2040
    29   12 Mg         0.0038     677.0468   60617.2039
    30   12 Mg         0.0038     677.0468   60617.2039
    31   12 Mg         0.0037     677.0497   60617.4656
    32   12 Mg         0.0037     677.0497   60617.4656
    33   12 Mg         0.0037     677.0497   60617.4656
    34   12 Mg         0.0037     677.0491   60617.4165
    35   12 Mg         0.0037     677.0491   60617.4165
    36   12 Mg         0.0037     677.0491   60617.4166
    37   12 Mg         0.0037     677.0491   60617.4166
    38   12 Mg         0.0037     677.0491   60617.4165
    39   12 Mg         0.0037     677.0491   60617.4165
    40   12 Mg         0.0037     677.0487   60617.3801
    41   12 Mg         0.0038     677.0481   60617.3227
    42   12 Mg         0.0038     677.0481   60617.3227
    43   12 Mg         0.0038     677.0481   60617.3227
    44   12 Mg         0.0038     677.0481   60617.3227
    45   12 Mg         0.0038     677.0481   60617.3227
    46   12 Mg         0.0038     677.0481   60617.3227
    47   12 Mg         0.0038     677.0482   60617.3306
    48   12 Mg         0.0038     677.0482   60617.3306
    49   12 Mg         0.0038     677.0482   60617.3305
    50   12 Mg         0.0037     677.0507   60617.5584
    51   12 Mg         0.0037     677.0507   60617.5585
    52   12 Mg         0.0037     677.0507   60617.5584
    53   12 Mg         0.0037     677.0507   60617.5584
    54   12 Mg         0.0037     677.0507   60617.5584
    55   12 Mg         0.0037     677.0507   60617.5585
    56   12 Mg         0.0037     677.0492   60617.4259
    57   12 Mg         0.0037     677.0492   60617.4260
    58   12 Mg         0.0037     677.0492   60617.4260
    59   12 Mg         0.0037     677.0492   60617.4259
    60   12 Mg         0.0037     677.0492   60617.4259
    61   12 Mg         0.0037     677.0492   60617.4259
    62   12 Mg         0.0037     677.0491   60617.4141
    63   12 Mg         0.0037     677.0491   60617.4141
    64   12 Mg         0.0037     677.0491   60617.4140
    65   12 Mg         0.0037     677.0502   60617.5162
    66   12 Mg         0.0037     677.0489   60617.3946
    67   12 Mg         0.0037     677.0489   60617.3947
    68   12 Mg         0.0037     677.0489   60617.3945
    69   12 Mg         0.0038     677.0486   60617.3688
    70   12 Mg         0.0038     677.0486   60617.3688
    71   12 Mg         0.0038     677.0486   60617.3688
    72   12 Mg         0.0037     677.0491   60617.4128
    73   12 Mg         0.0037     677.0491   60617.4128
    74   12 Mg         0.0037     677.0491   60617.4128
    75   12 Mg         0.0037     677.0507   60617.5532
    76   12 Mg         0.0037     677.0507   60617.5531
    77   12 Mg         0.0037     677.0492   60617.4238
    78   12 Mg         0.0038     677.0484   60617.3536
    79   12 Mg         0.0038     677.0484   60617.3536
    80   12 Mg         0.0037     677.0501   60617.5061
    81   12 Mg         0.0037     677.0501   60617.5062
    82   12 Mg         0.0038     677.0484   60617.3536
    83   12 Mg         0.0038     677.0484   60617.3536
    84   12 Mg         0.0038     677.0485   60617.3649
    85   12 Mg         0.0037     677.0503   60617.5184
    86   12 Mg         0.0037     677.0503   60617.5232
    87   12 Mg         0.0037     677.0503   60617.5232
    88   12 Mg         0.0038     677.0484   60617.3535
    89   12 Mg         0.0038     677.0484   60617.3535
    90   12 Mg         0.0037     677.0501   60617.5062
    91   12 Mg         0.0037     677.0501   60617.5062
    92   12 Mg         0.0037     677.0503   60617.5184
    93   12 Mg         0.0037     677.0503   60617.5184
    94   12 Mg         0.0037     677.0507   60617.5531
    95   12 Mg         0.0037     677.0492   60617.4237
    96   12 Mg         0.0037     677.0492   60617.4238
    97   12 Mg         0.0037     677.0501   60617.5062
    98   12 Mg         0.0037     677.0501   60617.5062
    99   12 Mg         0.0037     677.0503   60617.5233
   100   12 Mg         0.0037     677.0491   60617.4128
   101   12 Mg         0.0037     677.0491   60617.4128
   102   12 Mg         0.0037     677.0491   60617.4128
   103   12 Mg         0.0038     677.0486   60617.3688
   104   12 Mg         0.0038     677.0486   60617.3688
   105   12 Mg         0.0038     677.0486   60617.3688
   106   12 Mg         0.0037     677.0489   60617.3946
   107   12 Mg         0.0037     677.0489   60617.3947
   108   12 Mg         0.0037     677.0489   60617.3945
   109   12 Mg         0.0037     677.0502   60617.5162
   110   12 Mg         0.0037     677.0491   60617.4142
   111   12 Mg         0.0037     677.0491   60617.4141
   112   12 Mg         0.0037     677.0491   60617.4141
   113   12 Mg         0.0037     677.0492   60617.4259
   114   12 Mg         0.0037     677.0492   60617.4260
   115   12 Mg         0.0037     677.0492   60617.4260
   116   12 Mg         0.0037     677.0492   60617.4259
   117   12 Mg         0.0037     677.0492   60617.4259
   118   12 Mg         0.0037     677.0492   60617.4259
   119   12 Mg         0.0037     677.0507   60617.5584
   120   12 Mg         0.0037     677.0507   60617.5585
   121   12 Mg         0.0037     677.0507   60617.5584
   122   12 Mg         0.0037     677.0507   60617.5584
   123   12 Mg         0.0037     677.0507   60617.5584
   124   12 Mg         0.0037     677.0507   60617.5585
   125   12 Mg         0.0038     677.0482   60617.3306
   126   12 Mg         0.0038     677.0482   60617.3306
   127   12 Mg         0.0038     677.0482   60617.3305
   128   12 Mg         0.0038     677.0481   60617.3227
   129   12 Mg         0.0038     677.0481   60617.3227
   130   12 Mg         0.0038     677.0481   60617.3227
   131   12 Mg         0.0038     677.0481   60617.3227
   132   12 Mg         0.0038     677.0481   60617.3227
   133   12 Mg         0.0038     677.0481   60617.3227
   134   12 Mg         0.0037     677.0487   60617.3800
   135   12 Mg         0.0037     677.0491   60617.4165
   136   12 Mg         0.0037     677.0491   60617.4165
   137   12 Mg         0.0037     677.0491   60617.4166
   138   12 Mg         0.0037     677.0491   60617.4166
   139   12 Mg         0.0037     677.0491   60617.4166
   140   12 Mg         0.0037     677.0491   60617.4166
   141   12 Mg         0.0037     677.0497   60617.4657
   142   12 Mg         0.0037     677.0497   60617.4657
   143   12 Mg         0.0037     677.0497   60617.4657
   144   12 Mg         0.0038     677.0468   60617.2040
   145   12 Mg         0.0038     677.0468   60617.2039
   146   12 Mg         0.0038     677.0468   60617.2039
   147   12 Mg         0.0041     677.0344   60616.0958
   148   12 Mg         0.0041     677.0344   60616.0959
   149   12 Mg         0.0041     677.0344   60616.0958
   150   73 Ta         0.0056    1163.8239  207310.0720
--------------------------------------------------------

Atom-resolved dispersion energies:
--------------------------------------------------
     #    Z           [Hartree]      [kcal/mol]
--------------------------------------------------
     1   12 Mg  -0.15035353E-02     -0.94348261
     2   12 Mg  -0.15035304E-02     -0.94347957
     3   12 Mg  -0.13595781E-02     -0.85314817
     4   12 Mg  -0.13595755E-02     -0.85314653
     5   12 Mg  -0.15035403E-02     -0.94348579
     6   12 Mg  -0.15035343E-02     -0.94348200
     7   12 Mg  -0.13725172E-02     -0.86126752
     8   12 Mg  -0.13795953E-02     -0.86570910
     9   12 Mg  -0.13795903E-02     -0.86570596
    10   12 Mg  -0.13595755E-02     -0.85314651
    11   12 Mg  -0.13595783E-02     -0.85314827
    12   12 Mg  -0.13752269E-02     -0.86296792
    13   12 Mg  -0.13725185E-02     -0.86126833
    14   12 Mg  -0.13725141E-02     -0.86126563
    15   12 Mg  -0.13689215E-02     -0.85901122
    16   12 Mg  -0.13689247E-02     -0.85901322
    17   12 Mg  -0.13795903E-02     -0.86570599
    18   12 Mg  -0.13595734E-02     -0.85314522
    19   12 Mg  -0.13595755E-02     -0.85314651
    20   12 Mg  -0.13689202E-02     -0.85901039
    21   12 Mg  -0.13752167E-02     -0.86296153
    22   12 Mg  -0.13752263E-02     -0.86296756
    23   12 Mg  -0.15035348E-02     -0.94348233
    24   12 Mg  -0.15035302E-02     -0.94347944
    25   12 Mg  -0.14933738E-02     -0.93710619
    26   12 Mg  -0.14933676E-02     -0.93710233
    27   12 Mg  -0.14933740E-02     -0.93710633
    28   12 Mg  -0.13912399E-02     -0.87301621
    29   12 Mg  -0.13912494E-02     -0.87302216
    30   12 Mg  -0.13912445E-02     -0.87301910
    31   12 Mg  -0.13689694E-02     -0.85904129
    32   12 Mg  -0.13689664E-02     -0.85903939
    33   12 Mg  -0.13689694E-02     -0.85904124
    34   12 Mg  -0.13731820E-02     -0.86168472
    35   12 Mg  -0.13731854E-02     -0.86168686
    36   12 Mg  -0.13731778E-02     -0.86168210
    37   12 Mg  -0.13731773E-02     -0.86168179
    38   12 Mg  -0.13731805E-02     -0.86168375
    39   12 Mg  -0.13731807E-02     -0.86168387
    40   12 Mg  -0.13751940E-02     -0.86294725
    41   12 Mg  -0.13790042E-02     -0.86533822
    42   12 Mg  -0.13790057E-02     -0.86533915
    43   12 Mg  -0.13790044E-02     -0.86533832
    44   12 Mg  -0.13790026E-02     -0.86533719
    45   12 Mg  -0.13790072E-02     -0.86534007
    46   12 Mg  -0.13790044E-02     -0.86533830
    47   12 Mg  -0.13785955E-02     -0.86508174
    48   12 Mg  -0.13785950E-02     -0.86508142
    49   12 Mg  -0.13786000E-02     -0.86508455
    50   12 Mg  -0.13621758E-02     -0.85477822
    51   12 Mg  -0.13621696E-02     -0.85477436
    52   12 Mg  -0.13621728E-02     -0.85477632
    53   12 Mg  -0.13621762E-02     -0.85477849
    54   12 Mg  -0.13621761E-02     -0.85477840
    55   12 Mg  -0.13621691E-02     -0.85477403
    56   12 Mg  -0.13716352E-02     -0.86071411
    57   12 Mg  -0.13716310E-02     -0.86071146
    58   12 Mg  -0.13716295E-02     -0.86071051
    59   12 Mg  -0.13716341E-02     -0.86071342
    60   12 Mg  -0.13716358E-02     -0.86071447
    61   12 Mg  -0.13716327E-02     -0.86071252
    62   12 Mg  -0.13726004E-02     -0.86131978
    63   12 Mg  -0.13726020E-02     -0.86132074
    64   12 Mg  -0.13726069E-02     -0.86132381
    65   12 Mg  -0.13657330E-02     -0.85701038
    66   12 Mg  -0.13739671E-02     -0.86217740
    67   12 Mg  -0.13739655E-02     -0.86217636
    68   12 Mg  -0.13739735E-02     -0.86218141
    69   12 Mg  -0.13754427E-02     -0.86310333
    70   12 Mg  -0.13754442E-02     -0.86310427
    71   12 Mg  -0.13754424E-02     -0.86310316
    72   12 Mg  -0.13724721E-02     -0.86123924
    73   12 Mg  -0.13724722E-02     -0.86123931
    74   12 Mg  -0.13724734E-02     -0.86124005
    75   12 Mg  -0.13624340E-02     -0.85494024
    76   12 Mg  -0.13624419E-02     -0.85494520
    77   12 Mg  -0.13715530E-02     -0.86066253
    78   12 Mg  -0.13764467E-02     -0.86373335
    79   12 Mg  -0.13764485E-02     -0.86373449
    80   12 Mg  -0.13656964E-02     -0.85698743
    81   12 Mg  -0.13656938E-02     -0.85698581
    82   12 Mg  -0.13764454E-02     -0.86373255
    83   12 Mg  -0.13764489E-02     -0.86373473
    84   12 Mg  -0.13760307E-02     -0.86347231
    85   12 Mg  -0.13647115E-02     -0.85636940
    86   12 Mg  -0.13645544E-02     -0.85627081
    87   12 Mg  -0.13645537E-02     -0.85627040
    88   12 Mg  -0.13764522E-02     -0.86373680
    89   12 Mg  -0.13764519E-02     -0.86373663
    90   12 Mg  -0.13656910E-02     -0.85698403
    91   12 Mg  -0.13656941E-02     -0.85698596
    92   12 Mg  -0.13647081E-02     -0.85636729
    93   12 Mg  -0.13647115E-02     -0.85636940
    94   12 Mg  -0.13624419E-02     -0.85494521
    95   12 Mg  -0.13715579E-02     -0.86066561
    96   12 Mg  -0.13715529E-02     -0.86066243
    97   12 Mg  -0.13656885E-02     -0.85698247
    98   12 Mg  -0.13656939E-02     -0.85698583
    99   12 Mg  -0.13645477E-02     -0.85626660
   100   12 Mg  -0.13724721E-02     -0.86123922
   101   12 Mg  -0.13724722E-02     -0.86123929
   102   12 Mg  -0.13724733E-02     -0.86124003
   103   12 Mg  -0.13754427E-02     -0.86310331
   104   12 Mg  -0.13754442E-02     -0.86310426
   105   12 Mg  -0.13754424E-02     -0.86310314
   106   12 Mg  -0.13739670E-02     -0.86217732
   107   12 Mg  -0.13739654E-02     -0.86217628
   108   12 Mg  -0.13739734E-02     -0.86218132
   109   12 Mg  -0.13657330E-02     -0.85701038
   110   12 Mg  -0.13725980E-02     -0.86131828
   111   12 Mg  -0.13725996E-02     -0.86131924
   112   12 Mg  -0.13726045E-02     -0.86132231
   113   12 Mg  -0.13716350E-02     -0.86071398
   114   12 Mg  -0.13716308E-02     -0.86071133
   115   12 Mg  -0.13716293E-02     -0.86071038
   116   12 Mg  -0.13716339E-02     -0.86071329
   117   12 Mg  -0.13716356E-02     -0.86071433
   118   12 Mg  -0.13716325E-02     -0.86071239
   119   12 Mg  -0.13621757E-02     -0.85477819
   120   12 Mg  -0.13621696E-02     -0.85477433
   121   12 Mg  -0.13621727E-02     -0.85477629
   122   12 Mg  -0.13621762E-02     -0.85477846
   123   12 Mg  -0.13621760E-02     -0.85477837
   124   12 Mg  -0.13621691E-02     -0.85477400
   125   12 Mg  -0.13785952E-02     -0.86508154
   126   12 Mg  -0.13785947E-02     -0.86508122
   127   12 Mg  -0.13785997E-02     -0.86508435
   128   12 Mg  -0.13790042E-02     -0.86533819
   129   12 Mg  -0.13790057E-02     -0.86533912
   130   12 Mg  -0.13790044E-02     -0.86533830
   131   12 Mg  -0.13790026E-02     -0.86533717
   132   12 Mg  -0.13790071E-02     -0.86534004
   133   12 Mg  -0.13790043E-02     -0.86533827
   134   12 Mg  -0.13752014E-02     -0.86295192
   135   12 Mg  -0.13731794E-02     -0.86168310
   136   12 Mg  -0.13731828E-02     -0.86168525
   137   12 Mg  -0.13731752E-02     -0.86168048
   138   12 Mg  -0.13731748E-02     -0.86168017
   139   12 Mg  -0.13731779E-02     -0.86168213
   140   12 Mg  -0.13731781E-02     -0.86168226
   141   12 Mg  -0.13689645E-02     -0.85903817
   142   12 Mg  -0.13689614E-02     -0.85903627
   143   12 Mg  -0.13689644E-02     -0.85903812
   144   12 Mg  -0.13912397E-02     -0.87301606
   145   12 Mg  -0.13912491E-02     -0.87302201
   146   12 Mg  -0.13912443E-02     -0.87301895
   147   12 Mg  -0.14933737E-02     -0.93710616
   148   12 Mg  -0.14933676E-02     -0.93710230
   149   12 Mg  -0.14933739E-02     -0.93710630
   150   73 Ta  -0.23222490E-02     -1.45723327
--------------------------------------------------

Dispersion energy:      -2.0828205804306E-01 Eh

[Info] Dispersion energy written to .EDISP
