-----------------------------------
 s i m p l e   D F T - D 3  v1.2.1
-----------------------------------

Zero (Chai-Head-Gordon) damping: pbe-D3(0)
--------------------
  s6         1.0000
  s8         0.7220
  s9         0.0000
 rs6         1.2170
 rs8         1.0000
 alp        14.0000
--------------------

Atomic radii (in Angstrom):
-------------------------------------------
   Z          R(cov)     R(vdw)      r4/r2
-------------------------------------------
  12 Mg       1.6667     1.7420     2.8909
  73 Ta       1.7467     2.0490     4.0776
-------------------------------------------

Atomic reference systems (in atomic units):
----------------------------------------------------------------------------
   Z        #      CN    C6(AA)   #      CN    C6(AA)   #      CN    C6(AA)
----------------------------------------------------------------------------
  12 Mg     1  0.0000  683.3758   2  0.9628  451.2708   3  1.9496  175.5616
  73 Ta     1  0.0000 1163.8241   2  1.9459  659.7501   3  2.8988  458.7677
----------------------------------------------------------------------------

Dispersion properties (in atomic units):
--------------------------------------------------------
     #    Z                CN       C6(AA)       C8(AA)
--------------------------------------------------------
     1   12 Mg         0.0049     676.9942   60612.4976
     2   12 Mg         0.0049     676.9942   60612.4977
     3   12 Mg         0.0044     677.0170   60614.5396
     4   12 Mg         0.0044     677.0170   60614.5397
     5   12 Mg         0.0049     676.9942   60612.4975
     6   12 Mg         0.0049     676.9942   60612.4977
     7   12 Mg         0.0045     677.0152   60614.3765
     8   12 Mg         0.0045     677.0139   60614.2621
     9   12 Mg         0.0045     677.0139   60614.2622
    10   12 Mg         0.0044     677.0170   60614.5397
    11   12 Mg         0.0044     677.0170   60614.5396
    12   12 Mg         0.0045     677.0148   60614.3409
    13   12 Mg         0.0045     677.0152   60614.3764
    14   12 Mg         0.0045     677.0152   60614.3765
    15   12 Mg         0.0044     677.0158   60614.4372
    16   12 Mg         0.0044     677.0158   60614.4372
    17   12 Mg         0.0045     677.0139   60614.2622
    18   12 Mg         0.0044     677.0170   60614.5397
    19   12 Mg         0.0044     677.0170   60614.5397
    20   12 Mg         0.0044     677.0158   60614.4372
    21   12 Mg         0.0045     677.0148   60614.3411
    22   12 Mg         0.0045     677.0148   60614.3409
    23   12 Mg         0.0049     676.9942   60612.4977
    24   12 Mg         0.0049     676.9942   60612.4977
    25   12 Mg         0.0049     676.9960   60612.6622
    26   12 Mg         0.0049     676.9960   60612.6623
    27   12 Mg         0.0049     676.9960   60612.6622
    28   12 Mg         0.0045     677.0121   60614.1005
    29   12 Mg         0.0045     677.0121   60614.1003
    30   12 Mg         0.0045     677.0121   60614.1004
    31   12 Mg         0.0044     677.0158   60614.4354
    32   12 Mg         0.0044     677.0158   60614.4354
    33   12 Mg         0.0044     677.0158   60614.4354
    34   12 Mg         0.0045     677.0150   60614.3618
    35   12 Mg         0.0045     677.0150   60614.3617
    36   12 Mg         0.0045     677.0150   60614.3619
    37   12 Mg         0.0045     677.0150   60614.3619
    38   12 Mg         0.0045     677.0150   60614.3618
    39   12 Mg         0.0045     677.0150   60614.3618
    40   12 Mg         0.0045     677.0146   60614.3297
    41   12 Mg         0.0045     677.0137   60614.2443
    42   12 Mg         0.0045     677.0137   60614.2443
    43   12 Mg         0.0045     677.0137   60614.2443
    44   12 Mg         0.0045     677.0137   60614.2444
    45   12 Mg         0.0045     677.0137   60614.2443
    46   12 Mg         0.0045     677.0137   60614.2443
    47   12 Mg         0.0045     677.0140   60614.2681
    48   12 Mg         0.0045     677.0140   60614.2681
    49   12 Mg         0.0045     677.0140   60614.2680
    50   12 Mg         0.0044     677.0165   60614.4944
    51   12 Mg         0.0044     677.0165   60614.4945
    52   12 Mg         0.0044     677.0165   60614.4944
    53   12 Mg         0.0044     677.0165   60614.4944
    54   12 Mg         0.0044     677.0165   60614.4944
    55   12 Mg         0.0044     677.0165   60614.4945
    56   12 Mg         0.0045     677.0153   60614.3861
    57   12 Mg         0.0045     677.0153   60614.3861
    58   12 Mg         0.0045     677.0153   60614.3862
    59   12 Mg         0.0045     677.0153   60614.3861
    60   12 Mg         0.0045     677.0153   60614.3860
    61   12 Mg         0.0045     677.0153   60614.3861
    62   12 Mg         0.0045     677.0151   60614.3721
    63   12 Mg         0.0045     677.0151   60614.3721
    64   12 Mg         0.0045     677.0151   60614.3720
    65   12 Mg         0.0044     677.0165   60614.4985
    66   12 Mg         0.0045     677.0148   60614.3474
    67   12 Mg         0.0045     677.0148   60614.3474
    68   12 Mg         0.0045     677.0148   60614.3473
    69   12 Mg         0.0045     677.0145   60614.3147
    70   12 Mg         0.0045     677.0145   60614.3147
    71   12 Mg         0.0045     677.0145   60614.3147
    72   12 Mg         0.0045     677.0151   60614.3697
    73   12 Mg         0.0045     677.0151   60614.3697
    74   12 Mg         0.0045     677.0151   60614.3697
    75   12 Mg         0.0044     677.0170   60614.5435
    76   12 Mg         0.0044     677.0170   60614.5434
    77   12 Mg         0.0045     677.0152   60614.3824
    78   12 Mg         0.0045     677.0143   60614.2962
    79   12 Mg         0.0045     677.0143   60614.2961
    80   12 Mg         0.0044     677.0164   60614.4851
    81   12 Mg         0.0044     677.0164   60614.4852
    82   12 Mg         0.0045     677.0143   60614.2962
    83   12 Mg         0.0045     677.0143   60614.2961
    84   12 Mg         0.0045     677.0144   60614.3107
    85   12 Mg         0.0044     677.0166   60614.5005
    86   12 Mg         0.0044     677.0166   60614.5067
    87   12 Mg         0.0044     677.0166   60614.5067
    88   12 Mg         0.0045     677.0143   60614.2961
    89   12 Mg         0.0045     677.0143   60614.2961
    90   12 Mg         0.0044     677.0164   60614.4852
    91   12 Mg         0.0044     677.0164   60614.4852
    92   12 Mg         0.0044     677.0166   60614.5005
    93   12 Mg         0.0044     677.0166   60614.5005
    94   12 Mg         0.0044     677.0170   60614.5434
    95   12 Mg         0.0045     677.0152   60614.3823
    96   12 Mg         0.0045     677.0152   60614.3824
    97   12 Mg         0.0044     677.0164   60614.4852
    98   12 Mg         0.0044     677.0164   60614.4852
    99   12 Mg         0.0044     677.0166   60614.5068
   100   12 Mg         0.0045     677.0151   60614.3697
   101   12 Mg         0.0045     677.0151   60614.3697
   102   12 Mg         0.0045     677.0151   60614.3697
   103   12 Mg         0.0045     677.0145   60614.3147
   104   12 Mg         0.0045     677.0145   60614.3147
   105   12 Mg         0.0045     677.0145   60614.3147
   106   12 Mg         0.0045     677.0148   60614.3474
   107   12 Mg         0.0045     677.0148   60614.3474
   108   12 Mg         0.0045     677.0148   60614.3473
   109   12 Mg         0.0044     677.0165   60614.4985
   110   12 Mg         0.0045     677.0151   60614.3721
   111   12 Mg         0.0045     677.0151   60614.3721
   112   12 Mg         0.0045     677.0151   60614.3720
   113   12 Mg         0.0045     677.0153   60614.3861
   114   12 Mg         0.0045     677.0153   60614.3861
   115   12 Mg         0.0045     677.0153   60614.3862
   116   12 Mg         0.0045     677.0153   60614.3861
   117   12 Mg         0.0045     677.0153   60614.3861
   118   12 Mg         0.0045     677.0153   60614.3861
   119   12 Mg         0.0044     677.0165   60614.4944
   120   12 Mg         0.0044     677.0165   60614.4945
   121   12 Mg         0.0044     677.0165   60614.4944
   122   12 Mg         0.0044     677.0165   60614.4944
   123   12 Mg         0.0044     677.0165   60614.4944
   124   12 Mg         0.0044     677.0165   60614.4945
   125   12 Mg         0.0045     677.0140   60614.2681
   126   12 Mg         0.0045     677.0140   60614.2681
   127   12 Mg         0.0045     677.0140   60614.2680
   128   12 Mg         0.0045     677.0137   60614.2443
   129   12 Mg         0.0045     677.0137   60614.2443
   130   12 Mg         0.0045     677.0137   60614.2443
   131   12 Mg         0.0045     677.0137   60614.2444
   132   12 Mg         0.0045     677.0137   60614.2443
   133   12 Mg         0.0045     677.0137   60614.2443
   134   12 Mg         0.0045     677.0146   60614.3295
   135   12 Mg         0.0045     677.0150   60614.3618
   136   12 Mg         0.0045     677.0150   60614.3618
   137   12 Mg         0.0045     677.0150   60614.3619
   138   12 Mg         0.0045     677.0150   60614.3619
   139   12 Mg         0.0045     677.0150   60614.3619
   140   12 Mg         0.0045     677.0150   60614.3619
   141   12 Mg         0.0044     677.0158   60614.4355
   142   12 Mg         0.0044     677.0158   60614.4355
   143   12 Mg         0.0044     677.0158   60614.4355
   144   12 Mg         0.0045     677.0121   60614.1005
   145   12 Mg         0.0045     677.0121   60614.1004
   146   12 Mg         0.0045     677.0121   60614.1004
   147   12 Mg         0.0049     676.9960   60612.6622
   148   12 Mg         0.0049     676.9960   60612.6623
   149   12 Mg         0.0049     676.9960   60612.6622
   150   73 Ta         0.0067    1163.8239  207310.0715
--------------------------------------------------------

Atom-resolved dispersion energies:
--------------------------------------------------
     #    Z           [Hartree]      [kcal/mol]
--------------------------------------------------
     1   12 Mg  -0.17496763E-02     -1.09793844
     2   12 Mg  -0.17496706E-02     -1.09793489
     3   12 Mg  -0.15826842E-02     -0.99314936
     4   12 Mg  -0.15826812E-02     -0.99314745
     5   12 Mg  -0.17496821E-02     -1.09794213
     6   12 Mg  -0.17496751E-02     -1.09793772
     7   12 Mg  -0.15977567E-02     -1.00260748
     8   12 Mg  -0.16059823E-02     -1.00776912
     9   12 Mg  -0.16059765E-02     -1.00776548
    10   12 Mg  -0.15826812E-02     -0.99314743
    11   12 Mg  -0.15826844E-02     -0.99314948
    12   12 Mg  -0.16009049E-02     -1.00458302
    13   12 Mg  -0.15977582E-02     -1.00260843
    14   12 Mg  -0.15977532E-02     -1.00260527
    15   12 Mg  -0.15935744E-02     -0.99998306
    16   12 Mg  -0.15935782E-02     -0.99998539
    17   12 Mg  -0.16059766E-02     -1.00776551
    18   12 Mg  -0.15826788E-02     -0.99314593
    19   12 Mg  -0.15826812E-02     -0.99314743
    20   12 Mg  -0.15935729E-02     -0.99998210
    21   12 Mg  -0.16008931E-02     -1.00457558
    22   12 Mg  -0.16009043E-02     -1.00458261
    23   12 Mg  -0.17496757E-02     -1.09793811
    24   12 Mg  -0.17496704E-02     -1.09793474
    25   12 Mg  -0.17378019E-02     -1.09048716
    26   12 Mg  -0.17377947E-02     -1.09048264
    27   12 Mg  -0.17378021E-02     -1.09048728
    28   12 Mg  -0.16195648E-02     -1.01629227
    29   12 Mg  -0.16195759E-02     -1.01629919
    30   12 Mg  -0.16195702E-02     -1.01629563
    31   12 Mg  -0.15936330E-02     -1.00001981
    32   12 Mg  -0.15936295E-02     -1.00001760
    33   12 Mg  -0.15936329E-02     -1.00001975
    34   12 Mg  -0.15985247E-02     -1.00308938
    35   12 Mg  -0.15985286E-02     -1.00309187
    36   12 Mg  -0.15985198E-02     -1.00308633
    37   12 Mg  -0.15985192E-02     -1.00308597
    38   12 Mg  -0.15985229E-02     -1.00308825
    39   12 Mg  -0.15985231E-02     -1.00308839
    40   12 Mg  -0.16008733E-02     -1.00456317
    41   12 Mg  -0.16052989E-02     -1.00734026
    42   12 Mg  -0.16053006E-02     -1.00734134
    43   12 Mg  -0.16052991E-02     -1.00734038
    44   12 Mg  -0.16052970E-02     -1.00733907
    45   12 Mg  -0.16053023E-02     -1.00734241
    46   12 Mg  -0.16052990E-02     -1.00734035
    47   12 Mg  -0.16048348E-02     -1.00704906
    48   12 Mg  -0.16048342E-02     -1.00704869
    49   12 Mg  -0.16048400E-02     -1.00705233
    50   12 Mg  -0.15857006E-02     -0.99504217
    51   12 Mg  -0.15856935E-02     -0.99503768
    52   12 Mg  -0.15856971E-02     -0.99503996
    53   12 Mg  -0.15857011E-02     -0.99504249
    54   12 Mg  -0.15857010E-02     -0.99504239
    55   12 Mg  -0.15856929E-02     -0.99503731
    56   12 Mg  -0.15967319E-02     -1.00196439
    57   12 Mg  -0.15967270E-02     -1.00196131
    58   12 Mg  -0.15967252E-02     -1.00196020
    59   12 Mg  -0.15967306E-02     -1.00196359
    60   12 Mg  -0.15967325E-02     -1.00196480
    61   12 Mg  -0.15967289E-02     -1.00196254
    62   12 Mg  -0.15978401E-02     -1.00265980
    63   12 Mg  -0.15978419E-02     -1.00266091
    64   12 Mg  -0.15978476E-02     -1.00266448
    65   12 Mg  -0.15898510E-02     -0.99764654
    66   12 Mg  -0.15994479E-02     -1.00366873
    67   12 Mg  -0.15994460E-02     -1.00366752
    68   12 Mg  -0.15994554E-02     -1.00367339
    69   12 Mg  -0.16011648E-02     -1.00474608
    70   12 Mg  -0.16011666E-02     -1.00474718
    71   12 Mg  -0.16011645E-02     -1.00474588
    72   12 Mg  -0.15976913E-02     -1.00256646
    73   12 Mg  -0.15976915E-02     -1.00256654
    74   12 Mg  -0.15976929E-02     -1.00256740
    75   12 Mg  -0.15860329E-02     -0.99525069
    76   12 Mg  -0.15860421E-02     -0.99525646
    77   12 Mg  -0.15966078E-02     -1.00188654
    78   12 Mg  -0.16023176E-02     -1.00546945
    79   12 Mg  -0.16023197E-02     -1.00547077
    80   12 Mg  -0.15898228E-02     -0.99762890
    81   12 Mg  -0.15898198E-02     -0.99762701
    82   12 Mg  -0.16023161E-02     -1.00546851
    83   12 Mg  -0.16023201E-02     -1.00547105
    84   12 Mg  -0.16018930E-02     -1.00520304
    85   12 Mg  -0.15887078E-02     -0.99692921
    86   12 Mg  -0.15884987E-02     -0.99679799
    87   12 Mg  -0.15884980E-02     -0.99679752
    88   12 Mg  -0.16023240E-02     -1.00547346
    89   12 Mg  -0.16023236E-02     -1.00547326
    90   12 Mg  -0.15898165E-02     -0.99762494
    91   12 Mg  -0.15898201E-02     -0.99762719
    92   12 Mg  -0.15887039E-02     -0.99692675
    93   12 Mg  -0.15887078E-02     -0.99692921
    94   12 Mg  -0.15860421E-02     -0.99525647
    95   12 Mg  -0.15966135E-02     -1.00189012
    96   12 Mg  -0.15966076E-02     -1.00188642
    97   12 Mg  -0.15898137E-02     -0.99762313
    98   12 Mg  -0.15898199E-02     -0.99762704
    99   12 Mg  -0.15884909E-02     -0.99679310
   100   12 Mg  -0.15976913E-02     -1.00256643
   101   12 Mg  -0.15976914E-02     -1.00256651
   102   12 Mg  -0.15976928E-02     -1.00256737
   103   12 Mg  -0.16011648E-02     -1.00474606
   104   12 Mg  -0.16011665E-02     -1.00474716
   105   12 Mg  -0.16011645E-02     -1.00474586
   106   12 Mg  -0.15994478E-02     -1.00366863
   107   12 Mg  -0.15994458E-02     -1.00366742
   108   12 Mg  -0.15994552E-02     -1.00367329
   109   12 Mg  -0.15898510E-02     -0.99764654
   110   12 Mg  -0.15978373E-02     -1.00265805
   111   12 Mg  -0.15978391E-02     -1.00265916
   112   12 Mg  -0.15978448E-02     -1.00266273
   113   12 Mg  -0.15967316E-02     -1.00196423
   114   12 Mg  -0.15967267E-02     -1.00196115
   115   12 Mg  -0.15967250E-02     -1.00196005
   116   12 Mg  -0.15967304E-02     -1.00196343
   117   12 Mg  -0.15967323E-02     -1.00196465
   118   12 Mg  -0.15967287E-02     -1.00196238
   119   12 Mg  -0.15857006E-02     -0.99504214
   120   12 Mg  -0.15856934E-02     -0.99503764
   121   12 Mg  -0.15856971E-02     -0.99503993
   122   12 Mg  -0.15857011E-02     -0.99504245
   123   12 Mg  -0.15857009E-02     -0.99504235
   124   12 Mg  -0.15856928E-02     -0.99503727
   125   12 Mg  -0.16048345E-02     -1.00704883
   126   12 Mg  -0.16048339E-02     -1.00704846
   127   12 Mg  -0.16048397E-02     -1.00705210
   128   12 Mg  -0.16052988E-02     -1.00734023
   129   12 Mg  -0.16053006E-02     -1.00734131
   130   12 Mg  -0.16052990E-02     -1.00734035
   131   12 Mg  -0.16052969E-02     -1.00733904
   132   12 Mg  -0.16053023E-02     -1.00734239
   133   12 Mg  -0.16052990E-02     -1.00734032
   134   12 Mg  -0.16008820E-02     -1.00456861
   135   12 Mg  -0.15985217E-02     -1.00308749
   136   12 Mg  -0.15985256E-02     -1.00308999
   137   12 Mg  -0.15985168E-02     -1.00308444
   138   12 Mg  -0.15985162E-02     -1.00308409
   139   12 Mg  -0.15985199E-02     -1.00308637
   140   12 Mg  -0.15985201E-02     -1.00308651
   141   12 Mg  -0.15936272E-02     -1.00001618
   142   12 Mg  -0.15936237E-02     -1.00001397
   143   12 Mg  -0.15936271E-02     -1.00001613
   144   12 Mg  -0.16195645E-02     -1.01629210
   145   12 Mg  -0.16195756E-02     -1.01629902
   146   12 Mg  -0.16195699E-02     -1.01629546
   147   12 Mg  -0.17378018E-02     -1.09048712
   148   12 Mg  -0.17377946E-02     -1.09048260
   149   12 Mg  -0.17378020E-02     -1.09048724
   150   73 Ta  -0.26987566E-02     -1.69349533
--------------------------------------------------

Dispersion energy:      -2.4245014228060E-01 Eh

[Info] Dispersion energy written to .EDISP
