-----------------------------------
 s i m p l e   D F T - D 3  v1.2.1
-----------------------------------

Zero (Chai-Head-Gordon) damping: pbe-D3(0)
--------------------
  s6         1.0000
  s8         0.7220
  s9         0.0000
 rs6         1.2170
 rs8         1.0000
 alp        14.0000
--------------------

Atomic radii (in Angstrom):
-------------------------------------------
   Z          R(cov)     R(vdw)      r4/r2
-------------------------------------------
  12 Mg       1.6667     1.7420     2.8909
  73 Ta       1.7467     2.0490     4.0776
-------------------------------------------

Atomic reference systems (in atomic units):
----------------------------------------------------------------------------
   Z        #      CN    C6(AA)   #      CN    C6(AA)   #      CN    C6(AA)
----------------------------------------------------------------------------
  12 Mg     1  0.0000  683.3758   2  0.9628  451.2708   3  1.9496  175.5616
  73 Ta     1  0.0000 1163.8241   2  1.9459  659.7501   3  2.8988  458.7677
----------------------------------------------------------------------------

Dispersion properties (in atomic units):
--------------------------------------------------------
     #    Z                CN       C6(AA)       C8(AA)
--------------------------------------------------------
     1   12 Mg         0.6029     511.1307   45762.4395
     2   12 Mg         0.6029     511.1317   45762.5351
     3   12 Mg         0.5011     552.0722   49428.0116
     4   12 Mg         0.5011     552.0733   49428.1085
     5   12 Mg         0.6029     511.1289   45762.2834
     6   12 Mg         0.6029     511.1308   45762.4521
     7   12 Mg         0.5111     547.6817   49034.9222
     8   12 Mg         0.5162     545.4506   48835.1694
     9   12 Mg         0.5162     545.4526   48835.3408
    10   12 Mg         0.5011     552.0734   49428.1125
    11   12 Mg         0.5011     552.0723   49428.0183
    12   12 Mg         0.5122     547.1889   48990.7951
    13   12 Mg         0.5111     547.6812   49034.8719
    14   12 Mg         0.5111     547.6828   49035.0155
    15   12 Mg         0.5083     548.8924   49143.3137
    16   12 Mg         0.5083     548.8913   49143.2193
    17   12 Mg         0.5162     545.4524   48835.3243
    18   12 Mg         0.5011     552.0740   49428.1686
    19   12 Mg         0.5011     552.0733   49428.1086
    20   12 Mg         0.5083     548.8928   49143.3561
    21   12 Mg         0.5122     547.1924   48991.1136
    22   12 Mg         0.5122     547.1889   48990.8027
    23   12 Mg         0.6029     511.1307   45762.4404
    24   12 Mg         0.6029     511.1318   45762.5438
    25   12 Mg         0.5953     513.8155   46002.8151
    26   12 Mg         0.5953     513.8170   46002.9508
    27   12 Mg         0.5953     513.8152   46002.7921
    28   12 Mg         0.5215     543.1360   48627.9390
    29   12 Mg         0.5215     543.1327   48627.6443
    30   12 Mg         0.5215     543.1344   48627.7896
    31   12 Mg         0.5084     548.8504   49139.5571
    32   12 Mg         0.5084     548.8515   49139.6570
    33   12 Mg         0.5084     548.8505   49139.5604
    34   12 Mg         0.5106     547.8664   49051.4536
    35   12 Mg         0.5106     547.8649   49051.3228
    36   12 Mg         0.5106     547.8678   49051.5780
    37   12 Mg         0.5106     547.8679   49051.5932
    38   12 Mg         0.5106     547.8668   49051.4958
    39   12 Mg         0.5106     547.8666   49051.4710
    40   12 Mg         0.5132     546.7334   48950.0194
    41   12 Mg         0.5169     545.1546   48808.6626
    42   12 Mg         0.5169     545.1541   48808.6203
    43   12 Mg         0.5169     545.1546   48808.6647
    44   12 Mg         0.5169     545.1552   48808.7161
    45   12 Mg         0.5169     545.1535   48808.5664
    46   12 Mg         0.5169     545.1546   48808.6615
    47   12 Mg         0.5162     545.4248   48832.8538
    48   12 Mg         0.5162     545.4248   48832.8566
    49   12 Mg         0.5163     545.4231   48832.7062
    50   12 Mg         0.5032     551.1232   49343.0409
    51   12 Mg         0.5032     551.1254   49343.2390
    52   12 Mg         0.5032     551.1242   49343.1322
    53   12 Mg         0.5032     551.1230   49343.0244
    54   12 Mg         0.5032     551.1231   49343.0368
    55   12 Mg         0.5032     551.1255   49343.2454
    56   12 Mg         0.5108     547.8001   49045.5225
    57   12 Mg         0.5108     547.8018   49045.6718
    58   12 Mg         0.5108     547.8023   49045.7211
    59   12 Mg         0.5108     547.8007   49045.5744
    60   12 Mg         0.5108     547.8001   49045.5189
    61   12 Mg         0.5108     547.8012   49045.6231
    62   12 Mg         0.5111     547.6719   49034.0429
    63   12 Mg         0.5111     547.6713   49033.9930
    64   12 Mg         0.5111     547.6696   49033.8388
    65   12 Mg         0.5056     550.0638   49248.1962
    66   12 Mg         0.5126     547.0295   48976.5316
    67   12 Mg         0.5126     547.0302   48976.5893
    68   12 Mg         0.5126     547.0274   48976.3357
    69   12 Mg         0.5146     546.1546   48898.1984
    70   12 Mg         0.5146     546.1540   48898.1444
    71   12 Mg         0.5146     546.1547   48898.2010
    72   12 Mg         0.5116     547.4535   49014.4860
    73   12 Mg         0.5116     547.4534   49014.4828
    74   12 Mg         0.5116     547.4529   49014.4370
    75   12 Mg         0.5036     550.9572   49328.1817
    76   12 Mg         0.5036     550.9544   49327.9346
    77   12 Mg         0.5116     547.4409   49013.3604
    78   12 Mg         0.5153     545.8464   48870.6024
    79   12 Mg         0.5153     545.8458   48870.5471
    80   12 Mg         0.5063     549.7526   49220.3342
    81   12 Mg         0.5063     549.7537   49220.4293
    82   12 Mg         0.5153     545.8469   48870.6486
    83   12 Mg         0.5153     545.8458   48870.5504
    84   12 Mg         0.5142     546.3186   48912.8782
    85   12 Mg         0.5055     550.1067   49252.0379
    86   12 Mg         0.5051     550.3092   49270.1644
    87   12 Mg         0.5051     550.3094   49270.1832
    88   12 Mg         0.5153     545.8447   48870.4505
    89   12 Mg         0.5153     545.8447   48870.4470
    90   12 Mg         0.5063     549.7548   49220.5273
    91   12 Mg         0.5063     549.7537   49220.4272
    92   12 Mg         0.5055     550.1080   49252.1482
    93   12 Mg         0.5055     550.1067   49252.0370
    94   12 Mg         0.5036     550.9545   49327.9440
    95   12 Mg         0.5116     547.4393   49013.2147
    96   12 Mg         0.5116     547.4409   49013.3625
    97   12 Mg         0.5063     549.7555   49220.5935
    98   12 Mg         0.5063     549.7537   49220.4301
    99   12 Mg         0.5051     550.3115   49270.3686
   100   12 Mg         0.5116     547.4535   49014.4858
   101   12 Mg         0.5116     547.4534   49014.4825
   102   12 Mg         0.5116     547.4529   49014.4368
   103   12 Mg         0.5146     546.1546   48898.1978
   104   12 Mg         0.5146     546.1540   48898.1438
   105   12 Mg         0.5146     546.1546   48898.2004
   106   12 Mg         0.5126     547.0296   48976.5322
   107   12 Mg         0.5126     547.0302   48976.5898
   108   12 Mg         0.5126     547.0274   48976.3362
   109   12 Mg         0.5056     550.0638   49248.1962
   110   12 Mg         0.5111     547.6727   49034.1173
   111   12 Mg         0.5111     547.6722   49034.0674
   112   12 Mg         0.5111     547.6705   49033.9133
   113   12 Mg         0.5108     547.8002   49045.5295
   114   12 Mg         0.5108     547.8019   49045.6787
   115   12 Mg         0.5108     547.8024   49045.7281
   116   12 Mg         0.5108     547.8008   49045.5813
   117   12 Mg         0.5108     547.8002   49045.5259
   118   12 Mg         0.5108     547.8013   49045.6300
   119   12 Mg         0.5032     551.1232   49343.0416
   120   12 Mg         0.5032     551.1254   49343.2397
   121   12 Mg         0.5032     551.1242   49343.1329
   122   12 Mg         0.5032     551.1230   49343.0251
   123   12 Mg         0.5032     551.1231   49343.0375
   124   12 Mg         0.5032     551.1255   49343.2461
   125   12 Mg         0.5162     545.4248   48832.8553
   126   12 Mg         0.5162     545.4248   48832.8582
   127   12 Mg         0.5163     545.4231   48832.7078
   128   12 Mg         0.5169     545.1546   48808.6631
   129   12 Mg         0.5169     545.1541   48808.6209
   130   12 Mg         0.5169     545.1546   48808.6653
   131   12 Mg         0.5169     545.1552   48808.7166
   132   12 Mg         0.5169     545.1535   48808.5670
   133   12 Mg         0.5169     545.1546   48808.6621
   134   12 Mg         0.5132     546.7307   48949.7781
   135   12 Mg         0.5106     547.8673   49051.5338
   136   12 Mg         0.5106     547.8658   49051.4031
   137   12 Mg         0.5106     547.8687   49051.6583
   138   12 Mg         0.5106     547.8688   49051.6735
   139   12 Mg         0.5106     547.8677   49051.5761
   140   12 Mg         0.5106     547.8675   49051.5513
   141   12 Mg         0.5084     548.8522   49139.7167
   142   12 Mg         0.5084     548.8533   49139.8166
   143   12 Mg         0.5084     548.8522   49139.7200
   144   12 Mg         0.5215     543.1361   48627.9403
   145   12 Mg         0.5215     543.1328   48627.6456
   146   12 Mg         0.5215     543.1344   48627.7909
   147   12 Mg         0.5953     513.8155   46002.8152
   148   12 Mg         0.5953     513.8170   46002.9509
   149   12 Mg         0.5953     513.8152   46002.7923
   150   73 Ta         0.9995     840.9423  149795.6966
--------------------------------------------------------

Atom-resolved dispersion energies:
--------------------------------------------------
     #    Z           [Hartree]      [kcal/mol]
--------------------------------------------------
     1   12 Mg  -0.15534235E-01     -9.74787935
     2   12 Mg  -0.15534226E-01     -9.74787377
     3   12 Mg  -0.16232529E-01    -10.18606546
     4   12 Mg  -0.16232542E-01    -10.18607399
     5   12 Mg  -0.15534212E-01     -9.74786502
     6   12 Mg  -0.15534230E-01     -9.74787632
     7   12 Mg  -0.16248773E-01    -10.19625879
     8   12 Mg  -0.16189715E-01    -10.15919981
     9   12 Mg  -0.16189734E-01    -10.15921157
    10   12 Mg  -0.16232540E-01    -10.18607244
    11   12 Mg  -0.16232535E-01    -10.18606966
    12   12 Mg  -0.16215160E-01    -10.17516679
    13   12 Mg  -0.16248767E-01    -10.19625527
    14   12 Mg  -0.16248775E-01    -10.19626047
    15   12 Mg  -0.16262869E-01    -10.20510430
    16   12 Mg  -0.16262863E-01    -10.20510075
    17   12 Mg  -0.16189725E-01    -10.15920572
    18   12 Mg  -0.16232545E-01    -10.18607569
    19   12 Mg  -0.16232542E-01    -10.18607368
    20   12 Mg  -0.16262867E-01    -10.20510309
    21   12 Mg  -0.16215181E-01    -10.17517957
    22   12 Mg  -0.16215160E-01    -10.17516648
    23   12 Mg  -0.15534235E-01     -9.74787961
    24   12 Mg  -0.15534230E-01     -9.74787620
    25   12 Mg  -0.15513278E-01     -9.73472912
    26   12 Mg  -0.15513262E-01     -9.73471858
    27   12 Mg  -0.15513256E-01     -9.73471539
    28   12 Mg  -0.16212902E-01    -10.17374990
    29   12 Mg  -0.16212886E-01    -10.17373960
    30   12 Mg  -0.16212893E-01    -10.17374369
    31   12 Mg  -0.16258293E-01    -10.20223268
    32   12 Mg  -0.16258301E-01    -10.20223792
    33   12 Mg  -0.16258293E-01    -10.20223292
    34   12 Mg  -0.16213687E-01    -10.17424244
    35   12 Mg  -0.16213676E-01    -10.17423516
    36   12 Mg  -0.16213695E-01    -10.17424710
    37   12 Mg  -0.16213697E-01    -10.17424822
    38   12 Mg  -0.16213691E-01    -10.17424500
    39   12 Mg  -0.16213682E-01    -10.17423933
    40   12 Mg  -0.16242932E-01    -10.19259389
    41   12 Mg  -0.16219287E-01    -10.17775647
    42   12 Mg  -0.16219296E-01    -10.17776186
    43   12 Mg  -0.16219298E-01    -10.17776304
    44   12 Mg  -0.16219296E-01    -10.17776194
    45   12 Mg  -0.16219287E-01    -10.17775631
    46   12 Mg  -0.16219295E-01    -10.17776115
    47   12 Mg  -0.16242287E-01    -10.19218882
    48   12 Mg  -0.16242284E-01    -10.19218701
    49   12 Mg  -0.16242279E-01    -10.19218371
    50   12 Mg  -0.16232037E-01    -10.18575702
    51   12 Mg  -0.16232049E-01    -10.18576477
    52   12 Mg  -0.16232039E-01    -10.18575855
    53   12 Mg  -0.16232033E-01    -10.18575422
    54   12 Mg  -0.16232038E-01    -10.18575755
    55   12 Mg  -0.16232048E-01    -10.18576414
    56   12 Mg  -0.16252602E-01    -10.19866192
    57   12 Mg  -0.16252615E-01    -10.19866984
    58   12 Mg  -0.16252617E-01    -10.19867102
    59   12 Mg  -0.16252609E-01    -10.19866606
    60   12 Mg  -0.16252606E-01    -10.19866420
    61   12 Mg  -0.16252610E-01    -10.19866685
    62   12 Mg  -0.16253679E-01    -10.19933784
    63   12 Mg  -0.16253673E-01    -10.19933410
    64   12 Mg  -0.16253667E-01    -10.19933028
    65   12 Mg  -0.16200701E-01    -10.16609348
    66   12 Mg  -0.16245597E-01    -10.19426628
    67   12 Mg  -0.16245600E-01    -10.19426785
    68   12 Mg  -0.16245583E-01    -10.19425698
    69   12 Mg  -0.16229970E-01    -10.18445975
    70   12 Mg  -0.16229970E-01    -10.18446015
    71   12 Mg  -0.16229970E-01    -10.18445997
    72   12 Mg  -0.16250009E-01    -10.19703446
    73   12 Mg  -0.16250003E-01    -10.19703061
    74   12 Mg  -0.16249997E-01    -10.19702677
    75   12 Mg  -0.16271397E-01    -10.21045589
    76   12 Mg  -0.16271370E-01    -10.21043889
    77   12 Mg  -0.16249455E-01    -10.19668669
    78   12 Mg  -0.16232128E-01    -10.18581396
    79   12 Mg  -0.16232128E-01    -10.18581395
    80   12 Mg  -0.16263807E-01    -10.20569314
    81   12 Mg  -0.16263819E-01    -10.20570045
    82   12 Mg  -0.16232131E-01    -10.18581603
    83   12 Mg  -0.16232129E-01    -10.18581504
    84   12 Mg  -0.16242140E-01    -10.19209678
    85   12 Mg  -0.16264685E-01    -10.20624405
    86   12 Mg  -0.16270001E-01    -10.20957955
    87   12 Mg  -0.16270004E-01    -10.20958165
    88   12 Mg  -0.16232122E-01    -10.18581019
    89   12 Mg  -0.16232117E-01    -10.18580727
    90   12 Mg  -0.16263828E-01    -10.20570621
    91   12 Mg  -0.16263815E-01    -10.20569821
    92   12 Mg  -0.16264694E-01    -10.20624973
    93   12 Mg  -0.16264685E-01    -10.20624401
    94   12 Mg  -0.16271381E-01    -10.21044596
    95   12 Mg  -0.16249449E-01    -10.19668345
    96   12 Mg  -0.16249458E-01    -10.19668873
    97   12 Mg  -0.16263828E-01    -10.20570624
    98   12 Mg  -0.16263818E-01    -10.20570011
    99   12 Mg  -0.16270009E-01    -10.20958458
   100   12 Mg  -0.16250010E-01    -10.19703541
   101   12 Mg  -0.16250004E-01    -10.19703157
   102   12 Mg  -0.16249998E-01    -10.19702772
   103   12 Mg  -0.16229971E-01    -10.18446077
   104   12 Mg  -0.16229972E-01    -10.18446116
   105   12 Mg  -0.16229972E-01    -10.18446098
   106   12 Mg  -0.16245597E-01    -10.19426575
   107   12 Mg  -0.16245599E-01    -10.19426732
   108   12 Mg  -0.16245582E-01    -10.19425645
   109   12 Mg  -0.16200701E-01    -10.16609360
   110   12 Mg  -0.16253682E-01    -10.19933951
   111   12 Mg  -0.16253676E-01    -10.19933577
   112   12 Mg  -0.16253670E-01    -10.19933194
   113   12 Mg  -0.16252605E-01    -10.19866392
   114   12 Mg  -0.16252618E-01    -10.19867185
   115   12 Mg  -0.16252620E-01    -10.19867302
   116   12 Mg  -0.16252612E-01    -10.19866806
   117   12 Mg  -0.16252609E-01    -10.19866620
   118   12 Mg  -0.16252613E-01    -10.19866885
   119   12 Mg  -0.16232038E-01    -10.18575755
   120   12 Mg  -0.16232050E-01    -10.18576530
   121   12 Mg  -0.16232040E-01    -10.18575908
   122   12 Mg  -0.16232033E-01    -10.18575474
   123   12 Mg  -0.16232039E-01    -10.18575808
   124   12 Mg  -0.16232049E-01    -10.18576467
   125   12 Mg  -0.16242286E-01    -10.19218823
   126   12 Mg  -0.16242283E-01    -10.19218642
   127   12 Mg  -0.16242278E-01    -10.19218312
   128   12 Mg  -0.16219288E-01    -10.17775697
   129   12 Mg  -0.16219297E-01    -10.17776236
   130   12 Mg  -0.16219299E-01    -10.17776354
   131   12 Mg  -0.16219297E-01    -10.17776244
   132   12 Mg  -0.16219288E-01    -10.17775681
   133   12 Mg  -0.16219296E-01    -10.17776165
   134   12 Mg  -0.16242920E-01    -10.19258622
   135   12 Mg  -0.16213693E-01    -10.17424577
   136   12 Mg  -0.16213681E-01    -10.17423849
   137   12 Mg  -0.16213700E-01    -10.17425043
   138   12 Mg  -0.16213702E-01    -10.17425155
   139   12 Mg  -0.16213697E-01    -10.17424833
   140   12 Mg  -0.16213688E-01    -10.17424267
   141   12 Mg  -0.16258303E-01    -10.20223941
   142   12 Mg  -0.16258312E-01    -10.20224465
   143   12 Mg  -0.16258304E-01    -10.20223965
   144   12 Mg  -0.16212900E-01    -10.17374839
   145   12 Mg  -0.16212884E-01    -10.17373808
   146   12 Mg  -0.16212890E-01    -10.17374218
   147   12 Mg  -0.15513279E-01     -9.73472961
   148   12 Mg  -0.15513262E-01     -9.73471907
   149   12 Mg  -0.15513257E-01     -9.73471588
   150   73 Ta  -0.14609468E-01     -9.16757942
--------------------------------------------------

Dispersion energy:      -2.4254788557585E+00 Eh

[Info] Dispersion energy written to .EDISP
