-----------------------------------
 s i m p l e   D F T - D 3  v1.2.1
-----------------------------------

Zero (Chai-Head-Gordon) damping: pbe-D3(0)
--------------------
  s6         1.0000
  s8         0.7220
  s9         0.0000
 rs6         1.2170
 rs8         1.0000
 alp        14.0000
--------------------

Atomic radii (in Angstrom):
-------------------------------------------
   Z          R(cov)     R(vdw)      r4/r2
-------------------------------------------
  12 Mg       1.6667     1.7420     2.8909
  82 Pb       1.7333     2.1382     3.8442
-------------------------------------------

Atomic reference systems (in atomic units):
----------------------------------------------------------------------------
   Z        #      CN    C6(AA)   #      CN    C6(AA)   #      CN    C6(AA)
----------------------------------------------------------------------------
  12 Mg     1  0.0000  683.3758   2  0.9628  451.2708   3  1.9496  175.5616
  82 Pb     1  0.0000  738.8156   2  0.9383  632.9991   3  1.9356  544.4563
            4  2.9081  524.1840   5  3.9098  455.2854
----------------------------------------------------------------------------

Dispersion properties (in atomic units):
--------------------------------------------------------
     #    Z                CN       C6(AA)       C8(AA)
--------------------------------------------------------
     1   12 Mg         8.2193     175.5616   15718.3434
     2   12 Mg         8.2194     175.5616   15718.3434
     3   12 Mg         8.3621     175.5616   15718.3434
     4   12 Mg         8.3621     175.5616   15718.3434
     5   12 Mg         8.3514     175.5616   15718.3434
     6   12 Mg         8.2193     175.5616   15718.3434
     7   12 Mg         8.2194     175.5616   15718.3434
     8   12 Mg         8.3246     175.5616   15718.3434
     9   12 Mg         8.3514     175.5616   15718.3434
    10   12 Mg         8.3514     175.5616   15718.3434
    11   12 Mg         8.3834     175.5616   15718.3434
    12   12 Mg         8.3834     175.5616   15718.3434
    13   12 Mg         8.3834     175.5616   15718.3434
    14   12 Mg         8.3834     175.5616   15718.3434
    15   12 Mg         8.3621     175.5616   15718.3434
    16   12 Mg         8.3169     175.5616   15718.3434
    17   12 Mg         8.3170     175.5616   15718.3434
    18   12 Mg         8.2193     175.5616   15718.3434
    19   12 Mg         8.2193     175.5616   15718.3434
    20   12 Mg         8.3170     175.5616   15718.3434
    21   12 Mg         8.3246     175.5616   15718.3434
    22   12 Mg         8.3246     175.5616   15718.3434
    23   12 Mg         8.3834     175.5616   15718.3434
    24   12 Mg         8.3834     175.5616   15718.3434
    25   12 Mg         8.3270     175.5616   15718.3434
    26   12 Mg         8.3269     175.5616   15718.3434
    27   12 Mg         8.3270     175.5616   15718.3434
    28   12 Mg         8.3269     175.5616   15718.3434
    29   12 Mg         8.3270     175.5616   15718.3434
    30   12 Mg         8.3270     175.5616   15718.3434
    31   12 Mg         8.3322     175.5616   15718.3434
    32   12 Mg         8.3330     175.5616   15718.3434
    33   12 Mg         8.3330     175.5616   15718.3434
    34   12 Mg         8.3330     175.5616   15718.3434
    35   12 Mg         8.3330     175.5616   15718.3434
    36   12 Mg         8.3330     175.5616   15718.3434
    37   12 Mg         8.3330     175.5616   15718.3434
    38   12 Mg         8.3126     175.5616   15718.3434
    39   12 Mg         8.3126     175.5616   15718.3434
    40   12 Mg         8.3126     175.5616   15718.3434
    41   12 Mg         8.3320     175.5616   15718.3434
    42   12 Mg         8.3320     175.5616   15718.3434
    43   12 Mg         8.3320     175.5616   15718.3434
    44   12 Mg         8.2958     175.5616   15718.3434
    45   12 Mg         8.2958     175.5616   15718.3434
    46   12 Mg         8.2958     175.5616   15718.3434
    47   12 Mg         8.2129     175.5616   15718.3434
    48   12 Mg         8.2129     175.5616   15718.3434
    49   12 Mg         8.2129     175.5616   15718.3434
    50   12 Mg         8.3015     175.5616   15718.3434
    51   12 Mg         8.3015     175.5616   15718.3434
    52   12 Mg         8.3018     175.5616   15718.3434
    53   12 Mg         8.3193     175.5616   15718.3434
    54   12 Mg         8.3192     175.5616   15718.3434
    55   12 Mg         8.3193     175.5616   15718.3434
    56   12 Mg         8.3202     175.5616   15718.3434
    57   12 Mg         8.3202     175.5616   15718.3434
    58   12 Mg         8.3202     175.5616   15718.3434
    59   12 Mg         8.3064     175.5616   15718.3434
    60   12 Mg         8.3067     175.5616   15718.3434
    61   12 Mg         8.3064     175.5616   15718.3434
    62   12 Mg         8.3067     175.5616   15718.3434
    63   12 Mg         8.3067     175.5616   15718.3434
    64   12 Mg         8.3067     175.5616   15718.3434
    65   12 Mg         8.3074     175.5616   15718.3434
    66   12 Mg         8.3074     175.5616   15718.3434
    67   12 Mg         8.3074     175.5616   15718.3434
    68   12 Mg         8.3706     175.5616   15718.3434
    69   12 Mg         8.3516     175.5616   15718.3434
    70   12 Mg         8.3519     175.5616   15718.3434
    71   12 Mg         8.3519     175.5616   15718.3434
    72   12 Mg         8.3519     175.5616   15718.3434
    73   12 Mg         8.3519     175.5616   15718.3434
    74   12 Mg         8.3516     175.5616   15718.3434
    75   12 Mg         8.3637     175.5616   15718.3434
    76   12 Mg         8.3041     175.5616   15718.3434
    77   12 Mg         8.3038     175.5616   15718.3434
    78   12 Mg         8.3467     175.5616   15718.3434
    79   12 Mg         8.3466     175.5616   15718.3434
    80   12 Mg         8.3024     175.5616   15718.3434
    81   12 Mg         8.3242     175.5616   15718.3434
    82   12 Mg         8.3248     175.5616   15718.3434
    83   12 Mg         8.3044     175.5616   15718.3434
    84   12 Mg         8.3039     175.5616   15718.3434
    85   12 Mg         8.3042     175.5616   15718.3434
    86   12 Mg         8.3044     175.5616   15718.3434
    87   12 Mg         8.3108     175.5616   15718.3434
    88   12 Mg         8.3108     175.5616   15718.3434
    89   12 Mg         8.2958     175.5616   15718.3434
    90   12 Mg         8.3466     175.5616   15718.3434
    91   12 Mg         8.2958     175.5616   15718.3434
    92   12 Mg         8.2966     175.5616   15718.3434
    93   12 Mg         8.3245     175.5616   15718.3434
    94   12 Mg         8.3247     175.5616   15718.3434
    95   12 Mg         8.3108     175.5616   15718.3434
    96   12 Mg         8.3245     175.5616   15718.3434
    97   12 Mg         8.3242     175.5616   15718.3434
    98   12 Mg         8.3637     175.5616   15718.3434
    99   12 Mg         8.3629     175.5616   15718.3434
   100   12 Mg         8.3516     175.5616   15718.3434
   101   12 Mg         8.3519     175.5616   15718.3434
   102   12 Mg         8.3519     175.5616   15718.3434
   103   12 Mg         8.3519     175.5616   15718.3434
   104   12 Mg         8.3519     175.5616   15718.3434
   105   12 Mg         8.3516     175.5616   15718.3434
   106   12 Mg         8.3706     175.5616   15718.3434
   107   12 Mg         8.3074     175.5616   15718.3434
   108   12 Mg         8.3075     175.5616   15718.3434
   109   12 Mg         8.3074     175.5616   15718.3434
   110   12 Mg         8.3064     175.5616   15718.3434
   111   12 Mg         8.3067     175.5616   15718.3434
   112   12 Mg         8.3064     175.5616   15718.3434
   113   12 Mg         8.3067     175.5616   15718.3434
   114   12 Mg         8.3067     175.5616   15718.3434
   115   12 Mg         8.3067     175.5616   15718.3434
   116   12 Mg         8.3202     175.5616   15718.3434
   117   12 Mg         8.3202     175.5616   15718.3434
   118   12 Mg         8.3202     175.5616   15718.3434
   119   12 Mg         8.3193     175.5616   15718.3434
   120   12 Mg         8.3192     175.5616   15718.3434
   121   12 Mg         8.3193     175.5616   15718.3434
   122   12 Mg         8.3015     175.5616   15718.3434
   123   12 Mg         8.3015     175.5616   15718.3434
   124   12 Mg         8.3018     175.5616   15718.3434
   125   12 Mg         8.2129     175.5616   15718.3434
   126   12 Mg         8.2129     175.5616   15718.3434
   127   12 Mg         8.2129     175.5616   15718.3434
   128   12 Mg         8.2958     175.5616   15718.3434
   129   12 Mg         8.2958     175.5616   15718.3434
   130   12 Mg         8.2958     175.5616   15718.3434
   131   12 Mg         8.3320     175.5616   15718.3434
   132   12 Mg         8.3320     175.5616   15718.3434
   133   12 Mg         8.3320     175.5616   15718.3434
   134   12 Mg         8.3126     175.5616   15718.3434
   135   12 Mg         8.3126     175.5616   15718.3434
   136   12 Mg         8.3126     175.5616   15718.3434
   137   12 Mg         8.3330     175.5616   15718.3434
   138   12 Mg         8.3330     175.5616   15718.3434
   139   12 Mg         8.3330     175.5616   15718.3434
   140   12 Mg         8.3330     175.5616   15718.3434
   141   12 Mg         8.3330     175.5616   15718.3434
   142   12 Mg         8.3330     175.5616   15718.3434
   143   12 Mg         8.3322     175.5616   15718.3434
   144   12 Mg         8.3270     175.5616   15718.3434
   145   12 Mg         8.3269     175.5616   15718.3434
   146   12 Mg         8.3270     175.5616   15718.3434
   147   12 Mg         8.3269     175.5616   15718.3434
   148   12 Mg         8.3270     175.5616   15718.3434
   149   12 Mg         8.3270     175.5616   15718.3434
   150   82 Pb         8.5840     455.2854   72079.0562
--------------------------------------------------------

Atom-resolved dispersion energies:
--------------------------------------------------
     #    Z           [Hartree]      [kcal/mol]
--------------------------------------------------
     1   12 Mg  -0.75113800E-02     -4.71346214
     2   12 Mg  -0.75113646E-02     -4.71345246
     3   12 Mg  -0.74646963E-02     -4.68416767
     4   12 Mg  -0.74647093E-02     -4.68417581
     5   12 Mg  -0.74238571E-02     -4.65854063
     6   12 Mg  -0.75113653E-02     -4.71345288
     7   12 Mg  -0.75113777E-02     -4.71346066
     8   12 Mg  -0.74725349E-02     -4.68908647
     9   12 Mg  -0.74238759E-02     -4.65855249
    10   12 Mg  -0.74238554E-02     -4.65853959
    11   12 Mg  -0.74183323E-02     -4.65507379
    12   12 Mg  -0.74183408E-02     -4.65507916
    13   12 Mg  -0.74183461E-02     -4.65508244
    14   12 Mg  -0.74183369E-02     -4.65507668
    15   12 Mg  -0.74647046E-02     -4.68417283
    16   12 Mg  -0.74259215E-02     -4.65983611
    17   12 Mg  -0.74259053E-02     -4.65982594
    18   12 Mg  -0.75113770E-02     -4.71346024
    19   12 Mg  -0.75113749E-02     -4.71345892
    20   12 Mg  -0.74259081E-02     -4.65982770
    21   12 Mg  -0.74725395E-02     -4.68908931
    22   12 Mg  -0.74725297E-02     -4.68908318
    23   12 Mg  -0.74183384E-02     -4.65507761
    24   12 Mg  -0.74183350E-02     -4.65507550
    25   12 Mg  -0.74333581E-02     -4.66450265
    26   12 Mg  -0.74333493E-02     -4.66449710
    27   12 Mg  -0.74333644E-02     -4.66450660
    28   12 Mg  -0.74333531E-02     -4.66449952
    29   12 Mg  -0.74333555E-02     -4.66450102
    30   12 Mg  -0.74333637E-02     -4.66450613
    31   12 Mg  -0.74217197E-02     -4.65719940
    32   12 Mg  -0.74664555E-02     -4.68527157
    33   12 Mg  -0.74664575E-02     -4.68527282
    34   12 Mg  -0.74664512E-02     -4.68526884
    35   12 Mg  -0.74664566E-02     -4.68527224
    36   12 Mg  -0.74664487E-02     -4.68526730
    37   12 Mg  -0.74664599E-02     -4.68527435
    38   12 Mg  -0.74223316E-02     -4.65758338
    39   12 Mg  -0.74223359E-02     -4.65758607
    40   12 Mg  -0.74223324E-02     -4.65758392
    41   12 Mg  -0.74192706E-02     -4.65566261
    42   12 Mg  -0.74192719E-02     -4.65566342
    43   12 Mg  -0.74192709E-02     -4.65566278
    44   12 Mg  -0.76084960E-02     -4.77440333
    45   12 Mg  -0.76084961E-02     -4.77440340
    46   12 Mg  -0.76084953E-02     -4.77440290
    47   12 Mg  -0.75125495E-02     -4.71419599
    48   12 Mg  -0.75125417E-02     -4.71419106
    49   12 Mg  -0.75125351E-02     -4.71418693
    50   12 Mg  -0.74296481E-02     -4.66217454
    51   12 Mg  -0.74296454E-02     -4.66217286
    52   12 Mg  -0.74295767E-02     -4.66212975
    53   12 Mg  -0.74228755E-02     -4.65792470
    54   12 Mg  -0.74228031E-02     -4.65787924
    55   12 Mg  -0.74228736E-02     -4.65792352
    56   12 Mg  -0.74126789E-02     -4.65152624
    57   12 Mg  -0.74127294E-02     -4.65155791
    58   12 Mg  -0.74126781E-02     -4.65152576
    59   12 Mg  -0.74228406E-02     -4.65790279
    60   12 Mg  -0.74227530E-02     -4.65784781
    61   12 Mg  -0.74228452E-02     -4.65790572
    62   12 Mg  -0.74227871E-02     -4.65786921
    63   12 Mg  -0.74227553E-02     -4.65784929
    64   12 Mg  -0.74227934E-02     -4.65787316
    65   12 Mg  -0.74126322E-02     -4.65149695
    66   12 Mg  -0.74126661E-02     -4.65151819
    67   12 Mg  -0.74126741E-02     -4.65152321
    68   12 Mg  -0.74901286E-02     -4.70012667
    69   12 Mg  -0.74374546E-02     -4.66707323
    70   12 Mg  -0.74373517E-02     -4.66700868
    71   12 Mg  -0.74373518E-02     -4.66700874
    72   12 Mg  -0.74373985E-02     -4.66703805
    73   12 Mg  -0.74373974E-02     -4.66703734
    74   12 Mg  -0.74374444E-02     -4.66706684
    75   12 Mg  -0.74261739E-02     -4.65999449
    76   12 Mg  -0.74191791E-02     -4.65560515
    77   12 Mg  -0.74192413E-02     -4.65564422
    78   12 Mg  -0.74173463E-02     -4.65445505
    79   12 Mg  -0.74172973E-02     -4.65442433
    80   12 Mg  -0.74159825E-02     -4.65359927
    81   12 Mg  -0.74163594E-02     -4.65383579
    82   12 Mg  -0.74161981E-02     -4.65373456
    83   12 Mg  -0.74191169E-02     -4.65556612
    84   12 Mg  -0.74192274E-02     -4.65563550
    85   12 Mg  -0.74191683E-02     -4.65559842
    86   12 Mg  -0.74191282E-02     -4.65557321
    87   12 Mg  -0.74094718E-02     -4.64951378
    88   12 Mg  -0.74094260E-02     -4.64948499
    89   12 Mg  -0.74151869E-02     -4.65310002
    90   12 Mg  -0.74173498E-02     -4.65445726
    91   12 Mg  -0.74151870E-02     -4.65310010
    92   12 Mg  -0.74149112E-02     -4.65292705
    93   12 Mg  -0.74162676E-02     -4.65377817
    94   12 Mg  -0.74161950E-02     -4.65373260
    95   12 Mg  -0.74094211E-02     -4.64948194
    96   12 Mg  -0.74162724E-02     -4.65378118
    97   12 Mg  -0.74163510E-02     -4.65383049
    98   12 Mg  -0.74261820E-02     -4.65999953
    99   12 Mg  -0.74264476E-02     -4.66016622
   100   12 Mg  -0.74374555E-02     -4.66707376
   101   12 Mg  -0.74373526E-02     -4.66700921
   102   12 Mg  -0.74373527E-02     -4.66700928
   103   12 Mg  -0.74373994E-02     -4.66703858
   104   12 Mg  -0.74373983E-02     -4.66703788
   105   12 Mg  -0.74374453E-02     -4.66706737
   106   12 Mg  -0.74901288E-02     -4.70012677
   107   12 Mg  -0.74126265E-02     -4.65149334
   108   12 Mg  -0.74126603E-02     -4.65151458
   109   12 Mg  -0.74126683E-02     -4.65151960
   110   12 Mg  -0.74228434E-02     -4.65790453
   111   12 Mg  -0.74227558E-02     -4.65784956
   112   12 Mg  -0.74228480E-02     -4.65790746
   113   12 Mg  -0.74227899E-02     -4.65787096
   114   12 Mg  -0.74227581E-02     -4.65785104
   115   12 Mg  -0.74227962E-02     -4.65787491
   116   12 Mg  -0.74126791E-02     -4.65152639
   117   12 Mg  -0.74127296E-02     -4.65155806
   118   12 Mg  -0.74126784E-02     -4.65152591
   119   12 Mg  -0.74228758E-02     -4.65792487
   120   12 Mg  -0.74228033E-02     -4.65787941
   121   12 Mg  -0.74228739E-02     -4.65792369
   122   12 Mg  -0.74296457E-02     -4.66217309
   123   12 Mg  -0.74296431E-02     -4.66217140
   124   12 Mg  -0.74295744E-02     -4.66212829
   125   12 Mg  -0.75125497E-02     -4.71419610
   126   12 Mg  -0.75125418E-02     -4.71419117
   127   12 Mg  -0.75125352E-02     -4.71418704
   128   12 Mg  -0.76084962E-02     -4.77440342
   129   12 Mg  -0.76084963E-02     -4.77440349
   130   12 Mg  -0.76084955E-02     -4.77440300
   131   12 Mg  -0.74192722E-02     -4.65566362
   132   12 Mg  -0.74192735E-02     -4.65566444
   133   12 Mg  -0.74192725E-02     -4.65566379
   134   12 Mg  -0.74223351E-02     -4.65758561
   135   12 Mg  -0.74223394E-02     -4.65758831
   136   12 Mg  -0.74223360E-02     -4.65758615
   137   12 Mg  -0.74664564E-02     -4.68527215
   138   12 Mg  -0.74664584E-02     -4.68527341
   139   12 Mg  -0.74664521E-02     -4.68526943
   140   12 Mg  -0.74664575E-02     -4.68527282
   141   12 Mg  -0.74664496E-02     -4.68526788
   142   12 Mg  -0.74664609E-02     -4.68527493
   143   12 Mg  -0.74217197E-02     -4.65719945
   144   12 Mg  -0.74333583E-02     -4.66450277
   145   12 Mg  -0.74333495E-02     -4.66449723
   146   12 Mg  -0.74333646E-02     -4.66450673
   147   12 Mg  -0.74333533E-02     -4.66449965
   148   12 Mg  -0.74333557E-02     -4.66450114
   149   12 Mg  -0.74333639E-02     -4.66450626
   150   82 Pb  -0.13194680E-01     -8.27978699
--------------------------------------------------

Dispersion energy:      -1.1223537037371E+00 Eh

[Info] Dispersion energy written to .EDISP
