-----------------------------------
 s i m p l e   D F T - D 3  v1.2.1
-----------------------------------

Zero (Chai-Head-Gordon) damping: pbe-D3(0)
--------------------
  s6         1.0000
  s8         0.7220
  s9         0.0000
 rs6         1.2170
 rs8         1.0000
 alp        14.0000
--------------------

Atomic radii (in Angstrom):
-------------------------------------------
   Z          R(cov)     R(vdw)      r4/r2
-------------------------------------------
  12 Mg       1.6667     1.7420     2.8909
  82 Pb       1.7333     2.1382     3.8442
-------------------------------------------

Atomic reference systems (in atomic units):
----------------------------------------------------------------------------
   Z        #      CN    C6(AA)   #      CN    C6(AA)   #      CN    C6(AA)
----------------------------------------------------------------------------
  12 Mg     1  0.0000  683.3758   2  0.9628  451.2708   3  1.9496  175.5616
  82 Pb     1  0.0000  738.8156   2  0.9383  632.9991   3  1.9356  544.4563
            4  2.9081  524.1840   5  3.9098  455.2854
----------------------------------------------------------------------------

Dispersion properties (in atomic units):
--------------------------------------------------------
     #    Z                CN       C6(AA)       C8(AA)
--------------------------------------------------------
     1   12 Mg         0.0276     675.8163   60507.0418
     2   12 Mg         0.0276     675.8163   60507.0411
     3   12 Mg         0.0282     675.7794   60503.7361
     4   12 Mg         0.0282     675.7794   60503.7358
     5   12 Mg         0.0281     675.7838   60504.1278
     6   12 Mg         0.0276     675.8163   60507.0413
     7   12 Mg         0.0276     675.8163   60507.0412
     8   12 Mg         0.0280     675.7923   60504.8878
     9   12 Mg         0.0281     675.7838   60504.1289
    10   12 Mg         0.0281     675.7838   60504.1281
    11   12 Mg         0.0283     675.7720   60503.0758
    12   12 Mg         0.0283     675.7720   60503.0772
    13   12 Mg         0.0283     675.7720   60503.0771
    14   12 Mg         0.0283     675.7720   60503.0763
    15   12 Mg         0.0282     675.7794   60503.7364
    16   12 Mg         0.0279     675.7951   60505.1385
    17   12 Mg         0.0279     675.7951   60505.1372
    18   12 Mg         0.0276     675.8163   60507.0417
    19   12 Mg         0.0276     675.8163   60507.0420
    20   12 Mg         0.0279     675.7951   60505.1375
    21   12 Mg         0.0280     675.7923   60504.8878
    22   12 Mg         0.0280     675.7923   60504.8875
    23   12 Mg         0.0283     675.7720   60503.0763
    24   12 Mg         0.0283     675.7720   60503.0764
    25   12 Mg         0.0280     675.7920   60504.8611
    26   12 Mg         0.0280     675.7920   60504.8617
    27   12 Mg         0.0280     675.7920   60504.8608
    28   12 Mg         0.0280     675.7920   60504.8622
    29   12 Mg         0.0280     675.7920   60504.8614
    30   12 Mg         0.0280     675.7920   60504.8614
    31   12 Mg         0.0280     675.7901   60504.6952
    32   12 Mg         0.0280     675.7892   60504.6137
    33   12 Mg         0.0280     675.7892   60504.6123
    34   12 Mg         0.0280     675.7892   60504.6126
    35   12 Mg         0.0280     675.7892   60504.6129
    36   12 Mg         0.0280     675.7892   60504.6131
    37   12 Mg         0.0280     675.7892   60504.6131
    38   12 Mg         0.0279     675.7965   60505.2706
    39   12 Mg         0.0279     675.7965   60505.2698
    40   12 Mg         0.0279     675.7965   60505.2709
    41   12 Mg         0.0280     675.7900   60504.6892
    42   12 Mg         0.0280     675.7901   60504.6895
    43   12 Mg         0.0280     675.7901   60504.6895
    44   12 Mg         0.0278     675.8023   60505.7819
    45   12 Mg         0.0278     675.8022   60505.7808
    46   12 Mg         0.0278     675.8022   60505.7813
    47   12 Mg         0.0275     675.8191   60507.2927
    48   12 Mg         0.0275     675.8191   60507.2925
    49   12 Mg         0.0275     675.8191   60507.2930
    50   12 Mg         0.0278     675.8003   60505.6053
    51   12 Mg         0.0278     675.8003   60505.6059
    52   12 Mg         0.0278     675.8002   60505.5980
    53   12 Mg         0.0279     675.7943   60505.0687
    54   12 Mg         0.0279     675.7943   60505.0703
    55   12 Mg         0.0279     675.7943   60505.0692
    56   12 Mg         0.0279     675.7941   60505.0531
    57   12 Mg         0.0279     675.7941   60505.0527
    58   12 Mg         0.0279     675.7941   60505.0531
    59   12 Mg         0.0279     675.7986   60505.4532
    60   12 Mg         0.0279     675.7985   60505.4445
    61   12 Mg         0.0279     675.7986   60505.4532
    62   12 Mg         0.0279     675.7985   60505.4439
    63   12 Mg         0.0279     675.7985   60505.4445
    64   12 Mg         0.0279     675.7985   60505.4450
    65   12 Mg         0.0279     675.7983   60505.4237
    66   12 Mg         0.0279     675.7982   60505.4226
    67   12 Mg         0.0279     675.7982   60505.4234
    68   12 Mg         0.0283     675.7765   60503.4763
    69   12 Mg         0.0282     675.7823   60503.9984
    70   12 Mg         0.0282     675.7822   60503.9904
    71   12 Mg         0.0282     675.7822   60503.9902
    72   12 Mg         0.0282     675.7822   60503.9894
    73   12 Mg         0.0282     675.7822   60503.9902
    74   12 Mg         0.0282     675.7823   60503.9982
    75   12 Mg         0.0282     675.7792   60503.7185
    76   12 Mg         0.0279     675.7994   60505.5248
    77   12 Mg         0.0279     675.7995   60505.5331
    78   12 Mg         0.0281     675.7847   60504.2065
    79   12 Mg         0.0281     675.7847   60504.2072
    80   12 Mg         0.0278     675.8000   60505.5794
    81   12 Mg         0.0280     675.7925   60504.9064
    82   12 Mg         0.0280     675.7923   60504.8904
    83   12 Mg         0.0279     675.7993   60505.5171
    84   12 Mg         0.0279     675.7995   60505.5321
    85   12 Mg         0.0279     675.7994   60505.5243
    86   12 Mg         0.0279     675.7993   60505.5184
    87   12 Mg         0.0279     675.7972   60505.3282
    88   12 Mg         0.0279     675.7972   60505.3277
    89   12 Mg         0.0278     675.8020   60505.7614
    90   12 Mg         0.0281     675.7847   60504.2076
    91   12 Mg         0.0278     675.8020   60505.7619
    92   12 Mg         0.0278     675.8018   60505.7390
    93   12 Mg         0.0280     675.7924   60504.8985
    94   12 Mg         0.0280     675.7923   60504.8915
    95   12 Mg         0.0279     675.7972   60505.3280
    96   12 Mg         0.0280     675.7924   60504.8988
    97   12 Mg         0.0280     675.7925   60504.9067
    98   12 Mg         0.0282     675.7792   60503.7196
    99   12 Mg         0.0282     675.7795   60503.7408
   100   12 Mg         0.0282     675.7823   60503.9984
   101   12 Mg         0.0282     675.7822   60503.9904
   102   12 Mg         0.0282     675.7822   60503.9902
   103   12 Mg         0.0282     675.7822   60503.9894
   104   12 Mg         0.0282     675.7822   60503.9902
   105   12 Mg         0.0282     675.7823   60503.9982
   106   12 Mg         0.0283     675.7765   60503.4763
   107   12 Mg         0.0279     675.7982   60505.4228
   108   12 Mg         0.0279     675.7982   60505.4217
   109   12 Mg         0.0279     675.7982   60505.4225
   110   12 Mg         0.0279     675.7986   60505.4532
   111   12 Mg         0.0279     675.7985   60505.4445
   112   12 Mg         0.0279     675.7986   60505.4532
   113   12 Mg         0.0279     675.7985   60505.4439
   114   12 Mg         0.0279     675.7985   60505.4445
   115   12 Mg         0.0279     675.7985   60505.4449
   116   12 Mg         0.0279     675.7941   60505.0531
   117   12 Mg         0.0279     675.7941   60505.0527
   118   12 Mg         0.0279     675.7941   60505.0531
   119   12 Mg         0.0279     675.7943   60505.0687
   120   12 Mg         0.0279     675.7943   60505.0703
   121   12 Mg         0.0279     675.7943   60505.0692
   122   12 Mg         0.0278     675.8003   60505.6049
   123   12 Mg         0.0278     675.8003   60505.6054
   124   12 Mg         0.0278     675.8002   60505.5975
   125   12 Mg         0.0275     675.8191   60507.2927
   126   12 Mg         0.0275     675.8191   60507.2925
   127   12 Mg         0.0275     675.8191   60507.2930
   128   12 Mg         0.0278     675.8023   60505.7819
   129   12 Mg         0.0278     675.8022   60505.7808
   130   12 Mg         0.0278     675.8022   60505.7813
   131   12 Mg         0.0280     675.7900   60504.6892
   132   12 Mg         0.0280     675.7901   60504.6895
   133   12 Mg         0.0280     675.7901   60504.6895
   134   12 Mg         0.0279     675.7965   60505.2706
   135   12 Mg         0.0279     675.7965   60505.2698
   136   12 Mg         0.0279     675.7965   60505.2709
   137   12 Mg         0.0280     675.7892   60504.6137
   138   12 Mg         0.0280     675.7892   60504.6123
   139   12 Mg         0.0280     675.7892   60504.6126
   140   12 Mg         0.0280     675.7892   60504.6129
   141   12 Mg         0.0280     675.7892   60504.6131
   142   12 Mg         0.0280     675.7892   60504.6131
   143   12 Mg         0.0280     675.7901   60504.6952
   144   12 Mg         0.0280     675.7920   60504.8611
   145   12 Mg         0.0280     675.7920   60504.8617
   146   12 Mg         0.0280     675.7920   60504.8608
   147   12 Mg         0.0280     675.7920   60504.8622
   148   12 Mg         0.0280     675.7920   60504.8614
   149   12 Mg         0.0280     675.7920   60504.8614
   150   82 Pb         0.0296     734.8401  116337.0956
--------------------------------------------------------

Atom-resolved dispersion energies:
--------------------------------------------------
     #    Z           [Hartree]      [kcal/mol]
--------------------------------------------------
     1   12 Mg  -0.59480045E-02     -3.73242918
     2   12 Mg  -0.59480191E-02     -3.73243832
     3   12 Mg  -0.60334579E-02     -3.78605197
     4   12 Mg  -0.60334676E-02     -3.78605805
     5   12 Mg  -0.60276518E-02     -3.78240863
     6   12 Mg  -0.59480129E-02     -3.73243442
     7   12 Mg  -0.59480168E-02     -3.73243690
     8   12 Mg  -0.60080944E-02     -3.77013613
     9   12 Mg  -0.60276305E-02     -3.78239523
    10   12 Mg  -0.60276454E-02     -3.78240461
    11   12 Mg  -0.60475256E-02     -3.79487958
    12   12 Mg  -0.60474954E-02     -3.79486063
    13   12 Mg  -0.60474965E-02     -3.79486132
    14   12 Mg  -0.60475145E-02     -3.79487261
    15   12 Mg  -0.60334526E-02     -3.78604869
    16   12 Mg  -0.60046904E-02     -3.76800013
    17   12 Mg  -0.60047200E-02     -3.76801866
    18   12 Mg  -0.59480035E-02     -3.73242853
    19   12 Mg  -0.59480030E-02     -3.73242825
    20   12 Mg  -0.60047132E-02     -3.76801440
    21   12 Mg  -0.60080958E-02     -3.77013704
    22   12 Mg  -0.60081010E-02     -3.77014028
    23   12 Mg  -0.60475141E-02     -3.79487238
    24   12 Mg  -0.60475133E-02     -3.79487191
    25   12 Mg  -0.60122658E-02     -3.77275375
    26   12 Mg  -0.60122513E-02     -3.77274466
    27   12 Mg  -0.60122722E-02     -3.77275775
    28   12 Mg  -0.60122390E-02     -3.77273696
    29   12 Mg  -0.60122584E-02     -3.77274909
    30   12 Mg  -0.60122590E-02     -3.77274949
    31   12 Mg  -0.60152790E-02     -3.77464456
    32   12 Mg  -0.60131158E-02     -3.77328715
    33   12 Mg  -0.60131470E-02     -3.77330672
    34   12 Mg  -0.60131397E-02     -3.77330213
    35   12 Mg  -0.60131342E-02     -3.77329866
    36   12 Mg  -0.60131272E-02     -3.77329427
    37   12 Mg  -0.60131289E-02     -3.77329534
    38   12 Mg  -0.60012518E-02     -3.76584236
    39   12 Mg  -0.60012709E-02     -3.76585438
    40   12 Mg  -0.60012457E-02     -3.76583855
    41   12 Mg  -0.60141222E-02     -3.77391863
    42   12 Mg  -0.60141172E-02     -3.77391553
    43   12 Mg  -0.60141166E-02     -3.77391513
    44   12 Mg  -0.59880927E-02     -3.75758490
    45   12 Mg  -0.59881175E-02     -3.75760047
    46   12 Mg  -0.59881052E-02     -3.75759274
    47   12 Mg  -0.59437222E-02     -3.72974197
    48   12 Mg  -0.59437263E-02     -3.72974456
    49   12 Mg  -0.59437132E-02     -3.72973631
    50   12 Mg  -0.59952446E-02     -3.76207279
    51   12 Mg  -0.59952315E-02     -3.76206455
    52   12 Mg  -0.59954068E-02     -3.76217454
    53   12 Mg  -0.60058481E-02     -3.76872656
    54   12 Mg  -0.60057944E-02     -3.76869287
    55   12 Mg  -0.60058350E-02     -3.76871838
    56   12 Mg  -0.60056976E-02     -3.76863214
    57   12 Mg  -0.60057115E-02     -3.76864089
    58   12 Mg  -0.60056979E-02     -3.76863235
    59   12 Mg  -0.59976454E-02     -3.76357934
    60   12 Mg  -0.59978361E-02     -3.76369896
    61   12 Mg  -0.59976465E-02     -3.76358002
    62   12 Mg  -0.59978537E-02     -3.76371001
    63   12 Mg  -0.59978368E-02     -3.76369941
    64   12 Mg  -0.59978296E-02     -3.76369491
    65   12 Mg  -0.59972763E-02     -3.76334770
    66   12 Mg  -0.59973124E-02     -3.76337035
    67   12 Mg  -0.59972949E-02     -3.76335939
    68   12 Mg  -0.60385292E-02     -3.78923426
    69   12 Mg  -0.60274727E-02     -3.78229622
    70   12 Mg  -0.60276379E-02     -3.78239987
    71   12 Mg  -0.60276442E-02     -3.78240387
    72   12 Mg  -0.60276764E-02     -3.78242403
    73   12 Mg  -0.60276571E-02     -3.78241197
    74   12 Mg  -0.60274766E-02     -3.78229867
    75   12 Mg  -0.60371120E-02     -3.78834499
    76   12 Mg  -0.59961261E-02     -3.76262595
    77   12 Mg  -0.59959394E-02     -3.76250880
    78   12 Mg  -0.60247630E-02     -3.78059588
    79   12 Mg  -0.60247437E-02     -3.78058377
    80   12 Mg  -0.59945209E-02     -3.76161867
    81   12 Mg  -0.60091183E-02     -3.77077864
    82   12 Mg  -0.60094682E-02     -3.77099825
    83   12 Mg  -0.59962996E-02     -3.76273479
    84   12 Mg  -0.59959614E-02     -3.76252258
    85   12 Mg  -0.59961362E-02     -3.76263226
    86   12 Mg  -0.59962701E-02     -3.76271631
    87   12 Mg  -0.59989615E-02     -3.76440520
    88   12 Mg  -0.59989677E-02     -3.76440908
    89   12 Mg  -0.59898479E-02     -3.75868631
    90   12 Mg  -0.60247389E-02     -3.78058073
    91   12 Mg  -0.59898355E-02     -3.75867851
    92   12 Mg  -0.59903387E-02     -3.75899426
    93   12 Mg  -0.60092953E-02     -3.77088971
    94   12 Mg  -0.60094419E-02     -3.77098175
    95   12 Mg  -0.59989600E-02     -3.76440423
    96   12 Mg  -0.60092901E-02     -3.77088647
    97   12 Mg  -0.60091099E-02     -3.77077339
    98   12 Mg  -0.60370881E-02     -3.78833000
    99   12 Mg  -0.60366221E-02     -3.78803754
   100   12 Mg  -0.60274728E-02     -3.78229629
   101   12 Mg  -0.60276380E-02     -3.78239995
   102   12 Mg  -0.60276444E-02     -3.78240395
   103   12 Mg  -0.60276765E-02     -3.78242411
   104   12 Mg  -0.60276573E-02     -3.78241204
   105   12 Mg  -0.60274767E-02     -3.78229875
   106   12 Mg  -0.60385292E-02     -3.78923427
   107   12 Mg  -0.59972957E-02     -3.76335989
   108   12 Mg  -0.59973318E-02     -3.76338254
   109   12 Mg  -0.59973144E-02     -3.76337158
   110   12 Mg  -0.59976462E-02     -3.76357980
   111   12 Mg  -0.59978368E-02     -3.76369942
   112   12 Mg  -0.59976473E-02     -3.76358049
   113   12 Mg  -0.59978544E-02     -3.76371047
   114   12 Mg  -0.59978375E-02     -3.76369987
   115   12 Mg  -0.59978304E-02     -3.76369537
   116   12 Mg  -0.60056976E-02     -3.76863216
   117   12 Mg  -0.60057116E-02     -3.76864091
   118   12 Mg  -0.60056980E-02     -3.76863237
   119   12 Mg  -0.60058481E-02     -3.76872658
   120   12 Mg  -0.60057944E-02     -3.76869289
   121   12 Mg  -0.60058351E-02     -3.76871840
   122   12 Mg  -0.59952542E-02     -3.76207883
   123   12 Mg  -0.59952411E-02     -3.76207060
   124   12 Mg  -0.59954164E-02     -3.76218059
   125   12 Mg  -0.59437222E-02     -3.72974199
   126   12 Mg  -0.59437263E-02     -3.72974458
   127   12 Mg  -0.59437132E-02     -3.72973633
   128   12 Mg  -0.59880927E-02     -3.75758492
   129   12 Mg  -0.59881175E-02     -3.75760049
   130   12 Mg  -0.59881052E-02     -3.75759276
   131   12 Mg  -0.60141223E-02     -3.77391875
   132   12 Mg  -0.60141174E-02     -3.77391565
   133   12 Mg  -0.60141168E-02     -3.77391525
   134   12 Mg  -0.60012525E-02     -3.76584277
   135   12 Mg  -0.60012716E-02     -3.76585479
   136   12 Mg  -0.60012464E-02     -3.76583896
   137   12 Mg  -0.60131159E-02     -3.77328722
   138   12 Mg  -0.60131471E-02     -3.77330679
   139   12 Mg  -0.60131398E-02     -3.77330219
   140   12 Mg  -0.60131343E-02     -3.77329873
   141   12 Mg  -0.60131273E-02     -3.77329434
   142   12 Mg  -0.60131290E-02     -3.77329541
   143   12 Mg  -0.60152790E-02     -3.77464457
   144   12 Mg  -0.60122658E-02     -3.77275377
   145   12 Mg  -0.60122513E-02     -3.77274467
   146   12 Mg  -0.60122722E-02     -3.77275776
   147   12 Mg  -0.60122391E-02     -3.77273697
   148   12 Mg  -0.60122584E-02     -3.77274910
   149   12 Mg  -0.60122590E-02     -3.77274950
   150   82 Pb  -0.62313070E-02     -3.91020421
--------------------------------------------------

Dispersion energy:      -9.0102982349438E-01 Eh

[Info] Dispersion energy written to .EDISP
