-----------------------------------
 s i m p l e   D F T - D 3  v1.2.1
-----------------------------------

Zero (Chai-Head-Gordon) damping: pbe-D3(0)
--------------------
  s6         1.0000
  s8         0.7220
  s9         0.0000
 rs6         1.2170
 rs8         1.0000
 alp        14.0000
--------------------

Atomic radii (in Angstrom):
-------------------------------------------
   Z          R(cov)     R(vdw)      r4/r2
-------------------------------------------
  12 Mg       1.6667     1.7420     2.8909
  82 Pb       1.7333     2.1382     3.8442
-------------------------------------------

Atomic reference systems (in atomic units):
----------------------------------------------------------------------------
   Z        #      CN    C6(AA)   #      CN    C6(AA)   #      CN    C6(AA)
----------------------------------------------------------------------------
  12 Mg     1  0.0000  683.3758   2  0.9628  451.2708   3  1.9496  175.5616
  82 Pb     1  0.0000  738.8156   2  0.9383  632.9991   3  1.9356  544.4563
            4  2.9081  524.1840   5  3.9098  455.2854
----------------------------------------------------------------------------

Dispersion properties (in atomic units):
--------------------------------------------------------
     #    Z                CN       C6(AA)       C8(AA)
--------------------------------------------------------
     1   12 Mg         0.0017     677.1436   60625.8736
     2   12 Mg         0.0017     677.1436   60625.8736
     3   12 Mg         0.0018     677.1422   60625.7515
     4   12 Mg         0.0018     677.1422   60625.7515
     5   12 Mg         0.0018     677.1423   60625.7625
     6   12 Mg         0.0017     677.1436   60625.8736
     7   12 Mg         0.0017     677.1436   60625.8736
     8   12 Mg         0.0018     677.1426   60625.7896
     9   12 Mg         0.0018     677.1423   60625.7626
    10   12 Mg         0.0018     677.1423   60625.7625
    11   12 Mg         0.0018     677.1420   60625.7299
    12   12 Mg         0.0018     677.1420   60625.7299
    13   12 Mg         0.0018     677.1420   60625.7299
    14   12 Mg         0.0018     677.1420   60625.7299
    15   12 Mg         0.0018     677.1422   60625.7515
    16   12 Mg         0.0018     677.1427   60625.7971
    17   12 Mg         0.0018     677.1427   60625.7970
    18   12 Mg         0.0017     677.1436   60625.8736
    19   12 Mg         0.0017     677.1436   60625.8736
    20   12 Mg         0.0018     677.1427   60625.7970
    21   12 Mg         0.0018     677.1426   60625.7896
    22   12 Mg         0.0018     677.1426   60625.7896
    23   12 Mg         0.0018     677.1420   60625.7299
    24   12 Mg         0.0018     677.1420   60625.7299
    25   12 Mg         0.0018     677.1426   60625.7870
    26   12 Mg         0.0018     677.1426   60625.7871
    27   12 Mg         0.0018     677.1426   60625.7870
    28   12 Mg         0.0018     677.1426   60625.7871
    29   12 Mg         0.0018     677.1426   60625.7870
    30   12 Mg         0.0018     677.1426   60625.7870
    31   12 Mg         0.0018     677.1426   60625.7823
    32   12 Mg         0.0018     677.1426   60625.7814
    33   12 Mg         0.0018     677.1426   60625.7813
    34   12 Mg         0.0018     677.1426   60625.7813
    35   12 Mg         0.0018     677.1426   60625.7813
    36   12 Mg         0.0018     677.1426   60625.7814
    37   12 Mg         0.0018     677.1426   60625.7813
    38   12 Mg         0.0017     677.1428   60625.8022
    39   12 Mg         0.0017     677.1428   60625.8022
    40   12 Mg         0.0017     677.1428   60625.8023
    41   12 Mg         0.0018     677.1426   60625.7825
    42   12 Mg         0.0018     677.1426   60625.7825
    43   12 Mg         0.0018     677.1426   60625.7825
    44   12 Mg         0.0017     677.1430   60625.8192
    45   12 Mg         0.0017     677.1430   60625.8192
    46   12 Mg         0.0017     677.1430   60625.8192
    47   12 Mg         0.0017     677.1437   60625.8814
    48   12 Mg         0.0017     677.1437   60625.8814
    49   12 Mg         0.0017     677.1437   60625.8814
    50   12 Mg         0.0017     677.1429   60625.8124
    51   12 Mg         0.0017     677.1429   60625.8124
    52   12 Mg         0.0017     677.1429   60625.8122
    53   12 Mg         0.0018     677.1427   60625.7953
    54   12 Mg         0.0018     677.1427   60625.7954
    55   12 Mg         0.0018     677.1427   60625.7953
    56   12 Mg         0.0018     677.1427   60625.7956
    57   12 Mg         0.0018     677.1427   60625.7956
    58   12 Mg         0.0018     677.1427   60625.7956
    59   12 Mg         0.0017     677.1429   60625.8080
    60   12 Mg         0.0017     677.1428   60625.8077
    61   12 Mg         0.0017     677.1429   60625.8080
    62   12 Mg         0.0017     677.1428   60625.8077
    63   12 Mg         0.0017     677.1428   60625.8077
    64   12 Mg         0.0017     677.1428   60625.8077
    65   12 Mg         0.0017     677.1429   60625.8084
    66   12 Mg         0.0017     677.1429   60625.8083
    67   12 Mg         0.0017     677.1429   60625.8083
    68   12 Mg         0.0018     677.1421   60625.7431
    69   12 Mg         0.0018     677.1423   60625.7602
    70   12 Mg         0.0018     677.1423   60625.7600
    71   12 Mg         0.0018     677.1423   60625.7600
    72   12 Mg         0.0018     677.1423   60625.7599
    73   12 Mg         0.0018     677.1423   60625.7600
    74   12 Mg         0.0018     677.1423   60625.7602
    75   12 Mg         0.0018     677.1422   60625.7485
    76   12 Mg         0.0017     677.1429   60625.8106
    77   12 Mg         0.0017     677.1429   60625.8109
    78   12 Mg         0.0018     677.1424   60625.7663
    79   12 Mg         0.0018     677.1424   60625.7663
    80   12 Mg         0.0017     677.1429   60625.8130
    81   12 Mg         0.0018     677.1427   60625.7901
    82   12 Mg         0.0018     677.1426   60625.7896
    83   12 Mg         0.0017     677.1429   60625.8104
    84   12 Mg         0.0017     677.1429   60625.8109
    85   12 Mg         0.0017     677.1429   60625.8106
    86   12 Mg         0.0017     677.1429   60625.8104
    87   12 Mg         0.0017     677.1428   60625.8054
    88   12 Mg         0.0017     677.1428   60625.8054
    89   12 Mg         0.0017     677.1430   60625.8193
    90   12 Mg         0.0018     677.1424   60625.7663
    91   12 Mg         0.0017     677.1430   60625.8193
    92   12 Mg         0.0017     677.1430   60625.8186
    93   12 Mg         0.0018     677.1426   60625.7898
    94   12 Mg         0.0018     677.1426   60625.7896
    95   12 Mg         0.0017     677.1428   60625.8054
    96   12 Mg         0.0018     677.1426   60625.7898
    97   12 Mg         0.0018     677.1427   60625.7901
    98   12 Mg         0.0018     677.1422   60625.7485
    99   12 Mg         0.0018     677.1422   60625.7492
   100   12 Mg         0.0018     677.1423   60625.7602
   101   12 Mg         0.0018     677.1423   60625.7600
   102   12 Mg         0.0018     677.1423   60625.7600
   103   12 Mg         0.0018     677.1423   60625.7599
   104   12 Mg         0.0018     677.1423   60625.7600
   105   12 Mg         0.0018     677.1423   60625.7602
   106   12 Mg         0.0018     677.1421   60625.7431
   107   12 Mg         0.0017     677.1429   60625.8083
   108   12 Mg         0.0017     677.1429   60625.8083
   109   12 Mg         0.0017     677.1429   60625.8083
   110   12 Mg         0.0017     677.1429   60625.8080
   111   12 Mg         0.0017     677.1428   60625.8077
   112   12 Mg         0.0017     677.1429   60625.8080
   113   12 Mg         0.0017     677.1428   60625.8077
   114   12 Mg         0.0017     677.1428   60625.8077
   115   12 Mg         0.0017     677.1428   60625.8077
   116   12 Mg         0.0018     677.1427   60625.7956
   117   12 Mg         0.0018     677.1427   60625.7956
   118   12 Mg         0.0018     677.1427   60625.7956
   119   12 Mg         0.0018     677.1427   60625.7953
   120   12 Mg         0.0018     677.1427   60625.7954
   121   12 Mg         0.0018     677.1427   60625.7953
   122   12 Mg         0.0017     677.1429   60625.8124
   123   12 Mg         0.0017     677.1429   60625.8124
   124   12 Mg         0.0017     677.1429   60625.8122
   125   12 Mg         0.0017     677.1437   60625.8814
   126   12 Mg         0.0017     677.1437   60625.8814
   127   12 Mg         0.0017     677.1437   60625.8814
   128   12 Mg         0.0017     677.1430   60625.8192
   129   12 Mg         0.0017     677.1430   60625.8192
   130   12 Mg         0.0017     677.1430   60625.8192
   131   12 Mg         0.0018     677.1426   60625.7825
   132   12 Mg         0.0018     677.1426   60625.7825
   133   12 Mg         0.0018     677.1426   60625.7825
   134   12 Mg         0.0017     677.1428   60625.8022
   135   12 Mg         0.0017     677.1428   60625.8022
   136   12 Mg         0.0017     677.1428   60625.8023
   137   12 Mg         0.0018     677.1426   60625.7814
   138   12 Mg         0.0018     677.1426   60625.7813
   139   12 Mg         0.0018     677.1426   60625.7813
   140   12 Mg         0.0018     677.1426   60625.7813
   141   12 Mg         0.0018     677.1426   60625.7814
   142   12 Mg         0.0018     677.1426   60625.7813
   143   12 Mg         0.0018     677.1426   60625.7823
   144   12 Mg         0.0018     677.1426   60625.7870
   145   12 Mg         0.0018     677.1426   60625.7871
   146   12 Mg         0.0018     677.1426   60625.7870
   147   12 Mg         0.0018     677.1426   60625.7871
   148   12 Mg         0.0018     677.1426   60625.7870
   149   12 Mg         0.0018     677.1426   60625.7870
   150   82 Pb         0.0018     735.5650  116451.8612
--------------------------------------------------------

Atom-resolved dispersion energies:
--------------------------------------------------
     #    Z           [Hartree]      [kcal/mol]
--------------------------------------------------
     1   12 Mg  -0.67550084E-03     -0.42388317
     2   12 Mg  -0.67550278E-03     -0.42388439
     3   12 Mg  -0.68906661E-03     -0.43239583
     4   12 Mg  -0.68906783E-03     -0.43239659
     5   12 Mg  -0.68822041E-03     -0.43186483
     6   12 Mg  -0.67550207E-03     -0.42388395
     7   12 Mg  -0.67550251E-03     -0.42388422
     8   12 Mg  -0.68563735E-03     -0.43024393
     9   12 Mg  -0.68821747E-03     -0.43186299
    10   12 Mg  -0.68821956E-03     -0.43186430
    11   12 Mg  -0.69101728E-03     -0.43361989
    12   12 Mg  -0.69101318E-03     -0.43361731
    13   12 Mg  -0.69101333E-03     -0.43361741
    14   12 Mg  -0.69101573E-03     -0.43361892
    15   12 Mg  -0.68906587E-03     -0.43239536
    16   12 Mg  -0.68514541E-03     -0.42993523
    17   12 Mg  -0.68514938E-03     -0.42993773
    18   12 Mg  -0.67550077E-03     -0.42388313
    19   12 Mg  -0.67550041E-03     -0.42388290
    20   12 Mg  -0.68514848E-03     -0.42993716
    21   12 Mg  -0.68563745E-03     -0.43024399
    22   12 Mg  -0.68563818E-03     -0.43024445
    23   12 Mg  -0.69101571E-03     -0.43361891
    24   12 Mg  -0.69101561E-03     -0.43361884
    25   12 Mg  -0.68610568E-03     -0.43053781
    26   12 Mg  -0.68610377E-03     -0.43053662
    27   12 Mg  -0.68610652E-03     -0.43053834
    28   12 Mg  -0.68610214E-03     -0.43053559
    29   12 Mg  -0.68610471E-03     -0.43053721
    30   12 Mg  -0.68610476E-03     -0.43053724
    31   12 Mg  -0.68654640E-03     -0.43081437
    32   12 Mg  -0.68635731E-03     -0.43069572
    33   12 Mg  -0.68636146E-03     -0.43069832
    34   12 Mg  -0.68636052E-03     -0.43069773
    35   12 Mg  -0.68635977E-03     -0.43069726
    36   12 Mg  -0.68635884E-03     -0.43069667
    37   12 Mg  -0.68635903E-03     -0.43069679
    38   12 Mg  -0.68469839E-03     -0.42965473
    39   12 Mg  -0.68470094E-03     -0.42965633
    40   12 Mg  -0.68469757E-03     -0.42965421
    41   12 Mg  -0.68643513E-03     -0.43074455
    42   12 Mg  -0.68643445E-03     -0.43074412
    43   12 Mg  -0.68643438E-03     -0.43074407
    44   12 Mg  -0.68278604E-03     -0.42845471
    45   12 Mg  -0.68278935E-03     -0.42845678
    46   12 Mg  -0.68278771E-03     -0.42845576
    47   12 Mg  -0.67480116E-03     -0.42344412
    48   12 Mg  -0.67480168E-03     -0.42344445
    49   12 Mg  -0.67479998E-03     -0.42344338
    50   12 Mg  -0.68383511E-03     -0.42911301
    51   12 Mg  -0.68383338E-03     -0.42911192
    52   12 Mg  -0.68385696E-03     -0.42912672
    53   12 Mg  -0.68531612E-03     -0.43004236
    54   12 Mg  -0.68530951E-03     -0.43003821
    55   12 Mg  -0.68531440E-03     -0.43004128
    56   12 Mg  -0.68531504E-03     -0.43004168
    57   12 Mg  -0.68531675E-03     -0.43004275
    58   12 Mg  -0.68531508E-03     -0.43004171
    59   12 Mg  -0.68420006E-03     -0.42934202
    60   12 Mg  -0.68422586E-03     -0.42935821
    61   12 Mg  -0.68420018E-03     -0.42934210
    62   12 Mg  -0.68422812E-03     -0.42935963
    63   12 Mg  -0.68422593E-03     -0.42935825
    64   12 Mg  -0.68422488E-03     -0.42935759
    65   12 Mg  -0.68418650E-03     -0.42933351
    66   12 Mg  -0.68419087E-03     -0.42933625
    67   12 Mg  -0.68418852E-03     -0.42933478
    68   12 Mg  -0.68974879E-03     -0.43282390
    69   12 Mg  -0.68830421E-03     -0.43191741
    70   12 Mg  -0.68832689E-03     -0.43193164
    71   12 Mg  -0.68832775E-03     -0.43193218
    72   12 Mg  -0.68833152E-03     -0.43193455
    73   12 Mg  -0.68832898E-03     -0.43193296
    74   12 Mg  -0.68830477E-03     -0.43191777
    75   12 Mg  -0.68948523E-03     -0.43265851
    76   12 Mg  -0.68399499E-03     -0.42921334
    77   12 Mg  -0.68396998E-03     -0.42919764
    78   12 Mg  -0.68788264E-03     -0.43165287
    79   12 Mg  -0.68788020E-03     -0.43165134
    80   12 Mg  -0.68379390E-03     -0.42908715
    81   12 Mg  -0.68577309E-03     -0.43032911
    82   12 Mg  -0.68582029E-03     -0.43035873
    83   12 Mg  -0.68401826E-03     -0.42922794
    84   12 Mg  -0.68397297E-03     -0.42919952
    85   12 Mg  -0.68399640E-03     -0.42921422
    86   12 Mg  -0.68401429E-03     -0.42922545
    87   12 Mg  -0.68442973E-03     -0.42948614
    88   12 Mg  -0.68443067E-03     -0.42948673
    89   12 Mg  -0.68318760E-03     -0.42870669
    90   12 Mg  -0.68787943E-03     -0.43165086
    91   12 Mg  -0.68318594E-03     -0.42870565
    92   12 Mg  -0.68325370E-03     -0.42874817
    93   12 Mg  -0.68579664E-03     -0.43034389
    94   12 Mg  -0.68581680E-03     -0.43035654
    95   12 Mg  -0.68442968E-03     -0.42948611
    96   12 Mg  -0.68579587E-03     -0.43034340
    97   12 Mg  -0.68577202E-03     -0.43032844
    98   12 Mg  -0.68948200E-03     -0.43265649
    99   12 Mg  -0.68941945E-03     -0.43261724
   100   12 Mg  -0.68830422E-03     -0.43191742
   101   12 Mg  -0.68832690E-03     -0.43193165
   102   12 Mg  -0.68832776E-03     -0.43193219
   103   12 Mg  -0.68833154E-03     -0.43193456
   104   12 Mg  -0.68832900E-03     -0.43193297
   105   12 Mg  -0.68830479E-03     -0.43191778
   106   12 Mg  -0.68974879E-03     -0.43282390
   107   12 Mg  -0.68418912E-03     -0.42933515
   108   12 Mg  -0.68419349E-03     -0.42933789
   109   12 Mg  -0.68419114E-03     -0.42933642
   110   12 Mg  -0.68420014E-03     -0.42934207
   111   12 Mg  -0.68422594E-03     -0.42935826
   112   12 Mg  -0.68420026E-03     -0.42934215
   113   12 Mg  -0.68422820E-03     -0.42935968
   114   12 Mg  -0.68422601E-03     -0.42935831
   115   12 Mg  -0.68422496E-03     -0.42935764
   116   12 Mg  -0.68531505E-03     -0.43004169
   117   12 Mg  -0.68531675E-03     -0.43004276
   118   12 Mg  -0.68531508E-03     -0.43004171
   119   12 Mg  -0.68531612E-03     -0.43004236
   120   12 Mg  -0.68530951E-03     -0.43003821
   121   12 Mg  -0.68531440E-03     -0.43004128
   122   12 Mg  -0.68383641E-03     -0.42911383
   123   12 Mg  -0.68383468E-03     -0.42911274
   124   12 Mg  -0.68385827E-03     -0.42912754
   125   12 Mg  -0.67480116E-03     -0.42344412
   126   12 Mg  -0.67480168E-03     -0.42344445
   127   12 Mg  -0.67479998E-03     -0.42344338
   128   12 Mg  -0.68278604E-03     -0.42845471
   129   12 Mg  -0.68278935E-03     -0.42845679
   130   12 Mg  -0.68278771E-03     -0.42845576
   131   12 Mg  -0.68643515E-03     -0.43074456
   132   12 Mg  -0.68643447E-03     -0.43074413
   133   12 Mg  -0.68643440E-03     -0.43074409
   134   12 Mg  -0.68469848E-03     -0.42965479
   135   12 Mg  -0.68470103E-03     -0.42965639
   136   12 Mg  -0.68469767E-03     -0.42965427
   137   12 Mg  -0.68635732E-03     -0.43069572
   138   12 Mg  -0.68636147E-03     -0.43069833
   139   12 Mg  -0.68636053E-03     -0.43069774
   140   12 Mg  -0.68635978E-03     -0.43069726
   141   12 Mg  -0.68635885E-03     -0.43069668
   142   12 Mg  -0.68635904E-03     -0.43069680
   143   12 Mg  -0.68654640E-03     -0.43081437
   144   12 Mg  -0.68610568E-03     -0.43053782
   145   12 Mg  -0.68610377E-03     -0.43053662
   146   12 Mg  -0.68610652E-03     -0.43053834
   147   12 Mg  -0.68610214E-03     -0.43053559
   148   12 Mg  -0.68610472E-03     -0.43053721
   149   12 Mg  -0.68610476E-03     -0.43053724
   150   82 Pb  -0.67828764E-03     -0.42563192
--------------------------------------------------

Dispersion energy:      -1.0275600414737E-01 Eh

[Info] Dispersion energy written to .EDISP
