-----------------------------------
 s i m p l e   D F T - D 3  v1.2.1
-----------------------------------

Zero (Chai-Head-Gordon) damping: pbe-D3(0)
--------------------
  s6         1.0000
  s8         0.7220
  s9         0.0000
 rs6         1.2170
 rs8         1.0000
 alp        14.0000
--------------------

Atomic radii (in Angstrom):
-------------------------------------------
   Z          R(cov)     R(vdw)      r4/r2
-------------------------------------------
  12 Mg       1.6667     1.7420     2.8909
  82 Pb       1.7333     2.1382     3.8442
-------------------------------------------

Atomic reference systems (in atomic units):
----------------------------------------------------------------------------
   Z        #      CN    C6(AA)   #      CN    C6(AA)   #      CN    C6(AA)
----------------------------------------------------------------------------
  12 Mg     1  0.0000  683.3758   2  0.9628  451.2708   3  1.9496  175.5616
  82 Pb     1  0.0000  738.8156   2  0.9383  632.9991   3  1.9356  544.4563
            4  2.9081  524.1840   5  3.9098  455.2854
----------------------------------------------------------------------------

Dispersion properties (in atomic units):
--------------------------------------------------------
     #    Z                CN       C6(AA)       C8(AA)
--------------------------------------------------------
     1   12 Mg         0.0066     676.9117   60605.1101
     2   12 Mg         0.0066     676.9117   60605.1100
     3   12 Mg         0.0067     676.9052   60604.5319
     4   12 Mg         0.0067     676.9052   60604.5319
     5   12 Mg         0.0067     676.9059   60604.5936
     6   12 Mg         0.0066     676.9117   60605.1100
     7   12 Mg         0.0066     676.9117   60605.1100
     8   12 Mg         0.0067     676.9074   60604.7241
     9   12 Mg         0.0067     676.9059   60604.5938
    10   12 Mg         0.0067     676.9059   60604.5937
    11   12 Mg         0.0068     676.9040   60604.4230
    12   12 Mg         0.0068     676.9040   60604.4232
    13   12 Mg         0.0068     676.9040   60604.4232
    14   12 Mg         0.0068     676.9040   60604.4231
    15   12 Mg         0.0067     676.9052   60604.5320
    16   12 Mg         0.0067     676.9078   60604.7638
    17   12 Mg         0.0067     676.9078   60604.7636
    18   12 Mg         0.0066     676.9117   60605.1101
    19   12 Mg         0.0066     676.9117   60605.1101
    20   12 Mg         0.0067     676.9078   60604.7636
    21   12 Mg         0.0067     676.9074   60604.7241
    22   12 Mg         0.0067     676.9074   60604.7241
    23   12 Mg         0.0068     676.9040   60604.4231
    24   12 Mg         0.0068     676.9040   60604.4231
    25   12 Mg         0.0067     676.9072   60604.7138
    26   12 Mg         0.0067     676.9072   60604.7139
    27   12 Mg         0.0067     676.9072   60604.7138
    28   12 Mg         0.0067     676.9072   60604.7140
    29   12 Mg         0.0067     676.9072   60604.7139
    30   12 Mg         0.0067     676.9072   60604.7139
    31   12 Mg         0.0067     676.9070   60604.6878
    32   12 Mg         0.0067     676.9069   60604.6801
    33   12 Mg         0.0067     676.9069   60604.6798
    34   12 Mg         0.0067     676.9069   60604.6799
    35   12 Mg         0.0067     676.9069   60604.6799
    36   12 Mg         0.0067     676.9069   60604.6800
    37   12 Mg         0.0067     676.9069   60604.6800
    38   12 Mg         0.0067     676.9081   60604.7859
    39   12 Mg         0.0067     676.9080   60604.7857
    40   12 Mg         0.0067     676.9081   60604.7859
    41   12 Mg         0.0067     676.9070   60604.6897
    42   12 Mg         0.0067     676.9070   60604.6897
    43   12 Mg         0.0067     676.9070   60604.6897
    44   12 Mg         0.0067     676.9090   60604.8723
    45   12 Mg         0.0067     676.9090   60604.8722
    46   12 Mg         0.0067     676.9090   60604.8723
    47   12 Mg         0.0066     676.9121   60605.1507
    48   12 Mg         0.0066     676.9121   60605.1506
    49   12 Mg         0.0066     676.9121   60605.1507
    50   12 Mg         0.0067     676.9087   60604.8396
    51   12 Mg         0.0067     676.9087   60604.8397
    52   12 Mg         0.0067     676.9086   60604.8383
    53   12 Mg         0.0067     676.9077   60604.7518
    54   12 Mg         0.0067     676.9077   60604.7521
    55   12 Mg         0.0067     676.9077   60604.7519
    56   12 Mg         0.0067     676.9077   60604.7510
    57   12 Mg         0.0067     676.9077   60604.7509
    58   12 Mg         0.0067     676.9077   60604.7510
    59   12 Mg         0.0067     676.9084   60604.8168
    60   12 Mg         0.0067     676.9084   60604.8153
    61   12 Mg         0.0067     676.9084   60604.8168
    62   12 Mg         0.0067     676.9084   60604.8152
    63   12 Mg         0.0067     676.9084   60604.8153
    64   12 Mg         0.0067     676.9084   60604.8154
    65   12 Mg         0.0067     676.9084   60604.8134
    66   12 Mg         0.0067     676.9084   60604.8132
    67   12 Mg         0.0067     676.9084   60604.8133
    68   12 Mg         0.0068     676.9047   60604.4890
    69   12 Mg         0.0067     676.9057   60604.5762
    70   12 Mg         0.0067     676.9057   60604.5749
    71   12 Mg         0.0067     676.9057   60604.5748
    72   12 Mg         0.0067     676.9057   60604.5747
    73   12 Mg         0.0067     676.9057   60604.5748
    74   12 Mg         0.0067     676.9057   60604.5761
    75   12 Mg         0.0067     676.9051   60604.5245
    76   12 Mg         0.0067     676.9085   60604.8286
    77   12 Mg         0.0067     676.9085   60604.8300
    78   12 Mg         0.0067     676.9061   60604.6088
    79   12 Mg         0.0067     676.9061   60604.6089
    80   12 Mg         0.0067     676.9086   60604.8383
    81   12 Mg         0.0067     676.9074   60604.7262
    82   12 Mg         0.0067     676.9074   60604.7235
    83   12 Mg         0.0067     676.9085   60604.8273
    84   12 Mg         0.0067     676.9085   60604.8298
    85   12 Mg         0.0067     676.9085   60604.8285
    86   12 Mg         0.0067     676.9085   60604.8275
    87   12 Mg         0.0067     676.9082   60604.7988
    88   12 Mg         0.0067     676.9082   60604.7988
    89   12 Mg         0.0067     676.9090   60604.8699
    90   12 Mg         0.0067     676.9061   60604.6089
    91   12 Mg         0.0067     676.9090   60604.8699
    92   12 Mg         0.0067     676.9089   60604.8661
    93   12 Mg         0.0067     676.9074   60604.7249
    94   12 Mg         0.0067     676.9074   60604.7237
    95   12 Mg         0.0067     676.9082   60604.7988
    96   12 Mg         0.0067     676.9074   60604.7249
    97   12 Mg         0.0067     676.9074   60604.7263
    98   12 Mg         0.0067     676.9051   60604.5247
    99   12 Mg         0.0067     676.9052   60604.5282
   100   12 Mg         0.0067     676.9057   60604.5762
   101   12 Mg         0.0067     676.9057   60604.5749
   102   12 Mg         0.0067     676.9057   60604.5748
   103   12 Mg         0.0067     676.9057   60604.5747
   104   12 Mg         0.0067     676.9057   60604.5748
   105   12 Mg         0.0067     676.9057   60604.5761
   106   12 Mg         0.0068     676.9047   60604.4890
   107   12 Mg         0.0067     676.9084   60604.8132
   108   12 Mg         0.0067     676.9084   60604.8131
   109   12 Mg         0.0067     676.9084   60604.8132
   110   12 Mg         0.0067     676.9084   60604.8168
   111   12 Mg         0.0067     676.9084   60604.8153
   112   12 Mg         0.0067     676.9084   60604.8168
   113   12 Mg         0.0067     676.9084   60604.8152
   114   12 Mg         0.0067     676.9084   60604.8153
   115   12 Mg         0.0067     676.9084   60604.8154
   116   12 Mg         0.0067     676.9077   60604.7510
   117   12 Mg         0.0067     676.9077   60604.7509
   118   12 Mg         0.0067     676.9077   60604.7510
   119   12 Mg         0.0067     676.9077   60604.7518
   120   12 Mg         0.0067     676.9077   60604.7521
   121   12 Mg         0.0067     676.9077   60604.7519
   122   12 Mg         0.0067     676.9086   60604.8395
   123   12 Mg         0.0067     676.9087   60604.8396
   124   12 Mg         0.0067     676.9086   60604.8383
   125   12 Mg         0.0066     676.9121   60605.1507
   126   12 Mg         0.0066     676.9121   60605.1506
   127   12 Mg         0.0066     676.9121   60605.1507
   128   12 Mg         0.0067     676.9090   60604.8723
   129   12 Mg         0.0067     676.9090   60604.8722
   130   12 Mg         0.0067     676.9090   60604.8723
   131   12 Mg         0.0067     676.9070   60604.6897
   132   12 Mg         0.0067     676.9070   60604.6897
   133   12 Mg         0.0067     676.9070   60604.6897
   134   12 Mg         0.0067     676.9081   60604.7859
   135   12 Mg         0.0067     676.9080   60604.7857
   136   12 Mg         0.0067     676.9081   60604.7859
   137   12 Mg         0.0067     676.9069   60604.6801
   138   12 Mg         0.0067     676.9069   60604.6798
   139   12 Mg         0.0067     676.9069   60604.6799
   140   12 Mg         0.0067     676.9069   60604.6799
   141   12 Mg         0.0067     676.9069   60604.6800
   142   12 Mg         0.0067     676.9069   60604.6800
   143   12 Mg         0.0067     676.9070   60604.6878
   144   12 Mg         0.0067     676.9072   60604.7138
   145   12 Mg         0.0067     676.9072   60604.7139
   146   12 Mg         0.0067     676.9072   60604.7138
   147   12 Mg         0.0067     676.9072   60604.7140
   148   12 Mg         0.0067     676.9072   60604.7139
   149   12 Mg         0.0067     676.9072   60604.7139
   150   82 Pb         0.0070     735.4395  116431.9965
--------------------------------------------------------

Atom-resolved dispersion energies:
--------------------------------------------------
     #    Z           [Hartree]      [kcal/mol]
--------------------------------------------------
     1   12 Mg  -0.21911589E-02     -1.37497297
     2   12 Mg  -0.21911652E-02     -1.37497694
     3   12 Mg  -0.22320531E-02     -1.40063449
     4   12 Mg  -0.22320571E-02     -1.40063695
     5   12 Mg  -0.22292162E-02     -1.39885430
     6   12 Mg  -0.21911629E-02     -1.37497548
     7   12 Mg  -0.21911643E-02     -1.37497636
     8   12 Mg  -0.22209271E-02     -1.39365278
     9   12 Mg  -0.22292067E-02     -1.39884832
    10   12 Mg  -0.22292135E-02     -1.39885258
    11   12 Mg  -0.22383284E-02     -1.40457227
    12   12 Mg  -0.22383151E-02     -1.40456395
    13   12 Mg  -0.22383156E-02     -1.40456426
    14   12 Mg  -0.22383234E-02     -1.40456913
    15   12 Mg  -0.22320507E-02     -1.40063297
    16   12 Mg  -0.22193064E-02     -1.39263578
    17   12 Mg  -0.22193193E-02     -1.39264387
    18   12 Mg  -0.21911587E-02     -1.37497283
    19   12 Mg  -0.21911576E-02     -1.37497217
    20   12 Mg  -0.22193163E-02     -1.39264203
    21   12 Mg  -0.22209274E-02     -1.39365299
    22   12 Mg  -0.22209298E-02     -1.39365449
    23   12 Mg  -0.22383233E-02     -1.40456910
    24   12 Mg  -0.22383230E-02     -1.40456890
    25   12 Mg  -0.22223824E-02     -1.39456600
    26   12 Mg  -0.22223762E-02     -1.39456214
    27   12 Mg  -0.22223851E-02     -1.39456770
    28   12 Mg  -0.22223709E-02     -1.39455882
    29   12 Mg  -0.22223793E-02     -1.39456404
    30   12 Mg  -0.22223794E-02     -1.39456413
    31   12 Mg  -0.22237943E-02     -1.39545200
    32   12 Mg  -0.22232712E-02     -1.39512374
    33   12 Mg  -0.22232846E-02     -1.39513215
    34   12 Mg  -0.22232816E-02     -1.39513025
    35   12 Mg  -0.22232791E-02     -1.39512872
    36   12 Mg  -0.22232761E-02     -1.39512684
    37   12 Mg  -0.22232767E-02     -1.39512722
    38   12 Mg  -0.22178211E-02     -1.39170377
    39   12 Mg  -0.22178294E-02     -1.39170894
    40   12 Mg  -0.22178185E-02     -1.39170211
    41   12 Mg  -0.22234422E-02     -1.39523104
    42   12 Mg  -0.22234400E-02     -1.39522965
    43   12 Mg  -0.22234397E-02     -1.39522951
    44   12 Mg  -0.22119509E-02     -1.38802017
    45   12 Mg  -0.22119616E-02     -1.38802689
    46   12 Mg  -0.22119563E-02     -1.38802356
    47   12 Mg  -0.21889873E-02     -1.37361025
    48   12 Mg  -0.21889890E-02     -1.37361134
    49   12 Mg  -0.21889835E-02     -1.37360788
    50   12 Mg  -0.22150329E-02     -1.38995410
    51   12 Mg  -0.22150273E-02     -1.38995060
    52   12 Mg  -0.22151037E-02     -1.38999856
    53   12 Mg  -0.22198302E-02     -1.39296447
    54   12 Mg  -0.22198089E-02     -1.39295110
    55   12 Mg  -0.22198246E-02     -1.39296097
    56   12 Mg  -0.22198129E-02     -1.39295364
    57   12 Mg  -0.22198184E-02     -1.39295706
    58   12 Mg  -0.22198131E-02     -1.39295372
    59   12 Mg  -0.22162051E-02     -1.39068968
    60   12 Mg  -0.22162887E-02     -1.39074214
    61   12 Mg  -0.22162055E-02     -1.39068992
    62   12 Mg  -0.22162959E-02     -1.39074669
    63   12 Mg  -0.22162889E-02     -1.39074229
    64   12 Mg  -0.22162854E-02     -1.39074011
    65   12 Mg  -0.22161618E-02     -1.39066253
    66   12 Mg  -0.22161759E-02     -1.39067140
    67   12 Mg  -0.22161683E-02     -1.39066662
    68   12 Mg  -0.22342737E-02     -1.40202794
    69   12 Mg  -0.22295307E-02     -1.39905165
    70   12 Mg  -0.22296042E-02     -1.39909775
    71   12 Mg  -0.22296070E-02     -1.39909949
    72   12 Mg  -0.22296191E-02     -1.39910714
    73   12 Mg  -0.22296109E-02     -1.39910198
    74   12 Mg  -0.22295326E-02     -1.39905281
    75   12 Mg  -0.22333076E-02     -1.40142165
    76   12 Mg  -0.22155299E-02     -1.39026598
    77   12 Mg  -0.22154488E-02     -1.39021511
    78   12 Mg  -0.22281169E-02     -1.39816447
    79   12 Mg  -0.22281091E-02     -1.39815957
    80   12 Mg  -0.22148776E-02     -1.38985666
    81   12 Mg  -0.22212920E-02     -1.39388176
    82   12 Mg  -0.22214450E-02     -1.39397776
    83   12 Mg  -0.22156053E-02     -1.39031330
    84   12 Mg  -0.22154585E-02     -1.39022120
    85   12 Mg  -0.22155344E-02     -1.39026884
    86   12 Mg  -0.22155924E-02     -1.39030524
    87   12 Mg  -0.22169494E-02     -1.39115677
    88   12 Mg  -0.22169526E-02     -1.39115874
    89   12 Mg  -0.22129184E-02     -1.38862729
    90   12 Mg  -0.22281065E-02     -1.39815794
    91   12 Mg  -0.22129131E-02     -1.38862391
    92   12 Mg  -0.22131329E-02     -1.38876184
    93   12 Mg  -0.22213684E-02     -1.39392975
    94   12 Mg  -0.22214337E-02     -1.39397068
    95   12 Mg  -0.22169494E-02     -1.39115673
    96   12 Mg  -0.22213660E-02     -1.39392818
    97   12 Mg  -0.22212885E-02     -1.39387960
    98   12 Mg  -0.22332971E-02     -1.40141509
    99   12 Mg  -0.22330941E-02     -1.40128771
   100   12 Mg  -0.22295308E-02     -1.39905168
   101   12 Mg  -0.22296042E-02     -1.39909778
   102   12 Mg  -0.22296070E-02     -1.39909952
   103   12 Mg  -0.22296192E-02     -1.39910717
   104   12 Mg  -0.22296110E-02     -1.39910201
   105   12 Mg  -0.22295326E-02     -1.39905284
   106   12 Mg  -0.22342737E-02     -1.40202794
   107   12 Mg  -0.22161703E-02     -1.39066784
   108   12 Mg  -0.22161844E-02     -1.39067671
   109   12 Mg  -0.22161768E-02     -1.39067193
   110   12 Mg  -0.22162053E-02     -1.39068984
   111   12 Mg  -0.22162889E-02     -1.39074231
   112   12 Mg  -0.22162057E-02     -1.39069008
   113   12 Mg  -0.22162962E-02     -1.39074686
   114   12 Mg  -0.22162892E-02     -1.39074245
   115   12 Mg  -0.22162857E-02     -1.39074027
   116   12 Mg  -0.22198129E-02     -1.39295365
   117   12 Mg  -0.22198184E-02     -1.39295707
   118   12 Mg  -0.22198131E-02     -1.39295373
   119   12 Mg  -0.22198302E-02     -1.39296447
   120   12 Mg  -0.22198089E-02     -1.39295110
   121   12 Mg  -0.22198246E-02     -1.39296098
   122   12 Mg  -0.22150371E-02     -1.38995675
   123   12 Mg  -0.22150315E-02     -1.38995325
   124   12 Mg  -0.22151079E-02     -1.39000120
   125   12 Mg  -0.21889873E-02     -1.37361026
   126   12 Mg  -0.21889890E-02     -1.37361135
   127   12 Mg  -0.21889835E-02     -1.37360788
   128   12 Mg  -0.22119509E-02     -1.38802017
   129   12 Mg  -0.22119616E-02     -1.38802689
   130   12 Mg  -0.22119563E-02     -1.38802356
   131   12 Mg  -0.22234423E-02     -1.39523108
   132   12 Mg  -0.22234400E-02     -1.39522969
   133   12 Mg  -0.22234398E-02     -1.39522955
   134   12 Mg  -0.22178214E-02     -1.39170395
   135   12 Mg  -0.22178297E-02     -1.39170913
   136   12 Mg  -0.22178188E-02     -1.39170229
   137   12 Mg  -0.22232712E-02     -1.39512376
   138   12 Mg  -0.22232846E-02     -1.39513218
   139   12 Mg  -0.22232816E-02     -1.39513028
   140   12 Mg  -0.22232792E-02     -1.39512874
   141   12 Mg  -0.22232762E-02     -1.39512687
   142   12 Mg  -0.22232768E-02     -1.39512725
   143   12 Mg  -0.22237943E-02     -1.39545200
   144   12 Mg  -0.22223824E-02     -1.39456601
   145   12 Mg  -0.22223762E-02     -1.39456214
   146   12 Mg  -0.22223851E-02     -1.39456771
   147   12 Mg  -0.22223709E-02     -1.39455882
   148   12 Mg  -0.22223793E-02     -1.39456405
   149   12 Mg  -0.22223794E-02     -1.39456413
   150   82 Pb  -0.22395661E-02     -1.40534893
--------------------------------------------------

Dispersion energy:      -3.3292367936100E-01 Eh

[Info] Dispersion energy written to .EDISP
