-----------------------------------
 s i m p l e   D F T - D 3  v1.2.1
-----------------------------------

Zero (Chai-Head-Gordon) damping: pbe-D3(0)
--------------------
  s6         1.0000
  s8         0.7220
  s9         0.0000
 rs6         1.2170
 rs8         1.0000
 alp        14.0000
--------------------

Atomic radii (in Angstrom):
-------------------------------------------
   Z          R(cov)     R(vdw)      r4/r2
-------------------------------------------
  12 Mg       1.6667     1.7420     2.8909
  82 Pb       1.7333     2.1382     3.8442
-------------------------------------------

Atomic reference systems (in atomic units):
----------------------------------------------------------------------------
   Z        #      CN    C6(AA)   #      CN    C6(AA)   #      CN    C6(AA)
----------------------------------------------------------------------------
  12 Mg     1  0.0000  683.3758   2  0.9628  451.2708   3  1.9496  175.5616
  82 Pb     1  0.0000  738.8156   2  0.9383  632.9991   3  1.9356  544.4563
            4  2.9081  524.1840   5  3.9098  455.2854
----------------------------------------------------------------------------

Dispersion properties (in atomic units):
--------------------------------------------------------
     #    Z                CN       C6(AA)       C8(AA)
--------------------------------------------------------
     1   12 Mg         0.8381     461.1710   41289.4593
     2   12 Mg         0.8381     461.1703   41289.4039
     3   12 Mg         0.8636     458.4518   41046.0117
     4   12 Mg         0.8636     458.4516   41045.9902
     5   12 Mg         0.8602     458.7996   41077.1476
     6   12 Mg         0.8381     461.1705   41289.4162
     7   12 Mg         0.8381     461.1704   41289.4134
     8   12 Mg         0.8542     459.4198   41132.6743
     9   12 Mg         0.8602     458.8005   41077.2279
    10   12 Mg         0.8602     458.7998   41077.1675
    11   12 Mg         0.8690     457.9030   40996.8720
    12   12 Mg         0.8690     457.9041   40996.9731
    13   12 Mg         0.8690     457.9041   40996.9703
    14   12 Mg         0.8690     457.9034   40996.9129
    15   12 Mg         0.8636     458.4521   41046.0338
    16   12 Mg         0.8520     459.6517   41153.4409
    17   12 Mg         0.8521     459.6506   41153.3370
    18   12 Mg         0.8381     461.1709   41289.4563
    19   12 Mg         0.8381     461.1712   41289.4776
    20   12 Mg         0.8521     459.6508   41153.3595
    21   12 Mg         0.8542     459.4198   41132.6784
    22   12 Mg         0.8542     459.4196   41132.6557
    23   12 Mg         0.8690     457.9034   40996.9113
    24   12 Mg         0.8690     457.9034   40996.9130
    25   12 Mg         0.8542     459.4268   41133.2980
    26   12 Mg         0.8542     459.4272   41133.3409
    27   12 Mg         0.8542     459.4265   41133.2789
    28   12 Mg         0.8542     459.4277   41133.3817
    29   12 Mg         0.8542     459.4270   41133.3194
    30   12 Mg         0.8542     459.4270   41133.3221
    31   12 Mg         0.8556     459.2775   41119.9304
    32   12 Mg         0.8566     459.1765   41110.8891
    33   12 Mg         0.8566     459.1754   41110.7891
    34   12 Mg         0.8566     459.1756   41110.8084
    35   12 Mg         0.8566     459.1758   41110.8286
    36   12 Mg         0.8566     459.1760   41110.8497
    37   12 Mg         0.8566     459.1760   41110.8494
    38   12 Mg         0.8510     459.7593   41163.0668
    39   12 Mg         0.8510     459.7586   41163.0043
    40   12 Mg         0.8510     459.7595   41163.0876
    41   12 Mg         0.8557     459.2615   41118.5010
    42   12 Mg         0.8557     459.2617   41118.5197
    43   12 Mg         0.8557     459.2617   41118.5203
    44   12 Mg         0.8468     460.2099   41203.4144
    45   12 Mg         0.8469     460.2090   41203.3306
    46   12 Mg         0.8469     460.2094   41203.3717
    47   12 Mg         0.8360     461.4118   41311.0219
    48   12 Mg         0.8360     461.4116   41311.0069
    49   12 Mg         0.8360     461.4121   41311.0478
    50   12 Mg         0.8482     460.0645   41190.3950
    51   12 Mg         0.8482     460.0650   41190.4363
    52   12 Mg         0.8483     460.0580   41189.8161
    53   12 Mg         0.8527     459.5860   41147.5576
    54   12 Mg         0.8527     459.5873   41147.6689
    55   12 Mg         0.8527     459.5865   41147.5986
    56   12 Mg         0.8529     459.5660   41145.7614
    57   12 Mg         0.8529     459.5657   41145.7392
    58   12 Mg         0.8529     459.5660   41145.7609
    59   12 Mg         0.8495     459.9218   41177.6158
    60   12 Mg         0.8496     459.9141   41176.9291
    61   12 Mg         0.8495     459.9218   41177.6155
    62   12 Mg         0.8496     459.9136   41176.8856
    63   12 Mg         0.8496     459.9141   41176.9295
    64   12 Mg         0.8496     459.9145   41176.9699
    65   12 Mg         0.8499     459.8837   41174.2046
    66   12 Mg         0.8499     459.8829   41174.1326
    67   12 Mg         0.8499     459.8835   41174.1945
    68   12 Mg         0.8657     458.2349   41026.5882
    69   12 Mg         0.8615     458.6649   41065.0870
    70   12 Mg         0.8616     458.6582   41064.4866
    71   12 Mg         0.8616     458.6580   41064.4655
    72   12 Mg         0.8616     458.6574   41064.4177
    73   12 Mg         0.8616     458.6581   41064.4769
    74   12 Mg         0.8615     458.6647   41065.0684
    75   12 Mg         0.8635     458.4630   41047.0145
    76   12 Mg         0.8490     459.9830   41183.1032
    77   12 Mg         0.8489     459.9903   41183.7511
    78   12 Mg         0.8597     458.8542   41082.0398
    79   12 Mg         0.8597     458.8547   41082.0807
    80   12 Mg         0.8486     460.0255   41186.9047
    81   12 Mg         0.8540     459.4444   41134.8734
    82   12 Mg         0.8541     459.4307   41133.6472
    83   12 Mg         0.8490     459.9763   41182.4976
    84   12 Mg         0.8489     459.9894   41183.6691
    85   12 Mg         0.8490     459.9826   41183.0618
    86   12 Mg         0.8490     459.9774   41182.6019
    87   12 Mg         0.8507     459.7969   41166.4395
    88   12 Mg         0.8507     459.7965   41166.3983
    89   12 Mg         0.8471     460.1794   41200.6791
    90   12 Mg         0.8596     458.8551   41082.1178
    91   12 Mg         0.8471     460.1798   41200.7214
    92   12 Mg         0.8473     460.1596   41198.9085
    93   12 Mg         0.8541     459.4377   41134.2751
    94   12 Mg         0.8541     459.4316   41133.7309
    95   12 Mg         0.8507     459.7967   41166.4195
    96   12 Mg         0.8541     459.4380   41134.2999
    97   12 Mg         0.8540     459.4446   41134.8951
    98   12 Mg         0.8635     458.4639   41047.0951
    99   12 Mg         0.8633     458.4815   41048.6643
   100   12 Mg         0.8615     458.6649   41065.0869
   101   12 Mg         0.8616     458.6582   41064.4865
   102   12 Mg         0.8616     458.6580   41064.4655
   103   12 Mg         0.8616     458.6574   41064.4177
   104   12 Mg         0.8616     458.6581   41064.4768
   105   12 Mg         0.8615     458.6647   41065.0684
   106   12 Mg         0.8657     458.2349   41026.5882
   107   12 Mg         0.8499     459.8829   41174.1367
   108   12 Mg         0.8499     459.8821   41174.0648
   109   12 Mg         0.8499     459.8828   41174.1266
   110   12 Mg         0.8495     459.9218   41177.6155
   111   12 Mg         0.8496     459.9141   41176.9288
   112   12 Mg         0.8495     459.9218   41177.6152
   113   12 Mg         0.8496     459.9136   41176.8853
   114   12 Mg         0.8496     459.9141   41176.9292
   115   12 Mg         0.8496     459.9145   41176.9696
   116   12 Mg         0.8529     459.5660   41145.7614
   117   12 Mg         0.8529     459.5657   41145.7391
   118   12 Mg         0.8529     459.5660   41145.7609
   119   12 Mg         0.8527     459.5860   41147.5576
   120   12 Mg         0.8527     459.5873   41147.6689
   121   12 Mg         0.8527     459.5865   41147.5986
   122   12 Mg         0.8482     460.0641   41190.3607
   123   12 Mg         0.8482     460.0646   41190.4020
   124   12 Mg         0.8483     460.0576   41189.7818
   125   12 Mg         0.8360     461.4118   41311.0219
   126   12 Mg         0.8360     461.4116   41311.0069
   127   12 Mg         0.8360     461.4121   41311.0478
   128   12 Mg         0.8468     460.2099   41203.4144
   129   12 Mg         0.8469     460.2090   41203.3306
   130   12 Mg         0.8469     460.2094   41203.3717
   131   12 Mg         0.8557     459.2615   41118.5011
   132   12 Mg         0.8557     459.2617   41118.5197
   133   12 Mg         0.8557     459.2617   41118.5203
   134   12 Mg         0.8510     459.7592   41163.0651
   135   12 Mg         0.8510     459.7585   41163.0025
   136   12 Mg         0.8510     459.7595   41163.0858
   137   12 Mg         0.8566     459.1765   41110.8891
   138   12 Mg         0.8566     459.1754   41110.7891
   139   12 Mg         0.8566     459.1756   41110.8084
   140   12 Mg         0.8566     459.1758   41110.8286
   141   12 Mg         0.8566     459.1760   41110.8497
   142   12 Mg         0.8566     459.1760   41110.8494
   143   12 Mg         0.8556     459.2775   41119.9304
   144   12 Mg         0.8542     459.4268   41133.2980
   145   12 Mg         0.8542     459.4272   41133.3409
   146   12 Mg         0.8542     459.4265   41133.2789
   147   12 Mg         0.8542     459.4277   41133.3817
   148   12 Mg         0.8542     459.4270   41133.3194
   149   12 Mg         0.8542     459.4270   41133.3221
   150   82 Pb         0.9135     635.0124  100532.7460
--------------------------------------------------------

Atom-resolved dispersion energies:
--------------------------------------------------
     #    Z           [Hartree]      [kcal/mol]
--------------------------------------------------
     1   12 Mg  -0.15543701E-01     -9.75381966
     2   12 Mg  -0.15543691E-01     -9.75381339
     3   12 Mg  -0.15298115E-01     -9.59971222
     4   12 Mg  -0.15298123E-01     -9.59971724
     5   12 Mg  -0.15299647E-01     -9.60067333
     6   12 Mg  -0.15543683E-01     -9.75380828
     7   12 Mg  -0.15543694E-01     -9.75381500
     8   12 Mg  -0.15307154E-01     -9.60538418
     9   12 Mg  -0.15299664E-01     -9.60068434
    10   12 Mg  -0.15299648E-01     -9.60067437
    11   12 Mg  -0.15281891E-01     -9.58953123
    12   12 Mg  -0.15281907E-01     -9.58954136
    13   12 Mg  -0.15281906E-01     -9.58954090
    14   12 Mg  -0.15281902E-01     -9.58953846
    15   12 Mg  -0.15298121E-01     -9.59971595
    16   12 Mg  -0.15308654E-01     -9.60632547
    17   12 Mg  -0.15308643E-01     -9.60631835
    18   12 Mg  -0.15543695E-01     -9.75381575
    19   12 Mg  -0.15543713E-01     -9.75382711
    20   12 Mg  -0.15308642E-01     -9.60631817
    21   12 Mg  -0.15307162E-01     -9.60538935
    22   12 Mg  -0.15307158E-01     -9.60538644
    23   12 Mg  -0.15281898E-01     -9.58953555
    24   12 Mg  -0.15281898E-01     -9.58953599
    25   12 Mg  -0.15315317E-01     -9.61050677
    26   12 Mg  -0.15315320E-01     -9.61050835
    27   12 Mg  -0.15315315E-01     -9.61050504
    28   12 Mg  -0.15315323E-01     -9.61051026
    29   12 Mg  -0.15315316E-01     -9.61050569
    30   12 Mg  -0.15315319E-01     -9.61050749
    31   12 Mg  -0.15308227E-01     -9.60605737
    32   12 Mg  -0.15301046E-01     -9.60155134
    33   12 Mg  -0.15301034E-01     -9.60154358
    34   12 Mg  -0.15301032E-01     -9.60154256
    35   12 Mg  -0.15301036E-01     -9.60154528
    36   12 Mg  -0.15301041E-01     -9.60154828
    37   12 Mg  -0.15301041E-01     -9.60154795
    38   12 Mg  -0.15309248E-01     -9.60669838
    39   12 Mg  -0.15309241E-01     -9.60669377
    40   12 Mg  -0.15309251E-01     -9.60669992
    41   12 Mg  -0.15302512E-01     -9.60247114
    42   12 Mg  -0.15302523E-01     -9.60247839
    43   12 Mg  -0.15302521E-01     -9.60247683
    44   12 Mg  -0.15349287E-01     -9.63182319
    45   12 Mg  -0.15349282E-01     -9.63181979
    46   12 Mg  -0.15349286E-01     -9.63182239
    47   12 Mg  -0.15551638E-01     -9.75880044
    48   12 Mg  -0.15551637E-01     -9.75879932
    49   12 Mg  -0.15551640E-01     -9.75880118
    50   12 Mg  -0.15320689E-01     -9.61387740
    51   12 Mg  -0.15320691E-01     -9.61387886
    52   12 Mg  -0.15320613E-01     -9.61382950
    53   12 Mg  -0.15308015E-01     -9.60592437
    54   12 Mg  -0.15307956E-01     -9.60588712
    55   12 Mg  -0.15308018E-01     -9.60592607
    56   12 Mg  -0.15305172E-01     -9.60414033
    57   12 Mg  -0.15305182E-01     -9.60414647
    58   12 Mg  -0.15305173E-01     -9.60414099
    59   12 Mg  -0.15313375E-01     -9.60928797
    60   12 Mg  -0.15313272E-01     -9.60922327
    61   12 Mg  -0.15313378E-01     -9.60928975
    62   12 Mg  -0.15313273E-01     -9.60922408
    63   12 Mg  -0.15313275E-01     -9.60922496
    64   12 Mg  -0.15313285E-01     -9.60923157
    65   12 Mg  -0.15309352E-01     -9.60676350
    66   12 Mg  -0.15309412E-01     -9.60680118
    67   12 Mg  -0.15309421E-01     -9.60680654
    68   12 Mg  -0.15296838E-01     -9.59891100
    69   12 Mg  -0.15294226E-01     -9.59727169
    70   12 Mg  -0.15294117E-01     -9.59720337
    71   12 Mg  -0.15294114E-01     -9.59720148
    72   12 Mg  -0.15294180E-01     -9.59724289
    73   12 Mg  -0.15294184E-01     -9.59724550
    74   12 Mg  -0.15294218E-01     -9.59726655
    75   12 Mg  -0.15299717E-01     -9.60071741
    76   12 Mg  -0.15314483E-01     -9.60998287
    77   12 Mg  -0.15314567E-01     -9.61003602
    78   12 Mg  -0.15297570E-01     -9.59937015
    79   12 Mg  -0.15297557E-01     -9.59936207
    80   12 Mg  -0.15313324E-01     -9.60925565
    81   12 Mg  -0.15304271E-01     -9.60357505
    82   12 Mg  -0.15304102E-01     -9.60346880
    83   12 Mg  -0.15314402E-01     -9.60993221
    84   12 Mg  -0.15314551E-01     -9.61002608
    85   12 Mg  -0.15314472E-01     -9.60997598
    86   12 Mg  -0.15314417E-01     -9.60994154
    87   12 Mg  -0.15305778E-01     -9.60452099
    88   12 Mg  -0.15305773E-01     -9.60451787
    89   12 Mg  -0.15312851E-01     -9.60895928
    90   12 Mg  -0.15297578E-01     -9.59937527
    91   12 Mg  -0.15312857E-01     -9.60896260
    92   12 Mg  -0.15312614E-01     -9.60881042
    93   12 Mg  -0.15304197E-01     -9.60352838
    94   12 Mg  -0.15304107E-01     -9.60347236
    95   12 Mg  -0.15305771E-01     -9.60451636
    96   12 Mg  -0.15304207E-01     -9.60353468
    97   12 Mg  -0.15304268E-01     -9.60357316
    98   12 Mg  -0.15299729E-01     -9.60072493
    99   12 Mg  -0.15299928E-01     -9.60085007
   100   12 Mg  -0.15294226E-01     -9.59727178
   101   12 Mg  -0.15294117E-01     -9.59720347
   102   12 Mg  -0.15294114E-01     -9.59720157
   103   12 Mg  -0.15294180E-01     -9.59724298
   104   12 Mg  -0.15294184E-01     -9.59724560
   105   12 Mg  -0.15294218E-01     -9.59726665
   106   12 Mg  -0.15296838E-01     -9.59891101
   107   12 Mg  -0.15309344E-01     -9.60675827
   108   12 Mg  -0.15309404E-01     -9.60679596
   109   12 Mg  -0.15309412E-01     -9.60680131
   110   12 Mg  -0.15313377E-01     -9.60928929
   111   12 Mg  -0.15313274E-01     -9.60922458
   112   12 Mg  -0.15313380E-01     -9.60929106
   113   12 Mg  -0.15313275E-01     -9.60922539
   114   12 Mg  -0.15313277E-01     -9.60922627
   115   12 Mg  -0.15313287E-01     -9.60923289
   116   12 Mg  -0.15305172E-01     -9.60414037
   117   12 Mg  -0.15305182E-01     -9.60414651
   118   12 Mg  -0.15305173E-01     -9.60414103
   119   12 Mg  -0.15308015E-01     -9.60592442
   120   12 Mg  -0.15307956E-01     -9.60588716
   121   12 Mg  -0.15308018E-01     -9.60592612
   122   12 Mg  -0.15320684E-01     -9.61387425
   123   12 Mg  -0.15320686E-01     -9.61387572
   124   12 Mg  -0.15320608E-01     -9.61382636
   125   12 Mg  -0.15551638E-01     -9.75880042
   126   12 Mg  -0.15551637E-01     -9.75879930
   127   12 Mg  -0.15551640E-01     -9.75880116
   128   12 Mg  -0.15349287E-01     -9.63182320
   129   12 Mg  -0.15349282E-01     -9.63181979
   130   12 Mg  -0.15349286E-01     -9.63182240
   131   12 Mg  -0.15302512E-01     -9.60247109
   132   12 Mg  -0.15302523E-01     -9.60247835
   133   12 Mg  -0.15302521E-01     -9.60247678
   134   12 Mg  -0.15309248E-01     -9.60669808
   135   12 Mg  -0.15309241E-01     -9.60669348
   136   12 Mg  -0.15309250E-01     -9.60669962
   137   12 Mg  -0.15301046E-01     -9.60155129
   138   12 Mg  -0.15301034E-01     -9.60154353
   139   12 Mg  -0.15301032E-01     -9.60154251
   140   12 Mg  -0.15301036E-01     -9.60154524
   141   12 Mg  -0.15301041E-01     -9.60154823
   142   12 Mg  -0.15301041E-01     -9.60154790
   143   12 Mg  -0.15308227E-01     -9.60605738
   144   12 Mg  -0.15315317E-01     -9.61050679
   145   12 Mg  -0.15315320E-01     -9.61050837
   146   12 Mg  -0.15315315E-01     -9.61050506
   147   12 Mg  -0.15315323E-01     -9.61051027
   148   12 Mg  -0.15315316E-01     -9.61050571
   149   12 Mg  -0.15315319E-01     -9.61050750
   150   82 Pb  -0.19750979E-01    -12.39392639
--------------------------------------------------

Dispersion energy:      -2.3034500721541E+00 Eh

[Info] Dispersion energy written to .EDISP
