-----------------------------------
 s i m p l e   D F T - D 3  v1.2.1
-----------------------------------

Zero (Chai-Head-Gordon) damping: pbe-D3(0)
--------------------
  s6         1.0000
  s8         0.7220
  s9         0.0000
 rs6         1.2170
 rs8         1.0000
 alp        14.0000
--------------------

Atomic radii (in Angstrom):
-------------------------------------------
   Z          R(cov)     R(vdw)      r4/r2
-------------------------------------------
  12 Mg       1.6667     1.7420     2.8909
  82 Pb       1.7333     2.1382     3.8442
-------------------------------------------

Atomic reference systems (in atomic units):
----------------------------------------------------------------------------
   Z        #      CN    C6(AA)   #      CN    C6(AA)   #      CN    C6(AA)
----------------------------------------------------------------------------
  12 Mg     1  0.0000  683.3758   2  0.9628  451.2708   3  1.9496  175.5616
  82 Pb     1  0.0000  738.8156   2  0.9383  632.9991   3  1.9356  544.4563
            4  2.9081  524.1840   5  3.9098  455.2854
----------------------------------------------------------------------------

Dispersion properties (in atomic units):
--------------------------------------------------------
     #    Z                CN       C6(AA)       C8(AA)
--------------------------------------------------------
     1   12 Mg         0.5173     544.9528   48790.5964
     2   12 Mg         0.5173     544.9514   48790.4670
     3   12 Mg         0.5328     538.3396   48198.5043
     4   12 Mg         0.5328     538.3390   48198.4498
     5   12 Mg         0.5307     539.2133   48276.7288
     6   12 Mg         0.5173     544.9517   48790.4958
     7   12 Mg         0.5173     544.9516   48790.4887
     8   12 Mg         0.5271     540.7522   48414.5079
     9   12 Mg         0.5307     539.2155   48276.9292
    10   12 Mg         0.5307     539.2139   48276.7787
    11   12 Mg         0.5361     536.9500   48074.0923
    12   12 Mg         0.5361     536.9529   48074.3497
    13   12 Mg         0.5361     536.9528   48074.3426
    14   12 Mg         0.5361     536.9512   48074.1964
    15   12 Mg         0.5328     538.3402   48198.5600
    16   12 Mg         0.5258     541.3207   48465.4084
    17   12 Mg         0.5258     541.3179   48465.1545
    18   12 Mg         0.5173     544.9527   48790.5896
    19   12 Mg         0.5173     544.9533   48790.6400
    20   12 Mg         0.5258     541.3185   48465.2094
    21   12 Mg         0.5271     540.7523   48414.5180
    22   12 Mg         0.5271     540.7517   48414.4620
    23   12 Mg         0.5361     536.9511   48074.1923
    24   12 Mg         0.5361     536.9512   48074.1966
    25   12 Mg         0.5271     540.7664   48415.7791
    26   12 Mg         0.5271     540.7676   48415.8851
    27   12 Mg         0.5271     540.7659   48415.7321
    28   12 Mg         0.5271     540.7687   48415.9854
    29   12 Mg         0.5271     540.7670   48415.8319
    30   12 Mg         0.5271     540.7670   48415.8386
    31   12 Mg         0.5279     540.4034   48383.2830
    32   12 Mg         0.5285     540.1518   48360.7574
    33   12 Mg         0.5285     540.1491   48360.5099
    34   12 Mg         0.5285     540.1496   48360.5577
    35   12 Mg         0.5285     540.1502   48360.6077
    36   12 Mg         0.5285     540.1507   48360.6598
    37   12 Mg         0.5285     540.1507   48360.6592
    38   12 Mg         0.5251     541.5871   48489.2604
    39   12 Mg         0.5251     541.5854   48489.1077
    40   12 Mg         0.5251     541.5877   48489.3109
    41   12 Mg         0.5280     540.3619   48379.5623
    42   12 Mg         0.5280     540.3624   48379.6082
    43   12 Mg         0.5280     540.3624   48379.6098
    44   12 Mg         0.5226     542.6746   48586.6219
    45   12 Mg         0.5226     542.6723   48586.4198
    46   12 Mg         0.5226     542.6734   48586.5190
    47   12 Mg         0.5160     545.5159   48841.0083
    48   12 Mg         0.5160     545.5155   48840.9738
    49   12 Mg         0.5160     545.5165   48841.0692
    50   12 Mg         0.5234     542.3235   48555.1879
    51   12 Mg         0.5234     542.3246   48555.2881
    52   12 Mg         0.5235     542.3078   48553.7870
    53   12 Mg         0.5261     541.1604   48451.0566
    54   12 Mg         0.5261     541.1635   48451.3319
    55   12 Mg         0.5261     541.1615   48451.1573
    56   12 Mg         0.5262     541.1153   48447.0229
    57   12 Mg         0.5262     541.1147   48446.9676
    58   12 Mg         0.5262     541.1153   48447.0216
    59   12 Mg         0.5242     541.9792   48524.3660
    60   12 Mg         0.5243     541.9606   48522.6975
    61   12 Mg         0.5242     541.9792   48524.3651
    62   12 Mg         0.5243     541.9594   48522.5912
    63   12 Mg         0.5243     541.9606   48522.6983
    64   12 Mg         0.5243     541.9617   48522.7962
    65   12 Mg         0.5244     541.8909   48516.4589
    66   12 Mg         0.5244     541.8889   48516.2820
    67   12 Mg         0.5244     541.8906   48516.4323
    68   12 Mg         0.5341     537.7924   48149.5089
    69   12 Mg         0.5315     538.8731   48246.2745
    70   12 Mg         0.5316     538.8563   48244.7695
    71   12 Mg         0.5316     538.8557   48244.7165
    72   12 Mg         0.5316     538.8544   48244.5949
    73   12 Mg         0.5316     538.8560   48244.7432
    74   12 Mg         0.5315     538.8726   48246.2283
    75   12 Mg         0.5327     538.3658   48200.8518
    76   12 Mg         0.5239     542.1281   48537.6978
    77   12 Mg         0.5238     542.1457   48539.2687
    78   12 Mg         0.5304     539.3480   48288.7869
    79   12 Mg         0.5304     539.3491   48288.8898
    80   12 Mg         0.5236     542.2317   48546.9708
    81   12 Mg         0.5269     540.8150   48420.1295
    82   12 Mg         0.5270     540.7813   48417.1140
    83   12 Mg         0.5239     542.1117   48536.2294
    84   12 Mg         0.5238     542.1434   48539.0699
    85   12 Mg         0.5239     542.1270   48537.5976
    86   12 Mg         0.5239     542.1145   48536.4823
    87   12 Mg         0.5249     541.6783   48497.4212
    88   12 Mg         0.5249     541.6771   48497.3215
    89   12 Mg         0.5228     542.6044   48580.3393
    90   12 Mg         0.5304     539.3502   48288.9816
    91   12 Mg         0.5228     542.6055   48580.4416
    92   12 Mg         0.5229     542.5567   48576.0689
    93   12 Mg         0.5270     540.7986   48418.6607
    94   12 Mg         0.5270     540.7836   48417.3203
    95   12 Mg         0.5249     541.6777   48497.3733
    96   12 Mg         0.5270     540.7992   48418.7218
    97   12 Mg         0.5269     540.8156   48420.1832
    98   12 Mg         0.5327     538.3681   48201.0547
    99   12 Mg         0.5326     538.4121   48204.9996
   100   12 Mg         0.5315     538.8731   48246.2744
   101   12 Mg         0.5316     538.8563   48244.7694
   102   12 Mg         0.5316     538.8557   48244.7165
   103   12 Mg         0.5316     538.8544   48244.5948
   104   12 Mg         0.5316     538.8560   48244.7431
   105   12 Mg         0.5315     538.8726   48246.2283
   106   12 Mg         0.5341     537.7923   48149.5089
   107   12 Mg         0.5244     541.8890   48516.2937
   108   12 Mg         0.5244     541.8871   48516.1169
   109   12 Mg         0.5244     541.8888   48516.2671
   110   12 Mg         0.5242     541.9792   48524.3652
   111   12 Mg         0.5243     541.9606   48522.6967
   112   12 Mg         0.5242     541.9792   48524.3643
   113   12 Mg         0.5243     541.9594   48522.5904
   114   12 Mg         0.5243     541.9606   48522.6975
   115   12 Mg         0.5243     541.9617   48522.7954
   116   12 Mg         0.5262     541.1153   48447.0229
   117   12 Mg         0.5262     541.1147   48446.9676
   118   12 Mg         0.5262     541.1153   48447.0216
   119   12 Mg         0.5261     541.1604   48451.0566
   120   12 Mg         0.5261     541.1635   48451.3318
   121   12 Mg         0.5261     541.1615   48451.1573
   122   12 Mg         0.5234     542.3225   48555.1048
   123   12 Mg         0.5234     542.3237   48555.2050
   124   12 Mg         0.5235     542.3069   48553.7039
   125   12 Mg         0.5160     545.5159   48841.0083
   126   12 Mg         0.5160     545.5155   48840.9738
   127   12 Mg         0.5160     545.5165   48841.0692
   128   12 Mg         0.5226     542.6746   48586.6219
   129   12 Mg         0.5226     542.6723   48586.4197
   130   12 Mg         0.5226     542.6734   48586.5190
   131   12 Mg         0.5280     540.3619   48379.5623
   132   12 Mg         0.5280     540.3624   48379.6082
   133   12 Mg         0.5280     540.3624   48379.6098
   134   12 Mg         0.5251     541.5871   48489.2560
   135   12 Mg         0.5251     541.5854   48489.1033
   136   12 Mg         0.5251     541.5876   48489.3065
   137   12 Mg         0.5285     540.1518   48360.7574
   138   12 Mg         0.5285     540.1491   48360.5099
   139   12 Mg         0.5285     540.1496   48360.5577
   140   12 Mg         0.5285     540.1502   48360.6077
   141   12 Mg         0.5285     540.1507   48360.6599
   142   12 Mg         0.5285     540.1507   48360.6592
   143   12 Mg         0.5279     540.4034   48383.2830
   144   12 Mg         0.5271     540.7664   48415.7791
   145   12 Mg         0.5271     540.7676   48415.8851
   146   12 Mg         0.5271     540.7659   48415.7321
   147   12 Mg         0.5271     540.7687   48415.9854
   148   12 Mg         0.5271     540.7670   48415.8319
   149   12 Mg         0.5271     540.7670   48415.8386
   150   82 Pb         0.5634     666.4961  105517.1277
--------------------------------------------------------

Atom-resolved dispersion energies:
--------------------------------------------------
     #    Z           [Hartree]      [kcal/mol]
--------------------------------------------------
     1   12 Mg  -0.16360351E-01    -10.26627538
     2   12 Mg  -0.16360345E-01    -10.26627121
     3   12 Mg  -0.16169399E-01    -10.14645088
     4   12 Mg  -0.16169398E-01    -10.14645013
     5   12 Mg  -0.16165445E-01    -10.14396977
     6   12 Mg  -0.16360338E-01    -10.26626680
     7   12 Mg  -0.16360341E-01    -10.26626872
     8   12 Mg  -0.16179400E-01    -10.15272663
     9   12 Mg  -0.16165459E-01    -10.14397865
    10   12 Mg  -0.16165450E-01    -10.14397296
    11   12 Mg  -0.16153638E-01    -10.13656109
    12   12 Mg  -0.16153661E-01    -10.13657502
    13   12 Mg  -0.16153656E-01    -10.13657230
    14   12 Mg  -0.16153652E-01    -10.13656991
    15   12 Mg  -0.16169402E-01    -10.14645314
    16   12 Mg  -0.16181252E-01    -10.15388887
    17   12 Mg  -0.16181243E-01    -10.15388312
    18   12 Mg  -0.16360347E-01    -10.26627264
    19   12 Mg  -0.16360366E-01    -10.26628437
    20   12 Mg  -0.16181241E-01    -10.15388230
    21   12 Mg  -0.16179405E-01    -10.15272988
    22   12 Mg  -0.16179406E-01    -10.15273070
    23   12 Mg  -0.16153646E-01    -10.13656590
    24   12 Mg  -0.16153649E-01    -10.13656785
    25   12 Mg  -0.16186605E-01    -10.15724792
    26   12 Mg  -0.16186621E-01    -10.15725776
    27   12 Mg  -0.16186597E-01    -10.15724270
    28   12 Mg  -0.16186625E-01    -10.15726044
    29   12 Mg  -0.16186607E-01    -10.15724898
    30   12 Mg  -0.16186606E-01    -10.15724841
    31   12 Mg  -0.16180493E-01    -10.15341260
    32   12 Mg  -0.16176488E-01    -10.15089917
    33   12 Mg  -0.16176460E-01    -10.15088189
    34   12 Mg  -0.16176464E-01    -10.15088470
    35   12 Mg  -0.16176469E-01    -10.15088749
    36   12 Mg  -0.16176483E-01    -10.15089655
    37   12 Mg  -0.16176471E-01    -10.15088893
    38   12 Mg  -0.16186672E-01    -10.15728992
    39   12 Mg  -0.16186655E-01    -10.15727931
    40   12 Mg  -0.16186676E-01    -10.15729237
    41   12 Mg  -0.16176262E-01    -10.15075790
    42   12 Mg  -0.16176283E-01    -10.15077091
    43   12 Mg  -0.16176280E-01    -10.15076916
    44   12 Mg  -0.16210848E-01    -10.17246080
    45   12 Mg  -0.16210842E-01    -10.17245691
    46   12 Mg  -0.16210850E-01    -10.17246221
    47   12 Mg  -0.16368231E-01    -10.27121993
    48   12 Mg  -0.16368233E-01    -10.27122129
    49   12 Mg  -0.16368250E-01    -10.27123200
    50   12 Mg  -0.16197205E-01    -10.16389942
    51   12 Mg  -0.16197214E-01    -10.16390493
    52   12 Mg  -0.16197123E-01    -10.16384792
    53   12 Mg  -0.16184425E-01    -10.15588005
    54   12 Mg  -0.16184418E-01    -10.15587550
    55   12 Mg  -0.16184434E-01    -10.15588550
    56   12 Mg  -0.16185248E-01    -10.15639677
    57   12 Mg  -0.16185218E-01    -10.15637736
    58   12 Mg  -0.16185250E-01    -10.15639756
    59   12 Mg  -0.16191068E-01    -10.16004837
    60   12 Mg  -0.16190957E-01    -10.15997897
    61   12 Mg  -0.16191067E-01    -10.16004823
    62   12 Mg  -0.16190925E-01    -10.15995883
    63   12 Mg  -0.16190958E-01    -10.15997949
    64   12 Mg  -0.16190942E-01    -10.15996938
    65   12 Mg  -0.16192696E-01    -10.16107016
    66   12 Mg  -0.16192737E-01    -10.16109616
    67   12 Mg  -0.16192747E-01    -10.16110187
    68   12 Mg  -0.16162560E-01    -10.14215967
    69   12 Mg  -0.16166735E-01    -10.14477935
    70   12 Mg  -0.16166629E-01    -10.14471284
    71   12 Mg  -0.16166623E-01    -10.14470922
    72   12 Mg  -0.16166664E-01    -10.14473496
    73   12 Mg  -0.16166676E-01    -10.14474266
    74   12 Mg  -0.16166730E-01    -10.14477654
    75   12 Mg  -0.16162230E-01    -10.14195231
    76   12 Mg  -0.16194042E-01    -10.16191453
    77   12 Mg  -0.16194157E-01    -10.16198703
    78   12 Mg  -0.16167702E-01    -10.14538588
    79   12 Mg  -0.16167715E-01    -10.14539435
    80   12 Mg  -0.16194848E-01    -10.16242074
    81   12 Mg  -0.16180696E-01    -10.15353981
    82   12 Mg  -0.16180513E-01    -10.15342510
    83   12 Mg  -0.16193941E-01    -10.16185115
    84   12 Mg  -0.16194142E-01    -10.16197754
    85   12 Mg  -0.16194033E-01    -10.16190943
    86   12 Mg  -0.16193959E-01    -10.16186260
    87   12 Mg  -0.16189633E-01    -10.15914830
    88   12 Mg  -0.16189672E-01    -10.15917243
    89   12 Mg  -0.16196368E-01    -10.16337431
    90   12 Mg  -0.16167716E-01    -10.14539490
    91   12 Mg  -0.16196378E-01    -10.16338047
    92   12 Mg  -0.16196160E-01    -10.16324408
    93   12 Mg  -0.16180619E-01    -10.15349166
    94   12 Mg  -0.16180530E-01    -10.15343577
    95   12 Mg  -0.16189675E-01    -10.15917424
    96   12 Mg  -0.16180629E-01    -10.15349792
    97   12 Mg  -0.16180700E-01    -10.15354280
    98   12 Mg  -0.16162246E-01    -10.14196251
    99   12 Mg  -0.16162438E-01    -10.14208311
   100   12 Mg  -0.16166734E-01    -10.14477906
   101   12 Mg  -0.16166629E-01    -10.14471255
   102   12 Mg  -0.16166623E-01    -10.14470893
   103   12 Mg  -0.16166664E-01    -10.14473466
   104   12 Mg  -0.16166676E-01    -10.14474237
   105   12 Mg  -0.16166730E-01    -10.14477624
   106   12 Mg  -0.16162560E-01    -10.14215962
   107   12 Mg  -0.16192685E-01    -10.16106320
   108   12 Mg  -0.16192726E-01    -10.16108919
   109   12 Mg  -0.16192735E-01    -10.16109491
   110   12 Mg  -0.16191068E-01    -10.16004859
   111   12 Mg  -0.16190957E-01    -10.15997920
   112   12 Mg  -0.16191068E-01    -10.16004845
   113   12 Mg  -0.16190925E-01    -10.15995905
   114   12 Mg  -0.16190958E-01    -10.15997972
   115   12 Mg  -0.16190942E-01    -10.15996960
   116   12 Mg  -0.16185248E-01    -10.15639675
   117   12 Mg  -0.16185218E-01    -10.15637734
   118   12 Mg  -0.16185250E-01    -10.15639754
   119   12 Mg  -0.16184425E-01    -10.15588003
   120   12 Mg  -0.16184418E-01    -10.15587548
   121   12 Mg  -0.16184434E-01    -10.15588548
   122   12 Mg  -0.16197198E-01    -10.16389506
   123   12 Mg  -0.16197207E-01    -10.16390057
   124   12 Mg  -0.16197116E-01    -10.16384355
   125   12 Mg  -0.16368231E-01    -10.27121983
   126   12 Mg  -0.16368233E-01    -10.27122119
   127   12 Mg  -0.16368250E-01    -10.27123190
   128   12 Mg  -0.16210848E-01    -10.17246075
   129   12 Mg  -0.16210842E-01    -10.17245687
   130   12 Mg  -0.16210850E-01    -10.17246217
   131   12 Mg  -0.16176261E-01    -10.15075696
   132   12 Mg  -0.16176282E-01    -10.15076998
   133   12 Mg  -0.16176279E-01    -10.15076823
   134   12 Mg  -0.16186668E-01    -10.15728768
   135   12 Mg  -0.16186651E-01    -10.15727707
   136   12 Mg  -0.16186672E-01    -10.15729013
   137   12 Mg  -0.16176487E-01    -10.15089861
   138   12 Mg  -0.16176459E-01    -10.15088133
   139   12 Mg  -0.16176464E-01    -10.15088414
   140   12 Mg  -0.16176468E-01    -10.15088693
   141   12 Mg  -0.16176482E-01    -10.15089599
   142   12 Mg  -0.16176470E-01    -10.15088838
   143   12 Mg  -0.16180493E-01    -10.15341260
   144   12 Mg  -0.16186605E-01    -10.15724787
   145   12 Mg  -0.16186620E-01    -10.15725771
   146   12 Mg  -0.16186596E-01    -10.15724266
   147   12 Mg  -0.16186625E-01    -10.15726039
   148   12 Mg  -0.16186606E-01    -10.15724893
   149   12 Mg  -0.16186606E-01    -10.15724836
   150   82 Pb  -0.19646289E-01    -12.32823259
--------------------------------------------------

Dispersion energy:      -2.4329520790856E+00 Eh

[Info] Dispersion energy written to .EDISP
