-----------------------------------
 s i m p l e   D F T - D 3  v1.2.1
-----------------------------------

Zero (Chai-Head-Gordon) damping: pbe-D3(0)
--------------------
  s6         1.0000
  s8         0.7220
  s9         0.0000
 rs6         1.2170
 rs8         1.0000
 alp        14.0000
--------------------

Atomic radii (in Angstrom):
-------------------------------------------
   Z          R(cov)     R(vdw)      r4/r2
-------------------------------------------
  25 Mn       1.4267     1.7731     3.0718
   8 O        0.8400     1.2408     1.3725
-------------------------------------------

Atomic reference systems (in atomic units):
----------------------------------------------------------------------------
   Z        #      CN    C6(AA)   #      CN    C6(AA)   #      CN    C6(AA)
----------------------------------------------------------------------------
  25 Mn     1  0.0000  802.7484   2  1.6406  239.5554   3  9.8849  113.8463
   8 O      1  0.0000   15.5059   2  0.9925   12.8161   3  1.9887   10.3708
----------------------------------------------------------------------------

Dispersion properties (in atomic units):
--------------------------------------------------------
     #    Z                CN       C6(AA)       C8(AA)
--------------------------------------------------------
     1   25 Mn        12.0390     113.8463   11508.8363
     2   25 Mn        12.0390     113.8463   11508.8363
     3   25 Mn        13.0460     113.8463   11508.8363
     4   25 Mn        13.0800     113.8463   11508.8363
     5   25 Mn        12.0197     113.8463   11508.8363
     6   25 Mn        13.0800     113.8463   11508.8363
     7   25 Mn        12.0197     113.8463   11508.8363
     8   25 Mn        13.0725     113.8463   11508.8363
     9   25 Mn        13.0549     113.8463   11508.8363
    10   25 Mn        13.0549     113.8463   11508.8363
    11   25 Mn        13.0725     113.8463   11508.8363
    12   25 Mn        13.0800     113.8463   11508.8363
    13   25 Mn        12.0197     113.8463   11508.8363
    14   25 Mn        12.0197     113.8463   11508.8363
    15   25 Mn        13.0800     113.8463   11508.8363
    16    8 O          3.9376      10.3708     209.2884
    17    8 O          3.9376      10.3708     209.2884
    18    8 O          2.8348      10.3709     209.2894
    19    8 O          2.8348      10.3709     209.2894
    20    8 O          3.8380      10.3708     209.2884
    21    8 O          2.8524      10.3708     209.2893
    22    8 O          3.8828      10.3708     209.2884
    23    8 O          3.8288      10.3708     209.2884
    24    8 O          3.9312      10.3708     209.2884
    25    8 O          3.8461      10.3708     209.2884
    26    8 O          3.9312      10.3708     209.2884
    27    8 O          3.8461      10.3708     209.2884
    28    8 O          3.9072      10.3708     209.2884
    29    8 O          3.9047      10.3708     209.2884
    30    8 O          3.9047      10.3708     209.2884
    31    8 O          3.9072      10.3708     209.2884
    32    8 O          3.9047      10.3708     209.2884
    33    8 O          3.9072      10.3708     209.2884
    34    8 O          3.9072      10.3708     209.2884
    35    8 O          3.9047      10.3708     209.2884
    36    8 O          3.8461      10.3708     209.2884
    37    8 O          3.8461      10.3708     209.2884
    38    8 O          3.9312      10.3708     209.2884
    39    8 O          3.9312      10.3708     209.2884
    40    8 O          3.8828      10.3708     209.2884
    41    8 O          3.8288      10.3708     209.2884
    42    8 O          2.8524      10.3708     209.2893
    43    8 O          3.8380      10.3708     209.2884
    44    8 O          2.8348      10.3709     209.2894
    45    8 O          2.8348      10.3709     209.2894
    46    8 O          3.9376      10.3708     209.2884
    47    8 O          3.9376      10.3708     209.2884
--------------------------------------------------------

Atom-resolved dispersion energies:
--------------------------------------------------
     #    Z           [Hartree]      [kcal/mol]
--------------------------------------------------
     1   25 Mn  -0.14487760E-01     -9.09120686
     2   25 Mn  -0.14487761E-01     -9.09120711
     3   25 Mn  -0.13963170E-01     -8.76202148
     4   25 Mn  -0.14140359E-01     -8.87320896
     5   25 Mn  -0.14525887E-01     -9.11513179
     6   25 Mn  -0.14140360E-01     -8.87320974
     7   25 Mn  -0.14525885E-01     -9.11513063
     8   25 Mn  -0.14182928E-01     -8.89992196
     9   25 Mn  -0.13984595E-01     -8.77546577
    10   25 Mn  -0.13984596E-01     -8.77546619
    11   25 Mn  -0.14182930E-01     -8.89992306
    12   25 Mn  -0.14140359E-01     -8.87320905
    13   25 Mn  -0.14525887E-01     -9.11513146
    14   25 Mn  -0.14525885E-01     -9.11513044
    15   25 Mn  -0.14140360E-01     -8.87320974
    16    8 O   -0.51894760E-02     -3.25644538
    17    8 O   -0.51894748E-02     -3.25644459
    18    8 O   -0.53592066E-02     -3.36295289
    19    8 O   -0.53592064E-02     -3.36295278
    20    8 O   -0.53060833E-02     -3.32961756
    21    8 O   -0.53864284E-02     -3.38003483
    22    8 O   -0.52356699E-02     -3.28543247
    23    8 O   -0.53220493E-02     -3.33963638
    24    8 O   -0.51866154E-02     -3.25465032
    25    8 O   -0.53131041E-02     -3.33402318
    26    8 O   -0.51866150E-02     -3.25465005
    27    8 O   -0.53131030E-02     -3.33402250
    28    8 O   -0.52262063E-02     -3.27949394
    29    8 O   -0.52118530E-02     -3.27048715
    30    8 O   -0.52118521E-02     -3.27048658
    31    8 O   -0.52262074E-02     -3.27949464
    32    8 O   -0.52118517E-02     -3.27048633
    33    8 O   -0.52262062E-02     -3.27949393
    34    8 O   -0.52262068E-02     -3.27949426
    35    8 O   -0.52118530E-02     -3.27048713
    36    8 O   -0.53131052E-02     -3.33402387
    37    8 O   -0.53131030E-02     -3.33402250
    38    8 O   -0.51866156E-02     -3.25465040
    39    8 O   -0.51866153E-02     -3.25465021
    40    8 O   -0.52356703E-02     -3.28543272
    41    8 O   -0.53220493E-02     -3.33963633
    42    8 O   -0.53864280E-02     -3.38003460
    43    8 O   -0.53060833E-02     -3.32961755
    44    8 O   -0.53592065E-02     -3.36295287
    45    8 O   -0.53592058E-02     -3.36295243
    46    8 O   -0.51894748E-02     -3.25644462
    47    8 O   -0.51894752E-02     -3.25644488
--------------------------------------------------

Dispersion energy:      -3.8238502212837E-01 Eh

[Info] Dispersion energy written to .EDISP
