-----------------------------------
 s i m p l e   D F T - D 3  v1.2.1
-----------------------------------

Zero (Chai-Head-Gordon) damping: pbe-D3(0)
--------------------
  s6         1.0000
  s8         0.7220
  s9         0.0000
 rs6         1.2170
 rs8         1.0000
 alp        14.0000
--------------------

Atomic radii (in Angstrom):
-------------------------------------------
   Z          R(cov)     R(vdw)      r4/r2
-------------------------------------------
  25 Mn       1.4267     1.7731     3.0718
   8 O        0.8400     1.2408     1.3725
-------------------------------------------

Atomic reference systems (in atomic units):
----------------------------------------------------------------------------
   Z        #      CN    C6(AA)   #      CN    C6(AA)   #      CN    C6(AA)
----------------------------------------------------------------------------
  25 Mn     1  0.0000  802.7484   2  1.6406  239.5554   3  9.8849  113.8463
   8 O      1  0.0000   15.5059   2  0.9925   12.8161   3  1.9887   10.3708
----------------------------------------------------------------------------

Dispersion properties (in atomic units):
--------------------------------------------------------
     #    Z                CN       C6(AA)       C8(AA)
--------------------------------------------------------
     1   25 Mn         0.0371     802.7222   81147.9859
     2   25 Mn         0.0371     802.7222   81147.9859
     3   25 Mn         0.0344     802.7231   81148.0780
     4   25 Mn         0.0345     802.7230   81148.0734
     5   25 Mn         0.0357     802.7226   81148.0319
     6   25 Mn         0.0345     802.7230   81148.0734
     7   25 Mn         0.0357     802.7226   81148.0319
     8   25 Mn         0.0348     802.7229   81148.0631
     9   25 Mn         0.0346     802.7230   81148.0694
    10   25 Mn         0.0346     802.7230   81148.0694
    11   25 Mn         0.0348     802.7229   81148.0631
    12   25 Mn         0.0345     802.7230   81148.0734
    13   25 Mn         0.0357     802.7226   81148.0319
    14   25 Mn         0.0357     802.7226   81148.0319
    15   25 Mn         0.0345     802.7230   81148.0734
    16    8 O          0.0144      15.4450     311.6878
    17    8 O          0.0144      15.4450     311.6878
    18    8 O          0.0142      15.4451     311.6903
    19    8 O          0.0142      15.4451     311.6903
    20    8 O          0.0145      15.4450     311.6876
    21    8 O          0.0132      15.4456     311.6997
    22    8 O          0.0150      15.4447     311.6825
    23    8 O          0.0151      15.4446     311.6812
    24    8 O          0.0146      15.4449     311.6861
    25    8 O          0.0145      15.4449     311.6872
    26    8 O          0.0146      15.4449     311.6861
    27    8 O          0.0145      15.4449     311.6872
    28    8 O          0.0146      15.4449     311.6865
    29    8 O          0.0150      15.4447     311.6822
    30    8 O          0.0150      15.4447     311.6822
    31    8 O          0.0146      15.4449     311.6865
    32    8 O          0.0150      15.4447     311.6822
    33    8 O          0.0146      15.4449     311.6865
    34    8 O          0.0146      15.4449     311.6865
    35    8 O          0.0150      15.4447     311.6822
    36    8 O          0.0145      15.4449     311.6872
    37    8 O          0.0145      15.4449     311.6872
    38    8 O          0.0146      15.4449     311.6861
    39    8 O          0.0146      15.4449     311.6861
    40    8 O          0.0150      15.4447     311.6825
    41    8 O          0.0151      15.4446     311.6812
    42    8 O          0.0132      15.4456     311.6997
    43    8 O          0.0145      15.4450     311.6876
    44    8 O          0.0142      15.4451     311.6903
    45    8 O          0.0142      15.4451     311.6903
    46    8 O          0.0144      15.4450     311.6878
    47    8 O          0.0144      15.4450     311.6878
--------------------------------------------------------

Atom-resolved dispersion energies:
--------------------------------------------------
     #    Z           [Hartree]      [kcal/mol]
--------------------------------------------------
     1   25 Mn  -0.56247739E-02     -3.52959890
     2   25 Mn  -0.56247739E-02     -3.52959889
     3   25 Mn  -0.62519032E-02     -3.92312851
     4   25 Mn  -0.62896167E-02     -3.94679406
     5   25 Mn  -0.56516820E-02     -3.54648400
     6   25 Mn  -0.62896196E-02     -3.94679588
     7   25 Mn  -0.56516756E-02     -3.54647999
     8   25 Mn  -0.63162345E-02     -3.96349701
     9   25 Mn  -0.63030435E-02     -3.95521954
    10   25 Mn  -0.63030431E-02     -3.95521928
    11   25 Mn  -0.63162342E-02     -3.96349682
    12   25 Mn  -0.62896167E-02     -3.94679404
    13   25 Mn  -0.56516802E-02     -3.54648284
    14   25 Mn  -0.56516756E-02     -3.54648000
    15   25 Mn  -0.62896197E-02     -3.94679595
    16    8 O   -0.99157943E-03     -0.62222548
    17    8 O   -0.99158071E-03     -0.62222629
    18    8 O   -0.71916325E-03     -0.45128175
    19    8 O   -0.71916716E-03     -0.45128421
    20    8 O   -0.97449377E-03     -0.61150408
    21    8 O   -0.72975496E-03     -0.45792815
    22    8 O   -0.98290353E-03     -0.61678128
    23    8 O   -0.96498705E-03     -0.60553851
    24    8 O   -0.98991818E-03     -0.62118304
    25    8 O   -0.97447279E-03     -0.61149091
    26    8 O   -0.98991878E-03     -0.62118341
    27    8 O   -0.97447335E-03     -0.61149126
    28    8 O   -0.98848510E-03     -0.62028376
    29    8 O   -0.98430964E-03     -0.61766363
    30    8 O   -0.98431121E-03     -0.61766461
    31    8 O   -0.98848492E-03     -0.62028365
    32    8 O   -0.98431120E-03     -0.61766460
    33    8 O   -0.98848510E-03     -0.62028376
    34    8 O   -0.98848538E-03     -0.62028394
    35    8 O   -0.98430966E-03     -0.61766364
    36    8 O   -0.97447157E-03     -0.61149014
    37    8 O   -0.97447335E-03     -0.61149126
    38    8 O   -0.98991871E-03     -0.62118337
    39    8 O   -0.98991851E-03     -0.62118324
    40    8 O   -0.98290340E-03     -0.61678120
    41    8 O   -0.96498706E-03     -0.60553852
    42    8 O   -0.72975510E-03     -0.45792824
    43    8 O   -0.97449377E-03     -0.61150407
    44    8 O   -0.71916325E-03     -0.45128175
    45    8 O   -0.71916729E-03     -0.45128429
    46    8 O   -0.99158069E-03     -0.62222628
    47    8 O   -0.99157949E-03     -0.62222552
--------------------------------------------------

Dispersion energy:      -1.2040119978279E-01 Eh

[Info] Dispersion energy written to .EDISP
