-----------------------------------
 s i m p l e   D F T - D 3  v1.2.1
-----------------------------------

Zero (Chai-Head-Gordon) damping: pbe-D3(0)
--------------------
  s6         1.0000
  s8         0.7220
  s9         0.0000
 rs6         1.2170
 rs8         1.0000
 alp        14.0000
--------------------

Atomic radii (in Angstrom):
-------------------------------------------
   Z          R(cov)     R(vdw)      r4/r2
-------------------------------------------
  25 Mn       1.4267     1.7731     3.0718
   8 O        0.8400     1.2408     1.3725
-------------------------------------------

Atomic reference systems (in atomic units):
----------------------------------------------------------------------------
   Z        #      CN    C6(AA)   #      CN    C6(AA)   #      CN    C6(AA)
----------------------------------------------------------------------------
  25 Mn     1  0.0000  802.7484   2  1.6406  239.5554   3  9.8849  113.8463
   8 O      1  0.0000   15.5059   2  0.9925   12.8161   3  1.9887   10.3708
----------------------------------------------------------------------------

Dispersion properties (in atomic units):
--------------------------------------------------------
     #    Z                CN       C6(AA)       C8(AA)
--------------------------------------------------------
     1   25 Mn         5.1611     239.5554   24216.8949
     2   25 Mn         5.1611     239.5554   24216.8949
     3   25 Mn         5.1506     239.5554   24216.8949
     4   25 Mn         5.1752     239.5554   24216.8949
     5   25 Mn         5.1449     239.5554   24216.8949
     6   25 Mn         5.1752     239.5554   24216.8949
     7   25 Mn         5.1449     239.5554   24216.8949
     8   25 Mn         5.2082     239.5554   24216.8949
     9   25 Mn         5.1857     239.5554   24216.8949
    10   25 Mn         5.1857     239.5554   24216.8949
    11   25 Mn         5.2082     239.5554   24216.8949
    12   25 Mn         5.1752     239.5554   24216.8949
    13   25 Mn         5.1449     239.5554   24216.8949
    14   25 Mn         5.1449     239.5554   24216.8949
    15   25 Mn         5.1752     239.5554   24216.8949
    16    8 O          2.1229      10.3854     209.5822
    17    8 O          2.1229      10.3854     209.5822
    18    8 O          1.6451      10.8909     219.7852
    19    8 O          1.6451      10.8910     219.7859
    20    8 O          2.1331      10.3842     209.5594
    21    8 O          1.6094      11.0172     222.3340
    22    8 O          2.1702      10.3808     209.4903
    23    8 O          2.1806      10.3800     209.4742
    24    8 O          2.1416      10.3834     209.5417
    25    8 O          2.1368      10.3838     209.5514
    26    8 O          2.1416      10.3834     209.5417
    27    8 O          2.1368      10.3838     209.5514
    28    8 O          2.1376      10.3838     209.5499
    29    8 O          2.1727      10.3806     209.4863
    30    8 O          2.1727      10.3806     209.4863
    31    8 O          2.1376      10.3838     209.5499
    32    8 O          2.1727      10.3806     209.4863
    33    8 O          2.1376      10.3838     209.5499
    34    8 O          2.1376      10.3838     209.5499
    35    8 O          2.1727      10.3806     209.4863
    36    8 O          2.1369      10.3838     209.5514
    37    8 O          2.1368      10.3838     209.5514
    38    8 O          2.1416      10.3834     209.5417
    39    8 O          2.1416      10.3834     209.5417
    40    8 O          2.1702      10.3808     209.4903
    41    8 O          2.1806      10.3800     209.4742
    42    8 O          1.6094      11.0172     222.3340
    43    8 O          2.1331      10.3842     209.5594
    44    8 O          1.6451      10.8909     219.7852
    45    8 O          1.6451      10.8910     219.7859
    46    8 O          2.1229      10.3854     209.5822
    47    8 O          2.1229      10.3854     209.5822
--------------------------------------------------------

Atom-resolved dispersion energies:
--------------------------------------------------
     #    Z           [Hartree]      [kcal/mol]
--------------------------------------------------
     1   25 Mn  -0.59829207E-02     -3.75433942
     2   25 Mn  -0.59829206E-02     -3.75433936
     3   25 Mn  -0.60470596E-02     -3.79458717
     4   25 Mn  -0.59264619E-02     -3.71891099
     5   25 Mn  -0.59844210E-02     -3.75528088
     6   25 Mn  -0.59264614E-02     -3.71891066
     7   25 Mn  -0.59844255E-02     -3.75528367
     8   25 Mn  -0.59151080E-02     -3.71178633
     9   25 Mn  -0.60191109E-02     -3.77704913
    10   25 Mn  -0.60191104E-02     -3.77704878
    11   25 Mn  -0.59151069E-02     -3.71178563
    12   25 Mn  -0.59264617E-02     -3.71891087
    13   25 Mn  -0.59844210E-02     -3.75528085
    14   25 Mn  -0.59844255E-02     -3.75528371
    15   25 Mn  -0.59264614E-02     -3.71891067
    16    8 O   -0.20526632E-02     -1.28806559
    17    8 O   -0.20526644E-02     -1.28806636
    18    8 O   -0.21621027E-02     -1.35673994
    19    8 O   -0.21621070E-02     -1.35674261
    20    8 O   -0.20171297E-02     -1.26576800
    21    8 O   -0.21702132E-02     -1.36182936
    22    8 O   -0.20793791E-02     -1.30483007
    23    8 O   -0.19895385E-02     -1.24845426
    24    8 O   -0.20531597E-02     -1.28837714
    25    8 O   -0.20155346E-02     -1.26476703
    26    8 O   -0.20531597E-02     -1.28837714
    27    8 O   -0.20155350E-02     -1.26476728
    28    8 O   -0.20652292E-02     -1.29595090
    29    8 O   -0.20687381E-02     -1.29815279
    30    8 O   -0.20687396E-02     -1.29815369
    31    8 O   -0.20652281E-02     -1.29595021
    32    8 O   -0.20687395E-02     -1.29815365
    33    8 O   -0.20652292E-02     -1.29595089
    34    8 O   -0.20652283E-02     -1.29595034
    35    8 O   -0.20687382E-02     -1.29815281
    36    8 O   -0.20155329E-02     -1.26476598
    37    8 O   -0.20155350E-02     -1.26476729
    38    8 O   -0.20531594E-02     -1.28837695
    39    8 O   -0.20531596E-02     -1.28837711
    40    8 O   -0.20793788E-02     -1.30482991
    41    8 O   -0.19895386E-02     -1.24845435
    42    8 O   -0.21702135E-02     -1.36182953
    43    8 O   -0.20171297E-02     -1.26576799
    44    8 O   -0.21621027E-02     -1.35673995
    45    8 O   -0.21621072E-02     -1.35674275
    46    8 O   -0.20526644E-02     -1.28806634
    47    8 O   -0.20526634E-02     -1.28806575
--------------------------------------------------

Dispersion energy:      -1.5570711849588E-01 Eh

[Info] Dispersion energy written to .EDISP
