-----------------------------------
 s i m p l e   D F T - D 3  v1.2.1
-----------------------------------

Zero (Chai-Head-Gordon) damping: pbe-D3(0)
--------------------
  s6         1.0000
  s8         0.7220
  s9         0.0000
 rs6         1.2170
 rs8         1.0000
 alp        14.0000
--------------------

Atomic radii (in Angstrom):
-------------------------------------------
   Z          R(cov)     R(vdw)      r4/r2
-------------------------------------------
  25 Mn       1.4267     1.7731     3.0718
   8 O        0.8400     1.2408     1.3725
-------------------------------------------

Atomic reference systems (in atomic units):
----------------------------------------------------------------------------
   Z        #      CN    C6(AA)   #      CN    C6(AA)   #      CN    C6(AA)
----------------------------------------------------------------------------
  25 Mn     1  0.0000  802.7484   2  1.6406  239.5554   3  9.8849  113.8463
   8 O      1  0.0000   15.5059   2  0.9925   12.8161   3  1.9887   10.3708
----------------------------------------------------------------------------

Dispersion properties (in atomic units):
--------------------------------------------------------
     #    Z                CN       C6(AA)       C8(AA)
--------------------------------------------------------
     1   25 Mn         0.0055     802.7310   81148.8845
     2   25 Mn         0.0055     802.7310   81148.8845
     3   25 Mn         0.0053     802.7311   81148.8901
     4   25 Mn         0.0053     802.7311   81148.8895
     5   25 Mn         0.0054     802.7311   81148.8877
     6   25 Mn         0.0053     802.7311   81148.8895
     7   25 Mn         0.0054     802.7311   81148.8877
     8   25 Mn         0.0054     802.7311   81148.8885
     9   25 Mn         0.0053     802.7311   81148.8893
    10   25 Mn         0.0053     802.7311   81148.8893
    11   25 Mn         0.0054     802.7311   81148.8885
    12   25 Mn         0.0053     802.7311   81148.8895
    13   25 Mn         0.0054     802.7311   81148.8877
    14   25 Mn         0.0054     802.7311   81148.8877
    15   25 Mn         0.0053     802.7311   81148.8895
    16    8 O          0.0022      15.4505     311.7991
    17    8 O          0.0022      15.4505     311.7991
    18    8 O          0.0021      15.4506     311.8005
    19    8 O          0.0021      15.4506     311.8005
    20    8 O          0.0022      15.4505     311.7992
    21    8 O          0.0020      15.4506     311.8014
    22    8 O          0.0023      15.4505     311.7986
    23    8 O          0.0023      15.4505     311.7985
    24    8 O          0.0022      15.4505     311.7990
    25    8 O          0.0022      15.4505     311.7991
    26    8 O          0.0022      15.4505     311.7990
    27    8 O          0.0022      15.4505     311.7991
    28    8 O          0.0022      15.4505     311.7990
    29    8 O          0.0023      15.4505     311.7985
    30    8 O          0.0023      15.4505     311.7985
    31    8 O          0.0022      15.4505     311.7990
    32    8 O          0.0023      15.4505     311.7985
    33    8 O          0.0022      15.4505     311.7990
    34    8 O          0.0022      15.4505     311.7990
    35    8 O          0.0023      15.4505     311.7985
    36    8 O          0.0022      15.4505     311.7991
    37    8 O          0.0022      15.4505     311.7991
    38    8 O          0.0022      15.4505     311.7990
    39    8 O          0.0022      15.4505     311.7990
    40    8 O          0.0023      15.4505     311.7986
    41    8 O          0.0023      15.4505     311.7985
    42    8 O          0.0020      15.4506     311.8014
    43    8 O          0.0022      15.4505     311.7992
    44    8 O          0.0021      15.4506     311.8005
    45    8 O          0.0021      15.4506     311.8005
    46    8 O          0.0022      15.4505     311.7991
    47    8 O          0.0022      15.4505     311.7991
--------------------------------------------------------

Atom-resolved dispersion energies:
--------------------------------------------------
     #    Z           [Hartree]      [kcal/mol]
--------------------------------------------------
     1   25 Mn  -0.22951370E-02     -1.44022020
     2   25 Mn  -0.22951370E-02     -1.44022020
     3   25 Mn  -0.24448195E-02     -1.53414739
     4   25 Mn  -0.24620138E-02     -1.54493701
     5   25 Mn  -0.22921165E-02     -1.43832481
     6   25 Mn  -0.24620121E-02     -1.54493593
     7   25 Mn  -0.22921144E-02     -1.43832350
     8   25 Mn  -0.24766653E-02     -1.55413096
     9   25 Mn  -0.24674769E-02     -1.54836513
    10   25 Mn  -0.24674768E-02     -1.54836506
    11   25 Mn  -0.24766648E-02     -1.55413064
    12   25 Mn  -0.24620138E-02     -1.54493700
    13   25 Mn  -0.22921184E-02     -1.43832604
    14   25 Mn  -0.22921144E-02     -1.43832351
    15   25 Mn  -0.24620120E-02     -1.54493586
    16    8 O   -0.56812088E-03     -0.35650124
    17    8 O   -0.56811922E-03     -0.35650019
    18    8 O   -0.44121979E-03     -0.27686960
    19    8 O   -0.44121765E-03     -0.27686825
    20    8 O   -0.56442643E-03     -0.35418293
    21    8 O   -0.43463868E-03     -0.27273989
    22    8 O   -0.57289101E-03     -0.35949454
    23    8 O   -0.57009282E-03     -0.35773864
    24    8 O   -0.57011912E-03     -0.35775515
    25    8 O   -0.56503569E-03     -0.35456525
    26    8 O   -0.57011916E-03     -0.35775517
    27    8 O   -0.56503567E-03     -0.35456523
    28    8 O   -0.56920567E-03     -0.35718195
    29    8 O   -0.57368346E-03     -0.35999181
    30    8 O   -0.57368167E-03     -0.35999068
    31    8 O   -0.56920576E-03     -0.35718201
    32    8 O   -0.57368167E-03     -0.35999068
    33    8 O   -0.56920567E-03     -0.35718195
    34    8 O   -0.56920589E-03     -0.35718209
    35    8 O   -0.57368346E-03     -0.35999181
    36    8 O   -0.56503752E-03     -0.35456640
    37    8 O   -0.56503567E-03     -0.35456523
    38    8 O   -0.57011914E-03     -0.35775516
    39    8 O   -0.57011921E-03     -0.35775521
    40    8 O   -0.57289098E-03     -0.35949452
    41    8 O   -0.57009282E-03     -0.35773865
    42    8 O   -0.43463872E-03     -0.27273991
    43    8 O   -0.56442643E-03     -0.35418293
    44    8 O   -0.44121979E-03     -0.27686960
    45    8 O   -0.44121768E-03     -0.27686828
    46    8 O   -0.56811921E-03     -0.35650019
    47    8 O   -0.56812090E-03     -0.35650125
--------------------------------------------------

Dispersion energy:      -5.3373520299528E-02 Eh

[Info] Dispersion energy written to .EDISP
