-----------------------------------
 s i m p l e   D F T - D 3  v1.2.1
-----------------------------------

Zero (Chai-Head-Gordon) damping: pbe-D3(0)
--------------------
  s6         1.0000
  s8         0.7220
  s9         0.0000
 rs6         1.2170
 rs8         1.0000
 alp        14.0000
--------------------

Atomic radii (in Angstrom):
-------------------------------------------
   Z          R(cov)     R(vdw)      r4/r2
-------------------------------------------
  25 Mn       1.4267     1.7731     3.0718
   8 O        0.8400     1.2408     1.3725
-------------------------------------------

Atomic reference systems (in atomic units):
----------------------------------------------------------------------------
   Z        #      CN    C6(AA)   #      CN    C6(AA)   #      CN    C6(AA)
----------------------------------------------------------------------------
  25 Mn     1  0.0000  802.7484   2  1.6406  239.5554   3  9.8849  113.8463
   8 O      1  0.0000   15.5059   2  0.9925   12.8161   3  1.9887   10.3708
----------------------------------------------------------------------------

Dispersion properties (in atomic units):
--------------------------------------------------------
     #    Z                CN       C6(AA)       C8(AA)
--------------------------------------------------------
     1   25 Mn         3.8857     239.5554   24216.8949
     2   25 Mn         3.8857     239.5554   24216.8949
     3   25 Mn         3.7797     239.5554   24216.8949
     4   25 Mn         3.7950     239.5554   24216.8949
     5   25 Mn         3.8444     239.5554   24216.8949
     6   25 Mn         3.7950     239.5554   24216.8949
     7   25 Mn         3.8444     239.5554   24216.8949
     8   25 Mn         3.8242     239.5554   24216.8949
     9   25 Mn         3.8058     239.5554   24216.8949
    10   25 Mn         3.8058     239.5554   24216.8949
    11   25 Mn         3.8242     239.5554   24216.8949
    12   25 Mn         3.7950     239.5554   24216.8949
    13   25 Mn         3.8444     239.5554   24216.8949
    14   25 Mn         3.8444     239.5554   24216.8949
    15   25 Mn         3.7950     239.5554   24216.8949
    16    8 O          1.6076      11.0241     222.4718
    17    8 O          1.6076      11.0241     222.4730
    18    8 O          1.3570      12.1561     245.3177
    19    8 O          1.3570      12.1562     245.3190
    20    8 O          1.6167      10.9900     221.7835
    21    8 O          1.3071      12.3316     248.8581
    22    8 O          1.6593      10.8462     218.8819
    23    8 O          1.6720      10.8087     218.1251
    24    8 O          1.6267      10.9536     221.0492
    25    8 O          1.6210      10.9743     221.4671
    26    8 O          1.6267      10.9536     221.0494
    27    8 O          1.6210      10.9743     221.4672
    28    8 O          1.6226      10.9682     221.3451
    29    8 O          1.6622      10.8374     218.7054
    30    8 O          1.6622      10.8375     218.7063
    31    8 O          1.6226      10.9682     221.3450
    32    8 O          1.6622      10.8375     218.7063
    33    8 O          1.6226      10.9682     221.3451
    34    8 O          1.6226      10.9682     221.3450
    35    8 O          1.6622      10.8374     218.7054
    36    8 O          1.6210      10.9742     221.4660
    37    8 O          1.6210      10.9743     221.4672
    38    8 O          1.6267      10.9536     221.0494
    39    8 O          1.6267      10.9536     221.0492
    40    8 O          1.6593      10.8462     218.8819
    41    8 O          1.6720      10.8087     218.1251
    42    8 O          1.3071      12.3316     248.8581
    43    8 O          1.6167      10.9900     221.7835
    44    8 O          1.3570      12.1561     245.3177
    45    8 O          1.3570      12.1562     245.3190
    46    8 O          1.6076      11.0241     222.4730
    47    8 O          1.6076      11.0241     222.4718
--------------------------------------------------------

Atom-resolved dispersion energies:
--------------------------------------------------
     #    Z           [Hartree]      [kcal/mol]
--------------------------------------------------
     1   25 Mn  -0.52449115E-02     -3.29123167
     2   25 Mn  -0.52449114E-02     -3.29123161
     3   25 Mn  -0.54165557E-02     -3.39894004
     4   25 Mn  -0.53132843E-02     -3.33413624
     5   25 Mn  -0.52403206E-02     -3.28835083
     6   25 Mn  -0.53132838E-02     -3.33413595
     7   25 Mn  -0.52403254E-02     -3.28835385
     8   25 Mn  -0.52965435E-02     -3.32363121
     9   25 Mn  -0.53836830E-02     -3.37831207
    10   25 Mn  -0.53836823E-02     -3.37831168
    11   25 Mn  -0.52965424E-02     -3.32363054
    12   25 Mn  -0.53132841E-02     -3.33413609
    13   25 Mn  -0.52403206E-02     -3.28835081
    14   25 Mn  -0.52403254E-02     -3.28835386
    15   25 Mn  -0.53132839E-02     -3.33413602
    16    8 O   -0.18426059E-02     -1.15625264
    17    8 O   -0.18426121E-02     -1.15625657
    18    8 O   -0.19714689E-02     -1.23711542
    19    8 O   -0.19714750E-02     -1.23711926
    20    8 O   -0.17967063E-02     -1.12745024
    21    8 O   -0.19818859E-02     -1.24365217
    22    8 O   -0.18391670E-02     -1.15409472
    23    8 O   -0.17650448E-02     -1.10758235
    24    8 O   -0.18365503E-02     -1.15245272
    25    8 O   -0.17943654E-02     -1.12598129
    26    8 O   -0.18365510E-02     -1.15245316
    27    8 O   -0.17943667E-02     -1.12598213
    28    8 O   -0.18413359E-02     -1.15545571
    29    8 O   -0.18332144E-02     -1.15035942
    30    8 O   -0.18332195E-02     -1.15036262
    31    8 O   -0.18413343E-02     -1.15545474
    32    8 O   -0.18332195E-02     -1.15036259
    33    8 O   -0.18413359E-02     -1.15545570
    34    8 O   -0.18413348E-02     -1.15545503
    35    8 O   -0.18332144E-02     -1.15035942
    36    8 O   -0.17943597E-02     -1.12597770
    37    8 O   -0.17943668E-02     -1.12598214
    38    8 O   -0.18365506E-02     -1.15245288
    39    8 O   -0.18365504E-02     -1.15245275
    40    8 O   -0.18391666E-02     -1.15409447
    41    8 O   -0.17650449E-02     -1.10758239
    42    8 O   -0.19818860E-02     -1.24365226
    43    8 O   -0.17967062E-02     -1.12745019
    44    8 O   -0.19714690E-02     -1.23711549
    45    8 O   -0.19714751E-02     -1.23711933
    46    8 O   -0.18426120E-02     -1.15625646
    47    8 O   -0.18426063E-02     -1.15625290
--------------------------------------------------

Dispersion energy:      -1.3872505979157E-01 Eh

[Info] Dispersion energy written to .EDISP
