-----------------------------------
 s i m p l e   D F T - D 3  v1.2.1
-----------------------------------

Zero (Chai-Head-Gordon) damping: pbe-D3(0)
--------------------
  s6         1.0000
  s8         0.7220
  s9         0.0000
 rs6         1.2170
 rs8         1.0000
 alp        14.0000
--------------------

Atomic radii (in Angstrom):
-------------------------------------------
   Z          R(cov)     R(vdw)      r4/r2
-------------------------------------------
   3 Li       1.6000     1.7478     2.6564
   8 O        0.8400     1.2408     1.3725
-------------------------------------------

Atomic reference systems (in atomic units):
----------------------------------------------------------------------------
   Z        #      CN    C6(AA)   #      CN    C6(AA)   #      CN    C6(AA)
----------------------------------------------------------------------------
   3 Li     1  0.0000 1163.4454   2  0.9865   85.3197
   8 O      1  0.0000   15.5059   2  0.9925   12.8161   3  1.9887   10.3708
----------------------------------------------------------------------------

Dispersion properties (in atomic units):
--------------------------------------------------------
     #    Z                CN       C6(AA)       C8(AA)
--------------------------------------------------------
     1    3 Li         0.2418     960.3906   72602.9035
     2    3 Li         0.1697    1039.7773   78604.3168
     3    3 Li         0.2487     951.0087   71893.6540
     4    3 Li         0.1441    1060.5156   80172.0737
     5    3 Li         0.1586    1049.2123   79317.5788
     6    3 Li         0.2032    1007.0401   76129.4727
     7    3 Li         0.1957    1014.9654   76728.6054
     8    3 Li         0.1984    1012.0956   76511.6581
     9    3 Li         0.1481    1057.5342   79946.6916
    10    3 Li         0.1574    1050.1580   79389.0674
    11    3 Li         0.1656    1043.3253   78872.5360
    12    3 Li         0.1500    1056.0431   79833.9647
    13    3 Li         0.1741    1035.8418   78306.8031
    14    3 Li         0.0903    1094.1824   82717.1945
    15    3 Li         0.2076    1002.2452   75766.9904
    16    3 Li         0.1454    1059.5358   80098.0055
    17    3 Li         0.1588    1049.0734   79307.0802
    18    3 Li         0.1523    1054.2466   79698.1596
    19    3 Li         0.1167    1079.1771   81582.8363
    20    3 Li         0.1893    1021.4581   77219.4347
    21    3 Li         0.1514    1054.9780   79753.4460
    22    3 Li         0.1557    1051.5774   79496.3743
    23    3 Li         0.0998    1089.1218   82334.6286
    24    3 Li         0.1341    1067.7205   80716.7448
    25    3 Li         0.1405    1063.2140   80376.0712
    26    3 Li         0.1651    1043.7177   78902.1986
    27    3 Li         0.2550     942.2114   71228.5992
    28    3 Li         0.1409    1062.9209   80353.9070
    29    3 Li         0.1838    1026.8500   77627.0472
    30    3 Li         0.1805    1029.9412   77860.7386
    31    3 Li         0.1286    1071.5264   81004.4593
    32    3 Li         0.1478    1057.7347   79961.8451
    33    3 Li         0.1244    1074.3190   81215.5783
    34    3 Li         0.1933    1017.3920   76912.0476
    35    3 Li         0.1492    1056.6577   79880.4260
    36    3 Li         0.2476     952.5564   72010.6530
    37    3 Li         0.1421    1062.0205   80285.8406
    38    3 Li         0.2391     963.9777   72874.0785
    39    3 Li         0.2121     997.1941   75385.1480
    40    3 Li         0.2247     982.2840   74257.9799
    41    3 Li         0.1397    1063.7508   80416.6462
    42    3 Li         0.1558    1051.4342   79485.5463
    43    3 Li         0.2152     993.6782   75119.3537
    44    3 Li         0.2733     914.6971   69148.5943
    45    3 Li         0.1525    1054.1160   79688.2865
    46    3 Li         0.2080    1001.8104   75734.1255
    47    3 Li         0.4014     661.1583   49981.7605
    48    3 Li         0.2206     987.2503   74633.4199
    49    3 Li         0.1534    1053.4150   79635.2895
    50    3 Li         0.1704    1039.1767   78558.9165
    51    3 Li         0.1780    1032.2702   78036.8003
    52    3 Li         0.1049    1086.2092   82114.4404
    53    3 Li         0.0935    1092.5214   82591.6264
    54    3 Li         0.2398     963.1320   72810.1446
    55    3 Li         0.2187     989.5349   74806.1281
    56    3 Li         0.1129    1081.5601   81762.9865
    57    3 Li         0.1489    1056.9188   79900.1656
    58    3 Li         0.1257    1073.4420   81149.2783
    59    3 Li         0.1048    1086.3041   82121.6192
    60    3 Li         0.1895    1021.2601   77204.4647
    61    3 Li         0.1966    1014.0693   76660.8637
    62    3 Li         0.1604    1047.7318   79205.6599
    63    3 Li         0.1650    1043.8184   78909.8110
    64    3 Li         0.1240    1074.5690   81234.4752
    65    3 Li         0.1846    1026.0721   77568.2388
    66    3 Li         0.2059    1004.1231   75908.9555
    67    3 Li         0.0937    1092.3740   82580.4809
    68    3 Li         0.2490     950.6676   71867.8654
    69    8 O          0.0600      15.4192     311.1688
    70    8 O          0.0532      15.4237     311.2581
    71    8 O          0.0919      15.3953     310.6864
    72    8 O          0.0406      15.4313     311.4116
    73    8 O          0.0712      15.4115     311.0116
    74    8 O          0.0367      15.4335     311.4564
    75    8 O          0.0554      15.4223     311.2299
    76    8 O          0.0733      15.4099     310.9811
    77    8 O          0.0774      15.4069     310.9192
    78    8 O          0.0616      15.4182     311.1471
    79    8 O          0.0905      15.3965     310.7098
    80    8 O          0.1150      15.3742     310.2590
    81    8 O          0.0946      15.3930     310.6387
    82    8 O          0.0584      15.4203     311.1900
    83    8 O          0.0735      15.4098     310.9784
    84    8 O          0.0949      15.3928     310.6345
    85    8 O          0.0645      15.4162     311.1078
    86    8 O          0.0684      15.4135     311.0526
    87    8 O          0.0832      15.4024     310.8294
    88    8 O          0.0670      15.4145     311.0727
    89    8 O          0.0560      15.4219     311.2216
    90    8 O          0.0641      15.4165     311.1131
    91    8 O          0.0598      15.4194     311.1717
    92    8 O          0.0947      15.3929     310.6368
    93    8 O          0.0577      15.4208     311.1992
    94    8 O          0.0708      15.4118     311.0176
    95    8 O          0.0503      15.4255     311.2954
    96    8 O          0.0860      15.4002     310.7840
    97    8 O          0.0537      15.4234     311.2523
    98    8 O          0.0607      15.4188     311.1602
    99    8 O          0.0666      15.4147     311.0775
   100    8 O          0.0575      15.4209     311.2020
   101    8 O          0.0647      15.4161     311.1053
   102    8 O          0.0584      15.4203     311.1903
--------------------------------------------------------

Atom-resolved dispersion energies:
--------------------------------------------------
     #    Z           [Hartree]      [kcal/mol]
--------------------------------------------------
     1    3 Li  -0.17639531E-01    -11.06897296
     2    3 Li  -0.17630196E-01    -11.06311519
     3    3 Li  -0.19058312E-01    -11.95927143
     4    3 Li  -0.16856115E-01    -10.57737200
     5    3 Li  -0.17482087E-01    -10.97017505
     6    3 Li  -0.16961784E-01    -10.64368006
     7    3 Li  -0.17412811E-01    -10.92670372
     8    3 Li  -0.15964652E-01    -10.01797025
     9    3 Li  -0.17422244E-01    -10.93262323
    10    3 Li  -0.18255234E-01    -11.45533250
    11    3 Li  -0.16812763E-01    -10.55016780
    12    3 Li  -0.16823211E-01    -10.55672400
    13    3 Li  -0.15303502E-01     -9.60309223
    14    3 Li  -0.14973362E-01     -9.39592643
    15    3 Li  -0.16551479E-01    -10.38620993
    16    3 Li  -0.18712363E-01    -11.74218502
    17    3 Li  -0.17881237E-01    -11.22064533
    18    3 Li  -0.15607356E-01     -9.79376406
    19    3 Li  -0.15844713E-01     -9.94270727
    20    3 Li  -0.18236667E-01    -11.44368153
    21    3 Li  -0.16770313E-01    -10.52353036
    22    3 Li  -0.16830292E-01    -10.56116790
    23    3 Li  -0.15049930E-01     -9.44397377
    24    3 Li  -0.17269427E-01    -10.83672905
    25    3 Li  -0.17418953E-01    -10.93055826
    26    3 Li  -0.16142154E-01    -10.12935463
    27    3 Li  -0.15721133E-01     -9.86515975
    28    3 Li  -0.17134370E-01    -10.75197927
    29    3 Li  -0.18263293E-01    -11.46038923
    30    3 Li  -0.16156165E-01    -10.13814641
    31    3 Li  -0.16653962E-01    -10.45051863
    32    3 Li  -0.17850045E-01    -11.20107216
    33    3 Li  -0.17342876E-01    -10.88281927
    34    3 Li  -0.15157320E-01     -9.51136204
    35    3 Li  -0.17183559E-01    -10.78284630
    36    3 Li  -0.18692856E-01    -11.72994414
    37    3 Li  -0.17267338E-01    -10.83541834
    38    3 Li  -0.16418256E-01    -10.30261143
    39    3 Li  -0.18167691E-01    -11.40039813
    40    3 Li  -0.16858284E-01    -10.57873263
    41    3 Li  -0.17771476E-01    -11.15176960
    42    3 Li  -0.17055507E-01    -10.70249200
    43    3 Li  -0.17336237E-01    -10.87865267
    44    3 Li  -0.17048034E-01    -10.69780273
    45    3 Li  -0.15924881E-01     -9.99301343
    46    3 Li  -0.17345617E-01    -10.88453889
    47    3 Li  -0.14595146E-01     -9.15859226
    48    3 Li  -0.16137070E-01    -10.12616454
    49    3 Li  -0.17538446E-01    -11.00554095
    50    3 Li  -0.16052554E-01    -10.07312963
    51    3 Li  -0.17755804E-01    -11.14193503
    52    3 Li  -0.16347113E-01    -10.25796822
    53    3 Li  -0.15405007E-01     -9.66678787
    54    3 Li  -0.15073098E-01     -9.45851161
    55    3 Li  -0.17779039E-01    -11.15651536
    56    3 Li  -0.16688280E-01    -10.47205349
    57    3 Li  -0.18054706E-01    -11.32949878
    58    3 Li  -0.15764259E-01     -9.89222199
    59    3 Li  -0.16358813E-01    -10.26531028
    60    3 Li  -0.18377311E-01    -11.53193693
    61    3 Li  -0.18369557E-01    -11.52707135
    62    3 Li  -0.16139909E-01    -10.12794568
    63    3 Li  -0.16931372E-01    -10.62459634
    64    3 Li  -0.15516174E-01     -9.73654600
    65    3 Li  -0.18484287E-01    -11.59906545
    66    3 Li  -0.15778663E-01     -9.90126030
    67    3 Li  -0.15518986E-01     -9.73831043
    68    3 Li  -0.15621186E-01     -9.80244207
    69    8 O   -0.32055139E-02     -2.01149036
    70    8 O   -0.31855367E-02     -1.99895445
    71    8 O   -0.35699306E-02     -2.24016530
    72    8 O   -0.27690884E-02     -1.73762923
    73    8 O   -0.35787287E-02     -2.24568618
    74    8 O   -0.28187641E-02     -1.76880117
    75    8 O   -0.31247288E-02     -1.96079693
    76    8 O   -0.33210793E-02     -2.08400873
    77    8 O   -0.32670091E-02     -2.05007913
    78    8 O   -0.34091906E-02     -2.13929942
    79    8 O   -0.33390064E-02     -2.09525815
    80    8 O   -0.32446944E-02     -2.03607649
    81    8 O   -0.37088644E-02     -2.32734753
    82    8 O   -0.32217594E-02     -2.02168457
    83    8 O   -0.32223261E-02     -2.02204015
    84    8 O   -0.34851438E-02     -2.18696074
    85    8 O   -0.29884411E-02     -1.87527512
    86    8 O   -0.32335675E-02     -2.02909425
    87    8 O   -0.34662501E-02     -2.17510475
    88    8 O   -0.32133299E-02     -2.01639497
    89    8 O   -0.32835325E-02     -2.06044777
    90    8 O   -0.33563934E-02     -2.10616865
    91    8 O   -0.31024473E-02     -1.94681506
    92    8 O   -0.33872417E-02     -2.12552628
    93    8 O   -0.32628624E-02     -2.04747709
    94    8 O   -0.31740291E-02     -1.99173331
    95    8 O   -0.33324501E-02     -2.09114402
    96    8 O   -0.33005498E-02     -2.07112627
    97    8 O   -0.30610019E-02     -1.92080770
    98    8 O   -0.32195040E-02     -2.02026927
    99    8 O   -0.31311973E-02     -1.96485596
   100    8 O   -0.32515075E-02     -2.04035175
   101    8 O   -0.33689551E-02     -2.11405123
   102    8 O   -0.30420605E-02     -1.90892177
--------------------------------------------------

Dispersion energy:      -1.2571930495354E+00 Eh

[Info] Dispersion energy written to .EDISP
