-----------------------------------
 s i m p l e   D F T - D 3  v1.2.1
-----------------------------------

Zero (Chai-Head-Gordon) damping: pbe-D3(0)
--------------------
  s6         1.0000
  s8         0.7220
  s9         0.0000
 rs6         1.2170
 rs8         1.0000
 alp        14.0000
--------------------

Atomic radii (in Angstrom):
-------------------------------------------
   Z          R(cov)     R(vdw)      r4/r2
-------------------------------------------
  12 Mg       1.6667     1.7420     2.8909
  45 Rh       1.5067     1.6987     2.9936
-------------------------------------------

Atomic reference systems (in atomic units):
----------------------------------------------------------------------------
   Z        #      CN    C6(AA)   #      CN    C6(AA)   #      CN    C6(AA)
----------------------------------------------------------------------------
  12 Mg     1  0.0000  683.3758   2  0.9628  451.2708   3  1.9496  175.5616
  45 Rh     1  0.0000  713.9427   2  1.9003  332.2425   3  2.9696  244.6586
----------------------------------------------------------------------------

Dispersion properties (in atomic units):
--------------------------------------------------------
     #    Z                CN       C6(AA)       C8(AA)
--------------------------------------------------------
     1   12 Mg         8.0698     175.5616   15718.3434
     2   12 Mg         8.0699     175.5616   15718.3434
     3   12 Mg         8.5663     175.5616   15718.3434
     4   12 Mg         8.5663     175.5616   15718.3434
     5   12 Mg         8.5663     175.5616   15718.3434
     6   12 Mg         8.5663     175.5616   15718.3434
     7   12 Mg         8.1947     175.5616   15718.3434
     8   12 Mg         8.1947     175.5616   15718.3434
     9   12 Mg         8.1948     175.5616   15718.3434
    10   12 Mg         8.1542     175.5616   15718.3434
    11   12 Mg         8.0698     175.5616   15718.3434
    12   12 Mg         8.0699     175.5616   15718.3434
    13   12 Mg         8.1948     175.5616   15718.3434
    14   12 Mg         8.1948     175.5616   15718.3434
    15   12 Mg         8.1692     175.5616   15718.3434
    16   12 Mg         8.1692     175.5616   15718.3434
    17   12 Mg         8.0699     175.5616   15718.3434
    18   12 Mg         8.0698     175.5616   15718.3434
    19   12 Mg         8.1946     175.5616   15718.3434
    20   12 Mg         8.1692     175.5616   15718.3434
    21   12 Mg         8.1542     175.5616   15718.3434
    22   12 Mg         8.1542     175.5616   15718.3434
    23   12 Mg         8.5663     175.5616   15718.3434
    24   12 Mg         8.5663     175.5616   15718.3434
    25   12 Mg         8.4866     175.5616   15718.3434
    26   12 Mg         8.4866     175.5616   15718.3434
    27   12 Mg         8.4865     175.5616   15718.3434
    28   12 Mg         8.1718     175.5616   15718.3434
    29   12 Mg         8.1718     175.5616   15718.3434
    30   12 Mg         8.1718     175.5616   15718.3434
    31   12 Mg         8.1719     175.5616   15718.3434
    32   12 Mg         8.1719     175.5616   15718.3434
    33   12 Mg         8.1718     175.5616   15718.3434
    34   12 Mg         8.1674     175.5616   15718.3434
    35   12 Mg         8.1674     175.5616   15718.3434
    36   12 Mg         8.1674     175.5616   15718.3434
    37   12 Mg         8.1693     175.5616   15718.3434
    38   12 Mg         8.1693     175.5616   15718.3434
    39   12 Mg         8.1693     175.5616   15718.3434
    40   12 Mg         8.3028     175.5616   15718.3434
    41   12 Mg         8.3028     175.5616   15718.3434
    42   12 Mg         8.3028     175.5616   15718.3434
    43   12 Mg         8.3028     175.5616   15718.3434
    44   12 Mg         8.3028     175.5616   15718.3434
    45   12 Mg         8.3028     175.5616   15718.3434
    46   12 Mg         8.3034     175.5616   15718.3434
    47   12 Mg         8.4053     175.5616   15718.3434
    48   12 Mg         8.4053     175.5616   15718.3434
    49   12 Mg         8.4053     175.5616   15718.3434
    50   12 Mg         8.1447     175.5616   15718.3434
    51   12 Mg         8.1522     175.5616   15718.3434
    52   12 Mg         8.1522     175.5616   15718.3434
    53   12 Mg         8.1523     175.5616   15718.3434
    54   12 Mg         8.1522     175.5616   15718.3434
    55   12 Mg         8.1522     175.5616   15718.3434
    56   12 Mg         8.1522     175.5616   15718.3434
    57   12 Mg         8.2086     175.5616   15718.3434
    58   12 Mg         8.2085     175.5616   15718.3434
    59   12 Mg         8.2085     175.5616   15718.3434
    60   12 Mg         8.2085     175.5616   15718.3434
    61   12 Mg         8.2085     175.5616   15718.3434
    62   12 Mg         8.2085     175.5616   15718.3434
    63   12 Mg         8.2245     175.5616   15718.3434
    64   12 Mg         8.2245     175.5616   15718.3434
    65   12 Mg         8.2245     175.5616   15718.3434
    66   12 Mg         8.2233     175.5616   15718.3434
    67   12 Mg         8.2233     175.5616   15718.3434
    68   12 Mg         8.2233     175.5616   15718.3434
    69   12 Mg         8.2567     175.5616   15718.3434
    70   12 Mg         8.2567     175.5616   15718.3434
    71   12 Mg         8.2567     175.5616   15718.3434
    72   12 Mg         8.2697     175.5616   15718.3434
    73   12 Mg         8.2698     175.5616   15718.3434
    74   12 Mg         8.2698     175.5616   15718.3434
    75   12 Mg         8.1774     175.5616   15718.3434
    76   12 Mg         8.1708     175.5616   15718.3434
    77   12 Mg         8.1708     175.5616   15718.3434
    78   12 Mg         8.2732     175.5616   15718.3434
    79   12 Mg         8.2732     175.5616   15718.3434
    80   12 Mg         8.1844     175.5616   15718.3434
    81   12 Mg         8.1844     175.5616   15718.3434
    82   12 Mg         8.2838     175.5616   15718.3434
    83   12 Mg         8.2732     175.5616   15718.3434
    84   12 Mg         8.2732     175.5616   15718.3434
    85   12 Mg         8.2131     175.5616   15718.3434
    86   12 Mg         8.2029     175.5616   15718.3434
    87   12 Mg         8.2029     175.5616   15718.3434
    88   12 Mg         8.2732     175.5616   15718.3434
    89   12 Mg         8.2732     175.5616   15718.3434
    90   12 Mg         8.2131     175.5616   15718.3434
    91   12 Mg         8.2131     175.5616   15718.3434
    92   12 Mg         8.1844     175.5616   15718.3434
    93   12 Mg         8.1844     175.5616   15718.3434
    94   12 Mg         8.1708     175.5616   15718.3434
    95   12 Mg         8.2029     175.5616   15718.3434
    96   12 Mg         8.1774     175.5616   15718.3434
    97   12 Mg         8.1774     175.5616   15718.3434
    98   12 Mg         8.1844     175.5616   15718.3434
    99   12 Mg         8.1844     175.5616   15718.3434
   100   12 Mg         8.2697     175.5616   15718.3434
   101   12 Mg         8.2698     175.5616   15718.3434
   102   12 Mg         8.2698     175.5616   15718.3434
   103   12 Mg         8.2567     175.5616   15718.3434
   104   12 Mg         8.2567     175.5616   15718.3434
   105   12 Mg         8.2567     175.5616   15718.3434
   106   12 Mg         8.2233     175.5616   15718.3434
   107   12 Mg         8.2233     175.5616   15718.3434
   108   12 Mg         8.2233     175.5616   15718.3434
   109   12 Mg         8.2244     175.5616   15718.3434
   110   12 Mg         8.2244     175.5616   15718.3434
   111   12 Mg         8.2245     175.5616   15718.3434
   112   12 Mg         8.2086     175.5616   15718.3434
   113   12 Mg         8.2085     175.5616   15718.3434
   114   12 Mg         8.2085     175.5616   15718.3434
   115   12 Mg         8.2085     175.5616   15718.3434
   116   12 Mg         8.2085     175.5616   15718.3434
   117   12 Mg         8.2085     175.5616   15718.3434
   118   12 Mg         8.1522     175.5616   15718.3434
   119   12 Mg         8.1522     175.5616   15718.3434
   120   12 Mg         8.1523     175.5616   15718.3434
   121   12 Mg         8.1522     175.5616   15718.3434
   122   12 Mg         8.1522     175.5616   15718.3434
   123   12 Mg         8.1522     175.5616   15718.3434
   124   12 Mg         8.1447     175.5616   15718.3434
   125   12 Mg         8.4053     175.5616   15718.3434
   126   12 Mg         8.4053     175.5616   15718.3434
   127   12 Mg         8.4053     175.5616   15718.3434
   128   12 Mg         8.3034     175.5616   15718.3434
   129   12 Mg         8.3028     175.5616   15718.3434
   130   12 Mg         8.3028     175.5616   15718.3434
   131   12 Mg         8.3028     175.5616   15718.3434
   132   12 Mg         8.3028     175.5616   15718.3434
   133   12 Mg         8.3028     175.5616   15718.3434
   134   12 Mg         8.3028     175.5616   15718.3434
   135   12 Mg         8.1693     175.5616   15718.3434
   136   12 Mg         8.1693     175.5616   15718.3434
   137   12 Mg         8.1693     175.5616   15718.3434
   138   12 Mg         8.1674     175.5616   15718.3434
   139   12 Mg         8.1674     175.5616   15718.3434
   140   12 Mg         8.1674     175.5616   15718.3434
   141   12 Mg         8.1718     175.5616   15718.3434
   142   12 Mg         8.1718     175.5616   15718.3434
   143   12 Mg         8.1718     175.5616   15718.3434
   144   12 Mg         8.1719     175.5616   15718.3434
   145   12 Mg         8.1719     175.5616   15718.3434
   146   12 Mg         8.1718     175.5616   15718.3434
   147   12 Mg         8.4866     175.5616   15718.3434
   148   12 Mg         8.4866     175.5616   15718.3434
   149   12 Mg         8.4865     175.5616   15718.3434
   150   45 Rh         8.4540     244.6586   23489.3017
--------------------------------------------------------

Atom-resolved dispersion energies:
--------------------------------------------------
     #    Z           [Hartree]      [kcal/mol]
--------------------------------------------------
     1   12 Mg  -0.74793715E-02     -4.69337648
     2   12 Mg  -0.74793670E-02     -4.69337364
     3   12 Mg  -0.81486163E-02     -5.11333394
     4   12 Mg  -0.81485975E-02     -5.11332213
     5   12 Mg  -0.81486075E-02     -5.11332842
     6   12 Mg  -0.81486130E-02     -5.11333184
     7   12 Mg  -0.75102011E-02     -4.71272236
     8   12 Mg  -0.75102113E-02     -4.71272873
     9   12 Mg  -0.74085808E-02     -4.64895467
    10   12 Mg  -0.74863303E-02     -4.69774320
    11   12 Mg  -0.74793636E-02     -4.69337154
    12   12 Mg  -0.74793724E-02     -4.69337701
    13   12 Mg  -0.74085915E-02     -4.64896134
    14   12 Mg  -0.74085711E-02     -4.64894853
    15   12 Mg  -0.73664604E-02     -4.62252367
    16   12 Mg  -0.73664394E-02     -4.62251051
    17   12 Mg  -0.74793641E-02     -4.69337181
    18   12 Mg  -0.74793753E-02     -4.69337886
    19   12 Mg  -0.75102154E-02     -4.71273132
    20   12 Mg  -0.73664595E-02     -4.62252316
    21   12 Mg  -0.74863372E-02     -4.69774753
    22   12 Mg  -0.74863297E-02     -4.69774284
    23   12 Mg  -0.81486113E-02     -5.11333082
    24   12 Mg  -0.81486073E-02     -5.11332831
    25   12 Mg  -0.81886347E-02     -5.13844583
    26   12 Mg  -0.81886309E-02     -5.13844349
    27   12 Mg  -0.81886509E-02     -5.13845603
    28   12 Mg  -0.74926530E-02     -4.70171072
    29   12 Mg  -0.74926532E-02     -4.70171090
    30   12 Mg  -0.74926474E-02     -4.70170720
    31   12 Mg  -0.74926524E-02     -4.70171038
    32   12 Mg  -0.74926407E-02     -4.70170303
    33   12 Mg  -0.74926524E-02     -4.70171038
    34   12 Mg  -0.73896627E-02     -4.63708336
    35   12 Mg  -0.73896755E-02     -4.63709139
    36   12 Mg  -0.73896705E-02     -4.63708823
    37   12 Mg  -0.73787620E-02     -4.63024309
    38   12 Mg  -0.73787635E-02     -4.63024402
    39   12 Mg  -0.73787683E-02     -4.63024705
    40   12 Mg  -0.73621185E-02     -4.61979914
    41   12 Mg  -0.73621187E-02     -4.61979926
    42   12 Mg  -0.73621105E-02     -4.61979408
    43   12 Mg  -0.73621161E-02     -4.61979762
    44   12 Mg  -0.73621183E-02     -4.61979899
    45   12 Mg  -0.73621203E-02     -4.61980021
    46   12 Mg  -0.73659806E-02     -4.62222264
    47   12 Mg  -0.76240142E-02     -4.78414115
    48   12 Mg  -0.76240117E-02     -4.78413955
    49   12 Mg  -0.76240088E-02     -4.78413775
    50   12 Mg  -0.75238524E-02     -4.72128869
    51   12 Mg  -0.74455323E-02     -4.67214206
    52   12 Mg  -0.74455418E-02     -4.67214799
    53   12 Mg  -0.74455266E-02     -4.67213845
    54   12 Mg  -0.74455372E-02     -4.67214516
    55   12 Mg  -0.74455365E-02     -4.67214469
    56   12 Mg  -0.74455419E-02     -4.67214810
    57   12 Mg  -0.73888170E-02     -4.63655269
    58   12 Mg  -0.73888372E-02     -4.63656532
    59   12 Mg  -0.73888274E-02     -4.63655917
    60   12 Mg  -0.73888280E-02     -4.63655955
    61   12 Mg  -0.73888229E-02     -4.63655637
    62   12 Mg  -0.73888290E-02     -4.63656019
    63   12 Mg  -0.73591004E-02     -4.61790524
    64   12 Mg  -0.73591047E-02     -4.61790790
    65   12 Mg  -0.73591032E-02     -4.61790700
    66   12 Mg  -0.73564575E-02     -4.61624678
    67   12 Mg  -0.73564613E-02     -4.61624914
    68   12 Mg  -0.73564547E-02     -4.61624502
    69   12 Mg  -0.73918498E-02     -4.63845579
    70   12 Mg  -0.73918609E-02     -4.63846272
    71   12 Mg  -0.73918489E-02     -4.63845519
    72   12 Mg  -0.73788645E-02     -4.63030735
    73   12 Mg  -0.73788441E-02     -4.63029461
    74   12 Mg  -0.73788510E-02     -4.63029890
    75   12 Mg  -0.73747830E-02     -4.62774622
    76   12 Mg  -0.73952107E-02     -4.64056478
    77   12 Mg  -0.73952199E-02     -4.64057055
    78   12 Mg  -0.73611462E-02     -4.61918899
    79   12 Mg  -0.73611505E-02     -4.61919168
    80   12 Mg  -0.73830720E-02     -4.63294760
    81   12 Mg  -0.73830741E-02     -4.63294895
    82   12 Mg  -0.73760745E-02     -4.62855662
    83   12 Mg  -0.73611309E-02     -4.61917938
    84   12 Mg  -0.73611430E-02     -4.61918694
    85   12 Mg  -0.73690264E-02     -4.62413388
    86   12 Mg  -0.73823370E-02     -4.63248638
    87   12 Mg  -0.73823439E-02     -4.63249076
    88   12 Mg  -0.73611416E-02     -4.61918612
    89   12 Mg  -0.73611591E-02     -4.61919706
    90   12 Mg  -0.73690351E-02     -4.62413936
    91   12 Mg  -0.73690283E-02     -4.62413506
    92   12 Mg  -0.73830768E-02     -4.63295065
    93   12 Mg  -0.73830682E-02     -4.63294527
    94   12 Mg  -0.73952153E-02     -4.64056764
    95   12 Mg  -0.73823349E-02     -4.63248508
    96   12 Mg  -0.73747874E-02     -4.62774898
    97   12 Mg  -0.73747948E-02     -4.62775362
    98   12 Mg  -0.73830664E-02     -4.63294411
    99   12 Mg  -0.73830761E-02     -4.63295020
   100   12 Mg  -0.73788559E-02     -4.63030199
   101   12 Mg  -0.73788356E-02     -4.63028924
   102   12 Mg  -0.73788424E-02     -4.63029353
   103   12 Mg  -0.73918415E-02     -4.63845060
   104   12 Mg  -0.73918526E-02     -4.63845753
   105   12 Mg  -0.73918406E-02     -4.63845000
   106   12 Mg  -0.73564538E-02     -4.61624447
   107   12 Mg  -0.73564576E-02     -4.61624683
   108   12 Mg  -0.73564510E-02     -4.61624271
   109   12 Mg  -0.73591101E-02     -4.61791132
   110   12 Mg  -0.73591144E-02     -4.61791398
   111   12 Mg  -0.73591129E-02     -4.61791308
   112   12 Mg  -0.73888192E-02     -4.63655402
   113   12 Mg  -0.73888393E-02     -4.63656665
   114   12 Mg  -0.73888295E-02     -4.63656050
   115   12 Mg  -0.73888301E-02     -4.63656088
   116   12 Mg  -0.73888250E-02     -4.63655770
   117   12 Mg  -0.73888311E-02     -4.63656152
   118   12 Mg  -0.74455362E-02     -4.67214448
   119   12 Mg  -0.74455456E-02     -4.67215042
   120   12 Mg  -0.74455304E-02     -4.67214088
   121   12 Mg  -0.74455411E-02     -4.67214759
   122   12 Mg  -0.74455404E-02     -4.67214712
   123   12 Mg  -0.74455458E-02     -4.67215052
   124   12 Mg  -0.75238483E-02     -4.72128611
   125   12 Mg  -0.76240142E-02     -4.78414115
   126   12 Mg  -0.76240117E-02     -4.78413956
   127   12 Mg  -0.76240088E-02     -4.78413776
   128   12 Mg  -0.73659868E-02     -4.62222649
   129   12 Mg  -0.73621222E-02     -4.61980143
   130   12 Mg  -0.73621224E-02     -4.61980155
   131   12 Mg  -0.73621141E-02     -4.61979637
   132   12 Mg  -0.73621198E-02     -4.61979992
   133   12 Mg  -0.73621220E-02     -4.61980129
   134   12 Mg  -0.73621239E-02     -4.61980250
   135   12 Mg  -0.73787606E-02     -4.63024221
   136   12 Mg  -0.73787621E-02     -4.63024314
   137   12 Mg  -0.73787669E-02     -4.63024616
   138   12 Mg  -0.73896628E-02     -4.63708340
   139   12 Mg  -0.73896756E-02     -4.63709143
   140   12 Mg  -0.73896705E-02     -4.63708827
   141   12 Mg  -0.74926521E-02     -4.70171016
   142   12 Mg  -0.74926524E-02     -4.70171034
   143   12 Mg  -0.74926465E-02     -4.70170664
   144   12 Mg  -0.74926515E-02     -4.70170982
   145   12 Mg  -0.74926398E-02     -4.70170247
   146   12 Mg  -0.74926515E-02     -4.70170982
   147   12 Mg  -0.81886326E-02     -5.13844454
   148   12 Mg  -0.81886289E-02     -5.13844220
   149   12 Mg  -0.81886489E-02     -5.13845474
   150   45 Rh  -0.16809874E-01    -10.54835498
--------------------------------------------------

Dispersion energy:      -1.1307513103860E+00 Eh

[Info] Dispersion energy written to .EDISP
