-----------------------------------
 s i m p l e   D F T - D 3  v1.2.1
-----------------------------------

Zero (Chai-Head-Gordon) damping: pbe-D3(0)
--------------------
  s6         1.0000
  s8         0.7220
  s9         0.0000
 rs6         1.2170
 rs8         1.0000
 alp        14.0000
--------------------

Atomic radii (in Angstrom):
-------------------------------------------
   Z          R(cov)     R(vdw)      r4/r2
-------------------------------------------
  12 Mg       1.6667     1.7420     2.8909
  45 Rh       1.5067     1.6987     2.9936
-------------------------------------------

Atomic reference systems (in atomic units):
----------------------------------------------------------------------------
   Z        #      CN    C6(AA)   #      CN    C6(AA)   #      CN    C6(AA)
----------------------------------------------------------------------------
  12 Mg     1  0.0000  683.3758   2  0.9628  451.2708   3  1.9496  175.5616
  45 Rh     1  0.0000  713.9427   2  1.9003  332.2425   3  2.9696  244.6586
----------------------------------------------------------------------------

Dispersion properties (in atomic units):
--------------------------------------------------------
     #    Z                CN       C6(AA)       C8(AA)
--------------------------------------------------------
     1   12 Mg         0.0026     677.1013   60622.0891
     2   12 Mg         0.0026     677.1013   60622.0890
     3   12 Mg         0.0030     677.0844   60620.5764
     4   12 Mg         0.0030     677.0844   60620.5763
     5   12 Mg         0.0030     677.0844   60620.5764
     6   12 Mg         0.0030     677.0844   60620.5764
     7   12 Mg         0.0027     677.0998   60621.9521
     8   12 Mg         0.0027     677.0998   60621.9521
     9   12 Mg         0.0027     677.1001   60621.9806
    10   12 Mg         0.0027     677.0997   60621.9465
    11   12 Mg         0.0026     677.1013   60622.0891
    12   12 Mg         0.0026     677.1013   60622.0891
    13   12 Mg         0.0027     677.1001   60621.9807
    14   12 Mg         0.0027     677.1001   60621.9806
    15   12 Mg         0.0026     677.1006   60622.0263
    16   12 Mg         0.0026     677.1006   60622.0263
    17   12 Mg         0.0026     677.1013   60622.0890
    18   12 Mg         0.0026     677.1013   60622.0891
    19   12 Mg         0.0027     677.0998   60621.9522
    20   12 Mg         0.0026     677.1006   60622.0263
    21   12 Mg         0.0027     677.0997   60621.9465
    22   12 Mg         0.0027     677.0997   60621.9465
    23   12 Mg         0.0030     677.0844   60620.5764
    24   12 Mg         0.0030     677.0844   60620.5764
    25   12 Mg         0.0029     677.0865   60620.7610
    26   12 Mg         0.0029     677.0865   60620.7610
    27   12 Mg         0.0029     677.0865   60620.7610
    28   12 Mg         0.0027     677.1000   60621.9674
    29   12 Mg         0.0027     677.1000   60621.9674
    30   12 Mg         0.0027     677.1000   60621.9674
    31   12 Mg         0.0027     677.1000   60621.9674
    32   12 Mg         0.0027     677.1000   60621.9674
    33   12 Mg         0.0027     677.1000   60621.9674
    34   12 Mg         0.0026     677.1006   60622.0250
    35   12 Mg         0.0026     677.1006   60622.0250
    36   12 Mg         0.0026     677.1006   60622.0250
    37   12 Mg         0.0026     677.1006   60622.0285
    38   12 Mg         0.0026     677.1006   60622.0285
    39   12 Mg         0.0026     677.1006   60622.0285
    40   12 Mg         0.0027     677.0981   60621.8025
    41   12 Mg         0.0027     677.0981   60621.8025
    42   12 Mg         0.0027     677.0981   60621.8025
    43   12 Mg         0.0027     677.0981   60621.8025
    44   12 Mg         0.0027     677.0981   60621.8025
    45   12 Mg         0.0027     677.0981   60621.8025
    46   12 Mg         0.0027     677.0980   60621.7966
    47   12 Mg         0.0028     677.0956   60621.5783
    48   12 Mg         0.0028     677.0956   60621.5782
    49   12 Mg         0.0028     677.0956   60621.5782
    50   12 Mg         0.0027     677.1004   60622.0036
    51   12 Mg         0.0027     677.1002   60621.9916
    52   12 Mg         0.0027     677.1002   60621.9916
    53   12 Mg         0.0027     677.1002   60621.9915
    54   12 Mg         0.0027     677.1002   60621.9916
    55   12 Mg         0.0027     677.1002   60621.9916
    56   12 Mg         0.0027     677.1002   60621.9916
    57   12 Mg         0.0027     677.0999   60621.9580
    58   12 Mg         0.0027     677.0999   60621.9581
    59   12 Mg         0.0027     677.0999   60621.9581
    60   12 Mg         0.0027     677.0999   60621.9581
    61   12 Mg         0.0027     677.0999   60621.9581
    62   12 Mg         0.0027     677.0999   60621.9581
    63   12 Mg         0.0027     677.0996   60621.9371
    64   12 Mg         0.0027     677.0996   60621.9371
    65   12 Mg         0.0027     677.0996   60621.9370
    66   12 Mg         0.0027     677.0996   60621.9395
    67   12 Mg         0.0027     677.0996   60621.9395
    68   12 Mg         0.0027     677.0996   60621.9394
    69   12 Mg         0.0027     677.0990   60621.8789
    70   12 Mg         0.0027     677.0990   60621.8789
    71   12 Mg         0.0027     677.0990   60621.8789
    72   12 Mg         0.0027     677.0988   60621.8608
    73   12 Mg         0.0027     677.0988   60621.8607
    74   12 Mg         0.0027     677.0988   60621.8607
    75   12 Mg         0.0027     677.1004   60622.0054
    76   12 Mg         0.0027     677.1004   60622.0100
    77   12 Mg         0.0027     677.1004   60622.0099
    78   12 Mg         0.0027     677.0987   60621.8547
    79   12 Mg         0.0027     677.0987   60621.8547
    80   12 Mg         0.0027     677.1002   60621.9931
    81   12 Mg         0.0027     677.1002   60621.9931
    82   12 Mg         0.0027     677.0985   60621.8344
    83   12 Mg         0.0027     677.0987   60621.8547
    84   12 Mg         0.0027     677.0987   60621.8547
    85   12 Mg         0.0027     677.0998   60621.9568
    86   12 Mg         0.0027     677.1000   60621.9686
    87   12 Mg         0.0027     677.1000   60621.9686
    88   12 Mg         0.0027     677.0987   60621.8547
    89   12 Mg         0.0027     677.0987   60621.8547
    90   12 Mg         0.0027     677.0998   60621.9568
    91   12 Mg         0.0027     677.0998   60621.9568
    92   12 Mg         0.0027     677.1002   60621.9931
    93   12 Mg         0.0027     677.1002   60621.9931
    94   12 Mg         0.0027     677.1004   60622.0099
    95   12 Mg         0.0027     677.1000   60621.9686
    96   12 Mg         0.0027     677.1004   60622.0054
    97   12 Mg         0.0027     677.1004   60622.0054
    98   12 Mg         0.0027     677.1002   60621.9931
    99   12 Mg         0.0027     677.1002   60621.9931
   100   12 Mg         0.0027     677.0988   60621.8608
   101   12 Mg         0.0027     677.0988   60621.8606
   102   12 Mg         0.0027     677.0988   60621.8607
   103   12 Mg         0.0027     677.0990   60621.8788
   104   12 Mg         0.0027     677.0990   60621.8788
   105   12 Mg         0.0027     677.0990   60621.8788
   106   12 Mg         0.0027     677.0996   60621.9395
   107   12 Mg         0.0027     677.0996   60621.9395
   108   12 Mg         0.0027     677.0996   60621.9394
   109   12 Mg         0.0027     677.0996   60621.9371
   110   12 Mg         0.0027     677.0996   60621.9371
   111   12 Mg         0.0027     677.0996   60621.9371
   112   12 Mg         0.0027     677.0999   60621.9580
   113   12 Mg         0.0027     677.0999   60621.9581
   114   12 Mg         0.0027     677.0999   60621.9581
   115   12 Mg         0.0027     677.0999   60621.9581
   116   12 Mg         0.0027     677.0999   60621.9581
   117   12 Mg         0.0027     677.0999   60621.9581
   118   12 Mg         0.0027     677.1002   60621.9916
   119   12 Mg         0.0027     677.1002   60621.9917
   120   12 Mg         0.0027     677.1002   60621.9916
   121   12 Mg         0.0027     677.1002   60621.9916
   122   12 Mg         0.0027     677.1002   60621.9916
   123   12 Mg         0.0027     677.1002   60621.9916
   124   12 Mg         0.0027     677.1004   60622.0036
   125   12 Mg         0.0028     677.0956   60621.5783
   126   12 Mg         0.0028     677.0956   60621.5782
   127   12 Mg         0.0028     677.0956   60621.5782
   128   12 Mg         0.0027     677.0980   60621.7966
   129   12 Mg         0.0027     677.0981   60621.8025
   130   12 Mg         0.0027     677.0981   60621.8025
   131   12 Mg         0.0027     677.0981   60621.8025
   132   12 Mg         0.0027     677.0981   60621.8025
   133   12 Mg         0.0027     677.0981   60621.8025
   134   12 Mg         0.0027     677.0981   60621.8025
   135   12 Mg         0.0026     677.1006   60622.0285
   136   12 Mg         0.0026     677.1006   60622.0285
   137   12 Mg         0.0026     677.1006   60622.0285
   138   12 Mg         0.0026     677.1006   60622.0250
   139   12 Mg         0.0026     677.1006   60622.0250
   140   12 Mg         0.0026     677.1006   60622.0250
   141   12 Mg         0.0027     677.1000   60621.9674
   142   12 Mg         0.0027     677.1000   60621.9674
   143   12 Mg         0.0027     677.1000   60621.9674
   144   12 Mg         0.0027     677.1000   60621.9674
   145   12 Mg         0.0027     677.1000   60621.9674
   146   12 Mg         0.0027     677.1000   60621.9674
   147   12 Mg         0.0029     677.0865   60620.7610
   148   12 Mg         0.0029     677.0865   60620.7610
   149   12 Mg         0.0029     677.0865   60620.7610
   150   45 Rh         0.0027     713.9424   68544.5322
--------------------------------------------------------

Atom-resolved dispersion energies:
--------------------------------------------------
     #    Z           [Hartree]      [kcal/mol]
--------------------------------------------------
     1   12 Mg  -0.10108016E-02     -0.63428761
     2   12 Mg  -0.10108040E-02     -0.63428911
     3   12 Mg  -0.11531834E-02     -0.72363350
     4   12 Mg  -0.11531894E-02     -0.72363729
     5   12 Mg  -0.11531866E-02     -0.72363552
     6   12 Mg  -0.11531842E-02     -0.72363400
     7   12 Mg  -0.10249593E-02     -0.64317166
     8   12 Mg  -0.10249582E-02     -0.64317100
     9   12 Mg  -0.10219777E-02     -0.64130070
    10   12 Mg  -0.10204190E-02     -0.64032260
    11   12 Mg  -0.10108024E-02     -0.63428810
    12   12 Mg  -0.10108029E-02     -0.63428836
    13   12 Mg  -0.10219733E-02     -0.64129790
    14   12 Mg  -0.10219812E-02     -0.64130291
    15   12 Mg  -0.10177828E-02     -0.63866834
    16   12 Mg  -0.10177870E-02     -0.63867099
    17   12 Mg  -0.10108051E-02     -0.63428978
    18   12 Mg  -0.10107991E-02     -0.63428604
    19   12 Mg  -0.10249544E-02     -0.64316863
    20   12 Mg  -0.10177827E-02     -0.63866830
    21   12 Mg  -0.10204191E-02     -0.64032263
    22   12 Mg  -0.10204205E-02     -0.64032355
    23   12 Mg  -0.11531867E-02     -0.72363557
    24   12 Mg  -0.11531840E-02     -0.72363391
    25   12 Mg  -0.11395290E-02     -0.71506525
    26   12 Mg  -0.11395313E-02     -0.71506667
    27   12 Mg  -0.11395252E-02     -0.71506286
    28   12 Mg  -0.10222624E-02     -0.64147936
    29   12 Mg  -0.10222598E-02     -0.64147768
    30   12 Mg  -0.10222619E-02     -0.64147900
    31   12 Mg  -0.10222635E-02     -0.64148005
    32   12 Mg  -0.10222641E-02     -0.64148040
    33   12 Mg  -0.10222625E-02     -0.64147939
    34   12 Mg  -0.10180879E-02     -0.63885979
    35   12 Mg  -0.10180860E-02     -0.63885860
    36   12 Mg  -0.10180869E-02     -0.63885918
    37   12 Mg  -0.10178316E-02     -0.63869900
    38   12 Mg  -0.10178331E-02     -0.63869989
    39   12 Mg  -0.10178308E-02     -0.63869846
    40   12 Mg  -0.10356321E-02     -0.64986898
    41   12 Mg  -0.10356295E-02     -0.64986735
    42   12 Mg  -0.10356305E-02     -0.64986797
    43   12 Mg  -0.10356333E-02     -0.64986972
    44   12 Mg  -0.10356296E-02     -0.64986737
    45   12 Mg  -0.10356310E-02     -0.64986825
    46   12 Mg  -0.10360037E-02     -0.65010215
    47   12 Mg  -0.10537937E-02     -0.66126551
    48   12 Mg  -0.10537964E-02     -0.66126720
    49   12 Mg  -0.10537961E-02     -0.66126705
    50   12 Mg  -0.10202477E-02     -0.64021512
    51   12 Mg  -0.10206220E-02     -0.64045000
    52   12 Mg  -0.10206167E-02     -0.64044665
    53   12 Mg  -0.10206244E-02     -0.64045146
    54   12 Mg  -0.10206191E-02     -0.64044819
    55   12 Mg  -0.10206192E-02     -0.64044821
    56   12 Mg  -0.10206180E-02     -0.64044749
    57   12 Mg  -0.10235127E-02     -0.64226395
    58   12 Mg  -0.10235046E-02     -0.64225882
    59   12 Mg  -0.10235094E-02     -0.64226184
    60   12 Mg  -0.10235068E-02     -0.64226024
    61   12 Mg  -0.10235105E-02     -0.64226252
    62   12 Mg  -0.10235080E-02     -0.64226096
    63   12 Mg  -0.10247469E-02     -0.64303840
    64   12 Mg  -0.10247472E-02     -0.64303856
    65   12 Mg  -0.10247485E-02     -0.64303939
    66   12 Mg  -0.10244824E-02     -0.64287238
    67   12 Mg  -0.10244826E-02     -0.64287256
    68   12 Mg  -0.10244849E-02     -0.64287400
    69   12 Mg  -0.10298474E-02     -0.64623902
    70   12 Mg  -0.10298453E-02     -0.64623766
    71   12 Mg  -0.10298475E-02     -0.64623908
    72   12 Mg  -0.10313281E-02     -0.64716817
    73   12 Mg  -0.10313389E-02     -0.64717491
    74   12 Mg  -0.10313353E-02     -0.64717267
    75   12 Mg  -0.10195355E-02     -0.63976818
    76   12 Mg  -0.10192130E-02     -0.63956579
    77   12 Mg  -0.10192142E-02     -0.63956655
    78   12 Mg  -0.10313897E-02     -0.64720680
    79   12 Mg  -0.10313939E-02     -0.64720943
    80   12 Mg  -0.10205362E-02     -0.64039616
    81   12 Mg  -0.10205340E-02     -0.64039473
    82   12 Mg  -0.10332241E-02     -0.64835794
    83   12 Mg  -0.10313942E-02     -0.64720965
    84   12 Mg  -0.10313947E-02     -0.64720993
    85   12 Mg  -0.10234116E-02     -0.64220050
    86   12 Mg  -0.10225335E-02     -0.64164945
    87   12 Mg  -0.10225313E-02     -0.64164807
    88   12 Mg  -0.10313948E-02     -0.64721002
    89   12 Mg  -0.10313889E-02     -0.64720628
    90   12 Mg  -0.10234108E-02     -0.64219997
    91   12 Mg  -0.10234130E-02     -0.64220137
    92   12 Mg  -0.10205352E-02     -0.64039551
    93   12 Mg  -0.10205374E-02     -0.64039686
    94   12 Mg  -0.10192152E-02     -0.63956722
    95   12 Mg  -0.10225347E-02     -0.64165018
    96   12 Mg  -0.10195357E-02     -0.63976833
    97   12 Mg  -0.10195322E-02     -0.63976611
    98   12 Mg  -0.10205361E-02     -0.64039609
    99   12 Mg  -0.10205350E-02     -0.64039536
   100   12 Mg  -0.10313318E-02     -0.64717047
   101   12 Mg  -0.10313425E-02     -0.64717721
   102   12 Mg  -0.10313390E-02     -0.64717497
   103   12 Mg  -0.10298534E-02     -0.64624274
   104   12 Mg  -0.10298512E-02     -0.64624138
   105   12 Mg  -0.10298535E-02     -0.64624280
   106   12 Mg  -0.10244822E-02     -0.64287226
   107   12 Mg  -0.10244824E-02     -0.64287244
   108   12 Mg  -0.10244847E-02     -0.64287388
   109   12 Mg  -0.10247433E-02     -0.64303612
   110   12 Mg  -0.10247435E-02     -0.64303628
   111   12 Mg  -0.10247449E-02     -0.64303711
   112   12 Mg  -0.10235129E-02     -0.64226406
   113   12 Mg  -0.10235048E-02     -0.64225894
   114   12 Mg  -0.10235096E-02     -0.64226196
   115   12 Mg  -0.10235070E-02     -0.64226036
   116   12 Mg  -0.10235107E-02     -0.64226264
   117   12 Mg  -0.10235082E-02     -0.64226108
   118   12 Mg  -0.10206200E-02     -0.64044873
   119   12 Mg  -0.10206147E-02     -0.64044538
   120   12 Mg  -0.10206223E-02     -0.64045019
   121   12 Mg  -0.10206171E-02     -0.64044692
   122   12 Mg  -0.10206172E-02     -0.64044695
   123   12 Mg  -0.10206160E-02     -0.64044622
   124   12 Mg  -0.10202476E-02     -0.64021506
   125   12 Mg  -0.10537936E-02     -0.66126548
   126   12 Mg  -0.10537963E-02     -0.66126717
   127   12 Mg  -0.10537961E-02     -0.66126703
   128   12 Mg  -0.10360038E-02     -0.65010222
   129   12 Mg  -0.10356323E-02     -0.64986905
   130   12 Mg  -0.10356297E-02     -0.64986742
   131   12 Mg  -0.10356306E-02     -0.64986804
   132   12 Mg  -0.10356334E-02     -0.64986979
   133   12 Mg  -0.10356297E-02     -0.64986744
   134   12 Mg  -0.10356311E-02     -0.64986832
   135   12 Mg  -0.10178316E-02     -0.63869897
   136   12 Mg  -0.10178330E-02     -0.63869987
   137   12 Mg  -0.10178307E-02     -0.63869843
   138   12 Mg  -0.10180878E-02     -0.63885977
   139   12 Mg  -0.10180860E-02     -0.63885858
   140   12 Mg  -0.10180869E-02     -0.63885917
   141   12 Mg  -0.10222624E-02     -0.64147933
   142   12 Mg  -0.10222597E-02     -0.64147765
   143   12 Mg  -0.10222618E-02     -0.64147897
   144   12 Mg  -0.10222635E-02     -0.64148002
   145   12 Mg  -0.10222640E-02     -0.64148037
   146   12 Mg  -0.10222624E-02     -0.64147936
   147   12 Mg  -0.11395291E-02     -0.71506534
   148   12 Mg  -0.11395314E-02     -0.71506675
   149   12 Mg  -0.11395253E-02     -0.71506294
   150   45 Rh  -0.14425874E-02     -0.90523723
--------------------------------------------------

Dispersion energy:      -1.5565550594840E-01 Eh

[Info] Dispersion energy written to .EDISP
