-----------------------------------
 s i m p l e   D F T - D 3  v1.2.1
-----------------------------------

Zero (Chai-Head-Gordon) damping: pbe-D3(0)
--------------------
  s6         1.0000
  s8         0.7220
  s9         0.0000
 rs6         1.2170
 rs8         1.0000
 alp        14.0000
--------------------

Atomic radii (in Angstrom):
-------------------------------------------
   Z          R(cov)     R(vdw)      r4/r2
-------------------------------------------
  12 Mg       1.6667     1.7420     2.8909
  15 P        1.4667     1.7509     2.2740
-------------------------------------------

Atomic reference systems (in atomic units):
----------------------------------------------------------------------------
   Z        #      CN    C6(AA)   #      CN    C6(AA)   #      CN    C6(AA)
----------------------------------------------------------------------------
  12 Mg     1  0.0000  683.3758   2  0.9628  451.2708   3  1.9496  175.5616
  15 P      1  0.0000  191.6887   2  0.9947  180.6238   3  2.0102  175.5534
            4  2.9859  151.6886
----------------------------------------------------------------------------

Dispersion properties (in atomic units):
--------------------------------------------------------
     #    Z                CN       C6(AA)       C8(AA)
--------------------------------------------------------
     1   12 Mg        12.7273     175.5616   15718.3434
     2   12 Mg        12.7273     175.5616   15718.3434
     3   12 Mg        12.7273     175.5616   15718.3434
     4   12 Mg        12.7273     175.5616   15718.3434
     5   12 Mg        12.7055     175.5616   15718.3434
     6   12 Mg        12.7055     175.5616   15718.3434
     7   12 Mg        12.6881     175.5616   15718.3434
     8   12 Mg        12.6713     175.5616   15718.3434
     9   12 Mg        12.6800     175.5616   15718.3434
    10   12 Mg        12.6800     175.5616   15718.3434
    11   12 Mg        12.6881     175.5616   15718.3434
    12   12 Mg        12.6881     175.5616   15718.3434
    13   12 Mg        12.6586     175.5616   15718.3434
    14   12 Mg        12.6586     175.5616   15718.3434
    15   12 Mg        12.6800     175.5616   15718.3434
    16   12 Mg        12.6800     175.5616   15718.3434
    17   12 Mg        12.7055     175.5616   15718.3434
    18   12 Mg        12.6586     175.5616   15718.3434
    19   12 Mg        12.6713     175.5616   15718.3434
    20   12 Mg        12.6713     175.5616   15718.3434
    21   12 Mg        12.7273     175.5616   15718.3434
    22   12 Mg        12.7273     175.5616   15718.3434
    23   12 Mg        12.6800     175.5616   15718.3434
    24   12 Mg        12.6800     175.5616   15718.3434
    25   12 Mg        12.7288     175.5616   15718.3434
    26   12 Mg        12.7288     175.5616   15718.3434
    27   12 Mg        12.7288     175.5616   15718.3434
    28   12 Mg        12.6694     175.5616   15718.3434
    29   12 Mg        12.6694     175.5616   15718.3434
    30   12 Mg        12.6694     175.5616   15718.3434
    31   12 Mg        12.6694     175.5616   15718.3434
    32   12 Mg        12.6694     175.5616   15718.3434
    33   12 Mg        12.6694     175.5616   15718.3434
    34   12 Mg        12.6725     175.5616   15718.3434
    35   12 Mg        12.6725     175.5616   15718.3434
    36   12 Mg        12.6725     175.5616   15718.3434
    37   12 Mg        12.6701     175.5616   15718.3434
    38   12 Mg        12.6682     175.5616   15718.3434
    39   12 Mg        12.6682     175.5616   15718.3434
    40   12 Mg        12.6682     175.5616   15718.3434
    41   12 Mg        12.6682     175.5616   15718.3434
    42   12 Mg        12.6682     175.5616   15718.3434
    43   12 Mg        12.6682     175.5616   15718.3434
    44   12 Mg        12.6633     175.5616   15718.3434
    45   12 Mg        12.6633     175.5616   15718.3434
    46   12 Mg        12.6633     175.5616   15718.3434
    47   12 Mg        12.6470     175.5616   15718.3434
    48   12 Mg        12.6470     175.5616   15718.3434
    49   12 Mg        12.6470     175.5616   15718.3434
    50   12 Mg        12.6736     175.5616   15718.3434
    51   12 Mg        12.6420     175.5616   15718.3434
    52   12 Mg        12.6420     175.5616   15718.3434
    53   12 Mg        12.6420     175.5616   15718.3434
    54   12 Mg        12.6683     175.5616   15718.3434
    55   12 Mg        12.6683     175.5616   15718.3434
    56   12 Mg        12.6683     175.5616   15718.3434
    57   12 Mg        12.6683     175.5616   15718.3434
    58   12 Mg        12.6683     175.5616   15718.3434
    59   12 Mg        12.6683     175.5616   15718.3434
    60   12 Mg        12.6649     175.5616   15718.3434
    61   12 Mg        12.6649     175.5616   15718.3434
    62   12 Mg        12.6649     175.5616   15718.3434
    63   12 Mg        12.6649     175.5616   15718.3434
    64   12 Mg        12.6649     175.5616   15718.3434
    65   12 Mg        12.6649     175.5616   15718.3434
    66   12 Mg        12.6624     175.5616   15718.3434
    67   12 Mg        12.6624     175.5616   15718.3434
    68   12 Mg        12.6624     175.5616   15718.3434
    69   12 Mg        12.6675     175.5616   15718.3434
    70   12 Mg        12.6675     175.5616   15718.3434
    71   12 Mg        12.6675     175.5616   15718.3434
    72   12 Mg        12.6394     175.5616   15718.3434
    73   12 Mg        12.6394     175.5616   15718.3434
    74   12 Mg        12.6394     175.5616   15718.3434
    75   12 Mg        12.6766     175.5616   15718.3434
    76   12 Mg        12.6608     175.5616   15718.3434
    77   12 Mg        12.6608     175.5616   15718.3434
    78   12 Mg        12.6505     175.5616   15718.3434
    79   12 Mg        12.6505     175.5616   15718.3434
    80   12 Mg        12.6610     175.5616   15718.3434
    81   12 Mg        12.6610     175.5616   15718.3434
    82   12 Mg        12.6509     175.5616   15718.3434
    83   12 Mg        12.6505     175.5616   15718.3434
    84   12 Mg        12.6505     175.5616   15718.3434
    85   12 Mg        12.6505     175.5616   15718.3434
    86   12 Mg        12.6505     175.5616   15718.3434
    87   12 Mg        12.6547     175.5616   15718.3434
    88   12 Mg        12.6465     175.5616   15718.3434
    89   12 Mg        12.6465     175.5616   15718.3434
    90   12 Mg        12.6547     175.5616   15718.3434
    91   12 Mg        12.6547     175.5616   15718.3434
    92   12 Mg        12.6608     175.5616   15718.3434
    93   12 Mg        12.6610     175.5616   15718.3434
    94   12 Mg        12.6610     175.5616   15718.3434
    95   12 Mg        12.6465     175.5616   15718.3434
    96   12 Mg        12.6610     175.5616   15718.3434
    97   12 Mg        12.6610     175.5616   15718.3434
    98   12 Mg        12.6766     175.5616   15718.3434
    99   12 Mg        12.6766     175.5616   15718.3434
   100   12 Mg        12.6394     175.5616   15718.3434
   101   12 Mg        12.6394     175.5616   15718.3434
   102   12 Mg        12.6394     175.5616   15718.3434
   103   12 Mg        12.6675     175.5616   15718.3434
   104   12 Mg        12.6675     175.5616   15718.3434
   105   12 Mg        12.6675     175.5616   15718.3434
   106   12 Mg        12.6624     175.5616   15718.3434
   107   12 Mg        12.6624     175.5616   15718.3434
   108   12 Mg        12.6624     175.5616   15718.3434
   109   12 Mg        12.6649     175.5616   15718.3434
   110   12 Mg        12.6649     175.5616   15718.3434
   111   12 Mg        12.6649     175.5616   15718.3434
   112   12 Mg        12.6649     175.5616   15718.3434
   113   12 Mg        12.6649     175.5616   15718.3434
   114   12 Mg        12.6649     175.5616   15718.3434
   115   12 Mg        12.6683     175.5616   15718.3434
   116   12 Mg        12.6683     175.5616   15718.3434
   117   12 Mg        12.6683     175.5616   15718.3434
   118   12 Mg        12.6683     175.5616   15718.3434
   119   12 Mg        12.6683     175.5616   15718.3434
   120   12 Mg        12.6683     175.5616   15718.3434
   121   12 Mg        12.6420     175.5616   15718.3434
   122   12 Mg        12.6421     175.5616   15718.3434
   123   12 Mg        12.6420     175.5616   15718.3434
   124   12 Mg        12.6736     175.5616   15718.3434
   125   12 Mg        12.6470     175.5616   15718.3434
   126   12 Mg        12.6470     175.5616   15718.3434
   127   12 Mg        12.6470     175.5616   15718.3434
   128   12 Mg        12.6633     175.5616   15718.3434
   129   12 Mg        12.6633     175.5616   15718.3434
   130   12 Mg        12.6633     175.5616   15718.3434
   131   12 Mg        12.6682     175.5616   15718.3434
   132   12 Mg        12.6682     175.5616   15718.3434
   133   12 Mg        12.6682     175.5616   15718.3434
   134   12 Mg        12.6682     175.5616   15718.3434
   135   12 Mg        12.6682     175.5616   15718.3434
   136   12 Mg        12.6682     175.5616   15718.3434
   137   12 Mg        12.6701     175.5616   15718.3434
   138   12 Mg        12.6725     175.5616   15718.3434
   139   12 Mg        12.6725     175.5616   15718.3434
   140   12 Mg        12.6725     175.5616   15718.3434
   141   12 Mg        12.6694     175.5616   15718.3434
   142   12 Mg        12.6694     175.5616   15718.3434
   143   12 Mg        12.6694     175.5616   15718.3434
   144   12 Mg        12.6694     175.5616   15718.3434
   145   12 Mg        12.6694     175.5616   15718.3434
   146   12 Mg        12.6694     175.5616   15718.3434
   147   12 Mg        12.7288     175.5616   15718.3434
   148   12 Mg        12.7288     175.5616   15718.3434
   149   12 Mg        12.7288     175.5616   15718.3434
   150   15 P         11.8281     151.6886    8403.5082
--------------------------------------------------------

Atom-resolved dispersion energies:
--------------------------------------------------
     #    Z           [Hartree]      [kcal/mol]
--------------------------------------------------
     1   12 Mg  -0.13113456E-01     -8.22881798
     2   12 Mg  -0.13113466E-01     -8.22882435
     3   12 Mg  -0.13113459E-01     -8.22881997
     4   12 Mg  -0.13113468E-01     -8.22882520
     5   12 Mg  -0.13059510E-01     -8.19496650
     6   12 Mg  -0.13059502E-01     -8.19496103
     7   12 Mg  -0.13044590E-01     -8.18560409
     8   12 Mg  -0.13064607E-01     -8.19816458
     9   12 Mg  -0.13045652E-01     -8.18626997
    10   12 Mg  -0.13045661E-01     -8.18627575
    11   12 Mg  -0.13044588E-01     -8.18560276
    12   12 Mg  -0.13044594E-01     -8.18560660
    13   12 Mg  -0.13028601E-01     -8.17557035
    14   12 Mg  -0.13028598E-01     -8.17556840
    15   12 Mg  -0.13045648E-01     -8.18626752
    16   12 Mg  -0.13045654E-01     -8.18627158
    17   12 Mg  -0.13059507E-01     -8.19496435
    18   12 Mg  -0.13028608E-01     -8.17557502
    19   12 Mg  -0.13064610E-01     -8.19816669
    20   12 Mg  -0.13064613E-01     -8.19816835
    21   12 Mg  -0.13113463E-01     -8.22882249
    22   12 Mg  -0.13113463E-01     -8.22882249
    23   12 Mg  -0.13045654E-01     -8.18627177
    24   12 Mg  -0.13045662E-01     -8.18627649
    25   12 Mg  -0.13111643E-01     -8.22768011
    26   12 Mg  -0.13111650E-01     -8.22768484
    27   12 Mg  -0.13111649E-01     -8.22768411
    28   12 Mg  -0.13072715E-01     -8.20325228
    29   12 Mg  -0.13072718E-01     -8.20325461
    30   12 Mg  -0.13072713E-01     -8.20325131
    31   12 Mg  -0.13072722E-01     -8.20325721
    32   12 Mg  -0.13072719E-01     -8.20325514
    33   12 Mg  -0.13072722E-01     -8.20325671
    34   12 Mg  -0.13002610E-01     -8.15926114
    35   12 Mg  -0.13002609E-01     -8.15926032
    36   12 Mg  -0.13002609E-01     -8.15926030
    37   12 Mg  -0.13041816E-01     -8.18386307
    38   12 Mg  -0.13046516E-01     -8.18681228
    39   12 Mg  -0.13046517E-01     -8.18681303
    40   12 Mg  -0.13046520E-01     -8.18681460
    41   12 Mg  -0.13046517E-01     -8.18681274
    42   12 Mg  -0.13046510E-01     -8.18680853
    43   12 Mg  -0.13046518E-01     -8.18681393
    44   12 Mg  -0.13026784E-01     -8.17443025
    45   12 Mg  -0.13026789E-01     -8.17443375
    46   12 Mg  -0.13026789E-01     -8.17443330
    47   12 Mg  -0.13134164E-01     -8.24181259
    48   12 Mg  -0.13134162E-01     -8.24181120
    49   12 Mg  -0.13134159E-01     -8.24180906
    50   12 Mg  -0.13069837E-01     -8.20144625
    51   12 Mg  -0.13030587E-01     -8.17681683
    52   12 Mg  -0.13030592E-01     -8.17682006
    53   12 Mg  -0.13030592E-01     -8.17681997
    54   12 Mg  -0.13051119E-01     -8.18970093
    55   12 Mg  -0.13051120E-01     -8.18970141
    56   12 Mg  -0.13051120E-01     -8.18970126
    57   12 Mg  -0.13051115E-01     -8.18969827
    58   12 Mg  -0.13051112E-01     -8.18969629
    59   12 Mg  -0.13051120E-01     -8.18970147
    60   12 Mg  -0.13011236E-01     -8.16467400
    61   12 Mg  -0.13011228E-01     -8.16466883
    62   12 Mg  -0.13011234E-01     -8.16467265
    63   12 Mg  -0.13011226E-01     -8.16466770
    64   12 Mg  -0.13011230E-01     -8.16466982
    65   12 Mg  -0.13011234E-01     -8.16467249
    66   12 Mg  -0.13018350E-01     -8.16913775
    67   12 Mg  -0.13018346E-01     -8.16913574
    68   12 Mg  -0.13018349E-01     -8.16913747
    69   12 Mg  -0.13020682E-01     -8.17060117
    70   12 Mg  -0.13020680E-01     -8.17060036
    71   12 Mg  -0.13020678E-01     -8.17059884
    72   12 Mg  -0.13013314E-01     -8.16597766
    73   12 Mg  -0.13013315E-01     -8.16597824
    74   12 Mg  -0.13013316E-01     -8.16597934
    75   12 Mg  -0.13016602E-01     -8.16804128
    76   12 Mg  -0.13026333E-01     -8.17414733
    77   12 Mg  -0.13026345E-01     -8.17415482
    78   12 Mg  -0.13016517E-01     -8.16798797
    79   12 Mg  -0.13016513E-01     -8.16798496
    80   12 Mg  -0.13003131E-01     -8.15958790
    81   12 Mg  -0.13003131E-01     -8.15958767
    82   12 Mg  -0.13015309E-01     -8.16722959
    83   12 Mg  -0.13016508E-01     -8.16798197
    84   12 Mg  -0.13016514E-01     -8.16798594
    85   12 Mg  -0.13016514E-01     -8.16798578
    86   12 Mg  -0.13016516E-01     -8.16798696
    87   12 Mg  -0.12994722E-01     -8.15431102
    88   12 Mg  -0.13003434E-01     -8.15977806
    89   12 Mg  -0.13003427E-01     -8.15977339
    90   12 Mg  -0.12994713E-01     -8.15430576
    91   12 Mg  -0.12994723E-01     -8.15431208
    92   12 Mg  -0.13026335E-01     -8.17414849
    93   12 Mg  -0.13003134E-01     -8.15958951
    94   12 Mg  -0.13003134E-01     -8.15958967
    95   12 Mg  -0.13003433E-01     -8.15977714
    96   12 Mg  -0.13003134E-01     -8.15958972
    97   12 Mg  -0.13003144E-01     -8.15959602
    98   12 Mg  -0.13016599E-01     -8.16803907
    99   12 Mg  -0.13016601E-01     -8.16804064
   100   12 Mg  -0.13013315E-01     -8.16597835
   101   12 Mg  -0.13013316E-01     -8.16597893
   102   12 Mg  -0.13013318E-01     -8.16598003
   103   12 Mg  -0.13020684E-01     -8.17060263
   104   12 Mg  -0.13020683E-01     -8.17060182
   105   12 Mg  -0.13020680E-01     -8.17060030
   106   12 Mg  -0.13018349E-01     -8.16913750
   107   12 Mg  -0.13018346E-01     -8.16913549
   108   12 Mg  -0.13018349E-01     -8.16913722
   109   12 Mg  -0.13011235E-01     -8.16467353
   110   12 Mg  -0.13011227E-01     -8.16466836
   111   12 Mg  -0.13011233E-01     -8.16467218
   112   12 Mg  -0.13011225E-01     -8.16466723
   113   12 Mg  -0.13011229E-01     -8.16466935
   114   12 Mg  -0.13011233E-01     -8.16467202
   115   12 Mg  -0.13051121E-01     -8.18970191
   116   12 Mg  -0.13051122E-01     -8.18970239
   117   12 Mg  -0.13051121E-01     -8.18970225
   118   12 Mg  -0.13051117E-01     -8.18969926
   119   12 Mg  -0.13051113E-01     -8.18969727
   120   12 Mg  -0.13051122E-01     -8.18970246
   121   12 Mg  -0.13030585E-01     -8.17681561
   122   12 Mg  -0.13030590E-01     -8.17681884
   123   12 Mg  -0.13030590E-01     -8.17681875
   124   12 Mg  -0.13069837E-01     -8.20144651
   125   12 Mg  -0.13134165E-01     -8.24181306
   126   12 Mg  -0.13134163E-01     -8.24181168
   127   12 Mg  -0.13134160E-01     -8.24180954
   128   12 Mg  -0.13026787E-01     -8.17443214
   129   12 Mg  -0.13026792E-01     -8.17443564
   130   12 Mg  -0.13026792E-01     -8.17443519
   131   12 Mg  -0.13046518E-01     -8.18681336
   132   12 Mg  -0.13046519E-01     -8.18681411
   133   12 Mg  -0.13046521E-01     -8.18681568
   134   12 Mg  -0.13046518E-01     -8.18681382
   135   12 Mg  -0.13046512E-01     -8.18680961
   136   12 Mg  -0.13046520E-01     -8.18681501
   137   12 Mg  -0.13041817E-01     -8.18386371
   138   12 Mg  -0.13002614E-01     -8.15926321
   139   12 Mg  -0.13002612E-01     -8.15926239
   140   12 Mg  -0.13002612E-01     -8.15926237
   141   12 Mg  -0.13072717E-01     -8.20325346
   142   12 Mg  -0.13072720E-01     -8.20325579
   143   12 Mg  -0.13072715E-01     -8.20325249
   144   12 Mg  -0.13072724E-01     -8.20325839
   145   12 Mg  -0.13072721E-01     -8.20325632
   146   12 Mg  -0.13072724E-01     -8.20325789
   147   12 Mg  -0.13111643E-01     -8.22768036
   148   12 Mg  -0.13111651E-01     -8.22768509
   149   12 Mg  -0.13111650E-01     -8.22768436
   150   15 P   -0.12619376E-01     -7.91877811
--------------------------------------------------

Dispersion energy:      -1.9559736735571E+00 Eh

[Info] Dispersion energy written to .EDISP
