-----------------------------------
 s i m p l e   D F T - D 3  v1.2.1
-----------------------------------

Zero (Chai-Head-Gordon) damping: pbe-D3(0)
--------------------
  s6         1.0000
  s8         0.7220
  s9         0.0000
 rs6         1.2170
 rs8         1.0000
 alp        14.0000
--------------------

Atomic radii (in Angstrom):
-------------------------------------------
   Z          R(cov)     R(vdw)      r4/r2
-------------------------------------------
  12 Mg       1.6667     1.7420     2.8909
  15 P        1.4667     1.7509     2.2740
-------------------------------------------

Atomic reference systems (in atomic units):
----------------------------------------------------------------------------
   Z        #      CN    C6(AA)   #      CN    C6(AA)   #      CN    C6(AA)
----------------------------------------------------------------------------
  12 Mg     1  0.0000  683.3758   2  0.9628  451.2708   3  1.9496  175.5616
  15 P      1  0.0000  191.6887   2  0.9947  180.6238   3  2.0102  175.5534
            4  2.9859  151.6886
----------------------------------------------------------------------------

Dispersion properties (in atomic units):
--------------------------------------------------------
     #    Z                CN       C6(AA)       C8(AA)
--------------------------------------------------------
     1   12 Mg         0.5319     538.6934   48230.1775
     2   12 Mg         0.5319     538.6950   48230.3250
     3   12 Mg         0.5319     538.6937   48230.2040
     4   12 Mg         0.5319     538.6949   48230.3170
     5   12 Mg         0.5209     543.4167   48653.0705
     6   12 Mg         0.5209     543.4152   48652.9283
     7   12 Mg         0.5185     544.4306   48743.8406
     8   12 Mg         0.5161     545.5100   48840.4859
     9   12 Mg         0.5152     545.8984   48875.2614
    10   12 Mg         0.5152     545.9013   48875.5189
    11   12 Mg         0.5185     544.4305   48743.8385
    12   12 Mg         0.5185     544.4322   48743.9882
    13   12 Mg         0.5152     545.8861   48874.1524
    14   12 Mg         0.5152     545.8877   48874.3025
    15   12 Mg         0.5152     545.9013   48875.5135
    16   12 Mg         0.5152     545.8990   48875.3141
    17   12 Mg         0.5209     543.4172   48653.1094
    18   12 Mg         0.5152     545.8872   48874.2538
    19   12 Mg         0.5161     545.5083   48840.3286
    20   12 Mg         0.5160     545.5106   48840.5355
    21   12 Mg         0.5319     538.6968   48230.4836
    22   12 Mg         0.5319     538.6951   48230.3358
    23   12 Mg         0.5152     545.8994   48875.3499
    24   12 Mg         0.5152     545.8991   48875.3225
    25   12 Mg         0.5305     539.2896   48283.5604
    26   12 Mg         0.5305     539.2904   48283.6344
    27   12 Mg         0.5305     539.2895   48283.5516
    28   12 Mg         0.5125     547.0541   48978.7254
    29   12 Mg         0.5125     547.0547   48978.7803
    30   12 Mg         0.5125     547.0535   48978.6758
    31   12 Mg         0.5125     547.0540   48978.7225
    32   12 Mg         0.5125     547.0534   48978.6684
    33   12 Mg         0.5125     547.0535   48978.6745
    34   12 Mg         0.5102     548.0481   49067.7224
    35   12 Mg         0.5102     548.0469   49067.6187
    36   12 Mg         0.5102     548.0474   49067.6657
    37   12 Mg         0.5242     542.0007   48526.2899
    38   12 Mg         0.5200     543.7971   48687.1288
    39   12 Mg         0.5200     543.7977   48687.1817
    40   12 Mg         0.5200     543.7978   48687.1835
    41   12 Mg         0.5200     543.7983   48687.2300
    42   12 Mg         0.5200     543.7971   48687.1265
    43   12 Mg         0.5200     543.7978   48687.1865
    44   12 Mg         0.5113     547.6007   49027.6690
    45   12 Mg         0.5112     547.6030   49027.8705
    46   12 Mg         0.5113     547.6007   49027.6712
    47   12 Mg         0.5316     538.8293   48242.3485
    48   12 Mg         0.5316     538.8307   48242.4722
    49   12 Mg         0.5316     538.8296   48242.3788
    50   12 Mg         0.5245     541.8640   48514.0510
    51   12 Mg         0.5105     547.9290   49057.0627
    52   12 Mg         0.5105     547.9285   49057.0134
    53   12 Mg         0.5105     547.9274   49056.9166
    54   12 Mg         0.5132     546.7650   48952.8438
    55   12 Mg         0.5132     546.7638   48952.7402
    56   12 Mg         0.5132     546.7644   48952.7911
    57   12 Mg         0.5132     546.7633   48952.6977
    58   12 Mg         0.5132     546.7628   48952.6471
    59   12 Mg         0.5132     546.7654   48952.8850
    60   12 Mg         0.5070     549.4861   49196.4676
    61   12 Mg         0.5070     549.4855   49196.4189
    62   12 Mg         0.5070     549.4866   49196.5187
    63   12 Mg         0.5069     549.4872   49196.5662
    64   12 Mg         0.5069     549.4877   49196.6177
    65   12 Mg         0.5069     549.4877   49196.6164
    66   12 Mg         0.5123     547.1405   48986.4616
    67   12 Mg         0.5123     547.1399   48986.4085
    68   12 Mg         0.5123     547.1421   48986.6116
    69   12 Mg         0.5139     546.4326   48923.0902
    70   12 Mg         0.5139     546.4342   48923.2327
    71   12 Mg         0.5139     546.4331   48923.1344
    72   12 Mg         0.5109     547.7428   49040.3871
    73   12 Mg         0.5109     547.7422   49040.3373
    74   12 Mg         0.5109     547.7411   49040.2393
    75   12 Mg         0.5186     544.4113   48742.1188
    76   12 Mg         0.5144     546.2305   48904.9891
    77   12 Mg         0.5144     546.2294   48904.8918
    78   12 Mg         0.5083     548.8943   49143.4821
    79   12 Mg         0.5083     548.8921   49143.2854
    80   12 Mg         0.5113     547.5979   49027.4217
    81   12 Mg         0.5113     547.5969   49027.3291
    82   12 Mg         0.5073     549.3290   49182.4034
    83   12 Mg         0.5083     548.8921   49143.2859
    84   12 Mg         0.5083     548.8942   49143.4802
    85   12 Mg         0.5083     548.8932   49143.3907
    86   12 Mg         0.5083     548.8943   49143.4881
    87   12 Mg         0.5038     550.8569   49319.1985
    88   12 Mg         0.5086     548.7838   49133.5920
    89   12 Mg         0.5086     548.7820   49133.4349
    90   12 Mg         0.5038     550.8552   49319.0482
    91   12 Mg         0.5038     550.8574   49319.2490
    92   12 Mg         0.5144     546.2277   48904.7383
    93   12 Mg         0.5113     547.5968   49027.3203
    94   12 Mg         0.5113     547.5980   49027.4218
    95   12 Mg         0.5086     548.7820   49133.4331
    96   12 Mg         0.5113     547.5974   49027.3719
    97   12 Mg         0.5113     547.5980   49027.4232
    98   12 Mg         0.5186     544.4096   48741.9661
    99   12 Mg         0.5186     544.4091   48741.9167
   100   12 Mg         0.5109     547.7419   49040.3060
   101   12 Mg         0.5109     547.7413   49040.2562
   102   12 Mg         0.5109     547.7402   49040.1582
   103   12 Mg         0.5139     546.4326   48923.0901
   104   12 Mg         0.5139     546.4342   48923.2326
   105   12 Mg         0.5139     546.4331   48923.1343
   106   12 Mg         0.5123     547.1404   48986.4609
   107   12 Mg         0.5123     547.1399   48986.4078
   108   12 Mg         0.5123     547.1421   48986.6109
   109   12 Mg         0.5070     549.4852   49196.3875
   110   12 Mg         0.5070     549.4846   49196.3388
   111   12 Mg         0.5070     549.4857   49196.4386
   112   12 Mg         0.5070     549.4863   49196.4861
   113   12 Mg         0.5069     549.4868   49196.5376
   114   12 Mg         0.5070     549.4868   49196.5363
   115   12 Mg         0.5132     546.7650   48952.8438
   116   12 Mg         0.5132     546.7638   48952.7401
   117   12 Mg         0.5132     546.7644   48952.7910
   118   12 Mg         0.5132     546.7633   48952.6976
   119   12 Mg         0.5132     546.7628   48952.6470
   120   12 Mg         0.5132     546.7654   48952.8849
   121   12 Mg         0.5105     547.9290   49057.0613
   122   12 Mg         0.5105     547.9284   49057.0119
   123   12 Mg         0.5105     547.9274   49056.9152
   124   12 Mg         0.5245     541.8640   48514.0510
   125   12 Mg         0.5316     538.8293   48242.3485
   126   12 Mg         0.5316     538.8307   48242.4722
   127   12 Mg         0.5316     538.8296   48242.3788
   128   12 Mg         0.5113     547.6008   49027.6810
   129   12 Mg         0.5112     547.6031   49027.8825
   130   12 Mg         0.5113     547.6009   49027.6832
   131   12 Mg         0.5200     543.7971   48687.1287
   132   12 Mg         0.5200     543.7977   48687.1816
   133   12 Mg         0.5200     543.7978   48687.1834
   134   12 Mg         0.5200     543.7983   48687.2299
   135   12 Mg         0.5200     543.7971   48687.1264
   136   12 Mg         0.5200     543.7978   48687.1864
   137   12 Mg         0.5242     542.0007   48526.2899
   138   12 Mg         0.5102     548.0481   49067.7223
   139   12 Mg         0.5102     548.0469   49067.6185
   140   12 Mg         0.5102     548.0474   49067.6655
   141   12 Mg         0.5125     547.0541   48978.7256
   142   12 Mg         0.5125     547.0547   48978.7804
   143   12 Mg         0.5125     547.0535   48978.6759
   144   12 Mg         0.5125     547.0540   48978.7226
   145   12 Mg         0.5125     547.0534   48978.6686
   146   12 Mg         0.5125     547.0535   48978.6747
   147   12 Mg         0.5305     539.2896   48283.5604
   148   12 Mg         0.5305     539.2904   48283.6344
   149   12 Mg         0.5305     539.2895   48283.5516
   150   15 P          0.3125     189.5955   10503.5425
--------------------------------------------------------

Atom-resolved dispersion energies:
--------------------------------------------------
     #    Z           [Hartree]      [kcal/mol]
--------------------------------------------------
     1   12 Mg  -0.15868011E-01     -9.95732695
     2   12 Mg  -0.15868006E-01     -9.95732406
     3   12 Mg  -0.15868002E-01     -9.95732150
     4   12 Mg  -0.15868008E-01     -9.95732506
     5   12 Mg  -0.16201662E-01    -10.16669615
     6   12 Mg  -0.16201655E-01    -10.16669217
     7   12 Mg  -0.16217115E-01    -10.17639351
     8   12 Mg  -0.16199995E-01    -10.16565036
     9   12 Mg  -0.16219703E-01    -10.17801726
    10   12 Mg  -0.16219717E-01    -10.17802598
    11   12 Mg  -0.16217113E-01    -10.17639189
    12   12 Mg  -0.16217121E-01    -10.17639711
    13   12 Mg  -0.16225467E-01    -10.18163409
    14   12 Mg  -0.16225477E-01    -10.18164056
    15   12 Mg  -0.16219725E-01    -10.17803112
    16   12 Mg  -0.16219707E-01    -10.17801961
    17   12 Mg  -0.16201664E-01    -10.16669745
    18   12 Mg  -0.16225470E-01    -10.18163593
    19   12 Mg  -0.16199983E-01    -10.16564295
    20   12 Mg  -0.16199997E-01    -10.16565146
    21   12 Mg  -0.15868036E-01     -9.95734297
    22   12 Mg  -0.15868016E-01     -9.95733017
    23   12 Mg  -0.16219709E-01    -10.17802108
    24   12 Mg  -0.16219707E-01    -10.17801960
    25   12 Mg  -0.15857072E-01     -9.95046264
    26   12 Mg  -0.15857076E-01     -9.95046553
    27   12 Mg  -0.15857068E-01     -9.95046014
    28   12 Mg  -0.16210576E-01    -10.17228978
    29   12 Mg  -0.16210577E-01    -10.17229051
    30   12 Mg  -0.16210573E-01    -10.17228811
    31   12 Mg  -0.16210572E-01    -10.17228736
    32   12 Mg  -0.16210569E-01    -10.17228559
    33   12 Mg  -0.16210569E-01    -10.17228570
    34   12 Mg  -0.16251583E-01    -10.19802219
    35   12 Mg  -0.16251576E-01    -10.19801763
    36   12 Mg  -0.16251580E-01    -10.19802021
    37   12 Mg  -0.16200474E-01    -10.16595097
    38   12 Mg  -0.16209278E-01    -10.17147522
    39   12 Mg  -0.16209282E-01    -10.17147832
    40   12 Mg  -0.16209278E-01    -10.17147531
    41   12 Mg  -0.16209282E-01    -10.17147799
    42   12 Mg  -0.16209277E-01    -10.17147505
    43   12 Mg  -0.16209279E-01    -10.17147586
    44   12 Mg  -0.16240534E-01    -10.19108890
    45   12 Mg  -0.16240545E-01    -10.19109573
    46   12 Mg  -0.16240534E-01    -10.19108903
    47   12 Mg  -0.16111671E-01    -10.11022646
    48   12 Mg  -0.16111675E-01    -10.11022873
    49   12 Mg  -0.16111670E-01    -10.11022568
    50   12 Mg  -0.16170849E-01    -10.14736108
    51   12 Mg  -0.16238419E-01    -10.18976204
    52   12 Mg  -0.16238416E-01    -10.18975962
    53   12 Mg  -0.16238409E-01    -10.18975522
    54   12 Mg  -0.16219247E-01    -10.17773102
    55   12 Mg  -0.16219238E-01    -10.17772521
    56   12 Mg  -0.16219241E-01    -10.17772734
    57   12 Mg  -0.16219238E-01    -10.17772530
    58   12 Mg  -0.16219236E-01    -10.17772436
    59   12 Mg  -0.16219248E-01    -10.17773176
    60   12 Mg  -0.16260133E-01    -10.20338731
    61   12 Mg  -0.16260133E-01    -10.20338781
    62   12 Mg  -0.16260134E-01    -10.20338800
    63   12 Mg  -0.16260142E-01    -10.20339286
    64   12 Mg  -0.16260145E-01    -10.20339531
    65   12 Mg  -0.16260142E-01    -10.20339344
    66   12 Mg  -0.16242317E-01    -10.19220783
    67   12 Mg  -0.16242313E-01    -10.19220500
    68   12 Mg  -0.16242326E-01    -10.19221327
    69   12 Mg  -0.16234620E-01    -10.18737791
    70   12 Mg  -0.16234628E-01    -10.18738318
    71   12 Mg  -0.16234623E-01    -10.18737986
    72   12 Mg  -0.16243937E-01    -10.19322445
    73   12 Mg  -0.16243934E-01    -10.19322274
    74   12 Mg  -0.16243927E-01    -10.19321822
    75   12 Mg  -0.16222117E-01    -10.17953210
    76   12 Mg  -0.16236368E-01    -10.18847469
    77   12 Mg  -0.16236355E-01    -10.18846661
    78   12 Mg  -0.16253378E-01    -10.19914884
    79   12 Mg  -0.16253368E-01    -10.19914233
    80   12 Mg  -0.16251719E-01    -10.19810761
    81   12 Mg  -0.16251713E-01    -10.19810412
    82   12 Mg  -0.16255697E-01    -10.20060368
    83   12 Mg  -0.16253369E-01    -10.19914277
    84   12 Mg  -0.16253376E-01    -10.19914763
    85   12 Mg  -0.16253372E-01    -10.19914506
    86   12 Mg  -0.16253379E-01    -10.19914927
    87   12 Mg  -0.16271031E-01    -10.21022617
    88   12 Mg  -0.16257754E-01    -10.20189462
    89   12 Mg  -0.16257745E-01    -10.20188895
    90   12 Mg  -0.16271026E-01    -10.21022276
    91   12 Mg  -0.16271036E-01    -10.21022911
    92   12 Mg  -0.16236348E-01    -10.18846205
    93   12 Mg  -0.16251711E-01    -10.19810287
    94   12 Mg  -0.16251720E-01    -10.19810815
    95   12 Mg  -0.16257745E-01    -10.20188885
    96   12 Mg  -0.16251717E-01    -10.19810638
    97   12 Mg  -0.16251714E-01    -10.19810460
    98   12 Mg  -0.16222108E-01    -10.17952652
    99   12 Mg  -0.16222103E-01    -10.17952321
   100   12 Mg  -0.16243931E-01    -10.19322083
   101   12 Mg  -0.16243929E-01    -10.19321913
   102   12 Mg  -0.16243921E-01    -10.19321461
   103   12 Mg  -0.16234619E-01    -10.18737743
   104   12 Mg  -0.16234628E-01    -10.18738270
   105   12 Mg  -0.16234622E-01    -10.18737938
   106   12 Mg  -0.16242318E-01    -10.19220837
   107   12 Mg  -0.16242313E-01    -10.19220554
   108   12 Mg  -0.16242327E-01    -10.19221382
   109   12 Mg  -0.16260128E-01    -10.20338439
   110   12 Mg  -0.16260129E-01    -10.20338489
   111   12 Mg  -0.16260129E-01    -10.20338508
   112   12 Mg  -0.16260137E-01    -10.20338994
   113   12 Mg  -0.16260141E-01    -10.20339239
   114   12 Mg  -0.16260138E-01    -10.20339052
   115   12 Mg  -0.16219246E-01    -10.17773076
   116   12 Mg  -0.16219237E-01    -10.17772495
   117   12 Mg  -0.16219241E-01    -10.17772708
   118   12 Mg  -0.16219237E-01    -10.17772504
   119   12 Mg  -0.16219236E-01    -10.17772410
   120   12 Mg  -0.16219248E-01    -10.17773150
   121   12 Mg  -0.16238421E-01    -10.18976314
   122   12 Mg  -0.16238417E-01    -10.18976072
   123   12 Mg  -0.16238410E-01    -10.18975632
   124   12 Mg  -0.16170849E-01    -10.14736106
   125   12 Mg  -0.16111671E-01    -10.11022632
   126   12 Mg  -0.16111675E-01    -10.11022859
   127   12 Mg  -0.16111670E-01    -10.11022553
   128   12 Mg  -0.16240536E-01    -10.19109051
   129   12 Mg  -0.16240547E-01    -10.19109734
   130   12 Mg  -0.16240537E-01    -10.19109063
   131   12 Mg  -0.16209277E-01    -10.17147489
   132   12 Mg  -0.16209282E-01    -10.17147799
   133   12 Mg  -0.16209277E-01    -10.17147498
   134   12 Mg  -0.16209281E-01    -10.17147765
   135   12 Mg  -0.16209277E-01    -10.17147471
   136   12 Mg  -0.16209278E-01    -10.17147552
   137   12 Mg  -0.16200474E-01    -10.16595091
   138   12 Mg  -0.16251582E-01    -10.19802146
   139   12 Mg  -0.16251574E-01    -10.19801691
   140   12 Mg  -0.16251579E-01    -10.19801948
   141   12 Mg  -0.16210575E-01    -10.17228944
   142   12 Mg  -0.16210576E-01    -10.17229018
   143   12 Mg  -0.16210572E-01    -10.17228778
   144   12 Mg  -0.16210571E-01    -10.17228702
   145   12 Mg  -0.16210568E-01    -10.17228525
   146   12 Mg  -0.16210569E-01    -10.17228537
   147   12 Mg  -0.15857072E-01     -9.95046261
   148   12 Mg  -0.15857076E-01     -9.95046550
   149   12 Mg  -0.15857068E-01     -9.95046011
   150   15 P   -0.95679589E-02     -6.00398487
--------------------------------------------------

Dispersion energy:      -2.4229292702140E+00 Eh

[Info] Dispersion energy written to .EDISP
