-----------------------------------
 s i m p l e   D F T - D 3  v1.2.1
-----------------------------------

Zero (Chai-Head-Gordon) damping: pbe-D3(0)
--------------------
  s6         1.0000
  s8         0.7220
  s9         0.0000
 rs6         1.2170
 rs8         1.0000
 alp        14.0000
--------------------

Atomic radii (in Angstrom):
-------------------------------------------
   Z          R(cov)     R(vdw)      r4/r2
-------------------------------------------
  19 K        2.3467     2.1206     4.2216
  50 Sn       1.6800     2.0937     3.4228
-------------------------------------------

Atomic reference systems (in atomic units):
----------------------------------------------------------------------------
   Z        #      CN    C6(AA)   #      CN    C6(AA)   #      CN    C6(AA)
----------------------------------------------------------------------------
  19 K      1  0.0000 4983.5009   2  0.9767  338.0207
  50 Sn     1  0.0000  627.5677   2  0.9514  542.0439   3  1.9505  505.4148
            4  2.9259  409.1453   5  3.9123  336.1020
----------------------------------------------------------------------------

Dispersion properties (in atomic units):
--------------------------------------------------------
     #    Z                CN       C6(AA)       C8(AA)
--------------------------------------------------------
     1   19 K          0.0099    4805.2313  917451.3692
     2   19 K          0.0099    4805.2313  917451.3692
     3   19 K          0.0099    4805.2314  917451.3894
     4   19 K          0.0099    4805.2314  917451.3894
     5   19 K          0.0099    4805.2313  917451.3692
     6   19 K          0.0098    4805.4307  917489.4424
     7   19 K          0.0139    4799.8051  916415.3696
     8   19 K          0.0139    4799.8051  916415.3567
     9   19 K          0.0139    4799.8051  916415.3567
    10   19 K          0.0098    4805.4307  917489.4424
    11   19 K          0.0099    4805.2314  917451.3944
    12   19 K          0.0099    4805.2314  917451.3944
    13   19 K          0.0139    4799.8051  916415.3567
    14   19 K          0.0099    4805.2313  917451.3679
    15   19 K          0.0139    4799.8051  916415.3577
    16   19 K          0.0098    4805.4307  917489.4424
    17   19 K          0.0139    4799.8051  916415.3696
    18   19 K          0.0099    4805.2314  917451.3894
    19   19 K          0.0139    4799.8051  916415.3696
    20   19 K          0.0098    4805.4293  917489.1842
    21   19 K          0.0099    4805.2314  917451.3944
    22   19 K          0.0139    4799.8051  916415.3563
    23   19 K          0.0099    4805.2313  917451.3679
    24   19 K          0.0099    4805.2313  917451.3679
    25   50 Sn         0.0103     625.0499   78450.7063
    26   50 Sn         0.0131     624.9983   78444.2302
    27   50 Sn         0.0131     624.9983   78444.2302
    28   50 Sn         0.0103     625.0499   78450.7063
    29   50 Sn         0.0130     624.9999   78444.4194
    30   50 Sn         0.0110     625.0381   78449.2158
    31   50 Sn         0.0110     625.0381   78449.2158
    32   50 Sn         0.0103     625.0499   78450.7063
    33   50 Sn         0.0110     625.0381   78449.2158
    34   50 Sn         0.0103     625.0499   78450.7063
    35   50 Sn         0.0124     625.0114   78445.8648
    36   50 Sn         0.0110     625.0381   78449.2158
    37   50 Sn         0.0110     625.0381   78449.2158
    38   50 Sn         0.0131     624.9983   78444.2302
    39   50 Sn         0.0110     625.0381   78449.2159
    40   50 Sn         0.0110     625.0381   78449.2158
    41   50 Sn         0.0131     624.9983   78444.2302
    42   50 Sn         0.0124     625.0114   78445.8648
    43   50 Sn         0.0119     625.0196   78446.8938
    44   50 Sn         0.0131     624.9983   78444.2301
    45   50 Sn         0.0131     624.9983   78444.2302
    46   50 Sn         0.0124     625.0113   78445.8613
    47   50 Sn         0.0130     624.9999   78444.4194
    48   50 Sn         0.0110     625.0381   78449.2164
    49   50 Sn         0.0130     624.9999   78444.4194
    50   50 Sn         0.0131     624.9983   78444.2302
    51   50 Sn         0.0131     624.9983   78444.2301
    52   50 Sn         0.0110     625.0381   78449.2158
    53   50 Sn         0.0130     624.9999   78444.4194
    54   50 Sn         0.0103     625.0499   78450.7063
    55   50 Sn         0.0124     625.0114   78445.8648
    56   50 Sn         0.0131     624.9983   78444.2302
    57   50 Sn         0.0131     624.9983   78444.2301
    58   50 Sn         0.0130     624.9999   78444.4194
    59   50 Sn         0.0131     624.9983   78444.2302
    60   50 Sn         0.0131     624.9983   78444.2302
    61   50 Sn         0.0130     624.9999   78444.4193
    62   50 Sn         0.0110     625.0381   78449.2158
    63   50 Sn         0.0110     625.0381   78449.2158
    64   50 Sn         0.0131     624.9983   78444.2302
    65   50 Sn         0.0130     624.9998   78444.4117
    66   50 Sn         0.0124     625.0114   78445.8648
    67   50 Sn         0.0130     624.9999   78444.4193
    68   50 Sn         0.0110     625.0381   78449.2158
    69   50 Sn         0.0130     624.9998   78444.4117
    70   50 Sn         0.0110     625.0381   78449.2158
    71   50 Sn         0.0124     625.0114   78445.8648
    72   50 Sn         0.0110     625.0381   78449.2158
    73   50 Sn         0.0119     625.0196   78446.8938
    74   50 Sn         0.0130     624.9999   78444.4193
    75   50 Sn         0.0130     624.9999   78444.4193
    76   50 Sn         0.0119     625.0196   78446.8940
    77   50 Sn         0.0131     624.9983   78444.2302
    78   50 Sn         0.0119     625.0196   78446.8940
    79   50 Sn         0.0103     625.0499   78450.7060
    80   50 Sn         0.0131     624.9983   78444.2302
    81   50 Sn         0.0124     625.0114   78445.8648
    82   50 Sn         0.0124     625.0114   78445.8648
    83   50 Sn         0.0131     624.9983   78444.2302
    84   50 Sn         0.0110     625.0381   78449.2158
    85   50 Sn         0.0131     624.9983   78444.2302
    86   50 Sn         0.0124     625.0113   78445.8613
    87   50 Sn         0.0124     625.0114   78445.8648
    88   50 Sn         0.0130     624.9999   78444.4194
    89   50 Sn         0.0131     624.9983   78444.2302
    90   50 Sn         0.0130     624.9999   78444.4194
    91   50 Sn         0.0130     624.9999   78444.4193
    92   50 Sn         0.0130     624.9999   78444.4194
    93   50 Sn         0.0130     624.9998   78444.4117
    94   50 Sn         0.0110     625.0381   78449.2164
    95   50 Sn         0.0131     624.9983   78444.2302
    96   50 Sn         0.0119     625.0197   78446.9057
    97   50 Sn         0.0119     625.0196   78446.8940
    98   50 Sn         0.0130     624.9999   78444.4194
    99   50 Sn         0.0110     625.0381   78449.2164
   100   50 Sn         0.0103     625.0499   78450.7063
   101   50 Sn         0.0131     624.9983   78444.2301
   102   50 Sn         0.0110     625.0381   78449.2158
   103   50 Sn         0.0119     625.0197   78446.9057
   104   50 Sn         0.0110     625.0381   78449.2159
   105   50 Sn         0.0130     624.9999   78444.4194
   106   50 Sn         0.0110     625.0381   78449.2158
   107   50 Sn         0.0110     625.0381   78449.2158
   108   50 Sn         0.0103     625.0499   78450.7063
   109   50 Sn         0.0124     625.0114   78445.8648
   110   50 Sn         0.0131     624.9983   78444.2302
   111   50 Sn         0.0110     625.0381   78449.2158
   112   50 Sn         0.0110     625.0381   78449.2159
   113   50 Sn         0.0130     624.9999   78444.4194
   114   50 Sn         0.0130     624.9999   78444.4194
   115   50 Sn         0.0130     624.9999   78444.4193
   116   50 Sn         0.0131     624.9983   78444.2301
   117   50 Sn         0.0119     625.0197   78446.9057
   118   50 Sn         0.0130     624.9999   78444.4194
   119   50 Sn         0.0131     624.9983   78444.2302
   120   50 Sn         0.0110     625.0381   78449.2158
   121   50 Sn         0.0130     624.9999   78444.4194
   122   50 Sn         0.0124     625.0113   78445.8613
   123   50 Sn         0.0130     624.9999   78444.4194
   124   50 Sn         0.0131     624.9983   78444.2301
--------------------------------------------------------

Atom-resolved dispersion energies:
--------------------------------------------------
     #    Z           [Hartree]      [kcal/mol]
--------------------------------------------------
     1   19 K   -0.23362152E-02     -1.46599715
     2   19 K   -0.23362152E-02     -1.46599715
     3   19 K   -0.23361949E-02     -1.46598445
     4   19 K   -0.23361949E-02     -1.46598445
     5   19 K   -0.23362152E-02     -1.46599715
     6   19 K   -0.22523378E-02     -1.41336334
     7   19 K   -0.30433339E-02     -1.90972082
     8   19 K   -0.30433438E-02     -1.90972709
     9   19 K   -0.30433438E-02     -1.90972709
    10   19 K   -0.22523378E-02     -1.41336334
    11   19 K   -0.23362260E-02     -1.46600392
    12   19 K   -0.23362260E-02     -1.46600392
    13   19 K   -0.30433438E-02     -1.90972709
    14   19 K   -0.23362164E-02     -1.46599794
    15   19 K   -0.30433422E-02     -1.90972607
    16   19 K   -0.22523378E-02     -1.41336334
    17   19 K   -0.30433339E-02     -1.90972082
    18   19 K   -0.23361949E-02     -1.46598445
    19   19 K   -0.30433339E-02     -1.90972082
    20   19 K   -0.22524608E-02     -1.41344052
    21   19 K   -0.23362260E-02     -1.46600392
    22   19 K   -0.30433438E-02     -1.90972705
    23   19 K   -0.23362164E-02     -1.46599794
    24   19 K   -0.23362164E-02     -1.46599794
    25   50 Sn  -0.17533435E-02     -1.10023963
    26   50 Sn  -0.20635253E-02     -1.29488167
    27   50 Sn  -0.20635240E-02     -1.29488089
    28   50 Sn  -0.17533425E-02     -1.10023905
    29   50 Sn  -0.20432730E-02     -1.28217317
    30   50 Sn  -0.17873215E-02     -1.12156120
    31   50 Sn  -0.17873327E-02     -1.12156823
    32   50 Sn  -0.17533435E-02     -1.10023963
    33   50 Sn  -0.17873326E-02     -1.12156816
    34   50 Sn  -0.17533435E-02     -1.10023963
    35   50 Sn  -0.19593546E-02     -1.22951355
    36   50 Sn  -0.17873326E-02     -1.12156816
    37   50 Sn  -0.17873245E-02     -1.12156308
    38   50 Sn  -0.20635244E-02     -1.29488110
    39   50 Sn  -0.17873172E-02     -1.12155846
    40   50 Sn  -0.17873318E-02     -1.12156764
    41   50 Sn  -0.20635253E-02     -1.29488167
    42   50 Sn  -0.19593555E-02     -1.22951415
    43   50 Sn  -0.19078001E-02     -1.19716261
    44   50 Sn  -0.20635331E-02     -1.29488657
    45   50 Sn  -0.20635238E-02     -1.29488074
    46   50 Sn  -0.19594218E-02     -1.22955576
    47   50 Sn  -0.20432783E-02     -1.28217650
    48   50 Sn  -0.17873133E-02     -1.12155603
    49   50 Sn  -0.20432783E-02     -1.28217650
    50   50 Sn  -0.20635240E-02     -1.29488084
    51   50 Sn  -0.20635396E-02     -1.29489063
    52   50 Sn  -0.17873215E-02     -1.12156120
    53   50 Sn  -0.20432791E-02     -1.28217700
    54   50 Sn  -0.17533425E-02     -1.10023905
    55   50 Sn  -0.19593555E-02     -1.22951415
    56   50 Sn  -0.20635240E-02     -1.29488084
    57   50 Sn  -0.20635331E-02     -1.29488657
    58   50 Sn  -0.20432788E-02     -1.28217678
    59   50 Sn  -0.20635236E-02     -1.29488061
    60   50 Sn  -0.20635236E-02     -1.29488061
    61   50 Sn  -0.20432799E-02     -1.28217749
    62   50 Sn  -0.17873309E-02     -1.12156705
    63   50 Sn  -0.17873309E-02     -1.12156705
    64   50 Sn  -0.20635253E-02     -1.29488167
    65   50 Sn  -0.20434347E-02     -1.28227464
    66   50 Sn  -0.19593546E-02     -1.22951355
    67   50 Sn  -0.20432888E-02     -1.28218309
    68   50 Sn  -0.17873318E-02     -1.12156764
    69   50 Sn  -0.20434347E-02     -1.28227464
    70   50 Sn  -0.17873215E-02     -1.12156120
    71   50 Sn  -0.19593546E-02     -1.22951355
    72   50 Sn  -0.17873245E-02     -1.12156308
    73   50 Sn  -0.19078000E-02     -1.19716257
    74   50 Sn  -0.20432799E-02     -1.28217749
    75   50 Sn  -0.20432799E-02     -1.28217749
    76   50 Sn  -0.19077754E-02     -1.19714711
    77   50 Sn  -0.20635238E-02     -1.29488074
    78   50 Sn  -0.19077754E-02     -1.19714711
    79   50 Sn  -0.17533880E-02     -1.10026758
    80   50 Sn  -0.20635238E-02     -1.29488074
    81   50 Sn  -0.19593551E-02     -1.22951388
    82   50 Sn  -0.19593551E-02     -1.22951388
    83   50 Sn  -0.20635240E-02     -1.29488084
    84   50 Sn  -0.17873309E-02     -1.12156705
    85   50 Sn  -0.20635244E-02     -1.29488110
    86   50 Sn  -0.19594218E-02     -1.22955576
    87   50 Sn  -0.19593551E-02     -1.22951388
    88   50 Sn  -0.20432730E-02     -1.28217317
    89   50 Sn  -0.20635244E-02     -1.29488110
    90   50 Sn  -0.20432781E-02     -1.28217634
    91   50 Sn  -0.20432888E-02     -1.28218309
    92   50 Sn  -0.20432791E-02     -1.28217700
    93   50 Sn  -0.20434347E-02     -1.28227464
    94   50 Sn  -0.17873133E-02     -1.12155603
    95   50 Sn  -0.20635240E-02     -1.29488089
    96   50 Sn  -0.19075549E-02     -1.19700878
    97   50 Sn  -0.19077754E-02     -1.19714711
    98   50 Sn  -0.20432781E-02     -1.28217634
    99   50 Sn  -0.17873133E-02     -1.12155603
   100   50 Sn  -0.17533416E-02     -1.10023849
   101   50 Sn  -0.20635396E-02     -1.29489063
   102   50 Sn  -0.17873326E-02     -1.12156816
   103   50 Sn  -0.19075549E-02     -1.19700878
   104   50 Sn  -0.17873172E-02     -1.12155846
   105   50 Sn  -0.20432730E-02     -1.28217317
   106   50 Sn  -0.17873327E-02     -1.12156823
   107   50 Sn  -0.17873245E-02     -1.12156308
   108   50 Sn  -0.17533425E-02     -1.10023905
   109   50 Sn  -0.19593555E-02     -1.22951415
   110   50 Sn  -0.20635240E-02     -1.29488089
   111   50 Sn  -0.17873318E-02     -1.12156764
   112   50 Sn  -0.17873172E-02     -1.12155846
   113   50 Sn  -0.20432791E-02     -1.28217700
   114   50 Sn  -0.20432783E-02     -1.28217650
   115   50 Sn  -0.20432888E-02     -1.28218309
   116   50 Sn  -0.20635396E-02     -1.29489063
   117   50 Sn  -0.19075549E-02     -1.19700878
   118   50 Sn  -0.20432788E-02     -1.28217678
   119   50 Sn  -0.20635236E-02     -1.29488061
   120   50 Sn  -0.17873327E-02     -1.12156823
   121   50 Sn  -0.20432781E-02     -1.28217634
   122   50 Sn  -0.19594218E-02     -1.22955576
   123   50 Sn  -0.20432788E-02     -1.28217678
   124   50 Sn  -0.20635331E-02     -1.29488657
--------------------------------------------------

Dispersion energy:      -2.5565122934352E-01 Eh

[Info] Dispersion energy written to .EDISP
