-----------------------------------
 s i m p l e   D F T - D 3  v1.2.1
-----------------------------------

Zero (Chai-Head-Gordon) damping: pbe-D3(0)
--------------------
  s6         1.0000
  s8         0.7220
  s9         0.0000
 rs6         1.2170
 rs8         1.0000
 alp        14.0000
--------------------

Atomic radii (in Angstrom):
-------------------------------------------
   Z          R(cov)     R(vdw)      r4/r2
-------------------------------------------
  19 K        2.3467     2.1206     4.2216
  50 Sn       1.6800     2.0937     3.4228
-------------------------------------------

Atomic reference systems (in atomic units):
----------------------------------------------------------------------------
   Z        #      CN    C6(AA)   #      CN    C6(AA)   #      CN    C6(AA)
----------------------------------------------------------------------------
  19 K      1  0.0000 4983.5009   2  0.9767  338.0207
  50 Sn     1  0.0000  627.5677   2  0.9514  542.0439   3  1.9505  505.4148
            4  2.9259  409.1453   5  3.9123  336.1020
----------------------------------------------------------------------------

Dispersion properties (in atomic units):
--------------------------------------------------------
     #    Z                CN       C6(AA)       C8(AA)
--------------------------------------------------------
     1   19 K          0.0363    4766.0626  909972.9935
     2   19 K          0.0363    4766.0626  909972.9935
     3   19 K          0.0363    4766.0631  909973.0794
     4   19 K          0.0363    4766.0631  909973.0794
     5   19 K          0.0363    4766.0626  909972.9935
     6   19 K          0.0368    4765.2800  909823.5754
     7   19 K          0.0524    4738.1797  904649.3687
     8   19 K          0.0524    4738.1793  904649.3009
     9   19 K          0.0524    4738.1793  904649.3009
    10   19 K          0.0368    4765.2800  909823.5754
    11   19 K          0.0363    4766.0638  909973.2141
    12   19 K          0.0363    4766.0638  909973.2141
    13   19 K          0.0524    4738.1793  904649.3009
    14   19 K          0.0363    4766.0626  909972.9895
    15   19 K          0.0524    4738.1793  904649.3046
    16   19 K          0.0368    4765.2800  909823.5754
    17   19 K          0.0524    4738.1797  904649.3687
    18   19 K          0.0363    4766.0631  909973.0794
    19   19 K          0.0524    4738.1797  904649.3687
    20   19 K          0.0368    4765.2722  909822.0770
    21   19 K          0.0363    4766.0638  909973.2141
    22   19 K          0.0524    4738.1793  904649.3006
    23   19 K          0.0363    4766.0626  909972.9895
    24   19 K          0.0363    4766.0626  909972.9895
    25   50 Sn         0.0440     624.3420   78361.8521
    26   50 Sn         0.0572     624.0160   78320.9407
    27   50 Sn         0.0572     624.0160   78320.9407
    28   50 Sn         0.0440     624.3420   78361.8521
    29   50 Sn         0.0569     624.0237   78321.8999
    30   50 Sn         0.0474     624.2617   78351.7718
    31   50 Sn         0.0474     624.2617   78351.7715
    32   50 Sn         0.0440     624.3420   78361.8521
    33   50 Sn         0.0474     624.2617   78351.7715
    34   50 Sn         0.0440     624.3420   78361.8521
    35   50 Sn         0.0541     624.0956   78330.9289
    36   50 Sn         0.0474     624.2617   78351.7715
    37   50 Sn         0.0474     624.2617   78351.7717
    38   50 Sn         0.0572     624.0160   78320.9407
    39   50 Sn         0.0474     624.2617   78351.7719
    40   50 Sn         0.0474     624.2617   78351.7716
    41   50 Sn         0.0572     624.0160   78320.9407
    42   50 Sn         0.0541     624.0956   78330.9289
    43   50 Sn         0.0521     624.1442   78337.0239
    44   50 Sn         0.0572     624.0160   78320.9405
    45   50 Sn         0.0572     624.0160   78320.9407
    46   50 Sn         0.0541     624.0954   78330.9033
    47   50 Sn         0.0569     624.0237   78321.8997
    48   50 Sn         0.0473     624.2617   78351.7761
    49   50 Sn         0.0569     624.0237   78321.8997
    50   50 Sn         0.0572     624.0160   78320.9407
    51   50 Sn         0.0572     624.0160   78320.9403
    52   50 Sn         0.0474     624.2617   78351.7718
    53   50 Sn         0.0569     624.0237   78321.8997
    54   50 Sn         0.0440     624.3420   78361.8521
    55   50 Sn         0.0541     624.0956   78330.9289
    56   50 Sn         0.0572     624.0160   78320.9407
    57   50 Sn         0.0572     624.0160   78320.9405
    58   50 Sn         0.0569     624.0237   78321.8997
    59   50 Sn         0.0572     624.0160   78320.9407
    60   50 Sn         0.0572     624.0160   78320.9407
    61   50 Sn         0.0569     624.0237   78321.8997
    62   50 Sn         0.0474     624.2617   78351.7716
    63   50 Sn         0.0474     624.2617   78351.7716
    64   50 Sn         0.0572     624.0160   78320.9407
    65   50 Sn         0.0569     624.0232   78321.8440
    66   50 Sn         0.0541     624.0956   78330.9289
    67   50 Sn         0.0569     624.0237   78321.8995
    68   50 Sn         0.0474     624.2617   78351.7716
    69   50 Sn         0.0569     624.0232   78321.8440
    70   50 Sn         0.0474     624.2617   78351.7718
    71   50 Sn         0.0541     624.0956   78330.9289
    72   50 Sn         0.0474     624.2617   78351.7717
    73   50 Sn         0.0521     624.1442   78337.0239
    74   50 Sn         0.0569     624.0237   78321.8997
    75   50 Sn         0.0569     624.0237   78321.8997
    76   50 Sn         0.0521     624.1442   78337.0245
    77   50 Sn         0.0572     624.0160   78320.9407
    78   50 Sn         0.0521     624.1442   78337.0245
    79   50 Sn         0.0440     624.3420   78361.8511
    80   50 Sn         0.0572     624.0160   78320.9407
    81   50 Sn         0.0541     624.0956   78330.9289
    82   50 Sn         0.0541     624.0956   78330.9289
    83   50 Sn         0.0572     624.0160   78320.9407
    84   50 Sn         0.0474     624.2617   78351.7716
    85   50 Sn         0.0572     624.0160   78320.9407
    86   50 Sn         0.0541     624.0954   78330.9033
    87   50 Sn         0.0541     624.0956   78330.9289
    88   50 Sn         0.0569     624.0237   78321.8999
    89   50 Sn         0.0572     624.0160   78320.9407
    90   50 Sn         0.0569     624.0237   78321.8997
    91   50 Sn         0.0569     624.0237   78321.8995
    92   50 Sn         0.0569     624.0237   78321.8997
    93   50 Sn         0.0569     624.0232   78321.8440
    94   50 Sn         0.0473     624.2617   78351.7761
    95   50 Sn         0.0572     624.0160   78320.9407
    96   50 Sn         0.0521     624.1449   78337.1085
    97   50 Sn         0.0521     624.1442   78337.0245
    98   50 Sn         0.0569     624.0237   78321.8997
    99   50 Sn         0.0473     624.2617   78351.7761
   100   50 Sn         0.0440     624.3420   78361.8521
   101   50 Sn         0.0572     624.0160   78320.9403
   102   50 Sn         0.0474     624.2617   78351.7715
   103   50 Sn         0.0521     624.1449   78337.1085
   104   50 Sn         0.0474     624.2617   78351.7719
   105   50 Sn         0.0569     624.0237   78321.8999
   106   50 Sn         0.0474     624.2617   78351.7715
   107   50 Sn         0.0474     624.2617   78351.7717
   108   50 Sn         0.0440     624.3420   78361.8521
   109   50 Sn         0.0541     624.0956   78330.9289
   110   50 Sn         0.0572     624.0160   78320.9407
   111   50 Sn         0.0474     624.2617   78351.7716
   112   50 Sn         0.0474     624.2617   78351.7719
   113   50 Sn         0.0569     624.0237   78321.8997
   114   50 Sn         0.0569     624.0237   78321.8997
   115   50 Sn         0.0569     624.0237   78321.8995
   116   50 Sn         0.0572     624.0160   78320.9403
   117   50 Sn         0.0521     624.1449   78337.1085
   118   50 Sn         0.0569     624.0237   78321.8997
   119   50 Sn         0.0572     624.0160   78320.9407
   120   50 Sn         0.0474     624.2617   78351.7715
   121   50 Sn         0.0569     624.0237   78321.8997
   122   50 Sn         0.0541     624.0954   78330.9033
   123   50 Sn         0.0569     624.0237   78321.8997
   124   50 Sn         0.0572     624.0160   78320.9405
--------------------------------------------------------

Atom-resolved dispersion energies:
--------------------------------------------------
     #    Z           [Hartree]      [kcal/mol]
--------------------------------------------------
     1   19 K   -0.56587987E-02     -3.55094978
     2   19 K   -0.56587987E-02     -3.55094978
     3   19 K   -0.56587464E-02     -3.55091701
     4   19 K   -0.56587464E-02     -3.55091701
     5   19 K   -0.56587987E-02     -3.55094978
     6   19 K   -0.53621923E-02     -3.36482644
     7   19 K   -0.72111345E-02     -4.52505520
     8   19 K   -0.72111574E-02     -4.52506959
     9   19 K   -0.72111574E-02     -4.52506959
    10   19 K   -0.53621923E-02     -3.36482644
    11   19 K   -0.56588528E-02     -3.55098377
    12   19 K   -0.56588528E-02     -3.55098377
    13   19 K   -0.72111574E-02     -4.52506959
    14   19 K   -0.56588017E-02     -3.55095170
    15   19 K   -0.72111535E-02     -4.52506713
    16   19 K   -0.53621923E-02     -3.36482644
    17   19 K   -0.72111345E-02     -4.52505520
    18   19 K   -0.56587464E-02     -3.55091701
    19   19 K   -0.72111345E-02     -4.52505520
    20   19 K   -0.53623944E-02     -3.36495330
    21   19 K   -0.56588528E-02     -3.55098377
    22   19 K   -0.72111573E-02     -4.52506954
    23   19 K   -0.56588017E-02     -3.55095170
    24   19 K   -0.56588017E-02     -3.55095170
    25   50 Sn  -0.33848983E-02     -2.12405576
    26   50 Sn  -0.37711251E-02     -2.36641671
    27   50 Sn  -0.37711220E-02     -2.36641476
    28   50 Sn  -0.33848960E-02     -2.12405431
    29   50 Sn  -0.37201285E-02     -2.33441589
    30   50 Sn  -0.33701291E-02     -2.11478796
    31   50 Sn  -0.33701576E-02     -2.11480583
    32   50 Sn  -0.33848983E-02     -2.12405576
    33   50 Sn  -0.33701574E-02     -2.11480567
    34   50 Sn  -0.33848983E-02     -2.12405576
    35   50 Sn  -0.35575636E-02     -2.23240487
    36   50 Sn  -0.33701574E-02     -2.11480567
    37   50 Sn  -0.33701368E-02     -2.11479276
    38   50 Sn  -0.37711228E-02     -2.36641530
    39   50 Sn  -0.33701207E-02     -2.11478265
    40   50 Sn  -0.33701553E-02     -2.11480436
    41   50 Sn  -0.37711251E-02     -2.36641671
    42   50 Sn  -0.35575660E-02     -2.23240634
    43   50 Sn  -0.34587635E-02     -2.17040685
    44   50 Sn  -0.37711451E-02     -2.36642927
    45   50 Sn  -0.37711214E-02     -2.36641440
    46   50 Sn  -0.35575385E-02     -2.23238911
    47   50 Sn  -0.37201420E-02     -2.33442433
    48   50 Sn  -0.33701525E-02     -2.11480265
    49   50 Sn  -0.37201420E-02     -2.33442433
    50   50 Sn  -0.37711218E-02     -2.36641465
    51   50 Sn  -0.37711612E-02     -2.36643936
    52   50 Sn  -0.33701291E-02     -2.11478796
    53   50 Sn  -0.37201440E-02     -2.33442560
    54   50 Sn  -0.33848960E-02     -2.12405431
    55   50 Sn  -0.35575660E-02     -2.23240634
    56   50 Sn  -0.37711218E-02     -2.36641465
    57   50 Sn  -0.37711451E-02     -2.36642927
    58   50 Sn  -0.37201431E-02     -2.33442506
    59   50 Sn  -0.37711209E-02     -2.36641407
    60   50 Sn  -0.37711209E-02     -2.36641407
    61   50 Sn  -0.37201460E-02     -2.33442683
    62   50 Sn  -0.33701528E-02     -2.11480284
    63   50 Sn  -0.33701528E-02     -2.11480284
    64   50 Sn  -0.37711251E-02     -2.36641671
    65   50 Sn  -0.37201128E-02     -2.33440602
    66   50 Sn  -0.35575636E-02     -2.23240487
    67   50 Sn  -0.37201687E-02     -2.33444109
    68   50 Sn  -0.33701553E-02     -2.11480436
    69   50 Sn  -0.37201128E-02     -2.33440602
    70   50 Sn  -0.33701291E-02     -2.11478796
    71   50 Sn  -0.35575636E-02     -2.23240487
    72   50 Sn  -0.33701368E-02     -2.11479276
    73   50 Sn  -0.34587633E-02     -2.17040674
    74   50 Sn  -0.37201460E-02     -2.33442683
    75   50 Sn  -0.37201460E-02     -2.33442683
    76   50 Sn  -0.34587027E-02     -2.17036873
    77   50 Sn  -0.37711214E-02     -2.36641440
    78   50 Sn  -0.34587027E-02     -2.17036873
    79   50 Sn  -0.33850103E-02     -2.12412601
    80   50 Sn  -0.37711214E-02     -2.36641440
    81   50 Sn  -0.35575648E-02     -2.23240563
    82   50 Sn  -0.35575648E-02     -2.23240563
    83   50 Sn  -0.37711218E-02     -2.36641465
    84   50 Sn  -0.33701528E-02     -2.11480284
    85   50 Sn  -0.37711228E-02     -2.36641530
    86   50 Sn  -0.35575385E-02     -2.23238911
    87   50 Sn  -0.35575648E-02     -2.23240563
    88   50 Sn  -0.37201285E-02     -2.33441589
    89   50 Sn  -0.37711228E-02     -2.36641530
    90   50 Sn  -0.37201414E-02     -2.33442398
    91   50 Sn  -0.37201687E-02     -2.33444109
    92   50 Sn  -0.37201440E-02     -2.33442560
    93   50 Sn  -0.37201128E-02     -2.33440602
    94   50 Sn  -0.33701525E-02     -2.11480265
    95   50 Sn  -0.37711220E-02     -2.36641476
    96   50 Sn  -0.34588112E-02     -2.17043679
    97   50 Sn  -0.34587027E-02     -2.17036873
    98   50 Sn  -0.37201414E-02     -2.33442398
    99   50 Sn  -0.33701525E-02     -2.11480265
   100   50 Sn  -0.33848936E-02     -2.12405283
   101   50 Sn  -0.37711612E-02     -2.36643936
   102   50 Sn  -0.33701574E-02     -2.11480567
   103   50 Sn  -0.34588112E-02     -2.17043679
   104   50 Sn  -0.33701207E-02     -2.11478265
   105   50 Sn  -0.37201285E-02     -2.33441589
   106   50 Sn  -0.33701576E-02     -2.11480583
   107   50 Sn  -0.33701368E-02     -2.11479276
   108   50 Sn  -0.33848960E-02     -2.12405431
   109   50 Sn  -0.35575660E-02     -2.23240634
   110   50 Sn  -0.37711220E-02     -2.36641476
   111   50 Sn  -0.33701553E-02     -2.11480436
   112   50 Sn  -0.33701207E-02     -2.11478265
   113   50 Sn  -0.37201440E-02     -2.33442560
   114   50 Sn  -0.37201420E-02     -2.33442433
   115   50 Sn  -0.37201687E-02     -2.33444109
   116   50 Sn  -0.37711612E-02     -2.36643936
   117   50 Sn  -0.34588112E-02     -2.17043679
   118   50 Sn  -0.37201431E-02     -2.33442506
   119   50 Sn  -0.37711209E-02     -2.36641407
   120   50 Sn  -0.33701576E-02     -2.11480583
   121   50 Sn  -0.37201414E-02     -2.33442398
   122   50 Sn  -0.35575385E-02     -2.23238911
   123   50 Sn  -0.37201431E-02     -2.33442506
   124   50 Sn  -0.37711451E-02     -2.36642927
--------------------------------------------------

Dispersion energy:      -5.0515779722872E-01 Eh

[Info] Dispersion energy written to .EDISP
