-----------------------------------
 s i m p l e   D F T - D 3  v1.2.1
-----------------------------------

Zero (Chai-Head-Gordon) damping: pbe-D3(0)
--------------------
  s6         1.0000
  s8         0.7220
  s9         0.0000
 rs6         1.2170
 rs8         1.0000
 alp        14.0000
--------------------

Atomic radii (in Angstrom):
-------------------------------------------
   Z          R(cov)     R(vdw)      r4/r2
-------------------------------------------
  19 K        2.3467     2.1206     4.2216
  50 Sn       1.6800     2.0937     3.4228
-------------------------------------------

Atomic reference systems (in atomic units):
----------------------------------------------------------------------------
   Z        #      CN    C6(AA)   #      CN    C6(AA)   #      CN    C6(AA)
----------------------------------------------------------------------------
  19 K      1  0.0000 4983.5009   2  0.9767  338.0207
  50 Sn     1  0.0000  627.5677   2  0.9514  542.0439   3  1.9505  505.4148
            4  2.9259  409.1453   5  3.9123  336.1020
----------------------------------------------------------------------------

Dispersion properties (in atomic units):
--------------------------------------------------------
     #    Z                CN       C6(AA)       C8(AA)
--------------------------------------------------------
     1   19 K          0.0206    4790.1912  914579.8051
     2   19 K          0.0206    4790.1912  914579.8051
     3   19 K          0.0206    4790.1914  914579.8498
     4   19 K          0.0206    4790.1914  914579.8498
     5   19 K          0.0206    4790.1912  914579.8051
     6   19 K          0.0206    4790.2500  914591.0243
     7   19 K          0.0293    4777.1742  912094.5066
     8   19 K          0.0293    4777.1741  912094.4751
     9   19 K          0.0293    4777.1741  912094.4751
    10   19 K          0.0206    4790.2500  914591.0243
    11   19 K          0.0206    4790.1917  914579.8917
    12   19 K          0.0206    4790.1917  914579.8917
    13   19 K          0.0293    4777.1741  912094.4751
    14   19 K          0.0206    4790.1912  914579.8026
    15   19 K          0.0293    4777.1741  912094.4771
    16   19 K          0.0206    4790.2500  914591.0243
    17   19 K          0.0293    4777.1742  912094.5066
    18   19 K          0.0206    4790.1914  914579.8498
    19   19 K          0.0293    4777.1742  912094.5066
    20   19 K          0.0206    4790.2464  914590.3465
    21   19 K          0.0206    4790.1917  914579.8917
    22   19 K          0.0293    4777.1741  912094.4747
    23   19 K          0.0206    4790.1912  914579.8026
    24   19 K          0.0206    4790.1912  914579.8026
    25   50 Sn         0.0234     624.7948   78418.6879
    26   50 Sn         0.0300     624.6562   78401.2916
    27   50 Sn         0.0300     624.6562   78401.2917
    28   50 Sn         0.0234     624.7948   78418.6879
    29   50 Sn         0.0299     624.6598   78401.7350
    30   50 Sn         0.0250     624.7622   78414.5943
    31   50 Sn         0.0250     624.7622   78414.5942
    32   50 Sn         0.0234     624.7948   78418.6879
    33   50 Sn         0.0250     624.7622   78414.5942
    34   50 Sn         0.0234     624.7948   78418.6879
    35   50 Sn         0.0284     624.6904   78405.5804
    36   50 Sn         0.0250     624.7622   78414.5942
    37   50 Sn         0.0250     624.7622   78414.5943
    38   50 Sn         0.0300     624.6562   78401.2917
    39   50 Sn         0.0250     624.7622   78414.5944
    40   50 Sn         0.0250     624.7622   78414.5942
    41   50 Sn         0.0300     624.6562   78401.2916
    42   50 Sn         0.0284     624.6904   78405.5804
    43   50 Sn         0.0274     624.7115   78408.2338
    44   50 Sn         0.0300     624.6562   78401.2916
    45   50 Sn         0.0300     624.6562   78401.2917
    46   50 Sn         0.0284     624.6903   78405.5701
    47   50 Sn         0.0299     624.6598   78401.7350
    48   50 Sn         0.0250     624.7622   78414.5961
    49   50 Sn         0.0299     624.6598   78401.7350
    50   50 Sn         0.0300     624.6562   78401.2917
    51   50 Sn         0.0300     624.6562   78401.2915
    52   50 Sn         0.0250     624.7622   78414.5943
    53   50 Sn         0.0299     624.6598   78401.7349
    54   50 Sn         0.0234     624.7948   78418.6879
    55   50 Sn         0.0284     624.6904   78405.5804
    56   50 Sn         0.0300     624.6562   78401.2917
    57   50 Sn         0.0300     624.6562   78401.2916
    58   50 Sn         0.0299     624.6598   78401.7349
    59   50 Sn         0.0300     624.6562   78401.2917
    60   50 Sn         0.0300     624.6562   78401.2917
    61   50 Sn         0.0299     624.6598   78401.7349
    62   50 Sn         0.0250     624.7622   78414.5942
    63   50 Sn         0.0250     624.7622   78414.5942
    64   50 Sn         0.0300     624.6562   78401.2916
    65   50 Sn         0.0299     624.6596   78401.7126
    66   50 Sn         0.0284     624.6904   78405.5804
    67   50 Sn         0.0299     624.6598   78401.7348
    68   50 Sn         0.0250     624.7622   78414.5942
    69   50 Sn         0.0299     624.6596   78401.7126
    70   50 Sn         0.0250     624.7622   78414.5943
    71   50 Sn         0.0284     624.6904   78405.5804
    72   50 Sn         0.0250     624.7622   78414.5943
    73   50 Sn         0.0274     624.7115   78408.2338
    74   50 Sn         0.0299     624.6598   78401.7349
    75   50 Sn         0.0299     624.6598   78401.7349
    76   50 Sn         0.0274     624.7116   78408.2341
    77   50 Sn         0.0300     624.6562   78401.2917
    78   50 Sn         0.0274     624.7116   78408.2341
    79   50 Sn         0.0234     624.7948   78418.6874
    80   50 Sn         0.0300     624.6562   78401.2917
    81   50 Sn         0.0284     624.6904   78405.5804
    82   50 Sn         0.0284     624.6904   78405.5804
    83   50 Sn         0.0300     624.6562   78401.2917
    84   50 Sn         0.0250     624.7622   78414.5942
    85   50 Sn         0.0300     624.6562   78401.2917
    86   50 Sn         0.0284     624.6903   78405.5701
    87   50 Sn         0.0284     624.6904   78405.5804
    88   50 Sn         0.0299     624.6598   78401.7350
    89   50 Sn         0.0300     624.6562   78401.2917
    90   50 Sn         0.0299     624.6598   78401.7350
    91   50 Sn         0.0299     624.6598   78401.7348
    92   50 Sn         0.0299     624.6598   78401.7349
    93   50 Sn         0.0299     624.6596   78401.7126
    94   50 Sn         0.0250     624.7622   78414.5961
    95   50 Sn         0.0300     624.6562   78401.2917
    96   50 Sn         0.0274     624.7118   78408.2682
    97   50 Sn         0.0274     624.7116   78408.2341
    98   50 Sn         0.0299     624.6598   78401.7350
    99   50 Sn         0.0250     624.7622   78414.5961
   100   50 Sn         0.0234     624.7948   78418.6879
   101   50 Sn         0.0300     624.6562   78401.2915
   102   50 Sn         0.0250     624.7622   78414.5942
   103   50 Sn         0.0274     624.7118   78408.2682
   104   50 Sn         0.0250     624.7622   78414.5944
   105   50 Sn         0.0299     624.6598   78401.7350
   106   50 Sn         0.0250     624.7622   78414.5942
   107   50 Sn         0.0250     624.7622   78414.5943
   108   50 Sn         0.0234     624.7948   78418.6879
   109   50 Sn         0.0284     624.6904   78405.5804
   110   50 Sn         0.0300     624.6562   78401.2917
   111   50 Sn         0.0250     624.7622   78414.5942
   112   50 Sn         0.0250     624.7622   78414.5944
   113   50 Sn         0.0299     624.6598   78401.7349
   114   50 Sn         0.0299     624.6598   78401.7350
   115   50 Sn         0.0299     624.6598   78401.7348
   116   50 Sn         0.0300     624.6562   78401.2915
   117   50 Sn         0.0274     624.7118   78408.2682
   118   50 Sn         0.0299     624.6598   78401.7349
   119   50 Sn         0.0300     624.6562   78401.2917
   120   50 Sn         0.0250     624.7622   78414.5942
   121   50 Sn         0.0299     624.6598   78401.7350
   122   50 Sn         0.0284     624.6903   78405.5701
   123   50 Sn         0.0299     624.6598   78401.7349
   124   50 Sn         0.0300     624.6562   78401.2916
--------------------------------------------------------

Atom-resolved dispersion energies:
--------------------------------------------------
     #    Z           [Hartree]      [kcal/mol]
--------------------------------------------------
     1   19 K   -0.39583509E-02     -2.48390271
     2   19 K   -0.39583509E-02     -2.48390271
     3   19 K   -0.39583156E-02     -2.48388056
     4   19 K   -0.39583156E-02     -2.48388056
     5   19 K   -0.39583509E-02     -2.48390271
     6   19 K   -0.37859858E-02     -2.37574196
     7   19 K   -0.51250692E-02     -3.21602948
     8   19 K   -0.51250859E-02     -3.21603997
     9   19 K   -0.51250859E-02     -3.21603997
    10   19 K   -0.37859858E-02     -2.37574196
    11   19 K   -0.39583800E-02     -2.48392094
    12   19 K   -0.39583800E-02     -2.48392094
    13   19 K   -0.51250859E-02     -3.21603997
    14   19 K   -0.39583531E-02     -2.48390404
    15   19 K   -0.51250832E-02     -3.21603825
    16   19 K   -0.37859858E-02     -2.37574196
    17   19 K   -0.51250692E-02     -3.21602948
    18   19 K   -0.39583156E-02     -2.48388056
    19   19 K   -0.51250692E-02     -3.21602948
    20   19 K   -0.37861602E-02     -2.37585139
    21   19 K   -0.39583800E-02     -2.48392094
    22   19 K   -0.51250858E-02     -3.21603991
    23   19 K   -0.39583531E-02     -2.48390404
    24   19 K   -0.39583531E-02     -2.48390404
    25   50 Sn  -0.26546741E-02     -1.66583318
    26   50 Sn  -0.30476205E-02     -1.91241073
    27   50 Sn  -0.30476184E-02     -1.91240941
    28   50 Sn  -0.26546726E-02     -1.66583219
    29   50 Sn  -0.30120209E-02     -1.89007164
    30   50 Sn  -0.26774541E-02     -1.68012779
    31   50 Sn  -0.26774734E-02     -1.68013995
    32   50 Sn  -0.26546741E-02     -1.66583318
    33   50 Sn  -0.26774733E-02     -1.68013983
    34   50 Sn  -0.26546741E-02     -1.66583318
    35   50 Sn  -0.28831433E-02     -1.80919974
    36   50 Sn  -0.26774733E-02     -1.68013983
    37   50 Sn  -0.26774593E-02     -1.68013105
    38   50 Sn  -0.30476190E-02     -1.91240977
    39   50 Sn  -0.26774471E-02     -1.68012341
    40   50 Sn  -0.26774718E-02     -1.68013894
    41   50 Sn  -0.30476205E-02     -1.91241073
    42   50 Sn  -0.28831449E-02     -1.80920076
    43   50 Sn  -0.28035546E-02     -1.75925707
    44   50 Sn  -0.30476341E-02     -1.91241925
    45   50 Sn  -0.30476180E-02     -1.91240916
    46   50 Sn  -0.28831912E-02     -1.80922981
    47   50 Sn  -0.30120301E-02     -1.89007740
    48   50 Sn  -0.26774500E-02     -1.68012521
    49   50 Sn  -0.30120301E-02     -1.89007740
    50   50 Sn  -0.30476183E-02     -1.91240933
    51   50 Sn  -0.30476452E-02     -1.91242622
    52   50 Sn  -0.26774541E-02     -1.68012779
    53   50 Sn  -0.30120314E-02     -1.89007826
    54   50 Sn  -0.26546726E-02     -1.66583219
    55   50 Sn  -0.28831449E-02     -1.80920076
    56   50 Sn  -0.30476183E-02     -1.91240933
    57   50 Sn  -0.30476341E-02     -1.91241925
    58   50 Sn  -0.30120308E-02     -1.89007789
    59   50 Sn  -0.30476176E-02     -1.91240893
    60   50 Sn  -0.30476176E-02     -1.91240893
    61   50 Sn  -0.30120328E-02     -1.89007910
    62   50 Sn  -0.26774702E-02     -1.68013792
    63   50 Sn  -0.26774702E-02     -1.68013792
    64   50 Sn  -0.30476205E-02     -1.91241073
    65   50 Sn  -0.30121595E-02     -1.89015864
    66   50 Sn  -0.28831433E-02     -1.80919974
    67   50 Sn  -0.30120483E-02     -1.89008882
    68   50 Sn  -0.26774718E-02     -1.68013894
    69   50 Sn  -0.30121595E-02     -1.89015864
    70   50 Sn  -0.26774541E-02     -1.68012779
    71   50 Sn  -0.28831433E-02     -1.80919974
    72   50 Sn  -0.26774593E-02     -1.68013105
    73   50 Sn  -0.28035545E-02     -1.75925700
    74   50 Sn  -0.30120328E-02     -1.89007910
    75   50 Sn  -0.30120328E-02     -1.89007910
    76   50 Sn  -0.28035123E-02     -1.75923051
    77   50 Sn  -0.30476180E-02     -1.91240916
    78   50 Sn  -0.28035123E-02     -1.75923051
    79   50 Sn  -0.26547510E-02     -1.66588141
    80   50 Sn  -0.30476180E-02     -1.91240916
    81   50 Sn  -0.28831442E-02     -1.80920028
    82   50 Sn  -0.28831442E-02     -1.80920028
    83   50 Sn  -0.30476183E-02     -1.91240933
    84   50 Sn  -0.26774702E-02     -1.68013792
    85   50 Sn  -0.30476190E-02     -1.91240977
    86   50 Sn  -0.28831912E-02     -1.80922981
    87   50 Sn  -0.28831442E-02     -1.80920028
    88   50 Sn  -0.30120209E-02     -1.89007164
    89   50 Sn  -0.30476190E-02     -1.91240977
    90   50 Sn  -0.30120297E-02     -1.89007714
    91   50 Sn  -0.30120483E-02     -1.89008882
    92   50 Sn  -0.30120314E-02     -1.89007826
    93   50 Sn  -0.30121595E-02     -1.89015864
    94   50 Sn  -0.26774500E-02     -1.68012521
    95   50 Sn  -0.30476184E-02     -1.91240941
    96   50 Sn  -0.28033513E-02     -1.75912947
    97   50 Sn  -0.28035123E-02     -1.75923051
    98   50 Sn  -0.30120297E-02     -1.89007714
    99   50 Sn  -0.26774500E-02     -1.68012521
   100   50 Sn  -0.26546710E-02     -1.66583121
   101   50 Sn  -0.30476452E-02     -1.91242622
   102   50 Sn  -0.26774733E-02     -1.68013983
   103   50 Sn  -0.28033513E-02     -1.75912947
   104   50 Sn  -0.26774471E-02     -1.68012341
   105   50 Sn  -0.30120209E-02     -1.89007164
   106   50 Sn  -0.26774734E-02     -1.68013995
   107   50 Sn  -0.26774593E-02     -1.68013105
   108   50 Sn  -0.26546726E-02     -1.66583219
   109   50 Sn  -0.28831449E-02     -1.80920076
   110   50 Sn  -0.30476184E-02     -1.91240941
   111   50 Sn  -0.26774718E-02     -1.68013894
   112   50 Sn  -0.26774471E-02     -1.68012341
   113   50 Sn  -0.30120314E-02     -1.89007826
   114   50 Sn  -0.30120301E-02     -1.89007740
   115   50 Sn  -0.30120483E-02     -1.89008882
   116   50 Sn  -0.30476452E-02     -1.91242622
   117   50 Sn  -0.28033513E-02     -1.75912947
   118   50 Sn  -0.30120308E-02     -1.89007789
   119   50 Sn  -0.30476176E-02     -1.91240893
   120   50 Sn  -0.26774734E-02     -1.68013995
   121   50 Sn  -0.30120297E-02     -1.89007714
   122   50 Sn  -0.28831912E-02     -1.80922981
   123   50 Sn  -0.30120308E-02     -1.89007789
   124   50 Sn  -0.30476341E-02     -1.91241925
--------------------------------------------------

Dispersion energy:      -3.9159920374643E-01 Eh

[Info] Dispersion energy written to .EDISP
