-----------------------------------
 s i m p l e   D F T - D 3  v1.2.1
-----------------------------------

Zero (Chai-Head-Gordon) damping: pbe-D3(0)
--------------------
  s6         1.0000
  s8         0.7220
  s9         0.0000
 rs6         1.2170
 rs8         1.0000
 alp        14.0000
--------------------

Atomic radii (in Angstrom):
-------------------------------------------
   Z          R(cov)     R(vdw)      r4/r2
-------------------------------------------
  19 K        2.3467     2.1206     4.2216
  50 Sn       1.6800     2.0937     3.4228
-------------------------------------------

Atomic reference systems (in atomic units):
----------------------------------------------------------------------------
   Z        #      CN    C6(AA)   #      CN    C6(AA)   #      CN    C6(AA)
----------------------------------------------------------------------------
  19 K      1  0.0000 4983.5009   2  0.9767  338.0207
  50 Sn     1  0.0000  627.5677   2  0.9514  542.0439   3  1.9505  505.4148
            4  2.9259  409.1453   5  3.9123  336.1020
----------------------------------------------------------------------------

Dispersion properties (in atomic units):
--------------------------------------------------------
     #    Z                CN       C6(AA)       C8(AA)
--------------------------------------------------------
     1   19 K          0.5361    1484.3754  283408.2682
     2   19 K          0.5361    1484.3754  283408.2682
     3   19 K          0.5361    1484.4017  283413.2743
     4   19 K          0.5361    1484.4017  283413.2743
     5   19 K          0.5361    1484.3754  283408.2682
     6   19 K          0.5746    1213.9369  231774.0847
     7   19 K          0.8167     464.3294   88653.3013
     8   19 K          0.8167     464.3261   88652.6772
     9   19 K          0.8167     464.3261   88652.6772
    10   19 K          0.5746    1213.9369  231774.0847
    11   19 K          0.5361    1484.5284  283437.4767
    12   19 K          0.5361    1484.5284  283437.4767
    13   19 K          0.8167     464.3261   88652.6772
    14   19 K          0.5361    1484.3750  283408.1783
    15   19 K          0.8167     464.3262   88652.6959
    16   19 K          0.5746    1213.9369  231774.0847
    17   19 K          0.8167     464.3294   88653.3013
    18   19 K          0.5361    1484.4017  283413.2743
    19   19 K          0.8167     464.3294   88653.3013
    20   19 K          0.5747    1213.2930  231651.1404
    21   19 K          0.5361    1484.5284  283437.4767
    22   19 K          0.8167     464.3261   88652.6827
    23   19 K          0.5361    1484.3750  283408.1783
    24   19 K          0.5361    1484.3750  283408.1783
    25   50 Sn         0.7955     548.4226   68833.1265
    26   50 Sn         1.0567     541.4502   67958.0089
    27   50 Sn         1.0567     541.4502   67958.0090
    28   50 Sn         0.7955     548.4226   68833.1266
    29   50 Sn         1.0541     541.4997   67964.2283
    30   50 Sn         0.8732     545.4355   68458.2043
    31   50 Sn         0.8732     545.4354   68458.2017
    32   50 Sn         0.7955     548.4226   68833.1265
    33   50 Sn         0.8732     545.4354   68458.2017
    34   50 Sn         0.7955     548.4226   68833.1265
    35   50 Sn         1.0018     542.4749   68086.6260
    36   50 Sn         0.8732     545.4354   68458.2017
    37   50 Sn         0.8732     545.4355   68458.2036
    38   50 Sn         1.0567     541.4502   67958.0090
    39   50 Sn         0.8732     545.4355   68458.2075
    40   50 Sn         0.8732     545.4354   68458.2018
    41   50 Sn         1.0567     541.4502   67958.0089
    42   50 Sn         1.0018     542.4749   68086.6259
    43   50 Sn         0.9676     543.1353   68169.5117
    44   50 Sn         1.0567     541.4502   67958.0078
    45   50 Sn         1.0567     541.4502   67958.0090
    46   50 Sn         1.0019     542.4720   68086.2521
    47   50 Sn         1.0541     541.4997   67964.2274
    48   50 Sn         0.8732     545.4365   68458.3341
    49   50 Sn         1.0541     541.4997   67964.2274
    50   50 Sn         1.0567     541.4502   67958.0090
    51   50 Sn         1.0567     541.4502   67958.0066
    52   50 Sn         0.8732     545.4355   68458.2043
    53   50 Sn         1.0541     541.4997   67964.2274
    54   50 Sn         0.7955     548.4226   68833.1266
    55   50 Sn         1.0018     542.4749   68086.6259
    56   50 Sn         1.0567     541.4502   67958.0090
    57   50 Sn         1.0567     541.4502   67958.0078
    58   50 Sn         1.0541     541.4997   67964.2274
    59   50 Sn         1.0567     541.4502   67958.0090
    60   50 Sn         1.0567     541.4502   67958.0090
    61   50 Sn         1.0541     541.4997   67964.2273
    62   50 Sn         0.8732     545.4354   68458.2020
    63   50 Sn         0.8732     545.4354   68458.2020
    64   50 Sn         1.0567     541.4502   67958.0089
    65   50 Sn         1.0544     541.4931   67963.4008
    66   50 Sn         1.0018     542.4749   68086.6260
    67   50 Sn         1.0541     541.4997   67964.2258
    68   50 Sn         0.8732     545.4354   68458.2018
    69   50 Sn         1.0544     541.4931   67963.4008
    70   50 Sn         0.8732     545.4355   68458.2043
    71   50 Sn         1.0018     542.4749   68086.6260
    72   50 Sn         0.8732     545.4355   68458.2036
    73   50 Sn         0.9676     543.1353   68169.5117
    74   50 Sn         1.0541     541.4997   67964.2273
    75   50 Sn         1.0541     541.4997   67964.2273
    76   50 Sn         0.9676     543.1354   68169.5168
    77   50 Sn         1.0567     541.4502   67958.0090
    78   50 Sn         0.9676     543.1354   68169.5168
    79   50 Sn         0.7955     548.4225   68833.1072
    80   50 Sn         1.0567     541.4502   67958.0090
    81   50 Sn         1.0018     542.4749   68086.6259
    82   50 Sn         1.0018     542.4749   68086.6259
    83   50 Sn         1.0567     541.4502   67958.0090
    84   50 Sn         0.8732     545.4354   68458.2020
    85   50 Sn         1.0567     541.4502   67958.0090
    86   50 Sn         1.0019     542.4720   68086.2521
    87   50 Sn         1.0018     542.4749   68086.6259
    88   50 Sn         1.0541     541.4997   67964.2283
    89   50 Sn         1.0567     541.4502   67958.0090
    90   50 Sn         1.0541     541.4997   67964.2274
    91   50 Sn         1.0541     541.4997   67964.2258
    92   50 Sn         1.0541     541.4997   67964.2274
    93   50 Sn         1.0544     541.4931   67963.4008
    94   50 Sn         0.8732     545.4365   68458.3341
    95   50 Sn         1.0567     541.4502   67958.0090
    96   50 Sn         0.9671     543.1463   68170.8876
    97   50 Sn         0.9676     543.1354   68169.5168
    98   50 Sn         1.0541     541.4997   67964.2274
    99   50 Sn         0.8732     545.4365   68458.3341
   100   50 Sn         0.7955     548.4226   68833.1268
   101   50 Sn         1.0567     541.4502   67958.0066
   102   50 Sn         0.8732     545.4354   68458.2017
   103   50 Sn         0.9671     543.1463   68170.8876
   104   50 Sn         0.8732     545.4355   68458.2075
   105   50 Sn         1.0541     541.4997   67964.2283
   106   50 Sn         0.8732     545.4354   68458.2017
   107   50 Sn         0.8732     545.4355   68458.2036
   108   50 Sn         0.7955     548.4226   68833.1266
   109   50 Sn         1.0018     542.4749   68086.6259
   110   50 Sn         1.0567     541.4502   67958.0090
   111   50 Sn         0.8732     545.4354   68458.2018
   112   50 Sn         0.8732     545.4355   68458.2075
   113   50 Sn         1.0541     541.4997   67964.2274
   114   50 Sn         1.0541     541.4997   67964.2274
   115   50 Sn         1.0541     541.4997   67964.2258
   116   50 Sn         1.0567     541.4502   67958.0066
   117   50 Sn         0.9671     543.1463   68170.8876
   118   50 Sn         1.0541     541.4997   67964.2274
   119   50 Sn         1.0567     541.4502   67958.0090
   120   50 Sn         0.8732     545.4354   68458.2017
   121   50 Sn         1.0541     541.4997   67964.2274
   122   50 Sn         1.0019     542.4720   68086.2521
   123   50 Sn         1.0541     541.4997   67964.2274
   124   50 Sn         1.0567     541.4502   67958.0078
--------------------------------------------------------

Atom-resolved dispersion energies:
--------------------------------------------------
     #    Z           [Hartree]      [kcal/mol]
--------------------------------------------------
     1   19 K   -0.95536353E-02     -5.99499664
     2   19 K   -0.95536353E-02     -5.99499664
     3   19 K   -0.95535272E-02     -5.99492882
     4   19 K   -0.95535272E-02     -5.99492882
     5   19 K   -0.95536353E-02     -5.99499664
     6   19 K   -0.79314690E-02     -4.97707191
     7   19 K   -0.71290706E-02     -4.47355933
     8   19 K   -0.71290696E-02     -4.47355871
     9   19 K   -0.71290696E-02     -4.47355871
    10   19 K   -0.79314690E-02     -4.97707191
    11   19 K   -0.95541477E-02     -5.99531822
    12   19 K   -0.95541477E-02     -5.99531822
    13   19 K   -0.71290696E-02     -4.47355871
    14   19 K   -0.95536380E-02     -5.99499836
    15   19 K   -0.71290638E-02     -4.47355505
    16   19 K   -0.79314690E-02     -4.97707191
    17   19 K   -0.71290706E-02     -4.47355933
    18   19 K   -0.95535272E-02     -5.99492882
    19   19 K   -0.71290706E-02     -4.47355933
    20   19 K   -0.79297000E-02     -4.97596190
    21   19 K   -0.95541477E-02     -5.99531822
    22   19 K   -0.71290734E-02     -4.47356108
    23   19 K   -0.95536380E-02     -5.99499836
    24   19 K   -0.95536380E-02     -5.99499836
    25   50 Sn  -0.54266374E-02     -3.40526640
    26   50 Sn  -0.52373525E-02     -3.28648830
    27   50 Sn  -0.52373241E-02     -3.28647049
    28   50 Sn  -0.54266119E-02     -3.40525038
    29   50 Sn  -0.51163989E-02     -3.21058881
    30   50 Sn  -0.50550817E-02     -3.17211166
    31   50 Sn  -0.50551610E-02     -3.17216141
    32   50 Sn  -0.54266374E-02     -3.40526640
    33   50 Sn  -0.50551599E-02     -3.17216074
    34   50 Sn  -0.54266374E-02     -3.40526640
    35   50 Sn  -0.49266422E-02     -3.09151467
    36   50 Sn  -0.50551599E-02     -3.17216074
    37   50 Sn  -0.50551101E-02     -3.17212947
    38   50 Sn  -0.52373275E-02     -3.28647262
    39   50 Sn  -0.50550143E-02     -3.17206935
    40   50 Sn  -0.50551610E-02     -3.17216140
    41   50 Sn  -0.52373525E-02     -3.28648830
    42   50 Sn  -0.49266514E-02     -3.09152044
    43   50 Sn  -0.48586761E-02     -3.04886527
    44   50 Sn  -0.52374079E-02     -3.28652309
    45   50 Sn  -0.52373233E-02     -3.28646998
    46   50 Sn  -0.49265487E-02     -3.09145601
    47   50 Sn  -0.51164211E-02     -3.21060270
    48   50 Sn  -0.50551221E-02     -3.17213699
    49   50 Sn  -0.51164211E-02     -3.21060270
    50   50 Sn  -0.52373231E-02     -3.28646989
    51   50 Sn  -0.52374498E-02     -3.28654934
    52   50 Sn  -0.50550817E-02     -3.17211166
    53   50 Sn  -0.51164364E-02     -3.21061232
    54   50 Sn  -0.54266119E-02     -3.40525038
    55   50 Sn  -0.49266514E-02     -3.09152044
    56   50 Sn  -0.52373231E-02     -3.28646989
    57   50 Sn  -0.52374079E-02     -3.28652309
    58   50 Sn  -0.51164329E-02     -3.21061009
    59   50 Sn  -0.52373172E-02     -3.28646619
    60   50 Sn  -0.52373172E-02     -3.28646619
    61   50 Sn  -0.51164565E-02     -3.21062491
    62   50 Sn  -0.50551600E-02     -3.17216076
    63   50 Sn  -0.50551600E-02     -3.17216076
    64   50 Sn  -0.52373525E-02     -3.28648830
    65   50 Sn  -0.51163258E-02     -3.21054293
    66   50 Sn  -0.49266422E-02     -3.09151467
    67   50 Sn  -0.51165082E-02     -3.21065734
    68   50 Sn  -0.50551610E-02     -3.17216140
    69   50 Sn  -0.51163258E-02     -3.21054293
    70   50 Sn  -0.50550817E-02     -3.17211166
    71   50 Sn  -0.49266422E-02     -3.09151467
    72   50 Sn  -0.50551101E-02     -3.17212947
    73   50 Sn  -0.48586753E-02     -3.04886479
    74   50 Sn  -0.51164565E-02     -3.21062491
    75   50 Sn  -0.51164565E-02     -3.21062491
    76   50 Sn  -0.48585646E-02     -3.04879529
    77   50 Sn  -0.52373233E-02     -3.28646998
    78   50 Sn  -0.48585646E-02     -3.04879529
    79   50 Sn  -0.54268544E-02     -3.40540253
    80   50 Sn  -0.52373233E-02     -3.28646998
    81   50 Sn  -0.49266594E-02     -3.09152542
    82   50 Sn  -0.49266594E-02     -3.09152542
    83   50 Sn  -0.52373231E-02     -3.28646989
    84   50 Sn  -0.50551600E-02     -3.17216076
    85   50 Sn  -0.52373275E-02     -3.28647262
    86   50 Sn  -0.49265487E-02     -3.09145601
    87   50 Sn  -0.49266594E-02     -3.09152542
    88   50 Sn  -0.51163989E-02     -3.21058881
    89   50 Sn  -0.52373275E-02     -3.28647262
    90   50 Sn  -0.51164286E-02     -3.21060745
    91   50 Sn  -0.51165082E-02     -3.21065734
    92   50 Sn  -0.51164364E-02     -3.21061232
    93   50 Sn  -0.51163258E-02     -3.21054293
    94   50 Sn  -0.50551221E-02     -3.17213699
    95   50 Sn  -0.52373241E-02     -3.28647049
    96   50 Sn  -0.48588969E-02     -3.04900383
    97   50 Sn  -0.48585646E-02     -3.04879529
    98   50 Sn  -0.51164286E-02     -3.21060745
    99   50 Sn  -0.50551221E-02     -3.17213699
   100   50 Sn  -0.54265429E-02     -3.40520708
   101   50 Sn  -0.52374498E-02     -3.28654934
   102   50 Sn  -0.50551599E-02     -3.17216074
   103   50 Sn  -0.48588969E-02     -3.04900383
   104   50 Sn  -0.50550143E-02     -3.17206935
   105   50 Sn  -0.51163989E-02     -3.21058881
   106   50 Sn  -0.50551610E-02     -3.17216141
   107   50 Sn  -0.50551101E-02     -3.17212947
   108   50 Sn  -0.54266119E-02     -3.40525038
   109   50 Sn  -0.49266514E-02     -3.09152044
   110   50 Sn  -0.52373241E-02     -3.28647049
   111   50 Sn  -0.50551610E-02     -3.17216140
   112   50 Sn  -0.50550143E-02     -3.17206935
   113   50 Sn  -0.51164364E-02     -3.21061232
   114   50 Sn  -0.51164211E-02     -3.21060270
   115   50 Sn  -0.51165082E-02     -3.21065734
   116   50 Sn  -0.52374498E-02     -3.28654934
   117   50 Sn  -0.48588969E-02     -3.04900383
   118   50 Sn  -0.51164329E-02     -3.21061009
   119   50 Sn  -0.52373172E-02     -3.28646619
   120   50 Sn  -0.50551610E-02     -3.17216141
   121   50 Sn  -0.51164286E-02     -3.21060745
   122   50 Sn  -0.49265487E-02     -3.09145601
   123   50 Sn  -0.51164329E-02     -3.21061009
   124   50 Sn  -0.52374079E-02     -3.28652309
--------------------------------------------------

Dispersion energy:      -7.1461750659682E-01 Eh

[Info] Dispersion energy written to .EDISP
