-----------------------------------
 s i m p l e   D F T - D 3  v1.2.1
-----------------------------------

Zero (Chai-Head-Gordon) damping: pbe-D3(0)
--------------------
  s6         1.0000
  s8         0.7220
  s9         0.0000
 rs6         1.2170
 rs8         1.0000
 alp        14.0000
--------------------

Atomic radii (in Angstrom):
-------------------------------------------
   Z          R(cov)     R(vdw)      r4/r2
-------------------------------------------
  19 K        2.3467     2.1206     4.2216
  82 Pb       1.7333     2.1382     3.8442
-------------------------------------------

Atomic reference systems (in atomic units):
----------------------------------------------------------------------------
   Z        #      CN    C6(AA)   #      CN    C6(AA)   #      CN    C6(AA)
----------------------------------------------------------------------------
  19 K      1  0.0000 4983.5009   2  0.9767  338.0207
  82 Pb     1  0.0000  738.8156   2  0.9383  632.9991   3  1.9356  544.4563
            4  2.9081  524.1840   5  3.9098  455.2854
----------------------------------------------------------------------------

Dispersion properties (in atomic units):
--------------------------------------------------------
     #    Z                CN       C6(AA)       C8(AA)
--------------------------------------------------------
     1   19 K         13.5885     338.0207   64537.4877
     2   19 K         13.4237     338.0207   64537.4877
     3   19 K         13.5885     338.0207   64537.4877
     4   19 K         13.4237     338.0207   64537.4877
     5   19 K         13.7706     338.0207   64537.4877
     6   19 K         13.7706     338.0207   64537.4877
     7   19 K         13.3528     338.0207   64537.4877
     8   19 K         13.3528     338.0207   64537.4877
     9   19 K         13.7706     338.0207   64537.4877
    10   19 K         13.7706     338.0207   64537.4877
    11   19 K         13.3528     338.0207   64537.4877
    12   19 K         13.5885     338.0207   64537.4877
    13   19 K         13.5885     338.0207   64537.4877
    14   19 K         13.4038     338.0207   64537.4877
    15   19 K         13.3528     338.0207   64537.4877
    16   19 K         13.4038     338.0207   64537.4877
    17   82 Pb         9.3191     455.2854   72079.0562
    18   82 Pb         8.9788     455.2854   72079.0562
    19   82 Pb         8.9788     455.2854   72079.0562
    20   82 Pb         8.9840     455.2854   72079.0562
    21   82 Pb         8.6737     455.2854   72079.0562
    22   82 Pb         9.1453     455.2854   72079.0562
    23   82 Pb         8.9840     455.2854   72079.0562
    24   82 Pb         8.8176     455.2854   72079.0562
    25   82 Pb         8.6737     455.2854   72079.0562
    26   82 Pb         8.7518     455.2854   72079.0562
    27   82 Pb         8.1653     455.2854   72079.0562
    28   82 Pb         8.8176     455.2854   72079.0562
    29   82 Pb         8.6737     455.2854   72079.0562
    30   82 Pb         8.8176     455.2854   72079.0562
    31   82 Pb         8.6985     455.2854   72079.0562
    32   82 Pb         8.2061     455.2854   72079.0562
    33   82 Pb         8.6985     455.2854   72079.0562
    34   82 Pb         8.4853     455.2854   72079.0562
    35   82 Pb         8.8176     455.2854   72079.0562
    36   82 Pb         9.1453     455.2854   72079.0562
    37   82 Pb         8.6657     455.2854   72079.0562
    38   82 Pb         8.9840     455.2854   72079.0562
    39   82 Pb         8.2061     455.2854   72079.0562
    40   82 Pb         8.6985     455.2854   72079.0562
    41   82 Pb         8.4853     455.2854   72079.0562
    42   82 Pb         8.9840     455.2854   72079.0562
    43   82 Pb         8.2061     455.2854   72079.0562
    44   82 Pb         9.3191     455.2854   72079.0562
    45   82 Pb         8.2061     455.2854   72079.0562
    46   82 Pb         8.6985     455.2854   72079.0562
    47   82 Pb         8.6737     455.2854   72079.0562
    48   82 Pb         8.6657     455.2854   72079.0562
    49   82 Pb         8.1653     455.2854   72079.0562
    50   82 Pb         8.1653     455.2854   72079.0562
    51   82 Pb         8.1653     455.2854   72079.0562
    52   82 Pb         8.7518     455.2854   72079.0562
--------------------------------------------------------

Atom-resolved dispersion energies:
--------------------------------------------------
     #    Z           [Hartree]      [kcal/mol]
--------------------------------------------------
     1   19 K   -0.84182426E-02     -5.28252701
     2   19 K   -0.87228039E-02     -5.47364209
     3   19 K   -0.84182426E-02     -5.28252701
     4   19 K   -0.87228039E-02     -5.47364209
     5   19 K   -0.81981885E-02     -5.14444093
     6   19 K   -0.81981885E-02     -5.14444093
     7   19 K   -0.81805139E-02     -5.13334995
     8   19 K   -0.81805139E-02     -5.13334995
     9   19 K   -0.81981885E-02     -5.14444093
    10   19 K   -0.81981885E-02     -5.14444093
    11   19 K   -0.81805139E-02     -5.13334995
    12   19 K   -0.84182426E-02     -5.28252701
    13   19 K   -0.84182426E-02     -5.28252701
    14   19 K   -0.84347809E-02     -5.29290490
    15   19 K   -0.81805139E-02     -5.13334995
    16   19 K   -0.84347809E-02     -5.29290490
    17   82 Pb  -0.84555960E-02     -5.30596661
    18   82 Pb  -0.91070717E-02     -5.71477379
    19   82 Pb  -0.91070717E-02     -5.71477379
    20   82 Pb  -0.88254541E-02     -5.53805604
    21   82 Pb  -0.89411587E-02     -5.61066180
    22   82 Pb  -0.86251363E-02     -5.41235472
    23   82 Pb  -0.88254541E-02     -5.53805604
    24   82 Pb  -0.91292906E-02     -5.72871637
    25   82 Pb  -0.89411587E-02     -5.61066180
    26   82 Pb  -0.97116685E-02     -6.09416397
    27   82 Pb  -0.92443086E-02     -5.80089124
    28   82 Pb  -0.91292906E-02     -5.72871637
    29   82 Pb  -0.89411587E-02     -5.61066180
    30   82 Pb  -0.91292906E-02     -5.72871637
    31   82 Pb  -0.93425425E-02     -5.86253396
    32   82 Pb  -0.89887256E-02     -5.64051050
    33   82 Pb  -0.93425425E-02     -5.86253396
    34   82 Pb  -0.92425924E-02     -5.79981430
    35   82 Pb  -0.91292906E-02     -5.72871637
    36   82 Pb  -0.86251363E-02     -5.41235472
    37   82 Pb  -0.89135300E-02     -5.59332451
    38   82 Pb  -0.88254541E-02     -5.53805604
    39   82 Pb  -0.89887256E-02     -5.64051050
    40   82 Pb  -0.93425425E-02     -5.86253396
    41   82 Pb  -0.92425924E-02     -5.79981430
    42   82 Pb  -0.88254541E-02     -5.53805604
    43   82 Pb  -0.89887256E-02     -5.64051050
    44   82 Pb  -0.84555960E-02     -5.30596661
    45   82 Pb  -0.89887256E-02     -5.64051050
    46   82 Pb  -0.93425425E-02     -5.86253396
    47   82 Pb  -0.89411587E-02     -5.61066180
    48   82 Pb  -0.89135300E-02     -5.59332451
    49   82 Pb  -0.92443086E-02     -5.80089124
    50   82 Pb  -0.92443086E-02     -5.80089124
    51   82 Pb  -0.92443086E-02     -5.80089124
    52   82 Pb  -0.97116685E-02     -6.09416397
--------------------------------------------------

Dispersion energy:      -4.5950005988241E-01 Eh

[Info] Dispersion energy written to .EDISP
