-----------------------------------
 s i m p l e   D F T - D 3  v1.2.1
-----------------------------------

Zero (Chai-Head-Gordon) damping: pbe-D3(0)
--------------------
  s6         1.0000
  s8         0.7220
  s9         0.0000
 rs6         1.2170
 rs8         1.0000
 alp        14.0000
--------------------

Atomic radii (in Angstrom):
-------------------------------------------
   Z          R(cov)     R(vdw)      r4/r2
-------------------------------------------
  19 K        2.3467     2.1206     4.2216
  82 Pb       1.7333     2.1382     3.8442
-------------------------------------------

Atomic reference systems (in atomic units):
----------------------------------------------------------------------------
   Z        #      CN    C6(AA)   #      CN    C6(AA)   #      CN    C6(AA)
----------------------------------------------------------------------------
  19 K      1  0.0000 4983.5009   2  0.9767  338.0207
  82 Pb     1  0.0000  738.8156   2  0.9383  632.9991   3  1.9356  544.4563
            4  2.9081  524.1840   5  3.9098  455.2854
----------------------------------------------------------------------------

Dispersion properties (in atomic units):
--------------------------------------------------------
     #    Z                CN       C6(AA)       C8(AA)
--------------------------------------------------------
     1   19 K          5.6864     338.0207   64537.4877
     2   19 K          5.5024     338.0207   64537.4877
     3   19 K          5.6864     338.0207   64537.4877
     4   19 K          5.5024     338.0207   64537.4877
     5   19 K          6.5872     338.0207   64537.4877
     6   19 K          6.5872     338.0207   64537.4877
     7   19 K          6.4067     338.0207   64537.4877
     8   19 K          6.4067     338.0207   64537.4877
     9   19 K          6.5872     338.0207   64537.4877
    10   19 K          6.5872     338.0207   64537.4877
    11   19 K          6.4067     338.0207   64537.4877
    12   19 K          5.6864     338.0207   64537.4877
    13   19 K          5.6864     338.0207   64537.4877
    14   19 K          6.9460     338.0207   64537.4877
    15   19 K          6.4067     338.0207   64537.4877
    16   19 K          6.9460     338.0207   64537.4877
    17   82 Pb         4.1515     455.4553   72105.9500
    18   82 Pb         4.3246     455.3279   72085.7853
    19   82 Pb         4.3246     455.3279   72085.7853
    20   82 Pb         4.0792     455.5881   72126.9761
    21   82 Pb         4.3796     455.3128   72083.3888
    22   82 Pb         4.4794     455.2977   72081.0034
    23   82 Pb         4.0792     455.5881   72126.9761
    24   82 Pb         5.0264     455.2856   72079.0805
    25   82 Pb         4.3796     455.3128   72083.3888
    26   82 Pb         4.9990     455.2856   72079.0865
    27   82 Pb         4.4737     455.2983   72081.0944
    28   82 Pb         5.0264     455.2856   72079.0805
    29   82 Pb         4.3796     455.3128   72083.3888
    30   82 Pb         5.0264     455.2856   72079.0805
    31   82 Pb         5.1702     455.2854   72079.0639
    32   82 Pb         4.4763     455.2980   72081.0530
    33   82 Pb         5.1702     455.2854   72079.0639
    34   82 Pb         4.9086     455.2858   72079.1187
    35   82 Pb         5.0264     455.2856   72079.0805
    36   82 Pb         4.4794     455.2977   72081.0034
    37   82 Pb         3.9703     456.0053   72193.0235
    38   82 Pb         4.0792     455.5881   72126.9761
    39   82 Pb         4.4763     455.2980   72081.0530
    40   82 Pb         5.1702     455.2854   72079.0639
    41   82 Pb         4.9086     455.2858   72079.1187
    42   82 Pb         4.0792     455.5881   72126.9761
    43   82 Pb         4.4763     455.2980   72081.0530
    44   82 Pb         4.1515     455.4553   72105.9500
    45   82 Pb         4.4763     455.2980   72081.0530
    46   82 Pb         5.1702     455.2854   72079.0639
    47   82 Pb         4.3796     455.3128   72083.3888
    48   82 Pb         3.9703     456.0053   72193.0235
    49   82 Pb         4.4737     455.2983   72081.0944
    50   82 Pb         4.4737     455.2983   72081.0944
    51   82 Pb         4.4737     455.2983   72081.0944
    52   82 Pb         4.9990     455.2856   72079.0865
--------------------------------------------------------

Atom-resolved dispersion energies:
--------------------------------------------------
     #    Z           [Hartree]      [kcal/mol]
--------------------------------------------------
     1   19 K   -0.59016837E-02     -3.70336242
     2   19 K   -0.59720586E-02     -3.74752332
     3   19 K   -0.59016837E-02     -3.70336242
     4   19 K   -0.59720586E-02     -3.74752332
     5   19 K   -0.56910706E-02     -3.57120074
     6   19 K   -0.56910706E-02     -3.57120074
     7   19 K   -0.57311274E-02     -3.59633675
     8   19 K   -0.57311274E-02     -3.59633675
     9   19 K   -0.56910706E-02     -3.57120074
    10   19 K   -0.56910706E-02     -3.57120074
    11   19 K   -0.57311274E-02     -3.59633675
    12   19 K   -0.59016837E-02     -3.70336242
    13   19 K   -0.59016837E-02     -3.70336242
    14   19 K   -0.55820442E-02     -3.50278563
    15   19 K   -0.57311274E-02     -3.59633675
    16   19 K   -0.55820442E-02     -3.50278563
    17   82 Pb  -0.53547821E-02     -3.36017652
    18   82 Pb  -0.55011898E-02     -3.45204870
    19   82 Pb  -0.55011898E-02     -3.45204870
    20   82 Pb  -0.55754848E-02     -3.49866955
    21   82 Pb  -0.53562876E-02     -3.36112119
    22   82 Pb  -0.54140323E-02     -3.39735658
    23   82 Pb  -0.55754848E-02     -3.49866955
    24   82 Pb  -0.51896451E-02     -3.25655147
    25   82 Pb  -0.53562876E-02     -3.36112119
    26   82 Pb  -0.55629273E-02     -3.49078962
    27   82 Pb  -0.57003696E-02     -3.57703595
    28   82 Pb  -0.51896451E-02     -3.25655147
    29   82 Pb  -0.53562876E-02     -3.36112119
    30   82 Pb  -0.51896451E-02     -3.25655147
    31   82 Pb  -0.54764761E-02     -3.43654066
    32   82 Pb  -0.55964376E-02     -3.51181759
    33   82 Pb  -0.54764761E-02     -3.43654066
    34   82 Pb  -0.56405466E-02     -3.53949643
    35   82 Pb  -0.51896451E-02     -3.25655147
    36   82 Pb  -0.54140323E-02     -3.39735658
    37   82 Pb  -0.57927456E-02     -3.63500271
    38   82 Pb  -0.55754848E-02     -3.49866955
    39   82 Pb  -0.55964376E-02     -3.51181759
    40   82 Pb  -0.54764761E-02     -3.43654066
    41   82 Pb  -0.56405466E-02     -3.53949643
    42   82 Pb  -0.55754848E-02     -3.49866955
    43   82 Pb  -0.55964376E-02     -3.51181759
    44   82 Pb  -0.53547821E-02     -3.36017652
    45   82 Pb  -0.55964376E-02     -3.51181759
    46   82 Pb  -0.54764761E-02     -3.43654066
    47   82 Pb  -0.53562876E-02     -3.36112119
    48   82 Pb  -0.57927456E-02     -3.63500271
    49   82 Pb  -0.57003696E-02     -3.57703595
    50   82 Pb  -0.57003696E-02     -3.57703595
    51   82 Pb  -0.57003696E-02     -3.57703595
    52   82 Pb  -0.55629273E-02     -3.49078962
--------------------------------------------------

Dispersion energy:      -2.9051498323799E-01 Eh

[Info] Dispersion energy written to .EDISP
