-----------------------------------
 s i m p l e   D F T - D 3  v1.2.1
-----------------------------------

Zero (Chai-Head-Gordon) damping: pbe-D3(0)
--------------------
  s6         1.0000
  s8         0.7220
  s9         0.0000
 rs6         1.2170
 rs8         1.0000
 alp        14.0000
--------------------

Atomic radii (in Angstrom):
-------------------------------------------
   Z          R(cov)     R(vdw)      r4/r2
-------------------------------------------
  19 K        2.3467     2.1206     4.2216
  82 Pb       1.7333     2.1382     3.8442
-------------------------------------------

Atomic reference systems (in atomic units):
----------------------------------------------------------------------------
   Z        #      CN    C6(AA)   #      CN    C6(AA)   #      CN    C6(AA)
----------------------------------------------------------------------------
  19 K      1  0.0000 4983.5009   2  0.9767  338.0207
  82 Pb     1  0.0000  738.8156   2  0.9383  632.9991   3  1.9356  544.4563
            4  2.9081  524.1840   5  3.9098  455.2854
----------------------------------------------------------------------------

Dispersion properties (in atomic units):
--------------------------------------------------------
     #    Z                CN       C6(AA)       C8(AA)
--------------------------------------------------------
     1   19 K          2.2077     338.0230   64537.9204
     2   19 K          2.1268     338.0250   64538.3023
     3   19 K          2.2077     338.0230   64537.9204
     4   19 K          2.1268     338.0250   64538.3023
     5   19 K          2.7808     338.0207   64537.4926
     6   19 K          2.7808     338.0207   64537.4926
     7   19 K          2.7859     338.0207   64537.4924
     8   19 K          2.7859     338.0207   64537.4924
     9   19 K          2.7808     338.0207   64537.4926
    10   19 K          2.7808     338.0207   64537.4926
    11   19 K          2.7859     338.0207   64537.4924
    12   19 K          2.2077     338.0230   64537.9204
    13   19 K          2.2077     338.0230   64537.9204
    14   19 K          3.1159     338.0207   64537.4880
    15   19 K          2.7859     338.0207   64537.4924
    16   19 K          3.1159     338.0207   64537.4880
    17   82 Pb         1.6079     561.6477   88917.9286
    18   82 Pb         1.8175     548.0862   86770.9287
    19   82 Pb         1.8175     548.0862   86770.9287
    20   82 Pb         1.7568     550.3881   87135.3494
    21   82 Pb         1.8822     546.4576   86513.0888
    22   82 Pb         1.9506     545.2809   86326.8059
    23   82 Pb         1.7568     550.3881   87135.3494
    24   82 Pb         2.2381     540.5816   85582.8214
    25   82 Pb         1.8822     546.4576   86513.0888
    26   82 Pb         2.2831     539.2997   85379.8863
    27   82 Pb         2.0069     544.5175   86205.9376
    28   82 Pb         2.2381     540.5816   85582.8214
    29   82 Pb         1.8822     546.4576   86513.0888
    30   82 Pb         2.2381     540.5816   85582.8214
    31   82 Pb         2.3542     536.8459   84991.4022
    32   82 Pb         1.9708     544.9936   86281.3253
    33   82 Pb         2.3542     536.8459   84991.4022
    34   82 Pb         2.2258     540.8936   85632.2260
    35   82 Pb         2.2381     540.5816   85582.8214
    36   82 Pb         1.9506     545.2809   86326.8059
    37   82 Pb         1.6559     556.9087   88167.6752
    38   82 Pb         1.7568     550.3881   87135.3494
    39   82 Pb         1.9708     544.9936   86281.3253
    40   82 Pb         2.3542     536.8459   84991.4022
    41   82 Pb         2.2258     540.8936   85632.2260
    42   82 Pb         1.7568     550.3881   87135.3494
    43   82 Pb         1.9708     544.9936   86281.3253
    44   82 Pb         1.6079     561.6477   88917.9286
    45   82 Pb         1.9708     544.9936   86281.3253
    46   82 Pb         2.3542     536.8459   84991.4022
    47   82 Pb         1.8822     546.4576   86513.0888
    48   82 Pb         1.6559     556.9087   88167.6752
    49   82 Pb         2.0069     544.5175   86205.9376
    50   82 Pb         2.0069     544.5175   86205.9376
    51   82 Pb         2.0069     544.5175   86205.9376
    52   82 Pb         2.2831     539.2997   85379.8863
--------------------------------------------------------

Atom-resolved dispersion energies:
--------------------------------------------------
     #    Z           [Hartree]      [kcal/mol]
--------------------------------------------------
     1   19 K   -0.53302333E-02     -3.34477189
     2   19 K   -0.52591965E-02     -3.30019563
     3   19 K   -0.53302333E-02     -3.34477189
     4   19 K   -0.52591965E-02     -3.30019563
     5   19 K   -0.51499694E-02     -3.23165457
     6   19 K   -0.51499694E-02     -3.23165457
     7   19 K   -0.51992431E-02     -3.26257429
     8   19 K   -0.51992431E-02     -3.26257429
     9   19 K   -0.51499694E-02     -3.23165457
    10   19 K   -0.51499694E-02     -3.23165457
    11   19 K   -0.51992431E-02     -3.26257429
    12   19 K   -0.53302333E-02     -3.34477189
    13   19 K   -0.53302333E-02     -3.34477189
    14   19 K   -0.48769460E-02     -3.06032981
    15   19 K   -0.51992431E-02     -3.26257429
    16   19 K   -0.48769460E-02     -3.06032981
    17   82 Pb  -0.54326476E-02     -3.40903782
    18   82 Pb  -0.51136306E-02     -3.20885164
    19   82 Pb  -0.51136306E-02     -3.20885164
    20   82 Pb  -0.53383605E-02     -3.34987180
    21   82 Pb  -0.52797767E-02     -3.31310990
    22   82 Pb  -0.52912121E-02     -3.32028573
    23   82 Pb  -0.53383605E-02     -3.34987180
    24   82 Pb  -0.48684530E-02     -3.05500041
    25   82 Pb  -0.52797767E-02     -3.31310990
    26   82 Pb  -0.49379155E-02     -3.09858874
    27   82 Pb  -0.52653950E-02     -3.30408522
    28   82 Pb  -0.48684530E-02     -3.05500041
    29   82 Pb  -0.52797767E-02     -3.31310990
    30   82 Pb  -0.48684530E-02     -3.05500041
    31   82 Pb  -0.49339357E-02     -3.09609139
    32   82 Pb  -0.53702274E-02     -3.36986855
    33   82 Pb  -0.49339357E-02     -3.09609139
    34   82 Pb  -0.49145153E-02     -3.08390491
    35   82 Pb  -0.48684530E-02     -3.05500041
    36   82 Pb  -0.52912121E-02     -3.32028573
    37   82 Pb  -0.53620952E-02     -3.36476552
    38   82 Pb  -0.53383605E-02     -3.34987180
    39   82 Pb  -0.53702274E-02     -3.36986855
    40   82 Pb  -0.49339357E-02     -3.09609139
    41   82 Pb  -0.49145153E-02     -3.08390491
    42   82 Pb  -0.53383605E-02     -3.34987180
    43   82 Pb  -0.53702274E-02     -3.36986855
    44   82 Pb  -0.54326476E-02     -3.40903782
    45   82 Pb  -0.53702274E-02     -3.36986855
    46   82 Pb  -0.49339357E-02     -3.09609139
    47   82 Pb  -0.52797767E-02     -3.31310990
    48   82 Pb  -0.53620952E-02     -3.36476552
    49   82 Pb  -0.52653950E-02     -3.30408522
    50   82 Pb  -0.52653950E-02     -3.30408522
    51   82 Pb  -0.52653950E-02     -3.30408522
    52   82 Pb  -0.49379155E-02     -3.09858874
--------------------------------------------------

Dispersion energy:      -2.6931869332769E-01 Eh

[Info] Dispersion energy written to .EDISP
