-----------------------------------
 s i m p l e   D F T - D 3  v1.2.1
-----------------------------------

Zero (Chai-Head-Gordon) damping: pbe-D3(0)
--------------------
  s6         1.0000
  s8         0.7220
  s9         0.0000
 rs6         1.2170
 rs8         1.0000
 alp        14.0000
--------------------

Atomic radii (in Angstrom):
-------------------------------------------
   Z          R(cov)     R(vdw)      r4/r2
-------------------------------------------
  12 Mg       1.6667     1.7420     2.8909
  50 Sn       1.6800     2.0937     3.4228
-------------------------------------------

Atomic reference systems (in atomic units):
----------------------------------------------------------------------------
   Z        #      CN    C6(AA)   #      CN    C6(AA)   #      CN    C6(AA)
----------------------------------------------------------------------------
  12 Mg     1  0.0000  683.3758   2  0.9628  451.2708   3  1.9496  175.5616
  50 Sn     1  0.0000  627.5677   2  0.9514  542.0439   3  1.9505  505.4148
            4  2.9259  409.1453   5  3.9123  336.1020
----------------------------------------------------------------------------

Dispersion properties (in atomic units):
--------------------------------------------------------
     #    Z                CN       C6(AA)       C8(AA)
--------------------------------------------------------
     1   12 Mg        10.2958     175.5616   15718.3434
     2   12 Mg        10.2958     175.5616   15718.3434
     3   12 Mg        10.3545     175.5616   15718.3434
     4   12 Mg        10.3545     175.5616   15718.3434
     5   12 Mg        10.3434     175.5616   15718.3434
     6   12 Mg        10.2958     175.5616   15718.3434
     7   12 Mg        10.2958     175.5616   15718.3434
     8   12 Mg        10.3306     175.5616   15718.3434
     9   12 Mg        10.3433     175.5616   15718.3434
    10   12 Mg        10.3433     175.5616   15718.3434
    11   12 Mg        10.3590     175.5616   15718.3434
    12   12 Mg        10.3589     175.5616   15718.3434
    13   12 Mg        10.3590     175.5616   15718.3434
    14   12 Mg        10.3589     175.5616   15718.3434
    15   12 Mg        10.3210     175.5616   15718.3434
    16   12 Mg        10.3210     175.5616   15718.3434
    17   12 Mg        10.3545     175.5616   15718.3434
    18   12 Mg        10.2958     175.5616   15718.3434
    19   12 Mg        10.2958     175.5616   15718.3434
    20   12 Mg        10.3210     175.5616   15718.3434
    21   12 Mg        10.3306     175.5616   15718.3434
    22   12 Mg        10.3306     175.5616   15718.3434
    23   12 Mg        10.3589     175.5616   15718.3434
    24   12 Mg        10.3589     175.5616   15718.3434
    25   12 Mg        10.3322     175.5616   15718.3434
    26   12 Mg        10.3323     175.5616   15718.3434
    27   12 Mg        10.3323     175.5616   15718.3434
    28   12 Mg        10.3323     175.5616   15718.3434
    29   12 Mg        10.3322     175.5616   15718.3434
    30   12 Mg        10.3323     175.5616   15718.3434
    31   12 Mg        10.3393     175.5616   15718.3434
    32   12 Mg        10.3394     175.5616   15718.3434
    33   12 Mg        10.3394     175.5616   15718.3434
    34   12 Mg        10.3393     175.5616   15718.3434
    35   12 Mg        10.3394     175.5616   15718.3434
    36   12 Mg        10.3394     175.5616   15718.3434
    37   12 Mg        10.3389     175.5616   15718.3434
    38   12 Mg        10.3152     175.5616   15718.3434
    39   12 Mg        10.3152     175.5616   15718.3434
    40   12 Mg        10.3152     175.5616   15718.3434
    41   12 Mg        10.3303     175.5616   15718.3434
    42   12 Mg        10.3302     175.5616   15718.3434
    43   12 Mg        10.3302     175.5616   15718.3434
    44   12 Mg        10.3347     175.5616   15718.3434
    45   12 Mg        10.3347     175.5616   15718.3434
    46   12 Mg        10.3347     175.5616   15718.3434
    47   12 Mg        10.2912     175.5616   15718.3434
    48   12 Mg        10.2912     175.5616   15718.3434
    49   12 Mg        10.2912     175.5616   15718.3434
    50   12 Mg        10.3131     175.5616   15718.3434
    51   12 Mg        10.3131     175.5616   15718.3434
    52   12 Mg        10.3131     175.5616   15718.3434
    53   12 Mg        10.3134     175.5616   15718.3434
    54   12 Mg        10.3134     175.5616   15718.3434
    55   12 Mg        10.3134     175.5616   15718.3434
    56   12 Mg        10.3134     175.5616   15718.3434
    57   12 Mg        10.3135     175.5616   15718.3434
    58   12 Mg        10.3134     175.5616   15718.3434
    59   12 Mg        10.3218     175.5616   15718.3434
    60   12 Mg        10.3218     175.5616   15718.3434
    61   12 Mg        10.3218     175.5616   15718.3434
    62   12 Mg        10.3698     175.5616   15718.3434
    63   12 Mg        10.3254     175.5616   15718.3434
    64   12 Mg        10.3254     175.5616   15718.3434
    65   12 Mg        10.3254     175.5616   15718.3434
    66   12 Mg        10.3115     175.5616   15718.3434
    67   12 Mg        10.3115     175.5616   15718.3434
    68   12 Mg        10.3115     175.5616   15718.3434
    69   12 Mg        10.3439     175.5616   15718.3434
    70   12 Mg        10.3439     175.5616   15718.3434
    71   12 Mg        10.3439     175.5616   15718.3434
    72   12 Mg        10.3439     175.5616   15718.3434
    73   12 Mg        10.3439     175.5616   15718.3434
    74   12 Mg        10.3439     175.5616   15718.3434
    75   12 Mg        10.3608     175.5616   15718.3434
    76   12 Mg        10.3119     175.5616   15718.3434
    77   12 Mg        10.3119     175.5616   15718.3434
    78   12 Mg        10.3410     175.5616   15718.3434
    79   12 Mg        10.3410     175.5616   15718.3434
    80   12 Mg        10.3243     175.5616   15718.3434
    81   12 Mg        10.3243     175.5616   15718.3434
    82   12 Mg        10.3031     175.5616   15718.3434
    83   12 Mg        10.3119     175.5616   15718.3434
    84   12 Mg        10.3119     175.5616   15718.3434
    85   12 Mg        10.3119     175.5616   15718.3434
    86   12 Mg        10.3119     175.5616   15718.3434
    87   12 Mg        10.2972     175.5616   15718.3434
    88   12 Mg        10.3113     175.5616   15718.3434
    89   12 Mg        10.3113     175.5616   15718.3434
    90   12 Mg        10.2972     175.5616   15718.3434
    91   12 Mg        10.2972     175.5616   15718.3434
    92   12 Mg        10.3410     175.5616   15718.3434
    93   12 Mg        10.3243     175.5616   15718.3434
    94   12 Mg        10.3243     175.5616   15718.3434
    95   12 Mg        10.3113     175.5616   15718.3434
    96   12 Mg        10.3243     175.5616   15718.3434
    97   12 Mg        10.3243     175.5616   15718.3434
    98   12 Mg        10.3608     175.5616   15718.3434
    99   12 Mg        10.3608     175.5616   15718.3434
   100   12 Mg        10.3439     175.5616   15718.3434
   101   12 Mg        10.3439     175.5616   15718.3434
   102   12 Mg        10.3439     175.5616   15718.3434
   103   12 Mg        10.3439     175.5616   15718.3434
   104   12 Mg        10.3439     175.5616   15718.3434
   105   12 Mg        10.3439     175.5616   15718.3434
   106   12 Mg        10.3115     175.5616   15718.3434
   107   12 Mg        10.3115     175.5616   15718.3434
   108   12 Mg        10.3115     175.5616   15718.3434
   109   12 Mg        10.3254     175.5616   15718.3434
   110   12 Mg        10.3254     175.5616   15718.3434
   111   12 Mg        10.3254     175.5616   15718.3434
   112   12 Mg        10.3698     175.5616   15718.3434
   113   12 Mg        10.3218     175.5616   15718.3434
   114   12 Mg        10.3218     175.5616   15718.3434
   115   12 Mg        10.3218     175.5616   15718.3434
   116   12 Mg        10.3134     175.5616   15718.3434
   117   12 Mg        10.3135     175.5616   15718.3434
   118   12 Mg        10.3134     175.5616   15718.3434
   119   12 Mg        10.3134     175.5616   15718.3434
   120   12 Mg        10.3135     175.5616   15718.3434
   121   12 Mg        10.3135     175.5616   15718.3434
   122   12 Mg        10.3131     175.5616   15718.3434
   123   12 Mg        10.3131     175.5616   15718.3434
   124   12 Mg        10.3131     175.5616   15718.3434
   125   12 Mg        10.2912     175.5616   15718.3434
   126   12 Mg        10.2912     175.5616   15718.3434
   127   12 Mg        10.2912     175.5616   15718.3434
   128   12 Mg        10.3347     175.5616   15718.3434
   129   12 Mg        10.3347     175.5616   15718.3434
   130   12 Mg        10.3348     175.5616   15718.3434
   131   12 Mg        10.3303     175.5616   15718.3434
   132   12 Mg        10.3302     175.5616   15718.3434
   133   12 Mg        10.3303     175.5616   15718.3434
   134   12 Mg        10.3152     175.5616   15718.3434
   135   12 Mg        10.3152     175.5616   15718.3434
   136   12 Mg        10.3152     175.5616   15718.3434
   137   12 Mg        10.3389     175.5616   15718.3434
   138   12 Mg        10.3394     175.5616   15718.3434
   139   12 Mg        10.3394     175.5616   15718.3434
   140   12 Mg        10.3394     175.5616   15718.3434
   141   12 Mg        10.3394     175.5616   15718.3434
   142   12 Mg        10.3394     175.5616   15718.3434
   143   12 Mg        10.3394     175.5616   15718.3434
   144   12 Mg        10.3323     175.5616   15718.3434
   145   12 Mg        10.3323     175.5616   15718.3434
   146   12 Mg        10.3323     175.5616   15718.3434
   147   12 Mg        10.3323     175.5616   15718.3434
   148   12 Mg        10.3323     175.5616   15718.3434
   149   12 Mg        10.3323     175.5616   15718.3434
   150   50 Sn        10.2873     336.1020   42184.5318
--------------------------------------------------------

Atom-resolved dispersion energies:
--------------------------------------------------
     #    Z           [Hartree]      [kcal/mol]
--------------------------------------------------
     1   12 Mg  -0.87744676E-02     -5.50606153
     2   12 Mg  -0.87744540E-02     -5.50605299
     3   12 Mg  -0.87952445E-02     -5.51909928
     4   12 Mg  -0.87952457E-02     -5.51910003
     5   12 Mg  -0.87578644E-02     -5.49564289
     6   12 Mg  -0.87744516E-02     -5.50605150
     7   12 Mg  -0.87744676E-02     -5.50606155
     8   12 Mg  -0.87926939E-02     -5.51749874
     9   12 Mg  -0.87578759E-02     -5.49565010
    10   12 Mg  -0.87578842E-02     -5.49565528
    11   12 Mg  -0.87558037E-02     -5.49434978
    12   12 Mg  -0.87557921E-02     -5.49434249
    13   12 Mg  -0.87558060E-02     -5.49435123
    14   12 Mg  -0.87558010E-02     -5.49434807
    15   12 Mg  -0.87488333E-02     -5.48997580
    16   12 Mg  -0.87488337E-02     -5.48997603
    17   12 Mg  -0.87952529E-02     -5.51910453
    18   12 Mg  -0.87744561E-02     -5.50605434
    19   12 Mg  -0.87744563E-02     -5.50605445
    20   12 Mg  -0.87488357E-02     -5.48997728
    21   12 Mg  -0.87926957E-02     -5.51749987
    22   12 Mg  -0.87926912E-02     -5.51749706
    23   12 Mg  -0.87557980E-02     -5.49434621
    24   12 Mg  -0.87558035E-02     -5.49434965
    25   12 Mg  -0.87912079E-02     -5.51656622
    26   12 Mg  -0.87912056E-02     -5.51656482
    27   12 Mg  -0.87912114E-02     -5.51656841
    28   12 Mg  -0.87912099E-02     -5.51656752
    29   12 Mg  -0.87912170E-02     -5.51657195
    30   12 Mg  -0.87912090E-02     -5.51656690
    31   12 Mg  -0.87554638E-02     -5.49413649
    32   12 Mg  -0.87554526E-02     -5.49412946
    33   12 Mg  -0.87554588E-02     -5.49413337
    34   12 Mg  -0.87554598E-02     -5.49413398
    35   12 Mg  -0.87554622E-02     -5.49413548
    36   12 Mg  -0.87554616E-02     -5.49413509
    37   12 Mg  -0.87475057E-02     -5.48914267
    38   12 Mg  -0.87460690E-02     -5.48824116
    39   12 Mg  -0.87460588E-02     -5.48823477
    40   12 Mg  -0.87460657E-02     -5.48823907
    41   12 Mg  -0.87450485E-02     -5.48760075
    42   12 Mg  -0.87450606E-02     -5.48760838
    43   12 Mg  -0.87450538E-02     -5.48760414
    44   12 Mg  -0.88838977E-02     -5.57473000
    45   12 Mg  -0.88838887E-02     -5.57472431
    46   12 Mg  -0.88838948E-02     -5.57472818
    47   12 Mg  -0.87780100E-02     -5.50828444
    48   12 Mg  -0.87780042E-02     -5.50828077
    49   12 Mg  -0.87780108E-02     -5.50828496
    50   12 Mg  -0.87469890E-02     -5.48881847
    51   12 Mg  -0.87469911E-02     -5.48881979
    52   12 Mg  -0.87469854E-02     -5.48881620
    53   12 Mg  -0.87458512E-02     -5.48810448
    54   12 Mg  -0.87458455E-02     -5.48810093
    55   12 Mg  -0.87458531E-02     -5.48810565
    56   12 Mg  -0.87458524E-02     -5.48810527
    57   12 Mg  -0.87458492E-02     -5.48810321
    58   12 Mg  -0.87458486E-02     -5.48810288
    59   12 Mg  -0.87376438E-02     -5.48295426
    60   12 Mg  -0.87376515E-02     -5.48295910
    61   12 Mg  -0.87376392E-02     -5.48295137
    62   12 Mg  -0.88072129E-02     -5.52660951
    63   12 Mg  -0.87475068E-02     -5.48914336
    64   12 Mg  -0.87475036E-02     -5.48914136
    65   12 Mg  -0.87475032E-02     -5.48914112
    66   12 Mg  -0.87299444E-02     -5.47812283
    67   12 Mg  -0.87299434E-02     -5.47812218
    68   12 Mg  -0.87299360E-02     -5.47811756
    69   12 Mg  -0.87681902E-02     -5.50212244
    70   12 Mg  -0.87681874E-02     -5.50212064
    71   12 Mg  -0.87681843E-02     -5.50211872
    72   12 Mg  -0.87681922E-02     -5.50212370
    73   12 Mg  -0.87682014E-02     -5.50212946
    74   12 Mg  -0.87681892E-02     -5.50212182
    75   12 Mg  -0.87534260E-02     -5.49285775
    76   12 Mg  -0.87384986E-02     -5.48349064
    77   12 Mg  -0.87385148E-02     -5.48350081
    78   12 Mg  -0.87453013E-02     -5.48775942
    79   12 Mg  -0.87452910E-02     -5.48775298
    80   12 Mg  -0.87399530E-02     -5.48440332
    81   12 Mg  -0.87399573E-02     -5.48440603
    82   12 Mg  -0.87396747E-02     -5.48422871
    83   12 Mg  -0.87385103E-02     -5.48349801
    84   12 Mg  -0.87385161E-02     -5.48350163
    85   12 Mg  -0.87385054E-02     -5.48349490
    86   12 Mg  -0.87385134E-02     -5.48349993
    87   12 Mg  -0.87350731E-02     -5.48134112
    88   12 Mg  -0.87296680E-02     -5.47794935
    89   12 Mg  -0.87296557E-02     -5.47794165
    90   12 Mg  -0.87350646E-02     -5.48133581
    91   12 Mg  -0.87350748E-02     -5.48134218
    92   12 Mg  -0.87453055E-02     -5.48776205
    93   12 Mg  -0.87399566E-02     -5.48440556
    94   12 Mg  -0.87399664E-02     -5.48441172
    95   12 Mg  -0.87296629E-02     -5.47794616
    96   12 Mg  -0.87399669E-02     -5.48441200
    97   12 Mg  -0.87399610E-02     -5.48440833
    98   12 Mg  -0.87534237E-02     -5.49285631
    99   12 Mg  -0.87534231E-02     -5.49285592
   100   12 Mg  -0.87681970E-02     -5.50212666
   101   12 Mg  -0.87681941E-02     -5.50212486
   102   12 Mg  -0.87681910E-02     -5.50212294
   103   12 Mg  -0.87681990E-02     -5.50212791
   104   12 Mg  -0.87682081E-02     -5.50213368
   105   12 Mg  -0.87681960E-02     -5.50212603
   106   12 Mg  -0.87299556E-02     -5.47812984
   107   12 Mg  -0.87299546E-02     -5.47812919
   108   12 Mg  -0.87299472E-02     -5.47812458
   109   12 Mg  -0.87475162E-02     -5.48914930
   110   12 Mg  -0.87475130E-02     -5.48914730
   111   12 Mg  -0.87475126E-02     -5.48914706
   112   12 Mg  -0.88072248E-02     -5.52661699
   113   12 Mg  -0.87376489E-02     -5.48295749
   114   12 Mg  -0.87376567E-02     -5.48296234
   115   12 Mg  -0.87376443E-02     -5.48295460
   116   12 Mg  -0.87458544E-02     -5.48810649
   117   12 Mg  -0.87458487E-02     -5.48810294
   118   12 Mg  -0.87458563E-02     -5.48810766
   119   12 Mg  -0.87458556E-02     -5.48810728
   120   12 Mg  -0.87458524E-02     -5.48810522
   121   12 Mg  -0.87458518E-02     -5.48810489
   122   12 Mg  -0.87469887E-02     -5.48881828
   123   12 Mg  -0.87469908E-02     -5.48881959
   124   12 Mg  -0.87469851E-02     -5.48881601
   125   12 Mg  -0.87780151E-02     -5.50828763
   126   12 Mg  -0.87780092E-02     -5.50828396
   127   12 Mg  -0.87780159E-02     -5.50828815
   128   12 Mg  -0.88838946E-02     -5.57472805
   129   12 Mg  -0.88838856E-02     -5.57472236
   130   12 Mg  -0.88838917E-02     -5.57472623
   131   12 Mg  -0.87450539E-02     -5.48760420
   132   12 Mg  -0.87450661E-02     -5.48761182
   133   12 Mg  -0.87450593E-02     -5.48760758
   134   12 Mg  -0.87460705E-02     -5.48824209
   135   12 Mg  -0.87460603E-02     -5.48823571
   136   12 Mg  -0.87460672E-02     -5.48824000
   137   12 Mg  -0.87475132E-02     -5.48914743
   138   12 Mg  -0.87554679E-02     -5.49413907
   139   12 Mg  -0.87554567E-02     -5.49413204
   140   12 Mg  -0.87554630E-02     -5.49413595
   141   12 Mg  -0.87554639E-02     -5.49413656
   142   12 Mg  -0.87554663E-02     -5.49413806
   143   12 Mg  -0.87554657E-02     -5.49413767
   144   12 Mg  -0.87912163E-02     -5.51657150
   145   12 Mg  -0.87912140E-02     -5.51657010
   146   12 Mg  -0.87912198E-02     -5.51657370
   147   12 Mg  -0.87912183E-02     -5.51657280
   148   12 Mg  -0.87912254E-02     -5.51657724
   149   12 Mg  -0.87912174E-02     -5.51657219
   150   50 Sn  -0.12737446E-01     -7.99286807
--------------------------------------------------

Dispersion energy:      -1.3182326420237E+00 Eh

[Info] Dispersion energy written to .EDISP
