-----------------------------------
 s i m p l e   D F T - D 3  v1.2.1
-----------------------------------

Zero (Chai-Head-Gordon) damping: pbe-D3(0)
--------------------
  s6         1.0000
  s8         0.7220
  s9         0.0000
 rs6         1.2170
 rs8         1.0000
 alp        14.0000
--------------------

Atomic radii (in Angstrom):
-------------------------------------------
   Z          R(cov)     R(vdw)      r4/r2
-------------------------------------------
  12 Mg       1.6667     1.7420     2.8909
  50 Sn       1.6800     2.0937     3.4228
-------------------------------------------

Atomic reference systems (in atomic units):
----------------------------------------------------------------------------
   Z        #      CN    C6(AA)   #      CN    C6(AA)   #      CN    C6(AA)
----------------------------------------------------------------------------
  12 Mg     1  0.0000  683.3758   2  0.9628  451.2708   3  1.9496  175.5616
  50 Sn     1  0.0000  627.5677   2  0.9514  542.0439   3  1.9505  505.4148
            4  2.9259  409.1453   5  3.9123  336.1020
----------------------------------------------------------------------------

Dispersion properties (in atomic units):
--------------------------------------------------------
     #    Z                CN       C6(AA)       C8(AA)
--------------------------------------------------------
     1   12 Mg         5.9406     175.5616   15718.3434
     2   12 Mg         5.9406     175.5616   15718.3434
     3   12 Mg         6.0252     175.5616   15718.3434
     4   12 Mg         6.0251     175.5616   15718.3434
     5   12 Mg         6.0071     175.5616   15718.3434
     6   12 Mg         5.9406     175.5616   15718.3434
     7   12 Mg         5.9406     175.5616   15718.3434
     8   12 Mg         5.9893     175.5616   15718.3434
     9   12 Mg         6.0071     175.5616   15718.3434
    10   12 Mg         6.0071     175.5616   15718.3434
    11   12 Mg         6.0341     175.5616   15718.3434
    12   12 Mg         6.0341     175.5616   15718.3434
    13   12 Mg         6.0341     175.5616   15718.3434
    14   12 Mg         6.0341     175.5616   15718.3434
    15   12 Mg         5.9732     175.5616   15718.3434
    16   12 Mg         5.9732     175.5616   15718.3434
    17   12 Mg         6.0251     175.5616   15718.3434
    18   12 Mg         5.9406     175.5616   15718.3434
    19   12 Mg         5.9406     175.5616   15718.3434
    20   12 Mg         5.9732     175.5616   15718.3434
    21   12 Mg         5.9893     175.5616   15718.3434
    22   12 Mg         5.9893     175.5616   15718.3434
    23   12 Mg         6.0341     175.5616   15718.3434
    24   12 Mg         6.0341     175.5616   15718.3434
    25   12 Mg         5.9924     175.5616   15718.3434
    26   12 Mg         5.9924     175.5616   15718.3434
    27   12 Mg         5.9924     175.5616   15718.3434
    28   12 Mg         5.9924     175.5616   15718.3434
    29   12 Mg         5.9924     175.5616   15718.3434
    30   12 Mg         5.9924     175.5616   15718.3434
    31   12 Mg         5.9996     175.5616   15718.3434
    32   12 Mg         5.9996     175.5616   15718.3434
    33   12 Mg         5.9996     175.5616   15718.3434
    34   12 Mg         5.9996     175.5616   15718.3434
    35   12 Mg         5.9996     175.5616   15718.3434
    36   12 Mg         5.9996     175.5616   15718.3434
    37   12 Mg         6.0002     175.5616   15718.3434
    38   12 Mg         5.9617     175.5616   15718.3434
    39   12 Mg         5.9617     175.5616   15718.3434
    40   12 Mg         5.9617     175.5616   15718.3434
    41   12 Mg         5.9876     175.5616   15718.3434
    42   12 Mg         5.9875     175.5616   15718.3434
    43   12 Mg         5.9876     175.5616   15718.3434
    44   12 Mg         5.9943     175.5616   15718.3434
    45   12 Mg         5.9943     175.5616   15718.3434
    46   12 Mg         5.9943     175.5616   15718.3434
    47   12 Mg         5.9275     175.5616   15718.3434
    48   12 Mg         5.9275     175.5616   15718.3434
    49   12 Mg         5.9275     175.5616   15718.3434
    50   12 Mg         5.9574     175.5616   15718.3434
    51   12 Mg         5.9574     175.5616   15718.3434
    52   12 Mg         5.9574     175.5616   15718.3434
    53   12 Mg         5.9577     175.5616   15718.3434
    54   12 Mg         5.9577     175.5616   15718.3434
    55   12 Mg         5.9577     175.5616   15718.3434
    56   12 Mg         5.9576     175.5616   15718.3434
    57   12 Mg         5.9577     175.5616   15718.3434
    58   12 Mg         5.9577     175.5616   15718.3434
    59   12 Mg         5.9740     175.5616   15718.3434
    60   12 Mg         5.9740     175.5616   15718.3434
    61   12 Mg         5.9740     175.5616   15718.3434
    62   12 Mg         6.0538     175.5616   15718.3434
    63   12 Mg         5.9790     175.5616   15718.3434
    64   12 Mg         5.9791     175.5616   15718.3434
    65   12 Mg         5.9791     175.5616   15718.3434
    66   12 Mg         5.9588     175.5616   15718.3434
    67   12 Mg         5.9588     175.5616   15718.3434
    68   12 Mg         5.9588     175.5616   15718.3434
    69   12 Mg         6.0099     175.5616   15718.3434
    70   12 Mg         6.0099     175.5616   15718.3434
    71   12 Mg         6.0099     175.5616   15718.3434
    72   12 Mg         6.0099     175.5616   15718.3434
    73   12 Mg         6.0098     175.5616   15718.3434
    74   12 Mg         6.0099     175.5616   15718.3434
    75   12 Mg         6.0352     175.5616   15718.3434
    76   12 Mg         5.9571     175.5616   15718.3434
    77   12 Mg         5.9570     175.5616   15718.3434
    78   12 Mg         6.0050     175.5616   15718.3434
    79   12 Mg         6.0050     175.5616   15718.3434
    80   12 Mg         5.9772     175.5616   15718.3434
    81   12 Mg         5.9772     175.5616   15718.3434
    82   12 Mg         5.9417     175.5616   15718.3434
    83   12 Mg         5.9570     175.5616   15718.3434
    84   12 Mg         5.9571     175.5616   15718.3434
    85   12 Mg         5.9571     175.5616   15718.3434
    86   12 Mg         5.9571     175.5616   15718.3434
    87   12 Mg         5.9335     175.5616   15718.3434
    88   12 Mg         5.9578     175.5616   15718.3434
    89   12 Mg         5.9579     175.5616   15718.3434
    90   12 Mg         5.9336     175.5616   15718.3434
    91   12 Mg         5.9335     175.5616   15718.3434
    92   12 Mg         6.0050     175.5616   15718.3434
    93   12 Mg         5.9772     175.5616   15718.3434
    94   12 Mg         5.9772     175.5616   15718.3434
    95   12 Mg         5.9578     175.5616   15718.3434
    96   12 Mg         5.9772     175.5616   15718.3434
    97   12 Mg         5.9772     175.5616   15718.3434
    98   12 Mg         6.0352     175.5616   15718.3434
    99   12 Mg         6.0352     175.5616   15718.3434
   100   12 Mg         6.0099     175.5616   15718.3434
   101   12 Mg         6.0099     175.5616   15718.3434
   102   12 Mg         6.0099     175.5616   15718.3434
   103   12 Mg         6.0099     175.5616   15718.3434
   104   12 Mg         6.0099     175.5616   15718.3434
   105   12 Mg         6.0099     175.5616   15718.3434
   106   12 Mg         5.9588     175.5616   15718.3434
   107   12 Mg         5.9588     175.5616   15718.3434
   108   12 Mg         5.9588     175.5616   15718.3434
   109   12 Mg         5.9790     175.5616   15718.3434
   110   12 Mg         5.9791     175.5616   15718.3434
   111   12 Mg         5.9791     175.5616   15718.3434
   112   12 Mg         6.0538     175.5616   15718.3434
   113   12 Mg         5.9740     175.5616   15718.3434
   114   12 Mg         5.9740     175.5616   15718.3434
   115   12 Mg         5.9740     175.5616   15718.3434
   116   12 Mg         5.9577     175.5616   15718.3434
   117   12 Mg         5.9577     175.5616   15718.3434
   118   12 Mg         5.9577     175.5616   15718.3434
   119   12 Mg         5.9577     175.5616   15718.3434
   120   12 Mg         5.9577     175.5616   15718.3434
   121   12 Mg         5.9577     175.5616   15718.3434
   122   12 Mg         5.9574     175.5616   15718.3434
   123   12 Mg         5.9574     175.5616   15718.3434
   124   12 Mg         5.9575     175.5616   15718.3434
   125   12 Mg         5.9275     175.5616   15718.3434
   126   12 Mg         5.9275     175.5616   15718.3434
   127   12 Mg         5.9275     175.5616   15718.3434
   128   12 Mg         5.9943     175.5616   15718.3434
   129   12 Mg         5.9944     175.5616   15718.3434
   130   12 Mg         5.9944     175.5616   15718.3434
   131   12 Mg         5.9876     175.5616   15718.3434
   132   12 Mg         5.9876     175.5616   15718.3434
   133   12 Mg         5.9876     175.5616   15718.3434
   134   12 Mg         5.9617     175.5616   15718.3434
   135   12 Mg         5.9618     175.5616   15718.3434
   136   12 Mg         5.9617     175.5616   15718.3434
   137   12 Mg         6.0002     175.5616   15718.3434
   138   12 Mg         5.9996     175.5616   15718.3434
   139   12 Mg         5.9996     175.5616   15718.3434
   140   12 Mg         5.9996     175.5616   15718.3434
   141   12 Mg         5.9996     175.5616   15718.3434
   142   12 Mg         5.9996     175.5616   15718.3434
   143   12 Mg         5.9996     175.5616   15718.3434
   144   12 Mg         5.9924     175.5616   15718.3434
   145   12 Mg         5.9924     175.5616   15718.3434
   146   12 Mg         5.9924     175.5616   15718.3434
   147   12 Mg         5.9924     175.5616   15718.3434
   148   12 Mg         5.9924     175.5616   15718.3434
   149   12 Mg         5.9924     175.5616   15718.3434
   150   50 Sn         5.9074     336.1020   42184.5318
--------------------------------------------------------

Atom-resolved dispersion energies:
--------------------------------------------------
     #    Z           [Hartree]      [kcal/mol]
--------------------------------------------------
     1   12 Mg  -0.67825380E-02     -4.25610683
     2   12 Mg  -0.67825213E-02     -4.25609635
     3   12 Mg  -0.67131266E-02     -4.21255055
     4   12 Mg  -0.67131334E-02     -4.21255484
     5   12 Mg  -0.66960312E-02     -4.20182305
     6   12 Mg  -0.67825195E-02     -4.25609524
     7   12 Mg  -0.67825362E-02     -4.25610571
     8   12 Mg  -0.67174154E-02     -4.21524179
     9   12 Mg  -0.66960466E-02     -4.20183271
    10   12 Mg  -0.66960532E-02     -4.20183682
    11   12 Mg  -0.66867172E-02     -4.19597837
    12   12 Mg  -0.66867114E-02     -4.19597478
    13   12 Mg  -0.66867185E-02     -4.19597923
    14   12 Mg  -0.66867202E-02     -4.19598029
    15   12 Mg  -0.66963641E-02     -4.20203193
    16   12 Mg  -0.66963588E-02     -4.20202859
    17   12 Mg  -0.67131358E-02     -4.21255635
    18   12 Mg  -0.67825215E-02     -4.25609650
    19   12 Mg  -0.67825180E-02     -4.25609432
    20   12 Mg  -0.66963659E-02     -4.20203304
    21   12 Mg  -0.67174163E-02     -4.21524235
    22   12 Mg  -0.67174132E-02     -4.21524045
    23   12 Mg  -0.66867174E-02     -4.19597852
    24   12 Mg  -0.66867229E-02     -4.19598198
    25   12 Mg  -0.67152664E-02     -4.21389327
    26   12 Mg  -0.67152593E-02     -4.21388881
    27   12 Mg  -0.67152673E-02     -4.21389384
    28   12 Mg  -0.67152625E-02     -4.21389086
    29   12 Mg  -0.67152768E-02     -4.21389980
    30   12 Mg  -0.67152654E-02     -4.21389264
    31   12 Mg  -0.66957966E-02     -4.20167580
    32   12 Mg  -0.66957841E-02     -4.20166794
    33   12 Mg  -0.66957881E-02     -4.20167047
    34   12 Mg  -0.66957935E-02     -4.20167383
    35   12 Mg  -0.66957906E-02     -4.20167206
    36   12 Mg  -0.66957925E-02     -4.20167321
    37   12 Mg  -0.66906306E-02     -4.19843409
    38   12 Mg  -0.66974352E-02     -4.20270407
    39   12 Mg  -0.66974220E-02     -4.20269574
    40   12 Mg  -0.66974314E-02     -4.20270164
    41   12 Mg  -0.66911749E-02     -4.19877565
    42   12 Mg  -0.66911955E-02     -4.19878859
    43   12 Mg  -0.66911868E-02     -4.19878309
    44   12 Mg  -0.67791253E-02     -4.25396534
    45   12 Mg  -0.67791104E-02     -4.25395597
    46   12 Mg  -0.67791150E-02     -4.25395890
    47   12 Mg  -0.67866594E-02     -4.25869309
    48   12 Mg  -0.67866512E-02     -4.25868791
    49   12 Mg  -0.67866594E-02     -4.25869305
    50   12 Mg  -0.66988313E-02     -4.20358009
    51   12 Mg  -0.66988347E-02     -4.20358221
    52   12 Mg  -0.66988228E-02     -4.20357476
    53   12 Mg  -0.66985481E-02     -4.20340241
    54   12 Mg  -0.66985419E-02     -4.20339849
    55   12 Mg  -0.66985489E-02     -4.20340288
    56   12 Mg  -0.66985510E-02     -4.20340419
    57   12 Mg  -0.66985406E-02     -4.20339766
    58   12 Mg  -0.66985444E-02     -4.20340006
    59   12 Mg  -0.66891724E-02     -4.19751904
    60   12 Mg  -0.66891819E-02     -4.19752502
    61   12 Mg  -0.66891633E-02     -4.19751332
    62   12 Mg  -0.67138983E-02     -4.21303481
    63   12 Mg  -0.66943886E-02     -4.20079228
    64   12 Mg  -0.66943829E-02     -4.20078871
    65   12 Mg  -0.66943785E-02     -4.20078596
    66   12 Mg  -0.66866752E-02     -4.19595203
    67   12 Mg  -0.66866776E-02     -4.19595356
    68   12 Mg  -0.66866666E-02     -4.19594667
    69   12 Mg  -0.66989483E-02     -4.20365354
    70   12 Mg  -0.66989461E-02     -4.20365213
    71   12 Mg  -0.66989406E-02     -4.20364871
    72   12 Mg  -0.66989517E-02     -4.20365566
    73   12 Mg  -0.66989601E-02     -4.20366095
    74   12 Mg  -0.66989456E-02     -4.20365185
    75   12 Mg  -0.66884531E-02     -4.19706770
    76   12 Mg  -0.66933872E-02     -4.20016388
    77   12 Mg  -0.66934105E-02     -4.20017852
    78   12 Mg  -0.66882760E-02     -4.19695653
    79   12 Mg  -0.66882641E-02     -4.19694908
    80   12 Mg  -0.66900026E-02     -4.19804003
    81   12 Mg  -0.66900055E-02     -4.19804186
    82   12 Mg  -0.66978571E-02     -4.20296880
    83   12 Mg  -0.66934067E-02     -4.20017612
    84   12 Mg  -0.66934057E-02     -4.20017552
    85   12 Mg  -0.66933962E-02     -4.20016952
    86   12 Mg  -0.66933998E-02     -4.20017180
    87   12 Mg  -0.66962858E-02     -4.20198276
    88   12 Mg  -0.66870386E-02     -4.19618006
    89   12 Mg  -0.66870128E-02     -4.19616390
    90   12 Mg  -0.66962708E-02     -4.20197336
    91   12 Mg  -0.66962899E-02     -4.20198537
    92   12 Mg  -0.66882785E-02     -4.19695814
    93   12 Mg  -0.66900071E-02     -4.19804281
    94   12 Mg  -0.66900123E-02     -4.19804608
    95   12 Mg  -0.66870276E-02     -4.19617320
    96   12 Mg  -0.66900168E-02     -4.19804889
    97   12 Mg  -0.66900124E-02     -4.19804619
    98   12 Mg  -0.66884504E-02     -4.19706602
    99   12 Mg  -0.66884507E-02     -4.19706620
   100   12 Mg  -0.66989496E-02     -4.20365433
   101   12 Mg  -0.66989473E-02     -4.20365292
   102   12 Mg  -0.66989419E-02     -4.20364950
   103   12 Mg  -0.66989530E-02     -4.20365644
   104   12 Mg  -0.66989614E-02     -4.20366174
   105   12 Mg  -0.66989469E-02     -4.20365263
   106   12 Mg  -0.66866832E-02     -4.19595709
   107   12 Mg  -0.66866857E-02     -4.19595862
   108   12 Mg  -0.66866747E-02     -4.19595173
   109   12 Mg  -0.66943955E-02     -4.20079663
   110   12 Mg  -0.66943899E-02     -4.20079306
   111   12 Mg  -0.66943855E-02     -4.20079031
   112   12 Mg  -0.67139056E-02     -4.21303939
   113   12 Mg  -0.66891754E-02     -4.19752095
   114   12 Mg  -0.66891850E-02     -4.19752693
   115   12 Mg  -0.66891663E-02     -4.19751523
   116   12 Mg  -0.66985466E-02     -4.20340146
   117   12 Mg  -0.66985404E-02     -4.20339753
   118   12 Mg  -0.66985474E-02     -4.20340193
   119   12 Mg  -0.66985494E-02     -4.20340324
   120   12 Mg  -0.66985390E-02     -4.20339671
   121   12 Mg  -0.66985429E-02     -4.20339911
   122   12 Mg  -0.66988241E-02     -4.20357558
   123   12 Mg  -0.66988275E-02     -4.20357770
   124   12 Mg  -0.66988156E-02     -4.20357025
   125   12 Mg  -0.67866569E-02     -4.25869148
   126   12 Mg  -0.67866486E-02     -4.25868630
   127   12 Mg  -0.67866568E-02     -4.25869145
   128   12 Mg  -0.67791133E-02     -4.25395782
   129   12 Mg  -0.67790984E-02     -4.25394846
   130   12 Mg  -0.67791030E-02     -4.25395138
   131   12 Mg  -0.66911751E-02     -4.19877579
   132   12 Mg  -0.66911957E-02     -4.19878872
   133   12 Mg  -0.66911870E-02     -4.19878323
   134   12 Mg  -0.66974299E-02     -4.20270069
   135   12 Mg  -0.66974166E-02     -4.20269236
   136   12 Mg  -0.66974260E-02     -4.20269825
   137   12 Mg  -0.66906364E-02     -4.19843776
   138   12 Mg  -0.66957962E-02     -4.20167557
   139   12 Mg  -0.66957837E-02     -4.20166772
   140   12 Mg  -0.66957877E-02     -4.20167025
   141   12 Mg  -0.66957931E-02     -4.20167360
   142   12 Mg  -0.66957903E-02     -4.20167184
   143   12 Mg  -0.66957921E-02     -4.20167299
   144   12 Mg  -0.67152697E-02     -4.21389536
   145   12 Mg  -0.67152626E-02     -4.21389090
   146   12 Mg  -0.67152706E-02     -4.21389593
   147   12 Mg  -0.67152658E-02     -4.21389294
   148   12 Mg  -0.67152801E-02     -4.21390188
   149   12 Mg  -0.67152687E-02     -4.21389472
   150   50 Sn  -0.97413320E-02     -6.11277814
--------------------------------------------------

Dispersion energy:      -1.0091564387403E+00 Eh

[Info] Dispersion energy written to .EDISP
