-----------------------------------
 s i m p l e   D F T - D 3  v1.2.1
-----------------------------------

Zero (Chai-Head-Gordon) damping: pbe-D3(0)
--------------------
  s6         1.0000
  s8         0.7220
  s9         0.0000
 rs6         1.2170
 rs8         1.0000
 alp        14.0000
--------------------

Atomic radii (in Angstrom):
-------------------------------------------
   Z          R(cov)     R(vdw)      r4/r2
-------------------------------------------
  12 Mg       1.6667     1.7420     2.8909
  50 Sn       1.6800     2.0937     3.4228
-------------------------------------------

Atomic reference systems (in atomic units):
----------------------------------------------------------------------------
   Z        #      CN    C6(AA)   #      CN    C6(AA)   #      CN    C6(AA)
----------------------------------------------------------------------------
  12 Mg     1  0.0000  683.3758   2  0.9628  451.2708   3  1.9496  175.5616
  50 Sn     1  0.0000  627.5677   2  0.9514  542.0439   3  1.9505  505.4148
            4  2.9259  409.1453   5  3.9123  336.1020
----------------------------------------------------------------------------

Dispersion properties (in atomic units):
--------------------------------------------------------
     #    Z                CN       C6(AA)       C8(AA)
--------------------------------------------------------
     1   12 Mg         0.0164     676.4187   60560.9752
     2   12 Mg         0.0164     676.4187   60560.9750
     3   12 Mg         0.0167     676.4065   60559.8823
     4   12 Mg         0.0167     676.4065   60559.8828
     5   12 Mg         0.0166     676.4093   60560.1322
     6   12 Mg         0.0164     676.4187   60560.9748
     7   12 Mg         0.0164     676.4187   60560.9750
     8   12 Mg         0.0166     676.4120   60560.3742
     9   12 Mg         0.0166     676.4093   60560.1327
    10   12 Mg         0.0166     676.4093   60560.1327
    11   12 Mg         0.0167     676.4053   60559.7734
    12   12 Mg         0.0167     676.4053   60559.7737
    13   12 Mg         0.0167     676.4053   60559.7734
    14   12 Mg         0.0167     676.4053   60559.7738
    15   12 Mg         0.0165     676.4145   60560.5945
    16   12 Mg         0.0165     676.4145   60560.5941
    17   12 Mg         0.0167     676.4065   60559.8826
    18   12 Mg         0.0164     676.4187   60560.9746
    19   12 Mg         0.0164     676.4187   60560.9746
    20   12 Mg         0.0165     676.4145   60560.5945
    21   12 Mg         0.0166     676.4120   60560.3742
    22   12 Mg         0.0166     676.4120   60560.3742
    23   12 Mg         0.0167     676.4053   60559.7738
    24   12 Mg         0.0167     676.4053   60559.7738
    25   12 Mg         0.0166     676.4116   60560.3401
    26   12 Mg         0.0166     676.4116   60560.3397
    27   12 Mg         0.0166     676.4116   60560.3400
    28   12 Mg         0.0166     676.4116   60560.3397
    29   12 Mg         0.0166     676.4116   60560.3404
    30   12 Mg         0.0166     676.4116   60560.3400
    31   12 Mg         0.0166     676.4105   60560.2418
    32   12 Mg         0.0166     676.4105   60560.2416
    33   12 Mg         0.0166     676.4105   60560.2416
    34   12 Mg         0.0166     676.4105   60560.2419
    35   12 Mg         0.0166     676.4105   60560.2416
    36   12 Mg         0.0166     676.4105   60560.2417
    37   12 Mg         0.0166     676.4104   60560.2342
    38   12 Mg         0.0165     676.4163   60560.7577
    39   12 Mg         0.0165     676.4163   60560.7573
    40   12 Mg         0.0165     676.4163   60560.7576
    41   12 Mg         0.0166     676.4124   60560.4058
    42   12 Mg         0.0166     676.4124   60560.4066
    43   12 Mg         0.0166     676.4124   60560.4063
    44   12 Mg         0.0166     676.4113   60560.3135
    45   12 Mg         0.0166     676.4113   60560.3130
    46   12 Mg         0.0166     676.4113   60560.3129
    47   12 Mg         0.0164     676.4211   60561.1840
    48   12 Mg         0.0164     676.4210   60561.1837
    49   12 Mg         0.0164     676.4211   60561.1840
    50   12 Mg         0.0165     676.4170   60560.8223
    51   12 Mg         0.0165     676.4170   60560.8224
    52   12 Mg         0.0165     676.4170   60560.8219
    53   12 Mg         0.0165     676.4170   60560.8173
    54   12 Mg         0.0165     676.4170   60560.8172
    55   12 Mg         0.0165     676.4170   60560.8173
    56   12 Mg         0.0165     676.4170   60560.8174
    57   12 Mg         0.0165     676.4170   60560.8169
    58   12 Mg         0.0165     676.4170   60560.8171
    59   12 Mg         0.0165     676.4145   60560.6017
    60   12 Mg         0.0165     676.4146   60560.6019
    61   12 Mg         0.0165     676.4145   60560.6013
    62   12 Mg         0.0167     676.4023   60559.5036
    63   12 Mg         0.0165     676.4137   60560.5223
    64   12 Mg         0.0165     676.4137   60560.5221
    65   12 Mg         0.0165     676.4137   60560.5218
    66   12 Mg         0.0165     676.4169   60560.8149
    67   12 Mg         0.0165     676.4169   60560.8152
    68   12 Mg         0.0165     676.4169   60560.8148
    69   12 Mg         0.0166     676.4089   60560.0980
    70   12 Mg         0.0166     676.4089   60560.0980
    71   12 Mg         0.0166     676.4089   60560.0978
    72   12 Mg         0.0166     676.4089   60560.0982
    73   12 Mg         0.0166     676.4089   60560.0983
    74   12 Mg         0.0166     676.4089   60560.0979
    75   12 Mg         0.0167     676.4050   60559.7460
    76   12 Mg         0.0165     676.4171   60560.8299
    77   12 Mg         0.0165     676.4171   60560.8307
    78   12 Mg         0.0166     676.4097   60560.1645
    79   12 Mg         0.0166     676.4097   60560.1642
    80   12 Mg         0.0165     676.4140   60560.5551
    81   12 Mg         0.0165     676.4140   60560.5551
    82   12 Mg         0.0164     676.4194   60561.0378
    83   12 Mg         0.0165     676.4171   60560.8307
    84   12 Mg         0.0165     676.4171   60560.8303
    85   12 Mg         0.0165     676.4171   60560.8301
    86   12 Mg         0.0165     676.4171   60560.8300
    87   12 Mg         0.0164     676.4207   60561.1508
    88   12 Mg         0.0165     676.4171   60560.8306
    89   12 Mg         0.0165     676.4171   60560.8294
    90   12 Mg         0.0164     676.4207   60561.1501
    91   12 Mg         0.0164     676.4207   60561.1511
    92   12 Mg         0.0166     676.4097   60560.1645
    93   12 Mg         0.0165     676.4140   60560.5552
    94   12 Mg         0.0165     676.4140   60560.5551
    95   12 Mg         0.0165     676.4171   60560.8301
    96   12 Mg         0.0165     676.4140   60560.5553
    97   12 Mg         0.0165     676.4140   60560.5554
    98   12 Mg         0.0167     676.4050   60559.7460
    99   12 Mg         0.0167     676.4050   60559.7460
   100   12 Mg         0.0166     676.4089   60560.0978
   101   12 Mg         0.0166     676.4089   60560.0978
   102   12 Mg         0.0166     676.4089   60560.0976
   103   12 Mg         0.0166     676.4089   60560.0980
   104   12 Mg         0.0166     676.4089   60560.0981
   105   12 Mg         0.0166     676.4089   60560.0977
   106   12 Mg         0.0165     676.4169   60560.8149
   107   12 Mg         0.0165     676.4169   60560.8151
   108   12 Mg         0.0165     676.4169   60560.8147
   109   12 Mg         0.0165     676.4137   60560.5223
   110   12 Mg         0.0165     676.4137   60560.5220
   111   12 Mg         0.0165     676.4137   60560.5218
   112   12 Mg         0.0167     676.4023   60559.5036
   113   12 Mg         0.0165     676.4145   60560.6017
   114   12 Mg         0.0165     676.4146   60560.6019
   115   12 Mg         0.0165     676.4145   60560.6013
   116   12 Mg         0.0165     676.4170   60560.8171
   117   12 Mg         0.0165     676.4170   60560.8169
   118   12 Mg         0.0165     676.4170   60560.8171
   119   12 Mg         0.0165     676.4170   60560.8172
   120   12 Mg         0.0165     676.4169   60560.8167
   121   12 Mg         0.0165     676.4170   60560.8169
   122   12 Mg         0.0165     676.4170   60560.8219
   123   12 Mg         0.0165     676.4170   60560.8220
   124   12 Mg         0.0165     676.4170   60560.8215
   125   12 Mg         0.0164     676.4210   60561.1835
   126   12 Mg         0.0164     676.4210   60561.1832
   127   12 Mg         0.0164     676.4210   60561.1835
   128   12 Mg         0.0166     676.4113   60560.3128
   129   12 Mg         0.0166     676.4113   60560.3123
   130   12 Mg         0.0166     676.4113   60560.3123
   131   12 Mg         0.0166     676.4124   60560.4056
   132   12 Mg         0.0166     676.4124   60560.4064
   133   12 Mg         0.0166     676.4124   60560.4061
   134   12 Mg         0.0165     676.4163   60560.7573
   135   12 Mg         0.0165     676.4163   60560.7569
   136   12 Mg         0.0165     676.4163   60560.7571
   137   12 Mg         0.0166     676.4104   60560.2342
   138   12 Mg         0.0166     676.4105   60560.2416
   139   12 Mg         0.0166     676.4105   60560.2414
   140   12 Mg         0.0166     676.4105   60560.2414
   141   12 Mg         0.0166     676.4105   60560.2416
   142   12 Mg         0.0166     676.4105   60560.2414
   143   12 Mg         0.0166     676.4105   60560.2415
   144   12 Mg         0.0166     676.4116   60560.3399
   145   12 Mg         0.0166     676.4116   60560.3395
   146   12 Mg         0.0166     676.4116   60560.3398
   147   12 Mg         0.0166     676.4116   60560.3395
   148   12 Mg         0.0166     676.4116   60560.3402
   149   12 Mg         0.0166     676.4116   60560.3398
   150   50 Sn         0.0163     624.9354   78436.3289
--------------------------------------------------------

Atom-resolved dispersion energies:
--------------------------------------------------
     #    Z           [Hartree]      [kcal/mol]
--------------------------------------------------
     1   12 Mg  -0.42777532E-02     -2.68433066
     2   12 Mg  -0.42777589E-02     -2.68433427
     3   12 Mg  -0.43295161E-02     -2.71681238
     4   12 Mg  -0.43295013E-02     -2.71680310
     5   12 Mg  -0.43217547E-02     -2.71194200
     6   12 Mg  -0.42777652E-02     -2.68433819
     7   12 Mg  -0.42777581E-02     -2.68433376
     8   12 Mg  -0.43115282E-02     -2.70552477
     9   12 Mg  -0.43217365E-02     -2.71193060
    10   12 Mg  -0.43217380E-02     -2.71193152
    11   12 Mg  -0.43331726E-02     -2.71910688
    12   12 Mg  -0.43331603E-02     -2.71909917
    13   12 Mg  -0.43331727E-02     -2.71910695
    14   12 Mg  -0.43331568E-02     -2.71909697
    15   12 Mg  -0.43045651E-02     -2.70115539
    16   12 Mg  -0.43045795E-02     -2.70116444
    17   12 Mg  -0.43295074E-02     -2.71680690
    18   12 Mg  -0.42777711E-02     -2.68434188
    19   12 Mg  -0.42777744E-02     -2.68434395
    20   12 Mg  -0.43045654E-02     -2.70115558
    21   12 Mg  -0.43115281E-02     -2.70552475
    22   12 Mg  -0.43115279E-02     -2.70552460
    23   12 Mg  -0.43331563E-02     -2.71909660
    24   12 Mg  -0.43331581E-02     -2.71909773
    25   12 Mg  -0.43125763E-02     -2.70618246
    26   12 Mg  -0.43125903E-02     -2.70619125
    27   12 Mg  -0.43125816E-02     -2.70618580
    28   12 Mg  -0.43125909E-02     -2.70619166
    29   12 Mg  -0.43125674E-02     -2.70617688
    30   12 Mg  -0.43125810E-02     -2.70618542
    31   12 Mg  -0.43177619E-02     -2.70943651
    32   12 Mg  -0.43177699E-02     -2.70944153
    33   12 Mg  -0.43177705E-02     -2.70944189
    34   12 Mg  -0.43177612E-02     -2.70943603
    35   12 Mg  -0.43177710E-02     -2.70944222
    36   12 Mg  -0.43177662E-02     -2.70943918
    37   12 Mg  -0.43177966E-02     -2.70945825
    38   12 Mg  -0.42991148E-02     -2.69773524
    39   12 Mg  -0.42991280E-02     -2.69774352
    40   12 Mg  -0.42991198E-02     -2.69773839
    41   12 Mg  -0.43112597E-02     -2.70535629
    42   12 Mg  -0.43112325E-02     -2.70533927
    43   12 Mg  -0.43112412E-02     -2.70534468
    44   12 Mg  -0.43124657E-02     -2.70611309
    45   12 Mg  -0.43124839E-02     -2.70612450
    46   12 Mg  -0.43124847E-02     -2.70612500
    47   12 Mg  -0.42715062E-02     -2.68041059
    48   12 Mg  -0.42715149E-02     -2.68041608
    49   12 Mg  -0.42715059E-02     -2.68041040
    50   12 Mg  -0.42970521E-02     -2.69644092
    51   12 Mg  -0.42970475E-02     -2.69643799
    52   12 Mg  -0.42970660E-02     -2.69644963
    53   12 Mg  -0.42973796E-02     -2.69664644
    54   12 Mg  -0.42973837E-02     -2.69664897
    55   12 Mg  -0.42973796E-02     -2.69664639
    56   12 Mg  -0.42973753E-02     -2.69664372
    57   12 Mg  -0.42973938E-02     -2.69665532
    58   12 Mg  -0.42973846E-02     -2.69664953
    59   12 Mg  -0.43043234E-02     -2.70100371
    60   12 Mg  -0.43043148E-02     -2.70099830
    61   12 Mg  -0.43043373E-02     -2.70101242
    62   12 Mg  -0.43415159E-02     -2.72434237
    63   12 Mg  -0.43073168E-02     -2.70288209
    64   12 Mg  -0.43073261E-02     -2.70288796
    65   12 Mg  -0.43073358E-02     -2.70289401
    66   12 Mg  -0.42961590E-02     -2.69588046
    67   12 Mg  -0.42961489E-02     -2.69587413
    68   12 Mg  -0.42961624E-02     -2.69588260
    69   12 Mg  -0.43217897E-02     -2.71196399
    70   12 Mg  -0.43217892E-02     -2.71196365
    71   12 Mg  -0.43217988E-02     -2.71196968
    72   12 Mg  -0.43217850E-02     -2.71196104
    73   12 Mg  -0.43217813E-02     -2.71195873
    74   12 Mg  -0.43217944E-02     -2.71196692
    75   12 Mg  -0.43351368E-02     -2.72033942
    76   12 Mg  -0.42964662E-02     -2.69607322
    77   12 Mg  -0.42964394E-02     -2.69605645
    78   12 Mg  -0.43198614E-02     -2.71075395
    79   12 Mg  -0.43198696E-02     -2.71075909
    80   12 Mg  -0.43060654E-02     -2.70209683
    81   12 Mg  -0.43060655E-02     -2.70209691
    82   12 Mg  -0.42894441E-02     -2.69166683
    83   12 Mg  -0.42964384E-02     -2.69605579
    84   12 Mg  -0.42964539E-02     -2.69606553
    85   12 Mg  -0.42964578E-02     -2.69606797
    86   12 Mg  -0.42964634E-02     -2.69607147
    87   12 Mg  -0.42849593E-02     -2.68885255
    88   12 Mg  -0.42957638E-02     -2.69563251
    89   12 Mg  -0.42958058E-02     -2.69565885
    90   12 Mg  -0.42849833E-02     -2.68886764
    91   12 Mg  -0.42849493E-02     -2.68884630
    92   12 Mg  -0.43198618E-02     -2.71075421
    93   12 Mg  -0.43060610E-02     -2.70209408
    94   12 Mg  -0.43060672E-02     -2.70209793
    95   12 Mg  -0.42957827E-02     -2.69564433
    96   12 Mg  -0.43060578E-02     -2.70209207
    97   12 Mg  -0.43060566E-02     -2.70209130
    98   12 Mg  -0.43351358E-02     -2.72033877
    99   12 Mg  -0.43351365E-02     -2.72033923
   100   12 Mg  -0.43217979E-02     -2.71196914
   101   12 Mg  -0.43217974E-02     -2.71196881
   102   12 Mg  -0.43218070E-02     -2.71197484
   103   12 Mg  -0.43217932E-02     -2.71196620
   104   12 Mg  -0.43217895E-02     -2.71196389
   105   12 Mg  -0.43218026E-02     -2.71197208
   106   12 Mg  -0.42961606E-02     -2.69588148
   107   12 Mg  -0.42961505E-02     -2.69587515
   108   12 Mg  -0.42961640E-02     -2.69588363
   109   12 Mg  -0.43073184E-02     -2.70288308
   110   12 Mg  -0.43073277E-02     -2.70288895
   111   12 Mg  -0.43073374E-02     -2.70289500
   112   12 Mg  -0.43415169E-02     -2.72434298
   113   12 Mg  -0.43043238E-02     -2.70100395
   114   12 Mg  -0.43043152E-02     -2.70099854
   115   12 Mg  -0.43043377E-02     -2.70101267
   116   12 Mg  -0.42973875E-02     -2.69665138
   117   12 Mg  -0.42973916E-02     -2.69665391
   118   12 Mg  -0.42973874E-02     -2.69665134
   119   12 Mg  -0.42973832E-02     -2.69664867
   120   12 Mg  -0.42974017E-02     -2.69666026
   121   12 Mg  -0.42973924E-02     -2.69665447
   122   12 Mg  -0.42970674E-02     -2.69645051
   123   12 Mg  -0.42970627E-02     -2.69644758
   124   12 Mg  -0.42970813E-02     -2.69645922
   125   12 Mg  -0.42715229E-02     -2.68042108
   126   12 Mg  -0.42715316E-02     -2.68042657
   127   12 Mg  -0.42715226E-02     -2.68042089
   128   12 Mg  -0.43124887E-02     -2.70612750
   129   12 Mg  -0.43125069E-02     -2.70613892
   130   12 Mg  -0.43125077E-02     -2.70613941
   131   12 Mg  -0.43112678E-02     -2.70536140
   132   12 Mg  -0.43112407E-02     -2.70534437
   133   12 Mg  -0.43112493E-02     -2.70534979
   134   12 Mg  -0.42991305E-02     -2.69774511
   135   12 Mg  -0.42991437E-02     -2.69775339
   136   12 Mg  -0.42991355E-02     -2.69774825
   137   12 Mg  -0.43177980E-02     -2.70945913
   138   12 Mg  -0.43177701E-02     -2.70944167
   139   12 Mg  -0.43177781E-02     -2.70944669
   140   12 Mg  -0.43177787E-02     -2.70944705
   141   12 Mg  -0.43177694E-02     -2.70944119
   142   12 Mg  -0.43177792E-02     -2.70944738
   143   12 Mg  -0.43177744E-02     -2.70944434
   144   12 Mg  -0.43125851E-02     -2.70618799
   145   12 Mg  -0.43125991E-02     -2.70619679
   146   12 Mg  -0.43125904E-02     -2.70619133
   147   12 Mg  -0.43125997E-02     -2.70619720
   148   12 Mg  -0.43125762E-02     -2.70618242
   149   12 Mg  -0.43125898E-02     -2.70619096
   150   50 Sn  -0.41047959E-02     -2.57579832
--------------------------------------------------

Dispersion energy:      -6.4589279834612E-01 Eh

[Info] Dispersion energy written to .EDISP
