-----------------------------------
 s i m p l e   D F T - D 3  v1.2.1
-----------------------------------

Zero (Chai-Head-Gordon) damping: pbe-D3(0)
--------------------
  s6         1.0000
  s8         0.7220
  s9         0.0000
 rs6         1.2170
 rs8         1.0000
 alp        14.0000
--------------------

Atomic radii (in Angstrom):
-------------------------------------------
   Z          R(cov)     R(vdw)      r4/r2
-------------------------------------------
  12 Mg       1.6667     1.7420     2.8909
  50 Sn       1.6800     2.0937     3.4228
-------------------------------------------

Atomic reference systems (in atomic units):
----------------------------------------------------------------------------
   Z        #      CN    C6(AA)   #      CN    C6(AA)   #      CN    C6(AA)
----------------------------------------------------------------------------
  12 Mg     1  0.0000  683.3758   2  0.9628  451.2708   3  1.9496  175.5616
  50 Sn     1  0.0000  627.5677   2  0.9514  542.0439   3  1.9505  505.4148
            4  2.9259  409.1453   5  3.9123  336.1020
----------------------------------------------------------------------------

Dispersion properties (in atomic units):
--------------------------------------------------------
     #    Z                CN       C6(AA)       C8(AA)
--------------------------------------------------------
     1   12 Mg         0.0017     677.1429   60625.8156
     2   12 Mg         0.0017     677.1429   60625.8156
     3   12 Mg         0.0018     677.1421   60625.7398
     4   12 Mg         0.0018     677.1421   60625.7398
     5   12 Mg         0.0018     677.1423   60625.7554
     6   12 Mg         0.0017     677.1429   60625.8156
     7   12 Mg         0.0017     677.1429   60625.8156
     8   12 Mg         0.0018     677.1425   60625.7733
     9   12 Mg         0.0018     677.1423   60625.7554
    10   12 Mg         0.0018     677.1423   60625.7554
    11   12 Mg         0.0018     677.1420   60625.7331
    12   12 Mg         0.0018     677.1420   60625.7332
    13   12 Mg         0.0018     677.1420   60625.7331
    14   12 Mg         0.0018     677.1420   60625.7332
    15   12 Mg         0.0018     677.1426   60625.7875
    16   12 Mg         0.0018     677.1426   60625.7874
    17   12 Mg         0.0018     677.1421   60625.7398
    18   12 Mg         0.0017     677.1429   60625.8156
    19   12 Mg         0.0017     677.1429   60625.8156
    20   12 Mg         0.0018     677.1426   60625.7875
    21   12 Mg         0.0018     677.1425   60625.7733
    22   12 Mg         0.0018     677.1425   60625.7733
    23   12 Mg         0.0018     677.1420   60625.7332
    24   12 Mg         0.0018     677.1420   60625.7332
    25   12 Mg         0.0018     677.1424   60625.7712
    26   12 Mg         0.0018     677.1424   60625.7712
    27   12 Mg         0.0018     677.1424   60625.7712
    28   12 Mg         0.0018     677.1424   60625.7712
    29   12 Mg         0.0018     677.1424   60625.7712
    30   12 Mg         0.0018     677.1424   60625.7712
    31   12 Mg         0.0018     677.1424   60625.7633
    32   12 Mg         0.0018     677.1424   60625.7632
    33   12 Mg         0.0018     677.1424   60625.7632
    34   12 Mg         0.0018     677.1424   60625.7633
    35   12 Mg         0.0018     677.1424   60625.7632
    36   12 Mg         0.0018     677.1424   60625.7632
    37   12 Mg         0.0018     677.1424   60625.7633
    38   12 Mg         0.0018     677.1427   60625.7985
    39   12 Mg         0.0018     677.1427   60625.7985
    40   12 Mg         0.0018     677.1427   60625.7985
    41   12 Mg         0.0018     677.1425   60625.7750
    42   12 Mg         0.0018     677.1425   60625.7751
    43   12 Mg         0.0018     677.1425   60625.7751
    44   12 Mg         0.0018     677.1424   60625.7694
    45   12 Mg         0.0018     677.1424   60625.7693
    46   12 Mg         0.0018     677.1424   60625.7693
    47   12 Mg         0.0017     677.1431   60625.8285
    48   12 Mg         0.0017     677.1431   60625.8284
    49   12 Mg         0.0017     677.1431   60625.8285
    50   12 Mg         0.0017     677.1428   60625.8026
    51   12 Mg         0.0017     677.1428   60625.8026
    52   12 Mg         0.0017     677.1428   60625.8026
    53   12 Mg         0.0017     677.1428   60625.8021
    54   12 Mg         0.0017     677.1428   60625.8021
    55   12 Mg         0.0017     677.1428   60625.8021
    56   12 Mg         0.0017     677.1428   60625.8021
    57   12 Mg         0.0017     677.1428   60625.8021
    58   12 Mg         0.0017     677.1428   60625.8021
    59   12 Mg         0.0018     677.1426   60625.7887
    60   12 Mg         0.0018     677.1426   60625.7887
    61   12 Mg         0.0018     677.1426   60625.7886
    62   12 Mg         0.0018     677.1418   60625.7156
    63   12 Mg         0.0018     677.1426   60625.7827
    64   12 Mg         0.0018     677.1426   60625.7827
    65   12 Mg         0.0018     677.1426   60625.7827
    66   12 Mg         0.0017     677.1428   60625.8038
    67   12 Mg         0.0017     677.1428   60625.8038
    68   12 Mg         0.0017     677.1428   60625.8038
    69   12 Mg         0.0018     677.1423   60625.7545
    70   12 Mg         0.0018     677.1423   60625.7545
    71   12 Mg         0.0018     677.1423   60625.7545
    72   12 Mg         0.0018     677.1423   60625.7545
    73   12 Mg         0.0018     677.1423   60625.7545
    74   12 Mg         0.0018     677.1423   60625.7545
    75   12 Mg         0.0018     677.1420   60625.7298
    76   12 Mg         0.0017     677.1428   60625.8037
    77   12 Mg         0.0017     677.1428   60625.8037
    78   12 Mg         0.0018     677.1423   60625.7587
    79   12 Mg         0.0018     677.1423   60625.7587
    80   12 Mg         0.0018     677.1426   60625.7852
    81   12 Mg         0.0018     677.1426   60625.7852
    82   12 Mg         0.0017     677.1430   60625.8174
    83   12 Mg         0.0017     677.1428   60625.8037
    84   12 Mg         0.0017     677.1428   60625.8037
    85   12 Mg         0.0017     677.1428   60625.8037
    86   12 Mg         0.0017     677.1428   60625.8037
    87   12 Mg         0.0017     677.1430   60625.8254
    88   12 Mg         0.0017     677.1428   60625.8047
    89   12 Mg         0.0017     677.1428   60625.8047
    90   12 Mg         0.0017     677.1430   60625.8254
    91   12 Mg         0.0017     677.1430   60625.8254
    92   12 Mg         0.0018     677.1423   60625.7587
    93   12 Mg         0.0018     677.1426   60625.7852
    94   12 Mg         0.0018     677.1426   60625.7852
    95   12 Mg         0.0017     677.1428   60625.8047
    96   12 Mg         0.0018     677.1426   60625.7852
    97   12 Mg         0.0018     677.1426   60625.7852
    98   12 Mg         0.0018     677.1420   60625.7298
    99   12 Mg         0.0018     677.1420   60625.7298
   100   12 Mg         0.0018     677.1423   60625.7545
   101   12 Mg         0.0018     677.1423   60625.7545
   102   12 Mg         0.0018     677.1423   60625.7544
   103   12 Mg         0.0018     677.1423   60625.7545
   104   12 Mg         0.0018     677.1423   60625.7545
   105   12 Mg         0.0018     677.1423   60625.7545
   106   12 Mg         0.0017     677.1428   60625.8038
   107   12 Mg         0.0017     677.1428   60625.8038
   108   12 Mg         0.0017     677.1428   60625.8038
   109   12 Mg         0.0018     677.1426   60625.7827
   110   12 Mg         0.0018     677.1426   60625.7827
   111   12 Mg         0.0018     677.1426   60625.7827
   112   12 Mg         0.0018     677.1418   60625.7156
   113   12 Mg         0.0018     677.1426   60625.7887
   114   12 Mg         0.0018     677.1426   60625.7887
   115   12 Mg         0.0018     677.1426   60625.7886
   116   12 Mg         0.0017     677.1428   60625.8021
   117   12 Mg         0.0017     677.1428   60625.8021
   118   12 Mg         0.0017     677.1428   60625.8021
   119   12 Mg         0.0017     677.1428   60625.8021
   120   12 Mg         0.0018     677.1428   60625.8021
   121   12 Mg         0.0017     677.1428   60625.8021
   122   12 Mg         0.0017     677.1428   60625.8026
   123   12 Mg         0.0017     677.1428   60625.8026
   124   12 Mg         0.0017     677.1428   60625.8026
   125   12 Mg         0.0017     677.1431   60625.8284
   126   12 Mg         0.0017     677.1431   60625.8284
   127   12 Mg         0.0017     677.1431   60625.8284
   128   12 Mg         0.0018     677.1424   60625.7693
   129   12 Mg         0.0018     677.1424   60625.7693
   130   12 Mg         0.0018     677.1424   60625.7693
   131   12 Mg         0.0018     677.1425   60625.7750
   132   12 Mg         0.0018     677.1425   60625.7751
   133   12 Mg         0.0018     677.1425   60625.7750
   134   12 Mg         0.0018     677.1427   60625.7985
   135   12 Mg         0.0018     677.1427   60625.7985
   136   12 Mg         0.0018     677.1427   60625.7985
   137   12 Mg         0.0018     677.1424   60625.7633
   138   12 Mg         0.0018     677.1424   60625.7632
   139   12 Mg         0.0018     677.1424   60625.7632
   140   12 Mg         0.0018     677.1424   60625.7632
   141   12 Mg         0.0018     677.1424   60625.7632
   142   12 Mg         0.0018     677.1424   60625.7632
   143   12 Mg         0.0018     677.1424   60625.7632
   144   12 Mg         0.0018     677.1424   60625.7712
   145   12 Mg         0.0018     677.1424   60625.7712
   146   12 Mg         0.0018     677.1424   60625.7712
   147   12 Mg         0.0018     677.1424   60625.7712
   148   12 Mg         0.0018     677.1424   60625.7712
   149   12 Mg         0.0018     677.1424   60625.7712
   150   50 Sn         0.0017     625.2046   78470.1131
--------------------------------------------------------

Atom-resolved dispersion energies:
--------------------------------------------------
     #    Z           [Hartree]      [kcal/mol]
--------------------------------------------------
     1   12 Mg  -0.68071249E-03     -0.42715354
     2   12 Mg  -0.68071334E-03     -0.42715407
     3   12 Mg  -0.69024026E-03     -0.43313230
     4   12 Mg  -0.69023771E-03     -0.43313071
     5   12 Mg  -0.68892317E-03     -0.43230582
     6   12 Mg  -0.68071452E-03     -0.42715481
     7   12 Mg  -0.68071334E-03     -0.42715407
     8   12 Mg  -0.68718734E-03     -0.43121657
     9   12 Mg  -0.68892008E-03     -0.43230388
    10   12 Mg  -0.68892030E-03     -0.43230402
    11   12 Mg  -0.69086744E-03     -0.43352586
    12   12 Mg  -0.69086536E-03     -0.43352456
    13   12 Mg  -0.69086745E-03     -0.43352587
    14   12 Mg  -0.69086475E-03     -0.43352418
    15   12 Mg  -0.68602289E-03     -0.43048587
    16   12 Mg  -0.68602535E-03     -0.43048741
    17   12 Mg  -0.69023878E-03     -0.43313137
    18   12 Mg  -0.68071552E-03     -0.42715544
    19   12 Mg  -0.68071597E-03     -0.42715572
    20   12 Mg  -0.68602294E-03     -0.43048590
    21   12 Mg  -0.68718731E-03     -0.43121655
    22   12 Mg  -0.68718730E-03     -0.43121654
    23   12 Mg  -0.69086467E-03     -0.43352412
    24   12 Mg  -0.69086496E-03     -0.43352431
    25   12 Mg  -0.68737235E-03     -0.43133266
    26   12 Mg  -0.68737473E-03     -0.43133415
    27   12 Mg  -0.68737324E-03     -0.43133322
    28   12 Mg  -0.68737483E-03     -0.43133422
    29   12 Mg  -0.68737082E-03     -0.43133170
    30   12 Mg  -0.68737315E-03     -0.43133316
    31   12 Mg  -0.68823412E-03     -0.43187343
    32   12 Mg  -0.68823550E-03     -0.43187430
    33   12 Mg  -0.68823559E-03     -0.43187435
    34   12 Mg  -0.68823399E-03     -0.43187335
    35   12 Mg  -0.68823567E-03     -0.43187440
    36   12 Mg  -0.68823485E-03     -0.43187389
    37   12 Mg  -0.68825754E-03     -0.43188813
    38   12 Mg  -0.68507749E-03     -0.42989261
    39   12 Mg  -0.68507974E-03     -0.42989403
    40   12 Mg  -0.68507835E-03     -0.42989315
    41   12 Mg  -0.68715159E-03     -0.43119413
    42   12 Mg  -0.68714697E-03     -0.43119123
    43   12 Mg  -0.68714844E-03     -0.43119216
    44   12 Mg  -0.68729812E-03     -0.43128608
    45   12 Mg  -0.68730124E-03     -0.43128804
    46   12 Mg  -0.68730136E-03     -0.43128811
    47   12 Mg  -0.67958042E-03     -0.42644315
    48   12 Mg  -0.67958189E-03     -0.42644408
    49   12 Mg  -0.67958037E-03     -0.42644312
    50   12 Mg  -0.68471362E-03     -0.42966428
    51   12 Mg  -0.68471282E-03     -0.42966378
    52   12 Mg  -0.68471598E-03     -0.42966576
    53   12 Mg  -0.68477107E-03     -0.42970033
    54   12 Mg  -0.68477176E-03     -0.42970077
    55   12 Mg  -0.68477106E-03     -0.42970033
    56   12 Mg  -0.68477034E-03     -0.42969987
    57   12 Mg  -0.68477348E-03     -0.42970184
    58   12 Mg  -0.68477191E-03     -0.42970086
    59   12 Mg  -0.68596566E-03     -0.43044995
    60   12 Mg  -0.68596418E-03     -0.43044902
    61   12 Mg  -0.68596802E-03     -0.43045143
    62   12 Mg  -0.69229130E-03     -0.43441935
    63   12 Mg  -0.68647680E-03     -0.43077069
    64   12 Mg  -0.68647838E-03     -0.43077169
    65   12 Mg  -0.68648002E-03     -0.43077272
    66   12 Mg  -0.68459132E-03     -0.42958754
    67   12 Mg  -0.68458962E-03     -0.42958647
    68   12 Mg  -0.68459191E-03     -0.42958791
    69   12 Mg  -0.68893492E-03     -0.43231319
    70   12 Mg  -0.68893483E-03     -0.43231313
    71   12 Mg  -0.68893646E-03     -0.43231416
    72   12 Mg  -0.68893411E-03     -0.43231268
    73   12 Mg  -0.68893348E-03     -0.43231229
    74   12 Mg  -0.68893571E-03     -0.43231369
    75   12 Mg  -0.69120094E-03     -0.43373514
    76   12 Mg  -0.68462247E-03     -0.42960708
    77   12 Mg  -0.68461790E-03     -0.42960422
    78   12 Mg  -0.68861121E-03     -0.43211006
    79   12 Mg  -0.68861262E-03     -0.43211094
    80   12 Mg  -0.68626323E-03     -0.43063668
    81   12 Mg  -0.68626325E-03     -0.43063669
    82   12 Mg  -0.68341940E-03     -0.42885215
    83   12 Mg  -0.68461774E-03     -0.42960411
    84   12 Mg  -0.68462036E-03     -0.42960576
    85   12 Mg  -0.68462103E-03     -0.42960618
    86   12 Mg  -0.68462198E-03     -0.42960678
    87   12 Mg  -0.68266975E-03     -0.42838174
    88   12 Mg  -0.68451889E-03     -0.42954209
    89   12 Mg  -0.68452603E-03     -0.42954657
    90   12 Mg  -0.68267384E-03     -0.42838430
    91   12 Mg  -0.68266807E-03     -0.42838068
    92   12 Mg  -0.68861128E-03     -0.43211010
    93   12 Mg  -0.68626249E-03     -0.43063622
    94   12 Mg  -0.68626351E-03     -0.43063685
    95   12 Mg  -0.68452209E-03     -0.42954410
    96   12 Mg  -0.68626193E-03     -0.43063586
    97   12 Mg  -0.68626173E-03     -0.43063574
    98   12 Mg  -0.69120077E-03     -0.43373503
    99   12 Mg  -0.69120089E-03     -0.43373511
   100   12 Mg  -0.68893629E-03     -0.43231405
   101   12 Mg  -0.68893621E-03     -0.43231400
   102   12 Mg  -0.68893784E-03     -0.43231502
   103   12 Mg  -0.68893549E-03     -0.43231355
   104   12 Mg  -0.68893486E-03     -0.43231315
   105   12 Mg  -0.68893709E-03     -0.43231455
   106   12 Mg  -0.68459159E-03     -0.42958771
   107   12 Mg  -0.68458989E-03     -0.42958664
   108   12 Mg  -0.68459219E-03     -0.42958808
   109   12 Mg  -0.68647707E-03     -0.43077086
   110   12 Mg  -0.68647865E-03     -0.43077186
   111   12 Mg  -0.68648029E-03     -0.43077289
   112   12 Mg  -0.69229146E-03     -0.43441945
   113   12 Mg  -0.68596572E-03     -0.43044999
   114   12 Mg  -0.68596425E-03     -0.43044907
   115   12 Mg  -0.68596808E-03     -0.43045147
   116   12 Mg  -0.68477241E-03     -0.42970117
   117   12 Mg  -0.68477311E-03     -0.42970161
   118   12 Mg  -0.68477241E-03     -0.42970117
   119   12 Mg  -0.68477168E-03     -0.42970072
   120   12 Mg  -0.68477482E-03     -0.42970269
   121   12 Mg  -0.68477326E-03     -0.42970171
   122   12 Mg  -0.68471623E-03     -0.42966592
   123   12 Mg  -0.68471543E-03     -0.42966542
   124   12 Mg  -0.68471858E-03     -0.42966740
   125   12 Mg  -0.67958327E-03     -0.42644494
   126   12 Mg  -0.67958475E-03     -0.42644587
   127   12 Mg  -0.67958323E-03     -0.42644491
   128   12 Mg  -0.68730205E-03     -0.43128855
   129   12 Mg  -0.68730517E-03     -0.43129050
   130   12 Mg  -0.68730529E-03     -0.43129058
   131   12 Mg  -0.68715297E-03     -0.43119500
   132   12 Mg  -0.68714836E-03     -0.43119210
   133   12 Mg  -0.68714983E-03     -0.43119303
   134   12 Mg  -0.68508017E-03     -0.42989430
   135   12 Mg  -0.68508242E-03     -0.42989571
   136   12 Mg  -0.68508103E-03     -0.42989483
   137   12 Mg  -0.68825776E-03     -0.43188827
   138   12 Mg  -0.68823551E-03     -0.43187430
   139   12 Mg  -0.68823690E-03     -0.43187517
   140   12 Mg  -0.68823698E-03     -0.43187523
   141   12 Mg  -0.68823539E-03     -0.43187423
   142   12 Mg  -0.68823707E-03     -0.43187528
   143   12 Mg  -0.68823624E-03     -0.43187476
   144   12 Mg  -0.68737380E-03     -0.43133357
   145   12 Mg  -0.68737618E-03     -0.43133507
   146   12 Mg  -0.68737470E-03     -0.43133414
   147   12 Mg  -0.68737628E-03     -0.43133513
   148   12 Mg  -0.68737228E-03     -0.43133262
   149   12 Mg  -0.68737460E-03     -0.43133407
   150   50 Sn  -0.64117041E-03     -0.40234051
--------------------------------------------------

Dispersion energy:      -1.0291559529398E-01 Eh

[Info] Dispersion energy written to .EDISP
