-----------------------------------
 s i m p l e   D F T - D 3  v1.2.1
-----------------------------------

Zero (Chai-Head-Gordon) damping: pbe-D3(0)
--------------------
  s6         1.0000
  s8         0.7220
  s9         0.0000
 rs6         1.2170
 rs8         1.0000
 alp        14.0000
--------------------

Atomic radii (in Angstrom):
-------------------------------------------
   Z          R(cov)     R(vdw)      r4/r2
-------------------------------------------
  12 Mg       1.6667     1.7420     2.8909
  50 Sn       1.6800     2.0937     3.4228
-------------------------------------------

Atomic reference systems (in atomic units):
----------------------------------------------------------------------------
   Z        #      CN    C6(AA)   #      CN    C6(AA)   #      CN    C6(AA)
----------------------------------------------------------------------------
  12 Mg     1  0.0000  683.3758   2  0.9628  451.2708   3  1.9496  175.5616
  50 Sn     1  0.0000  627.5677   2  0.9514  542.0439   3  1.9505  505.4148
            4  2.9259  409.1453   5  3.9123  336.1020
----------------------------------------------------------------------------

Dispersion properties (in atomic units):
--------------------------------------------------------
     #    Z                CN       C6(AA)       C8(AA)
--------------------------------------------------------
     1   12 Mg         0.0020     677.1308   60624.7271
     2   12 Mg         0.0020     677.1308   60624.7271
     3   12 Mg         0.0020     677.1298   60624.6375
     4   12 Mg         0.0020     677.1298   60624.6375
     5   12 Mg         0.0020     677.1300   60624.6561
     6   12 Mg         0.0020     677.1308   60624.7271
     7   12 Mg         0.0020     677.1308   60624.7271
     8   12 Mg         0.0020     677.1302   60624.6772
     9   12 Mg         0.0020     677.1300   60624.6561
    10   12 Mg         0.0020     677.1300   60624.6561
    11   12 Mg         0.0020     677.1297   60624.6295
    12   12 Mg         0.0020     677.1297   60624.6295
    13   12 Mg         0.0020     677.1297   60624.6295
    14   12 Mg         0.0020     677.1297   60624.6295
    15   12 Mg         0.0020     677.1304   60624.6940
    16   12 Mg         0.0020     677.1304   60624.6939
    17   12 Mg         0.0020     677.1298   60624.6375
    18   12 Mg         0.0020     677.1308   60624.7271
    19   12 Mg         0.0020     677.1308   60624.7271
    20   12 Mg         0.0020     677.1304   60624.6940
    21   12 Mg         0.0020     677.1302   60624.6772
    22   12 Mg         0.0020     677.1302   60624.6772
    23   12 Mg         0.0020     677.1297   60624.6295
    24   12 Mg         0.0020     677.1297   60624.6295
    25   12 Mg         0.0020     677.1302   60624.6746
    26   12 Mg         0.0020     677.1302   60624.6746
    27   12 Mg         0.0020     677.1302   60624.6746
    28   12 Mg         0.0020     677.1302   60624.6746
    29   12 Mg         0.0020     677.1302   60624.6746
    30   12 Mg         0.0020     677.1302   60624.6746
    31   12 Mg         0.0020     677.1301   60624.6653
    32   12 Mg         0.0020     677.1301   60624.6653
    33   12 Mg         0.0020     677.1301   60624.6653
    34   12 Mg         0.0020     677.1301   60624.6653
    35   12 Mg         0.0020     677.1301   60624.6653
    36   12 Mg         0.0020     677.1301   60624.6653
    37   12 Mg         0.0020     677.1301   60624.6653
    38   12 Mg         0.0020     677.1306   60624.7071
    39   12 Mg         0.0020     677.1306   60624.7070
    40   12 Mg         0.0020     677.1306   60624.7071
    41   12 Mg         0.0020     677.1302   60624.6792
    42   12 Mg         0.0020     677.1302   60624.6792
    43   12 Mg         0.0020     677.1302   60624.6792
    44   12 Mg         0.0020     677.1302   60624.6724
    45   12 Mg         0.0020     677.1302   60624.6724
    46   12 Mg         0.0020     677.1302   60624.6724
    47   12 Mg         0.0020     677.1309   60624.7424
    48   12 Mg         0.0020     677.1309   60624.7424
    49   12 Mg         0.0020     677.1309   60624.7424
    50   12 Mg         0.0020     677.1306   60624.7119
    51   12 Mg         0.0020     677.1306   60624.7119
    52   12 Mg         0.0020     677.1306   60624.7119
    53   12 Mg         0.0020     677.1306   60624.7114
    54   12 Mg         0.0020     677.1306   60624.7113
    55   12 Mg         0.0020     677.1306   60624.7114
    56   12 Mg         0.0020     677.1306   60624.7114
    57   12 Mg         0.0020     677.1306   60624.7113
    58   12 Mg         0.0020     677.1306   60624.7113
    59   12 Mg         0.0020     677.1304   60624.6953
    60   12 Mg         0.0020     677.1304   60624.6953
    61   12 Mg         0.0020     677.1304   60624.6953
    62   12 Mg         0.0020     677.1295   60624.6087
    63   12 Mg         0.0020     677.1303   60624.6883
    64   12 Mg         0.0020     677.1303   60624.6883
    65   12 Mg         0.0020     677.1303   60624.6883
    66   12 Mg         0.0020     677.1306   60624.7131
    67   12 Mg         0.0020     677.1306   60624.7132
    68   12 Mg         0.0020     677.1306   60624.7131
    69   12 Mg         0.0020     677.1300   60624.6548
    70   12 Mg         0.0020     677.1300   60624.6548
    71   12 Mg         0.0020     677.1300   60624.6548
    72   12 Mg         0.0020     677.1300   60624.6548
    73   12 Mg         0.0020     677.1300   60624.6548
    74   12 Mg         0.0020     677.1300   60624.6548
    75   12 Mg         0.0020     677.1296   60624.6257
    76   12 Mg         0.0020     677.1306   60624.7131
    77   12 Mg         0.0020     677.1306   60624.7132
    78   12 Mg         0.0020     677.1300   60624.6599
    79   12 Mg         0.0020     677.1300   60624.6599
    80   12 Mg         0.0020     677.1304   60624.6912
    81   12 Mg         0.0020     677.1304   60624.6912
    82   12 Mg         0.0020     677.1308   60624.7294
    83   12 Mg         0.0020     677.1306   60624.7132
    84   12 Mg         0.0020     677.1306   60624.7132
    85   12 Mg         0.0020     677.1306   60624.7132
    86   12 Mg         0.0020     677.1306   60624.7131
    87   12 Mg         0.0020     677.1309   60624.7389
    88   12 Mg         0.0020     677.1306   60624.7143
    89   12 Mg         0.0020     677.1306   60624.7142
    90   12 Mg         0.0020     677.1309   60624.7388
    91   12 Mg         0.0020     677.1309   60624.7389
    92   12 Mg         0.0020     677.1300   60624.6599
    93   12 Mg         0.0020     677.1304   60624.6912
    94   12 Mg         0.0020     677.1304   60624.6912
    95   12 Mg         0.0020     677.1306   60624.7142
    96   12 Mg         0.0020     677.1304   60624.6912
    97   12 Mg         0.0020     677.1304   60624.6912
    98   12 Mg         0.0020     677.1296   60624.6257
    99   12 Mg         0.0020     677.1296   60624.6257
   100   12 Mg         0.0020     677.1300   60624.6548
   101   12 Mg         0.0020     677.1300   60624.6548
   102   12 Mg         0.0020     677.1300   60624.6548
   103   12 Mg         0.0020     677.1300   60624.6548
   104   12 Mg         0.0020     677.1300   60624.6548
   105   12 Mg         0.0020     677.1300   60624.6548
   106   12 Mg         0.0020     677.1306   60624.7131
   107   12 Mg         0.0020     677.1306   60624.7131
   108   12 Mg         0.0020     677.1306   60624.7131
   109   12 Mg         0.0020     677.1303   60624.6883
   110   12 Mg         0.0020     677.1303   60624.6883
   111   12 Mg         0.0020     677.1303   60624.6883
   112   12 Mg         0.0020     677.1295   60624.6087
   113   12 Mg         0.0020     677.1304   60624.6953
   114   12 Mg         0.0020     677.1304   60624.6953
   115   12 Mg         0.0020     677.1304   60624.6953
   116   12 Mg         0.0020     677.1306   60624.7113
   117   12 Mg         0.0020     677.1306   60624.7113
   118   12 Mg         0.0020     677.1306   60624.7113
   119   12 Mg         0.0020     677.1306   60624.7113
   120   12 Mg         0.0020     677.1306   60624.7113
   121   12 Mg         0.0020     677.1306   60624.7113
   122   12 Mg         0.0020     677.1306   60624.7119
   123   12 Mg         0.0020     677.1306   60624.7119
   124   12 Mg         0.0020     677.1306   60624.7119
   125   12 Mg         0.0020     677.1309   60624.7424
   126   12 Mg         0.0020     677.1309   60624.7424
   127   12 Mg         0.0020     677.1309   60624.7424
   128   12 Mg         0.0020     677.1302   60624.6724
   129   12 Mg         0.0020     677.1302   60624.6723
   130   12 Mg         0.0020     677.1302   60624.6723
   131   12 Mg         0.0020     677.1302   60624.6792
   132   12 Mg         0.0020     677.1302   60624.6792
   133   12 Mg         0.0020     677.1302   60624.6792
   134   12 Mg         0.0020     677.1306   60624.7070
   135   12 Mg         0.0020     677.1306   60624.7070
   136   12 Mg         0.0020     677.1306   60624.7070
   137   12 Mg         0.0020     677.1301   60624.6653
   138   12 Mg         0.0020     677.1301   60624.6653
   139   12 Mg         0.0020     677.1301   60624.6653
   140   12 Mg         0.0020     677.1301   60624.6653
   141   12 Mg         0.0020     677.1301   60624.6653
   142   12 Mg         0.0020     677.1301   60624.6653
   143   12 Mg         0.0020     677.1301   60624.6653
   144   12 Mg         0.0020     677.1302   60624.6746
   145   12 Mg         0.0020     677.1302   60624.6746
   146   12 Mg         0.0020     677.1302   60624.6746
   147   12 Mg         0.0020     677.1302   60624.6746
   148   12 Mg         0.0020     677.1302   60624.6746
   149   12 Mg         0.0020     677.1302   60624.6746
   150   50 Sn         0.0020     625.2000   78469.5443
--------------------------------------------------------

Atom-resolved dispersion energies:
--------------------------------------------------
     #    Z           [Hartree]      [kcal/mol]
--------------------------------------------------
     1   12 Mg  -0.77961465E-03     -0.48921558
     2   12 Mg  -0.77961563E-03     -0.48921619
     3   12 Mg  -0.79043059E-03     -0.49600268
     4   12 Mg  -0.79042767E-03     -0.49600085
     5   12 Mg  -0.78891686E-03     -0.49505280
     6   12 Mg  -0.77961698E-03     -0.48921704
     7   12 Mg  -0.77961562E-03     -0.48921619
     8   12 Mg  -0.78698814E-03     -0.49384252
     9   12 Mg  -0.78891331E-03     -0.49505057
    10   12 Mg  -0.78891356E-03     -0.49505073
    11   12 Mg  -0.79116479E-03     -0.49646340
    12   12 Mg  -0.79116242E-03     -0.49646191
    13   12 Mg  -0.79116481E-03     -0.49646341
    14   12 Mg  -0.79116172E-03     -0.49646147
    15   12 Mg  -0.78559050E-03     -0.49296548
    16   12 Mg  -0.78559332E-03     -0.49296725
    17   12 Mg  -0.79042889E-03     -0.49600162
    18   12 Mg  -0.77961812E-03     -0.48921776
    19   12 Mg  -0.77961865E-03     -0.48921809
    20   12 Mg  -0.78559056E-03     -0.49296552
    21   12 Mg  -0.78698810E-03     -0.49384249
    22   12 Mg  -0.78698809E-03     -0.49384248
    23   12 Mg  -0.79116162E-03     -0.49646141
    24   12 Mg  -0.79116195E-03     -0.49646162
    25   12 Mg  -0.78714863E-03     -0.49394322
    26   12 Mg  -0.78715136E-03     -0.49394494
    27   12 Mg  -0.78714966E-03     -0.49394387
    28   12 Mg  -0.78715148E-03     -0.49394501
    29   12 Mg  -0.78714688E-03     -0.49394213
    30   12 Mg  -0.78714955E-03     -0.49394380
    31   12 Mg  -0.78812714E-03     -0.49455725
    32   12 Mg  -0.78812873E-03     -0.49455824
    33   12 Mg  -0.78812883E-03     -0.49455831
    34   12 Mg  -0.78812700E-03     -0.49455716
    35   12 Mg  -0.78812892E-03     -0.49455837
    36   12 Mg  -0.78812798E-03     -0.49455777
    37   12 Mg  -0.78815413E-03     -0.49457419
    38   12 Mg  -0.78452092E-03     -0.49229431
    39   12 Mg  -0.78452351E-03     -0.49229593
    40   12 Mg  -0.78452191E-03     -0.49229493
    41   12 Mg  -0.78690048E-03     -0.49378751
    42   12 Mg  -0.78689519E-03     -0.49378419
    43   12 Mg  -0.78689688E-03     -0.49378525
    44   12 Mg  -0.78710503E-03     -0.49391586
    45   12 Mg  -0.78710861E-03     -0.49391811
    46   12 Mg  -0.78710875E-03     -0.49391819
    47   12 Mg  -0.77828713E-03     -0.48838255
    48   12 Mg  -0.77828883E-03     -0.48838361
    49   12 Mg  -0.77828708E-03     -0.48838252
    50   12 Mg  -0.78410318E-03     -0.49203217
    51   12 Mg  -0.78410226E-03     -0.49203160
    52   12 Mg  -0.78410589E-03     -0.49203387
    53   12 Mg  -0.78415402E-03     -0.49206408
    54   12 Mg  -0.78415482E-03     -0.49206458
    55   12 Mg  -0.78415402E-03     -0.49206408
    56   12 Mg  -0.78415318E-03     -0.49206355
    57   12 Mg  -0.78415678E-03     -0.49206581
    58   12 Mg  -0.78415499E-03     -0.49206469
    59   12 Mg  -0.78552425E-03     -0.49292391
    60   12 Mg  -0.78552256E-03     -0.49292285
    61   12 Mg  -0.78552696E-03     -0.49292561
    62   12 Mg  -0.79278617E-03     -0.49748083
    63   12 Mg  -0.78611145E-03     -0.49329238
    64   12 Mg  -0.78611326E-03     -0.49329352
    65   12 Mg  -0.78611515E-03     -0.49329470
    66   12 Mg  -0.78394841E-03     -0.49193506
    67   12 Mg  -0.78394647E-03     -0.49193383
    68   12 Mg  -0.78394910E-03     -0.49193549
    69   12 Mg  -0.78893273E-03     -0.49506276
    70   12 Mg  -0.78893263E-03     -0.49506270
    71   12 Mg  -0.78893450E-03     -0.49506387
    72   12 Mg  -0.78893180E-03     -0.49506218
    73   12 Mg  -0.78893107E-03     -0.49506172
    74   12 Mg  -0.78893364E-03     -0.49506333
    75   12 Mg  -0.79153084E-03     -0.49669310
    76   12 Mg  -0.78398400E-03     -0.49195739
    77   12 Mg  -0.78397876E-03     -0.49195410
    78   12 Mg  -0.78856042E-03     -0.49482914
    79   12 Mg  -0.78856204E-03     -0.49483015
    80   12 Mg  -0.78586675E-03     -0.49313883
    81   12 Mg  -0.78586676E-03     -0.49313884
    82   12 Mg  -0.78260311E-03     -0.49109086
    83   12 Mg  -0.78397857E-03     -0.49195398
    84   12 Mg  -0.78398159E-03     -0.49195587
    85   12 Mg  -0.78398235E-03     -0.49195635
    86   12 Mg  -0.78398344E-03     -0.49195703
    87   12 Mg  -0.78174379E-03     -0.49055164
    88   12 Mg  -0.78386623E-03     -0.49188349
    89   12 Mg  -0.78387442E-03     -0.49188862
    90   12 Mg  -0.78174848E-03     -0.49055458
    91   12 Mg  -0.78174187E-03     -0.49055043
    92   12 Mg  -0.78856050E-03     -0.49482918
    93   12 Mg  -0.78586590E-03     -0.49313829
    94   12 Mg  -0.78586706E-03     -0.49313903
    95   12 Mg  -0.78386991E-03     -0.49188579
    96   12 Mg  -0.78586524E-03     -0.49313789
    97   12 Mg  -0.78586503E-03     -0.49313775
    98   12 Mg  -0.79153066E-03     -0.49669299
    99   12 Mg  -0.79153079E-03     -0.49669307
   100   12 Mg  -0.78893430E-03     -0.49506375
   101   12 Mg  -0.78893421E-03     -0.49506369
   102   12 Mg  -0.78893608E-03     -0.49506486
   103   12 Mg  -0.78893338E-03     -0.49506317
   104   12 Mg  -0.78893265E-03     -0.49506271
   105   12 Mg  -0.78893522E-03     -0.49506432
   106   12 Mg  -0.78394873E-03     -0.49193525
   107   12 Mg  -0.78394678E-03     -0.49193403
   108   12 Mg  -0.78394941E-03     -0.49193568
   109   12 Mg  -0.78611175E-03     -0.49329257
   110   12 Mg  -0.78611357E-03     -0.49329371
   111   12 Mg  -0.78611545E-03     -0.49329489
   112   12 Mg  -0.79278635E-03     -0.49748095
   113   12 Mg  -0.78552432E-03     -0.49292396
   114   12 Mg  -0.78552263E-03     -0.49292289
   115   12 Mg  -0.78552703E-03     -0.49292566
   116   12 Mg  -0.78415556E-03     -0.49206504
   117   12 Mg  -0.78415636E-03     -0.49206554
   118   12 Mg  -0.78415556E-03     -0.49206504
   119   12 Mg  -0.78415472E-03     -0.49206452
   120   12 Mg  -0.78415832E-03     -0.49206678
   121   12 Mg  -0.78415653E-03     -0.49206565
   122   12 Mg  -0.78410617E-03     -0.49203405
   123   12 Mg  -0.78410525E-03     -0.49203347
   124   12 Mg  -0.78410888E-03     -0.49203575
   125   12 Mg  -0.77829041E-03     -0.48838461
   126   12 Mg  -0.77829211E-03     -0.48838567
   127   12 Mg  -0.77829036E-03     -0.48838457
   128   12 Mg  -0.78710954E-03     -0.49391869
   129   12 Mg  -0.78711312E-03     -0.49392094
   130   12 Mg  -0.78711326E-03     -0.49392102
   131   12 Mg  -0.78690207E-03     -0.49378851
   132   12 Mg  -0.78689678E-03     -0.49378518
   133   12 Mg  -0.78689847E-03     -0.49378624
   134   12 Mg  -0.78452400E-03     -0.49229624
   135   12 Mg  -0.78452658E-03     -0.49229786
   136   12 Mg  -0.78452498E-03     -0.49229686
   137   12 Mg  -0.78815439E-03     -0.49457434
   138   12 Mg  -0.78812874E-03     -0.49455825
   139   12 Mg  -0.78813033E-03     -0.49455925
   140   12 Mg  -0.78813043E-03     -0.49455931
   141   12 Mg  -0.78812860E-03     -0.49455816
   142   12 Mg  -0.78813052E-03     -0.49455937
   143   12 Mg  -0.78812958E-03     -0.49455878
   144   12 Mg  -0.78715030E-03     -0.49394427
   145   12 Mg  -0.78715303E-03     -0.49394599
   146   12 Mg  -0.78715133E-03     -0.49394492
   147   12 Mg  -0.78715314E-03     -0.49394606
   148   12 Mg  -0.78714855E-03     -0.49394317
   149   12 Mg  -0.78715122E-03     -0.49394485
   150   50 Sn  -0.73509736E-03     -0.46128055
--------------------------------------------------

Dispersion energy:      -1.1785572733823E-01 Eh

[Info] Dispersion energy written to .EDISP
