-----------------------------------
 s i m p l e   D F T - D 3  v1.2.1
-----------------------------------

Zero (Chai-Head-Gordon) damping: pbe-D3(0)
--------------------
  s6         1.0000
  s8         0.7220
  s9         0.0000
 rs6         1.2170
 rs8         1.0000
 alp        14.0000
--------------------

Atomic radii (in Angstrom):
-------------------------------------------
   Z          R(cov)     R(vdw)      r4/r2
-------------------------------------------
  90 Th       2.1067     2.2571     4.5890
  12 Mg       1.6667     1.7420     2.8909
-------------------------------------------

Atomic reference systems (in atomic units):
----------------------------------------------------------------------------
   Z        #      CN    C6(AA)   #      CN    C6(AA)   #      CN    C6(AA)
----------------------------------------------------------------------------
  90 Th     1  0.0000 2750.0612   2  0.9847 2288.2575   3  1.9560 1577.9215
            4  2.9302 1176.3083   5  3.8997  773.5729
  12 Mg     1  0.0000  683.3758   2  0.9628  451.2708   3  1.9496  175.5616
----------------------------------------------------------------------------

Dispersion properties (in atomic units):
--------------------------------------------------------
     #    Z                CN       C6(AA)       C8(AA)
--------------------------------------------------------
     1   90 Th        22.4740     773.5729  174525.1795
     2   12 Mg        15.8584     175.5616   15718.3434
     3   12 Mg        15.9236     175.5616   15718.3434
     4   12 Mg        15.9236     175.5616   15718.3434
     5   12 Mg        15.7549     175.5616   15718.3434
     6   12 Mg        15.7549     175.5616   15718.3434
     7   12 Mg        15.8584     175.5616   15718.3434
     8   12 Mg        15.8584     175.5616   15718.3434
     9   12 Mg        15.8819     175.5616   15718.3434
    10   12 Mg        15.8820     175.5616   15718.3434
    11   12 Mg        16.0244     175.5616   15718.3434
    12   12 Mg        15.9236     175.5616   15718.3434
    13   12 Mg        15.8820     175.5616   15718.3434
    14   12 Mg        15.8820     175.5616   15718.3434
    15   12 Mg        16.0016     175.5616   15718.3434
    16   12 Mg        16.0016     175.5616   15718.3434
    17   12 Mg        15.7549     175.5616   15718.3434
    18   12 Mg        15.7549     175.5616   15718.3434
    19   12 Mg        16.0244     175.5616   15718.3434
    20   12 Mg        16.0244     175.5616   15718.3434
    21   12 Mg        16.0016     175.5616   15718.3434
    22   12 Mg        15.7549     175.5616   15718.3434
    23   12 Mg        15.7549     175.5616   15718.3434
    24   12 Mg        15.8820     175.5616   15718.3434
    25   12 Mg        15.8820     175.5616   15718.3434
    26   12 Mg        16.2239     175.5616   15718.3434
    27   12 Mg        16.2239     175.5616   15718.3434
    28   12 Mg        16.2239     175.5616   15718.3434
    29   12 Mg        15.9257     175.5616   15718.3434
    30   12 Mg        15.9330     175.5616   15718.3434
    31   12 Mg        15.9330     175.5616   15718.3434
    32   12 Mg        15.9330     175.5616   15718.3434
    33   12 Mg        15.9330     175.5616   15718.3434
    34   12 Mg        15.9330     175.5616   15718.3434
    35   12 Mg        15.9330     175.5616   15718.3434
    36   12 Mg        15.9345     175.5616   15718.3434
    37   12 Mg        15.9345     175.5616   15718.3434
    38   12 Mg        15.9345     175.5616   15718.3434
    39   12 Mg        15.9211     175.5616   15718.3434
    40   12 Mg        15.9211     175.5616   15718.3434
    41   12 Mg        15.9211     175.5616   15718.3434
    42   12 Mg        16.0364     175.5616   15718.3434
    43   12 Mg        16.0364     175.5616   15718.3434
    44   12 Mg        16.0365     175.5616   15718.3434
    45   12 Mg        16.0364     175.5616   15718.3434
    46   12 Mg        16.0364     175.5616   15718.3434
    47   12 Mg        16.0365     175.5616   15718.3434
    48   12 Mg        15.6686     175.5616   15718.3434
    49   12 Mg        15.6686     175.5616   15718.3434
    50   12 Mg        15.6686     175.5616   15718.3434
    51   12 Mg        15.8708     175.5616   15718.3434
    52   12 Mg        15.8708     175.5616   15718.3434
    53   12 Mg        15.8708     175.5616   15718.3434
    54   12 Mg        15.8944     175.5616   15718.3434
    55   12 Mg        15.8944     175.5616   15718.3434
    56   12 Mg        15.8943     175.5616   15718.3434
    57   12 Mg        15.9319     175.5616   15718.3434
    58   12 Mg        15.9319     175.5616   15718.3434
    59   12 Mg        15.9319     175.5616   15718.3434
    60   12 Mg        15.9319     175.5616   15718.3434
    61   12 Mg        15.9319     175.5616   15718.3434
    62   12 Mg        15.9319     175.5616   15718.3434
    63   12 Mg        15.8471     175.5616   15718.3434
    64   12 Mg        15.8471     175.5616   15718.3434
    65   12 Mg        15.8471     175.5616   15718.3434
    66   12 Mg        15.8471     175.5616   15718.3434
    67   12 Mg        15.8471     175.5616   15718.3434
    68   12 Mg        15.8471     175.5616   15718.3434
    69   12 Mg        15.9961     175.5616   15718.3434
    70   12 Mg        15.9961     175.5616   15718.3434
    71   12 Mg        15.9961     175.5616   15718.3434
    72   12 Mg        15.9731     175.5616   15718.3434
    73   12 Mg        15.9731     175.5616   15718.3434
    74   12 Mg        15.9731     175.5616   15718.3434
    75   12 Mg        16.1771     175.5616   15718.3434
    76   12 Mg        15.8911     175.5616   15718.3434
    77   12 Mg        15.8911     175.5616   15718.3434
    78   12 Mg        15.8949     175.5616   15718.3434
    79   12 Mg        15.9138     175.5616   15718.3434
    80   12 Mg        15.9138     175.5616   15718.3434
    81   12 Mg        15.9138     175.5616   15718.3434
    82   12 Mg        15.9138     175.5616   15718.3434
    83   12 Mg        15.8426     175.5616   15718.3434
    84   12 Mg        15.9001     175.5616   15718.3434
    85   12 Mg        15.9001     175.5616   15718.3434
    86   12 Mg        15.9138     175.5616   15718.3434
    87   12 Mg        15.9138     175.5616   15718.3434
    88   12 Mg        15.9254     175.5616   15718.3434
    89   12 Mg        15.9254     175.5616   15718.3434
    90   12 Mg        15.9132     175.5616   15718.3434
    91   12 Mg        15.9001     175.5616   15718.3434
    92   12 Mg        15.9001     175.5616   15718.3434
    93   12 Mg        15.8911     175.5616   15718.3434
    94   12 Mg        15.9132     175.5616   15718.3434
    95   12 Mg        15.9132     175.5616   15718.3434
    96   12 Mg        15.8950     175.5616   15718.3434
    97   12 Mg        15.8950     175.5616   15718.3434
    98   12 Mg        15.9001     175.5616   15718.3434
    99   12 Mg        15.9001     175.5616   15718.3434
   100   12 Mg        15.9253     175.5616   15718.3434
   101   12 Mg        16.1771     175.5616   15718.3434
   102   12 Mg        15.9731     175.5616   15718.3434
   103   12 Mg        15.9731     175.5616   15718.3434
   104   12 Mg        15.9731     175.5616   15718.3434
   105   12 Mg        15.9961     175.5616   15718.3434
   106   12 Mg        15.9961     175.5616   15718.3434
   107   12 Mg        15.9961     175.5616   15718.3434
   108   12 Mg        15.8471     175.5616   15718.3434
   109   12 Mg        15.8471     175.5616   15718.3434
   110   12 Mg        15.8471     175.5616   15718.3434
   111   12 Mg        15.8471     175.5616   15718.3434
   112   12 Mg        15.8471     175.5616   15718.3434
   113   12 Mg        15.8471     175.5616   15718.3434
   114   12 Mg        15.9319     175.5616   15718.3434
   115   12 Mg        15.9319     175.5616   15718.3434
   116   12 Mg        15.9319     175.5616   15718.3434
   117   12 Mg        15.9319     175.5616   15718.3434
   118   12 Mg        15.9319     175.5616   15718.3434
   119   12 Mg        15.9319     175.5616   15718.3434
   120   12 Mg        15.8944     175.5616   15718.3434
   121   12 Mg        15.8944     175.5616   15718.3434
   122   12 Mg        15.8944     175.5616   15718.3434
   123   12 Mg        15.8708     175.5616   15718.3434
   124   12 Mg        15.8708     175.5616   15718.3434
   125   12 Mg        15.8708     175.5616   15718.3434
   126   12 Mg        15.6686     175.5616   15718.3434
   127   12 Mg        15.6686     175.5616   15718.3434
   128   12 Mg        15.6686     175.5616   15718.3434
   129   12 Mg        16.0364     175.5616   15718.3434
   130   12 Mg        16.0364     175.5616   15718.3434
   131   12 Mg        16.0365     175.5616   15718.3434
   132   12 Mg        16.0364     175.5616   15718.3434
   133   12 Mg        16.0364     175.5616   15718.3434
   134   12 Mg        16.0365     175.5616   15718.3434
   135   12 Mg        15.9211     175.5616   15718.3434
   136   12 Mg        15.9211     175.5616   15718.3434
   137   12 Mg        15.9211     175.5616   15718.3434
   138   12 Mg        15.9345     175.5616   15718.3434
   139   12 Mg        15.9345     175.5616   15718.3434
   140   12 Mg        15.9345     175.5616   15718.3434
   141   12 Mg        15.9330     175.5616   15718.3434
   142   12 Mg        15.9330     175.5616   15718.3434
   143   12 Mg        15.9330     175.5616   15718.3434
   144   12 Mg        15.9330     175.5616   15718.3434
   145   12 Mg        15.9330     175.5616   15718.3434
   146   12 Mg        15.9330     175.5616   15718.3434
   147   12 Mg        15.9257     175.5616   15718.3434
   148   12 Mg        16.2239     175.5616   15718.3434
   149   12 Mg        16.2239     175.5616   15718.3434
   150   12 Mg        16.2239     175.5616   15718.3434
--------------------------------------------------------

Atom-resolved dispersion energies:
--------------------------------------------------
     #    Z           [Hartree]      [kcal/mol]
--------------------------------------------------
     1   90 Th  -0.30069169E-01    -18.86868855
     2   12 Mg  -0.20513483E-01    -12.87240474
     3   12 Mg  -0.20354529E-01    -12.77266004
     4   12 Mg  -0.20354536E-01    -12.77266435
     5   12 Mg  -0.20366684E-01    -12.78028700
     6   12 Mg  -0.20366678E-01    -12.78028313
     7   12 Mg  -0.20513478E-01    -12.87240161
     8   12 Mg  -0.20513488E-01    -12.87240776
     9   12 Mg  -0.20584152E-01    -12.91675014
    10   12 Mg  -0.20584140E-01    -12.91674308
    11   12 Mg  -0.20380557E-01    -12.78899274
    12   12 Mg  -0.20354531E-01    -12.77266077
    13   12 Mg  -0.20584143E-01    -12.91674453
    14   12 Mg  -0.20584149E-01    -12.91674861
    15   12 Mg  -0.20567520E-01    -12.90631365
    16   12 Mg  -0.20567507E-01    -12.90630561
    17   12 Mg  -0.20366695E-01    -12.78029379
    18   12 Mg  -0.20366690E-01    -12.78029096
    19   12 Mg  -0.20380568E-01    -12.78899930
    20   12 Mg  -0.20380565E-01    -12.78899766
    21   12 Mg  -0.20567517E-01    -12.90631158
    22   12 Mg  -0.20366678E-01    -12.78028311
    23   12 Mg  -0.20366682E-01    -12.78028618
    24   12 Mg  -0.20584148E-01    -12.91674768
    25   12 Mg  -0.20584151E-01    -12.91674992
    26   12 Mg  -0.20228503E-01    -12.69357733
    27   12 Mg  -0.20228494E-01    -12.69357153
    28   12 Mg  -0.20228511E-01    -12.69358234
    29   12 Mg  -0.20453371E-01    -12.83468435
    30   12 Mg  -0.20508351E-01    -12.86918429
    31   12 Mg  -0.20508360E-01    -12.86918990
    32   12 Mg  -0.20508354E-01    -12.86918624
    33   12 Mg  -0.20508345E-01    -12.86918057
    34   12 Mg  -0.20508354E-01    -12.86918670
    35   12 Mg  -0.20508350E-01    -12.86918374
    36   12 Mg  -0.20554166E-01    -12.89793410
    37   12 Mg  -0.20554153E-01    -12.89792558
    38   12 Mg  -0.20554173E-01    -12.89793808
    39   12 Mg  -0.20585686E-01    -12.91771280
    40   12 Mg  -0.20585681E-01    -12.91771004
    41   12 Mg  -0.20585685E-01    -12.91771241
    42   12 Mg  -0.20337377E-01    -12.76189651
    43   12 Mg  -0.20337376E-01    -12.76189624
    44   12 Mg  -0.20337369E-01    -12.76189200
    45   12 Mg  -0.20337372E-01    -12.76189362
    46   12 Mg  -0.20337376E-01    -12.76189628
    47   12 Mg  -0.20337369E-01    -12.76189165
    48   12 Mg  -0.20406341E-01    -12.80517251
    49   12 Mg  -0.20406347E-01    -12.80517601
    50   12 Mg  -0.20406343E-01    -12.80517344
    51   12 Mg  -0.20522313E-01    -12.87794585
    52   12 Mg  -0.20522319E-01    -12.87794979
    53   12 Mg  -0.20522317E-01    -12.87794848
    54   12 Mg  -0.20458435E-01    -12.83786169
    55   12 Mg  -0.20458434E-01    -12.83786108
    56   12 Mg  -0.20458438E-01    -12.83786366
    57   12 Mg  -0.20504378E-01    -12.86669171
    58   12 Mg  -0.20504384E-01    -12.86669496
    59   12 Mg  -0.20504380E-01    -12.86669243
    60   12 Mg  -0.20504372E-01    -12.86668786
    61   12 Mg  -0.20504389E-01    -12.86669834
    62   12 Mg  -0.20504390E-01    -12.86669918
    63   12 Mg  -0.20543390E-01    -12.89117211
    64   12 Mg  -0.20543388E-01    -12.89117080
    65   12 Mg  -0.20543389E-01    -12.89117145
    66   12 Mg  -0.20543376E-01    -12.89116283
    67   12 Mg  -0.20543380E-01    -12.89116528
    68   12 Mg  -0.20543382E-01    -12.89116686
    69   12 Mg  -0.20492330E-01    -12.85913135
    70   12 Mg  -0.20492327E-01    -12.85912946
    71   12 Mg  -0.20492337E-01    -12.85913537
    72   12 Mg  -0.20507240E-01    -12.86848711
    73   12 Mg  -0.20507243E-01    -12.86848930
    74   12 Mg  -0.20507239E-01    -12.86848680
    75   12 Mg  -0.20172298E-01    -12.65830839
    76   12 Mg  -0.20526741E-01    -12.88072457
    77   12 Mg  -0.20526748E-01    -12.88072871
    78   12 Mg  -0.20531622E-01    -12.88378703
    79   12 Mg  -0.20451979E-01    -12.83381069
    80   12 Mg  -0.20451975E-01    -12.83380824
    81   12 Mg  -0.20451985E-01    -12.83381425
    82   12 Mg  -0.20451970E-01    -12.83380474
    83   12 Mg  -0.20458903E-01    -12.83815532
    84   12 Mg  -0.20510928E-01    -12.87080172
    85   12 Mg  -0.20510927E-01    -12.87080111
    86   12 Mg  -0.20451981E-01    -12.83381215
    87   12 Mg  -0.20451974E-01    -12.83380719
    88   12 Mg  -0.20486814E-01    -12.85566984
    89   12 Mg  -0.20486798E-01    -12.85565965
    90   12 Mg  -0.20518087E-01    -12.87529392
    91   12 Mg  -0.20510923E-01    -12.87079836
    92   12 Mg  -0.20510921E-01    -12.87079728
    93   12 Mg  -0.20526759E-01    -12.88073572
    94   12 Mg  -0.20518083E-01    -12.87529117
    95   12 Mg  -0.20518081E-01    -12.87528992
    96   12 Mg  -0.20531626E-01    -12.88378979
    97   12 Mg  -0.20531620E-01    -12.88378615
    98   12 Mg  -0.20510936E-01    -12.87080643
    99   12 Mg  -0.20510922E-01    -12.87079815
   100   12 Mg  -0.20486825E-01    -12.85567708
   101   12 Mg  -0.20172304E-01    -12.65831170
   102   12 Mg  -0.20507245E-01    -12.86849045
   103   12 Mg  -0.20507248E-01    -12.86849264
   104   12 Mg  -0.20507244E-01    -12.86849014
   105   12 Mg  -0.20492335E-01    -12.85913406
   106   12 Mg  -0.20492332E-01    -12.85913217
   107   12 Mg  -0.20492341E-01    -12.85913809
   108   12 Mg  -0.20543392E-01    -12.89117329
   109   12 Mg  -0.20543390E-01    -12.89117198
   110   12 Mg  -0.20543391E-01    -12.89117263
   111   12 Mg  -0.20543377E-01    -12.89116401
   112   12 Mg  -0.20543381E-01    -12.89116646
   113   12 Mg  -0.20543384E-01    -12.89116803
   114   12 Mg  -0.20504381E-01    -12.86669323
   115   12 Mg  -0.20504386E-01    -12.86669648
   116   12 Mg  -0.20504382E-01    -12.86669395
   117   12 Mg  -0.20504375E-01    -12.86668938
   118   12 Mg  -0.20504391E-01    -12.86669985
   119   12 Mg  -0.20504393E-01    -12.86670070
   120   12 Mg  -0.20458435E-01    -12.83786202
   121   12 Mg  -0.20458434E-01    -12.83786142
   122   12 Mg  -0.20458439E-01    -12.83786400
   123   12 Mg  -0.20522316E-01    -12.87794750
   124   12 Mg  -0.20522322E-01    -12.87795144
   125   12 Mg  -0.20522320E-01    -12.87795013
   126   12 Mg  -0.20406346E-01    -12.80517547
   127   12 Mg  -0.20406352E-01    -12.80517896
   128   12 Mg  -0.20406348E-01    -12.80517639
   129   12 Mg  -0.20337379E-01    -12.76189792
   130   12 Mg  -0.20337378E-01    -12.76189765
   131   12 Mg  -0.20337372E-01    -12.76189342
   132   12 Mg  -0.20337374E-01    -12.76189504
   133   12 Mg  -0.20337379E-01    -12.76189769
   134   12 Mg  -0.20337371E-01    -12.76189307
   135   12 Mg  -0.20585689E-01    -12.91771519
   136   12 Mg  -0.20585685E-01    -12.91771244
   137   12 Mg  -0.20585689E-01    -12.91771480
   138   12 Mg  -0.20554173E-01    -12.89793859
   139   12 Mg  -0.20554160E-01    -12.89793007
   140   12 Mg  -0.20554180E-01    -12.89794257
   141   12 Mg  -0.20508357E-01    -12.86918801
   142   12 Mg  -0.20508365E-01    -12.86919362
   143   12 Mg  -0.20508360E-01    -12.86918997
   144   12 Mg  -0.20508351E-01    -12.86918430
   145   12 Mg  -0.20508360E-01    -12.86919043
   146   12 Mg  -0.20508356E-01    -12.86918747
   147   12 Mg  -0.20453375E-01    -12.83468670
   148   12 Mg  -0.20228508E-01    -12.69358048
   149   12 Mg  -0.20228499E-01    -12.69357467
   150   12 Mg  -0.20228516E-01    -12.69358549
--------------------------------------------------

Dispersion energy:      -3.0801520966748E+00 Eh

[Info] Dispersion energy written to .EDISP
