-----------------------------------
 s i m p l e   D F T - D 3  v1.2.1
-----------------------------------

Zero (Chai-Head-Gordon) damping: pbe-D3(0)
--------------------
  s6         1.0000
  s8         0.7220
  s9         0.0000
 rs6         1.2170
 rs8         1.0000
 alp        14.0000
--------------------

Atomic radii (in Angstrom):
-------------------------------------------
   Z          R(cov)     R(vdw)      r4/r2
-------------------------------------------
  90 Th       2.1067     2.2571     4.5890
  12 Mg       1.6667     1.7420     2.8909
-------------------------------------------

Atomic reference systems (in atomic units):
----------------------------------------------------------------------------
   Z        #      CN    C6(AA)   #      CN    C6(AA)   #      CN    C6(AA)
----------------------------------------------------------------------------
  90 Th     1  0.0000 2750.0612   2  0.9847 2288.2575   3  1.9560 1577.9215
            4  2.9302 1176.3083   5  3.8997  773.5729
  12 Mg     1  0.0000  683.3758   2  0.9628  451.2708   3  1.9496  175.5616
----------------------------------------------------------------------------

Dispersion properties (in atomic units):
--------------------------------------------------------
     #    Z                CN       C6(AA)       C8(AA)
--------------------------------------------------------
     1   90 Th         0.0317    2737.5398  617614.2119
     2   12 Mg         0.0128     676.6027   60577.4468
     3   12 Mg         0.0128     676.6032   60577.4908
     4   12 Mg         0.0128     676.6032   60577.4907
     5   12 Mg         0.0140     676.5421   60572.0191
     6   12 Mg         0.0140     676.5421   60572.0193
     7   12 Mg         0.0128     676.6027   60577.4466
     8   12 Mg         0.0128     676.6027   60577.4466
     9   12 Mg         0.0130     676.5960   60576.8433
    10   12 Mg         0.0130     676.5960   60576.8431
    11   12 Mg         0.0132     676.5871   60576.0549
    12   12 Mg         0.0128     676.6032   60577.4907
    13   12 Mg         0.0130     676.5960   60576.8434
    14   12 Mg         0.0130     676.5960   60576.8432
    15   12 Mg         0.0130     676.5925   60576.5327
    16   12 Mg         0.0130     676.5925   60576.5325
    17   12 Mg         0.0140     676.5421   60572.0191
    18   12 Mg         0.0140     676.5421   60572.0192
    19   12 Mg         0.0132     676.5871   60576.0543
    20   12 Mg         0.0132     676.5871   60576.0550
    21   12 Mg         0.0130     676.5925   60576.5326
    22   12 Mg         0.0140     676.5421   60572.0189
    23   12 Mg         0.0140     676.5421   60572.0188
    24   12 Mg         0.0130     676.5960   60576.8430
    25   12 Mg         0.0130     676.5960   60576.8430
    26   12 Mg         0.0126     676.6157   60578.6068
    27   12 Mg         0.0126     676.6157   60578.6069
    28   12 Mg         0.0126     676.6157   60578.6070
    29   12 Mg         0.0126     676.6142   60578.4728
    30   12 Mg         0.0127     676.6125   60578.3234
    31   12 Mg         0.0127     676.6125   60578.3236
    32   12 Mg         0.0127     676.6125   60578.3235
    33   12 Mg         0.0127     676.6125   60578.3236
    34   12 Mg         0.0127     676.6125   60578.3236
    35   12 Mg         0.0127     676.6125   60578.3234
    36   12 Mg         0.0129     676.5981   60577.0355
    37   12 Mg         0.0129     676.5981   60577.0351
    38   12 Mg         0.0129     676.5981   60577.0355
    39   12 Mg         0.0131     676.5897   60576.2816
    40   12 Mg         0.0131     676.5897   60576.2813
    41   12 Mg         0.0131     676.5897   60576.2818
    42   12 Mg         0.0130     676.5960   60576.8453
    43   12 Mg         0.0130     676.5960   60576.8451
    44   12 Mg         0.0130     676.5960   60576.8447
    45   12 Mg         0.0130     676.5960   60576.8448
    46   12 Mg         0.0130     676.5960   60576.8448
    47   12 Mg         0.0130     676.5960   60576.8447
    48   12 Mg         0.0141     676.5366   60571.5270
    49   12 Mg         0.0141     676.5366   60571.5268
    50   12 Mg         0.0141     676.5366   60571.5269
    51   12 Mg         0.0127     676.6098   60578.0850
    52   12 Mg         0.0127     676.6098   60578.0842
    53   12 Mg         0.0127     676.6098   60578.0848
    54   12 Mg         0.0127     676.6090   60578.0126
    55   12 Mg         0.0127     676.6090   60578.0124
    56   12 Mg         0.0127     676.6090   60578.0126
    57   12 Mg         0.0128     676.6027   60577.4480
    58   12 Mg         0.0128     676.6027   60577.4481
    59   12 Mg         0.0128     676.6027   60577.4482
    60   12 Mg         0.0128     676.6027   60577.4484
    61   12 Mg         0.0128     676.6027   60577.4482
    62   12 Mg         0.0128     676.6027   60577.4482
    63   12 Mg         0.0129     676.5999   60577.1937
    64   12 Mg         0.0129     676.5999   60577.1938
    65   12 Mg         0.0129     676.5999   60577.1939
    66   12 Mg         0.0129     676.5999   60577.1938
    67   12 Mg         0.0129     676.5999   60577.1936
    68   12 Mg         0.0129     676.5999   60577.1936
    69   12 Mg         0.0129     676.5996   60577.1701
    70   12 Mg         0.0129     676.5996   60577.1703
    71   12 Mg         0.0129     676.5996   60577.1703
    72   12 Mg         0.0129     676.5979   60577.0153
    73   12 Mg         0.0129     676.5979   60577.0148
    74   12 Mg         0.0129     676.5979   60577.0145
    75   12 Mg         0.0128     676.6073   60577.8557
    76   12 Mg         0.0128     676.6060   60577.7459
    77   12 Mg         0.0128     676.6060   60577.7462
    78   12 Mg         0.0128     676.6062   60577.7571
    79   12 Mg         0.0128     676.6053   60577.6839
    80   12 Mg         0.0128     676.6053   60577.6839
    81   12 Mg         0.0128     676.6053   60577.6839
    82   12 Mg         0.0128     676.6053   60577.6836
    83   12 Mg         0.0129     676.6011   60577.3053
    84   12 Mg         0.0129     676.6022   60577.4056
    85   12 Mg         0.0129     676.6022   60577.4053
    86   12 Mg         0.0128     676.6053   60577.6840
    87   12 Mg         0.0128     676.6053   60577.6839
    88   12 Mg         0.0128     676.6028   60577.4576
    89   12 Mg         0.0128     676.6028   60577.4577
    90   12 Mg         0.0129     676.5989   60577.1045
    91   12 Mg         0.0129     676.6022   60577.4052
    92   12 Mg         0.0129     676.6022   60577.4054
    93   12 Mg         0.0128     676.6060   60577.7464
    94   12 Mg         0.0129     676.5989   60577.1046
    95   12 Mg         0.0129     676.5989   60577.1042
    96   12 Mg         0.0128     676.6062   60577.7574
    97   12 Mg         0.0128     676.6062   60577.7571
    98   12 Mg         0.0129     676.6022   60577.4055
    99   12 Mg         0.0129     676.6022   60577.4054
   100   12 Mg         0.0128     676.6028   60577.4577
   101   12 Mg         0.0128     676.6073   60577.8557
   102   12 Mg         0.0129     676.5979   60577.0153
   103   12 Mg         0.0129     676.5979   60577.0148
   104   12 Mg         0.0129     676.5979   60577.0145
   105   12 Mg         0.0129     676.5996   60577.1701
   106   12 Mg         0.0129     676.5996   60577.1703
   107   12 Mg         0.0129     676.5996   60577.1703
   108   12 Mg         0.0129     676.5999   60577.1936
   109   12 Mg         0.0129     676.5999   60577.1937
   110   12 Mg         0.0129     676.5999   60577.1938
   111   12 Mg         0.0129     676.5999   60577.1937
   112   12 Mg         0.0129     676.5999   60577.1935
   113   12 Mg         0.0129     676.5999   60577.1934
   114   12 Mg         0.0128     676.6027   60577.4480
   115   12 Mg         0.0128     676.6027   60577.4481
   116   12 Mg         0.0128     676.6027   60577.4482
   117   12 Mg         0.0128     676.6027   60577.4484
   118   12 Mg         0.0128     676.6027   60577.4482
   119   12 Mg         0.0128     676.6027   60577.4482
   120   12 Mg         0.0127     676.6090   60578.0123
   121   12 Mg         0.0127     676.6090   60578.0121
   122   12 Mg         0.0127     676.6090   60578.0123
   123   12 Mg         0.0127     676.6098   60578.0847
   124   12 Mg         0.0127     676.6098   60578.0839
   125   12 Mg         0.0127     676.6098   60578.0845
   126   12 Mg         0.0141     676.5366   60571.5270
   127   12 Mg         0.0141     676.5366   60571.5268
   128   12 Mg         0.0141     676.5366   60571.5269
   129   12 Mg         0.0130     676.5960   60576.8453
   130   12 Mg         0.0130     676.5960   60576.8451
   131   12 Mg         0.0130     676.5960   60576.8447
   132   12 Mg         0.0130     676.5960   60576.8448
   133   12 Mg         0.0130     676.5960   60576.8448
   134   12 Mg         0.0130     676.5960   60576.8447
   135   12 Mg         0.0131     676.5897   60576.2816
   136   12 Mg         0.0131     676.5897   60576.2813
   137   12 Mg         0.0131     676.5897   60576.2818
   138   12 Mg         0.0129     676.5981   60577.0355
   139   12 Mg         0.0129     676.5981   60577.0351
   140   12 Mg         0.0129     676.5981   60577.0355
   141   12 Mg         0.0127     676.6125   60578.3232
   142   12 Mg         0.0127     676.6125   60578.3234
   143   12 Mg         0.0127     676.6125   60578.3233
   144   12 Mg         0.0127     676.6125   60578.3234
   145   12 Mg         0.0127     676.6125   60578.3234
   146   12 Mg         0.0127     676.6125   60578.3232
   147   12 Mg         0.0126     676.6142   60578.4728
   148   12 Mg         0.0126     676.6156   60578.6067
   149   12 Mg         0.0126     676.6157   60578.6068
   150   12 Mg         0.0126     676.6157   60578.6068
--------------------------------------------------------

Atom-resolved dispersion energies:
--------------------------------------------------
     #    Z           [Hartree]      [kcal/mol]
--------------------------------------------------
     1   90 Th  -0.67518097E-02     -4.23682456
     2   12 Mg  -0.36128825E-02     -2.26711797
     3   12 Mg  -0.36127422E-02     -2.26702993
     4   12 Mg  -0.36127451E-02     -2.26703177
     5   12 Mg  -0.37573956E-02     -2.35780131
     6   12 Mg  -0.37573870E-02     -2.35779592
     7   12 Mg  -0.36128900E-02     -2.26712270
     8   12 Mg  -0.36128891E-02     -2.26712216
     9   12 Mg  -0.36376536E-02     -2.28266212
    10   12 Mg  -0.36376654E-02     -2.28266950
    11   12 Mg  -0.36726693E-02     -2.30463477
    12   12 Mg  -0.36127458E-02     -2.26703221
    13   12 Mg  -0.36376541E-02     -2.28266244
    14   12 Mg  -0.36376619E-02     -2.28266729
    15   12 Mg  -0.36535952E-02     -2.29266557
    16   12 Mg  -0.36536041E-02     -2.29267117
    17   12 Mg  -0.37573949E-02     -2.35780088
    18   12 Mg  -0.37573924E-02     -2.35779932
    19   12 Mg  -0.36726914E-02     -2.30464867
    20   12 Mg  -0.36726657E-02     -2.30463255
    21   12 Mg  -0.36536008E-02     -2.29266909
    22   12 Mg  -0.37574048E-02     -2.35780710
    23   12 Mg  -0.37574077E-02     -2.35780895
    24   12 Mg  -0.36376658E-02     -2.28266974
    25   12 Mg  -0.36376661E-02     -2.28266997
    26   12 Mg  -0.35794315E-02     -2.24612719
    27   12 Mg  -0.35794286E-02     -2.24612536
    28   12 Mg  -0.35794270E-02     -2.24612434
    29   12 Mg  -0.35723446E-02     -2.24168006
    30   12 Mg  -0.35785517E-02     -2.24557511
    31   12 Mg  -0.35785437E-02     -2.24557010
    32   12 Mg  -0.35785479E-02     -2.24557269
    33   12 Mg  -0.35785442E-02     -2.24557042
    34   12 Mg  -0.35785440E-02     -2.24557025
    35   12 Mg  -0.35785522E-02     -2.24557540
    36   12 Mg  -0.36318107E-02     -2.27899561
    37   12 Mg  -0.36318266E-02     -2.27900560
    38   12 Mg  -0.36318109E-02     -2.27899573
    39   12 Mg  -0.36631615E-02     -2.29866853
    40   12 Mg  -0.36631744E-02     -2.29867664
    41   12 Mg  -0.36631544E-02     -2.29866412
    42   12 Mg  -0.36417982E-02     -2.28526290
    43   12 Mg  -0.36418063E-02     -2.28526794
    44   12 Mg  -0.36418239E-02     -2.28527900
    45   12 Mg  -0.36418191E-02     -2.28527597
    46   12 Mg  -0.36418187E-02     -2.28527571
    47   12 Mg  -0.36418232E-02     -2.28527859
    48   12 Mg  -0.37748456E-02     -2.36875136
    49   12 Mg  -0.37748579E-02     -2.36875911
    50   12 Mg  -0.37748515E-02     -2.36875508
    51   12 Mg  -0.35866403E-02     -2.25065077
    52   12 Mg  -0.35866713E-02     -2.25067021
    53   12 Mg  -0.35866482E-02     -2.25065574
    54   12 Mg  -0.35909599E-02     -2.25336133
    55   12 Mg  -0.35909677E-02     -2.25336623
    56   12 Mg  -0.35909593E-02     -2.25336096
    57   12 Mg  -0.36142839E-02     -2.26799740
    58   12 Mg  -0.36142798E-02     -2.26799484
    59   12 Mg  -0.36142752E-02     -2.26799191
    60   12 Mg  -0.36142679E-02     -2.26798736
    61   12 Mg  -0.36142756E-02     -2.26799220
    62   12 Mg  -0.36142756E-02     -2.26799215
    63   12 Mg  -0.36237572E-02     -2.27394198
    64   12 Mg  -0.36237535E-02     -2.27393966
    65   12 Mg  -0.36237489E-02     -2.27393675
    66   12 Mg  -0.36237533E-02     -2.27393954
    67   12 Mg  -0.36237617E-02     -2.27394479
    68   12 Mg  -0.36237649E-02     -2.27394681
    69   12 Mg  -0.36287968E-02     -2.27710439
    70   12 Mg  -0.36287896E-02     -2.27709988
    71   12 Mg  -0.36287893E-02     -2.27709965
    72   12 Mg  -0.36334469E-02     -2.28002233
    73   12 Mg  -0.36334668E-02     -2.28003484
    74   12 Mg  -0.36334796E-02     -2.28004285
    75   12 Mg  -0.36034843E-02     -2.26122051
    76   12 Mg  -0.36024761E-02     -2.26058791
    77   12 Mg  -0.36024627E-02     -2.26057948
    78   12 Mg  -0.36015966E-02     -2.26003597
    79   12 Mg  -0.36046784E-02     -2.26196988
    80   12 Mg  -0.36046797E-02     -2.26197067
    81   12 Mg  -0.36046776E-02     -2.26196936
    82   12 Mg  -0.36046916E-02     -2.26197815
    83   12 Mg  -0.36185369E-02     -2.27066618
    84   12 Mg  -0.36166089E-02     -2.26945635
    85   12 Mg  -0.36166197E-02     -2.26946311
    86   12 Mg  -0.36046746E-02     -2.26196745
    87   12 Mg  -0.36046793E-02     -2.26197043
    88   12 Mg  -0.36148758E-02     -2.26836883
    89   12 Mg  -0.36148688E-02     -2.26836442
    90   12 Mg  -0.36291937E-02     -2.27735342
    91   12 Mg  -0.36166258E-02     -2.26946695
    92   12 Mg  -0.36166140E-02     -2.26945955
    93   12 Mg  -0.36024552E-02     -2.26057477
    94   12 Mg  -0.36291909E-02     -2.27735165
    95   12 Mg  -0.36292070E-02     -2.27736176
    96   12 Mg  -0.36015817E-02     -2.26002664
    97   12 Mg  -0.36015937E-02     -2.26003419
    98   12 Mg  -0.36166133E-02     -2.26945910
    99   12 Mg  -0.36166178E-02     -2.26946190
   100   12 Mg  -0.36148715E-02     -2.26836610
   101   12 Mg  -0.36034843E-02     -2.26122056
   102   12 Mg  -0.36334470E-02     -2.28002243
   103   12 Mg  -0.36334670E-02     -2.28003494
   104   12 Mg  -0.36334797E-02     -2.28004296
   105   12 Mg  -0.36287970E-02     -2.27710448
   106   12 Mg  -0.36287898E-02     -2.27709998
   107   12 Mg  -0.36287894E-02     -2.27709975
   108   12 Mg  -0.36237641E-02     -2.27394627
   109   12 Mg  -0.36237604E-02     -2.27394396
   110   12 Mg  -0.36237557E-02     -2.27394105
   111   12 Mg  -0.36237602E-02     -2.27394384
   112   12 Mg  -0.36237685E-02     -2.27394909
   113   12 Mg  -0.36237717E-02     -2.27395110
   114   12 Mg  -0.36142844E-02     -2.26799770
   115   12 Mg  -0.36142803E-02     -2.26799514
   116   12 Mg  -0.36142756E-02     -2.26799221
   117   12 Mg  -0.36142684E-02     -2.26798766
   118   12 Mg  -0.36142761E-02     -2.26799251
   119   12 Mg  -0.36142760E-02     -2.26799246
   120   12 Mg  -0.35909734E-02     -2.25336982
   121   12 Mg  -0.35909812E-02     -2.25337471
   122   12 Mg  -0.35909728E-02     -2.25336944
   123   12 Mg  -0.35866534E-02     -2.25065896
   124   12 Mg  -0.35866843E-02     -2.25067839
   125   12 Mg  -0.35866613E-02     -2.25066393
   126   12 Mg  -0.37748457E-02     -2.36875146
   127   12 Mg  -0.37748581E-02     -2.36875922
   128   12 Mg  -0.37748517E-02     -2.36875519
   129   12 Mg  -0.36417987E-02     -2.28526322
   130   12 Mg  -0.36418068E-02     -2.28526825
   131   12 Mg  -0.36418244E-02     -2.28527931
   132   12 Mg  -0.36418196E-02     -2.28527628
   133   12 Mg  -0.36418192E-02     -2.28527603
   134   12 Mg  -0.36418237E-02     -2.28527890
   135   12 Mg  -0.36631615E-02     -2.29866857
   136   12 Mg  -0.36631744E-02     -2.29867667
   137   12 Mg  -0.36631545E-02     -2.29866415
   138   12 Mg  -0.36318110E-02     -2.27899581
   139   12 Mg  -0.36318269E-02     -2.27900579
   140   12 Mg  -0.36318112E-02     -2.27899593
   141   12 Mg  -0.35785585E-02     -2.24557938
   142   12 Mg  -0.35785506E-02     -2.24557438
   143   12 Mg  -0.35785547E-02     -2.24557696
   144   12 Mg  -0.35785511E-02     -2.24557470
   145   12 Mg  -0.35785508E-02     -2.24557453
   146   12 Mg  -0.35785590E-02     -2.24557967
   147   12 Mg  -0.35723459E-02     -2.24168088
   148   12 Mg  -0.35794371E-02     -2.24613072
   149   12 Mg  -0.35794342E-02     -2.24612890
   150   12 Mg  -0.35794326E-02     -2.24612788
--------------------------------------------------

Dispersion energy:      -5.4745595100066E-01 Eh

[Info] Dispersion energy written to .EDISP
