-----------------------------------
 s i m p l e   D F T - D 3  v1.2.1
-----------------------------------

Zero (Chai-Head-Gordon) damping: pbe-D3(0)
--------------------
  s6         1.0000
  s8         0.7220
  s9         0.0000
 rs6         1.2170
 rs8         1.0000
 alp        14.0000
--------------------

Atomic radii (in Angstrom):
-------------------------------------------
   Z          R(cov)     R(vdw)      r4/r2
-------------------------------------------
  90 Th       2.1067     2.2571     4.5890
  12 Mg       1.6667     1.7420     2.8909
-------------------------------------------

Atomic reference systems (in atomic units):
----------------------------------------------------------------------------
   Z        #      CN    C6(AA)   #      CN    C6(AA)   #      CN    C6(AA)
----------------------------------------------------------------------------
  90 Th     1  0.0000 2750.0612   2  0.9847 2288.2575   3  1.9560 1577.9215
            4  2.9302 1176.3083   5  3.8997  773.5729
  12 Mg     1  0.0000  683.3758   2  0.9628  451.2708   3  1.9496  175.5616
----------------------------------------------------------------------------

Dispersion properties (in atomic units):
--------------------------------------------------------
     #    Z                CN       C6(AA)       C8(AA)
--------------------------------------------------------
     1   90 Th         0.0123    2739.2707  618004.7216
     2   12 Mg         0.0055     676.9674   60610.0959
     3   12 Mg         0.0055     676.9674   60610.0991
     4   12 Mg         0.0055     676.9674   60610.0991
     5   12 Mg         0.0059     676.9472   60608.2891
     6   12 Mg         0.0059     676.9472   60608.2892
     7   12 Mg         0.0055     676.9674   60610.0958
     8   12 Mg         0.0055     676.9674   60610.0958
     9   12 Mg         0.0055     676.9648   60609.8712
    10   12 Mg         0.0055     676.9648   60609.8711
    11   12 Mg         0.0056     676.9617   60609.5871
    12   12 Mg         0.0055     676.9674   60610.0991
    13   12 Mg         0.0055     676.9648   60609.8712
    14   12 Mg         0.0055     676.9648   60609.8711
    15   12 Mg         0.0055     676.9636   60609.7630
    16   12 Mg         0.0055     676.9636   60609.7629
    17   12 Mg         0.0059     676.9472   60608.2891
    18   12 Mg         0.0059     676.9472   60608.2892
    19   12 Mg         0.0056     676.9617   60609.5869
    20   12 Mg         0.0056     676.9617   60609.5872
    21   12 Mg         0.0055     676.9636   60609.7629
    22   12 Mg         0.0059     676.9472   60608.2890
    23   12 Mg         0.0059     676.9472   60608.2890
    24   12 Mg         0.0055     676.9648   60609.8711
    25   12 Mg         0.0055     676.9648   60609.8711
    26   12 Mg         0.0054     676.9716   60610.4767
    27   12 Mg         0.0054     676.9716   60610.4767
    28   12 Mg         0.0054     676.9716   60610.4767
    29   12 Mg         0.0054     676.9713   60610.4502
    30   12 Mg         0.0054     676.9707   60610.3931
    31   12 Mg         0.0054     676.9707   60610.3931
    32   12 Mg         0.0054     676.9707   60610.3931
    33   12 Mg         0.0054     676.9707   60610.3931
    34   12 Mg         0.0054     676.9707   60610.3931
    35   12 Mg         0.0054     676.9707   60610.3931
    36   12 Mg         0.0055     676.9657   60609.9438
    37   12 Mg         0.0055     676.9657   60609.9437
    38   12 Mg         0.0055     676.9657   60609.9438
    39   12 Mg         0.0056     676.9624   60609.6474
    40   12 Mg         0.0056     676.9623   60609.6473
    41   12 Mg         0.0056     676.9624   60609.6475
    42   12 Mg         0.0055     676.9648   60609.8645
    43   12 Mg         0.0055     676.9648   60609.8644
    44   12 Mg         0.0055     676.9648   60609.8643
    45   12 Mg         0.0055     676.9648   60609.8643
    46   12 Mg         0.0055     676.9648   60609.8643
    47   12 Mg         0.0055     676.9648   60609.8643
    48   12 Mg         0.0059     676.9457   60608.1537
    49   12 Mg         0.0059     676.9457   60608.1537
    50   12 Mg         0.0059     676.9457   60608.1537
    51   12 Mg         0.0054     676.9698   60610.3123
    52   12 Mg         0.0054     676.9698   60610.3120
    53   12 Mg         0.0054     676.9698   60610.3122
    54   12 Mg         0.0054     676.9695   60610.2879
    55   12 Mg         0.0054     676.9695   60610.2878
    56   12 Mg         0.0054     676.9695   60610.2879
    57   12 Mg         0.0055     676.9672   60610.0831
    58   12 Mg         0.0055     676.9672   60610.0831
    59   12 Mg         0.0055     676.9672   60610.0831
    60   12 Mg         0.0055     676.9672   60610.0832
    61   12 Mg         0.0055     676.9672   60610.0831
    62   12 Mg         0.0055     676.9672   60610.0831
    63   12 Mg         0.0055     676.9663   60610.0019
    64   12 Mg         0.0055     676.9663   60610.0019
    65   12 Mg         0.0055     676.9663   60610.0020
    66   12 Mg         0.0055     676.9663   60610.0019
    67   12 Mg         0.0055     676.9663   60610.0019
    68   12 Mg         0.0055     676.9663   60610.0018
    69   12 Mg         0.0055     676.9661   60609.9809
    70   12 Mg         0.0055     676.9661   60609.9810
    71   12 Mg         0.0055     676.9661   60609.9810
    72   12 Mg         0.0055     676.9655   60609.9313
    73   12 Mg         0.0055     676.9655   60609.9311
    74   12 Mg         0.0055     676.9655   60609.9310
    75   12 Mg         0.0054     676.9687   60610.2183
    76   12 Mg         0.0054     676.9684   60610.1920
    77   12 Mg         0.0054     676.9684   60610.1921
    78   12 Mg         0.0054     676.9686   60610.2041
    79   12 Mg         0.0054     676.9682   60610.1700
    80   12 Mg         0.0054     676.9682   60610.1700
    81   12 Mg         0.0054     676.9682   60610.1700
    82   12 Mg         0.0054     676.9682   60610.1699
    83   12 Mg         0.0055     676.9667   60610.0404
    84   12 Mg         0.0055     676.9671   60610.0706
    85   12 Mg         0.0055     676.9671   60610.0705
    86   12 Mg         0.0054     676.9682   60610.1700
    87   12 Mg         0.0054     676.9682   60610.1700
    88   12 Mg         0.0055     676.9673   60610.0886
    89   12 Mg         0.0055     676.9673   60610.0887
    90   12 Mg         0.0055     676.9659   60609.9619
    91   12 Mg         0.0055     676.9671   60610.0705
    92   12 Mg         0.0055     676.9671   60610.0706
    93   12 Mg         0.0054     676.9684   60610.1921
    94   12 Mg         0.0055     676.9659   60609.9619
    95   12 Mg         0.0055     676.9659   60609.9618
    96   12 Mg         0.0054     676.9686   60610.2042
    97   12 Mg         0.0054     676.9686   60610.2041
    98   12 Mg         0.0055     676.9671   60610.0706
    99   12 Mg         0.0055     676.9671   60610.0706
   100   12 Mg         0.0055     676.9673   60610.0886
   101   12 Mg         0.0054     676.9687   60610.2183
   102   12 Mg         0.0055     676.9655   60609.9313
   103   12 Mg         0.0055     676.9655   60609.9311
   104   12 Mg         0.0055     676.9655   60609.9310
   105   12 Mg         0.0055     676.9661   60609.9809
   106   12 Mg         0.0055     676.9661   60609.9810
   107   12 Mg         0.0055     676.9661   60609.9810
   108   12 Mg         0.0055     676.9663   60610.0018
   109   12 Mg         0.0055     676.9663   60610.0019
   110   12 Mg         0.0055     676.9663   60610.0019
   111   12 Mg         0.0055     676.9663   60610.0019
   112   12 Mg         0.0055     676.9663   60610.0018
   113   12 Mg         0.0055     676.9663   60610.0018
   114   12 Mg         0.0055     676.9672   60610.0831
   115   12 Mg         0.0055     676.9672   60610.0831
   116   12 Mg         0.0055     676.9672   60610.0831
   117   12 Mg         0.0055     676.9672   60610.0832
   118   12 Mg         0.0055     676.9672   60610.0831
   119   12 Mg         0.0055     676.9672   60610.0831
   120   12 Mg         0.0054     676.9695   60610.2878
   121   12 Mg         0.0054     676.9695   60610.2877
   122   12 Mg         0.0054     676.9695   60610.2878
   123   12 Mg         0.0054     676.9698   60610.3121
   124   12 Mg         0.0054     676.9698   60610.3119
   125   12 Mg         0.0054     676.9698   60610.3121
   126   12 Mg         0.0059     676.9457   60608.1537
   127   12 Mg         0.0059     676.9457   60608.1537
   128   12 Mg         0.0059     676.9457   60608.1537
   129   12 Mg         0.0055     676.9648   60609.8645
   130   12 Mg         0.0055     676.9648   60609.8644
   131   12 Mg         0.0055     676.9648   60609.8643
   132   12 Mg         0.0055     676.9648   60609.8643
   133   12 Mg         0.0055     676.9648   60609.8643
   134   12 Mg         0.0055     676.9648   60609.8643
   135   12 Mg         0.0056     676.9624   60609.6474
   136   12 Mg         0.0056     676.9623   60609.6473
   137   12 Mg         0.0056     676.9624   60609.6475
   138   12 Mg         0.0055     676.9657   60609.9438
   139   12 Mg         0.0055     676.9657   60609.9437
   140   12 Mg         0.0055     676.9657   60609.9438
   141   12 Mg         0.0054     676.9707   60610.3930
   142   12 Mg         0.0054     676.9707   60610.3931
   143   12 Mg         0.0054     676.9707   60610.3930
   144   12 Mg         0.0054     676.9707   60610.3931
   145   12 Mg         0.0054     676.9707   60610.3931
   146   12 Mg         0.0054     676.9707   60610.3930
   147   12 Mg         0.0054     676.9713   60610.4502
   148   12 Mg         0.0054     676.9716   60610.4766
   149   12 Mg         0.0054     676.9716   60610.4767
   150   12 Mg         0.0054     676.9716   60610.4767
--------------------------------------------------------

Atom-resolved dispersion energies:
--------------------------------------------------
     #    Z           [Hartree]      [kcal/mol]
--------------------------------------------------
     1   90 Th  -0.36931435E-02     -2.31748252
     2   12 Mg  -0.18820295E-02     -1.18099134
     3   12 Mg  -0.18819604E-02     -1.18094797
     4   12 Mg  -0.18819620E-02     -1.18094897
     5   12 Mg  -0.19727851E-02     -1.23794134
     6   12 Mg  -0.19727802E-02     -1.23793826
     7   12 Mg  -0.18820336E-02     -1.18099389
     8   12 Mg  -0.18820331E-02     -1.18099362
     9   12 Mg  -0.18956585E-02     -1.18954364
    10   12 Mg  -0.18956647E-02     -1.18954756
    11   12 Mg  -0.19146654E-02     -1.20147070
    12   12 Mg  -0.18819623E-02     -1.18094920
    13   12 Mg  -0.18956586E-02     -1.18954370
    14   12 Mg  -0.18956628E-02     -1.18954636
    15   12 Mg  -0.19041205E-02     -1.19485367
    16   12 Mg  -0.19041254E-02     -1.19485674
    17   12 Mg  -0.19727845E-02     -1.23794098
    18   12 Mg  -0.19727832E-02     -1.23794013
    19   12 Mg  -0.19146775E-02     -1.20147830
    20   12 Mg  -0.19146634E-02     -1.20146943
    21   12 Mg  -0.19041236E-02     -1.19485563
    22   12 Mg  -0.19727900E-02     -1.23794442
    23   12 Mg  -0.19727915E-02     -1.23794537
    24   12 Mg  -0.18956649E-02     -1.18954771
    25   12 Mg  -0.18956651E-02     -1.18954783
    26   12 Mg  -0.18631099E-02     -1.16911909
    27   12 Mg  -0.18631082E-02     -1.16911807
    28   12 Mg  -0.18631073E-02     -1.16911748
    29   12 Mg  -0.18599525E-02     -1.16713780
    30   12 Mg  -0.18633933E-02     -1.16929696
    31   12 Mg  -0.18633890E-02     -1.16929425
    32   12 Mg  -0.18633913E-02     -1.16929568
    33   12 Mg  -0.18633893E-02     -1.16929442
    34   12 Mg  -0.18633891E-02     -1.16929434
    35   12 Mg  -0.18633936E-02     -1.16929713
    36   12 Mg  -0.18923094E-02     -1.18744211
    37   12 Mg  -0.18923181E-02     -1.18744752
    38   12 Mg  -0.18923095E-02     -1.18744216
    39   12 Mg  -0.19093404E-02     -1.19812919
    40   12 Mg  -0.19093474E-02     -1.19813358
    41   12 Mg  -0.19093365E-02     -1.19812676
    42   12 Mg  -0.18976942E-02     -1.19082110
    43   12 Mg  -0.18976986E-02     -1.19082384
    44   12 Mg  -0.18977081E-02     -1.19082982
    45   12 Mg  -0.18977055E-02     -1.19082817
    46   12 Mg  -0.18977053E-02     -1.19082804
    47   12 Mg  -0.18977077E-02     -1.19082956
    48   12 Mg  -0.19823884E-02     -1.24396748
    49   12 Mg  -0.19823945E-02     -1.24397136
    50   12 Mg  -0.19823916E-02     -1.24396951
    51   12 Mg  -0.18678616E-02     -1.17210085
    52   12 Mg  -0.18678784E-02     -1.17211141
    53   12 Mg  -0.18678659E-02     -1.17210354
    54   12 Mg  -0.18700568E-02     -1.17347836
    55   12 Mg  -0.18700610E-02     -1.17348102
    56   12 Mg  -0.18700565E-02     -1.17347817
    57   12 Mg  -0.18828623E-02     -1.18151393
    58   12 Mg  -0.18828601E-02     -1.18151257
    59   12 Mg  -0.18828576E-02     -1.18151095
    60   12 Mg  -0.18828536E-02     -1.18150850
    61   12 Mg  -0.18828578E-02     -1.18151111
    62   12 Mg  -0.18828578E-02     -1.18151110
    63   12 Mg  -0.18879788E-02     -1.18472457
    64   12 Mg  -0.18879768E-02     -1.18472330
    65   12 Mg  -0.18879742E-02     -1.18472172
    66   12 Mg  -0.18879767E-02     -1.18472324
    67   12 Mg  -0.18879812E-02     -1.18472607
    68   12 Mg  -0.18879829E-02     -1.18472719
    69   12 Mg  -0.18904938E-02     -1.18630275
    70   12 Mg  -0.18904898E-02     -1.18630028
    71   12 Mg  -0.18904896E-02     -1.18630016
    72   12 Mg  -0.18930698E-02     -1.18791923
    73   12 Mg  -0.18930806E-02     -1.18792602
    74   12 Mg  -0.18930875E-02     -1.18793037
    75   12 Mg  -0.18766468E-02     -1.17761363
    76   12 Mg  -0.18763654E-02     -1.17743704
    77   12 Mg  -0.18763581E-02     -1.17743249
    78   12 Mg  -0.18758713E-02     -1.17712703
    79   12 Mg  -0.18775736E-02     -1.17819523
    80   12 Mg  -0.18775743E-02     -1.17819566
    81   12 Mg  -0.18775732E-02     -1.17819498
    82   12 Mg  -0.18775808E-02     -1.17819972
    83   12 Mg  -0.18852411E-02     -1.18300664
    84   12 Mg  -0.18840521E-02     -1.18226052
    85   12 Mg  -0.18840579E-02     -1.18226421
    86   12 Mg  -0.18775715E-02     -1.17819392
    87   12 Mg  -0.18775740E-02     -1.17819550
    88   12 Mg  -0.18830566E-02     -1.18163586
    89   12 Mg  -0.18830528E-02     -1.18163347
    90   12 Mg  -0.18908488E-02     -1.18652557
    91   12 Mg  -0.18840612E-02     -1.18226626
    92   12 Mg  -0.18840548E-02     -1.18226226
    93   12 Mg  -0.18763540E-02     -1.17742992
    94   12 Mg  -0.18908473E-02     -1.18652459
    95   12 Mg  -0.18908561E-02     -1.18653009
    96   12 Mg  -0.18758632E-02     -1.17712196
    97   12 Mg  -0.18758698E-02     -1.17712606
    98   12 Mg  -0.18840544E-02     -1.18226201
    99   12 Mg  -0.18840568E-02     -1.18226351
   100   12 Mg  -0.18830543E-02     -1.18163440
   101   12 Mg  -0.18766468E-02     -1.17761365
   102   12 Mg  -0.18930699E-02     -1.18791929
   103   12 Mg  -0.18930807E-02     -1.18792607
   104   12 Mg  -0.18930876E-02     -1.18793043
   105   12 Mg  -0.18904939E-02     -1.18630280
   106   12 Mg  -0.18904899E-02     -1.18630033
   107   12 Mg  -0.18904897E-02     -1.18630021
   108   12 Mg  -0.18879825E-02     -1.18472689
   109   12 Mg  -0.18879805E-02     -1.18472563
   110   12 Mg  -0.18879779E-02     -1.18472404
   111   12 Mg  -0.18879804E-02     -1.18472556
   112   12 Mg  -0.18879849E-02     -1.18472839
   113   12 Mg  -0.18879867E-02     -1.18472951
   114   12 Mg  -0.18828625E-02     -1.18151408
   115   12 Mg  -0.18828604E-02     -1.18151273
   116   12 Mg  -0.18828578E-02     -1.18151111
   117   12 Mg  -0.18828539E-02     -1.18150865
   118   12 Mg  -0.18828581E-02     -1.18151127
   119   12 Mg  -0.18828580E-02     -1.18151126
   120   12 Mg  -0.18700641E-02     -1.17348295
   121   12 Mg  -0.18700684E-02     -1.17348561
   122   12 Mg  -0.18700638E-02     -1.17348275
   123   12 Mg  -0.18678687E-02     -1.17210530
   124   12 Mg  -0.18678855E-02     -1.17211587
   125   12 Mg  -0.18678730E-02     -1.17210800
   126   12 Mg  -0.19823884E-02     -1.24396753
   127   12 Mg  -0.19823946E-02     -1.24397141
   128   12 Mg  -0.19823917E-02     -1.24396957
   129   12 Mg  -0.18976945E-02     -1.19082127
   130   12 Mg  -0.18976989E-02     -1.19082401
   131   12 Mg  -0.18977084E-02     -1.19082999
   132   12 Mg  -0.18977057E-02     -1.19082834
   133   12 Mg  -0.18977055E-02     -1.19082820
   134   12 Mg  -0.18977080E-02     -1.19082972
   135   12 Mg  -0.19093404E-02     -1.19812921
   136   12 Mg  -0.19093474E-02     -1.19813360
   137   12 Mg  -0.19093366E-02     -1.19812677
   138   12 Mg  -0.18923096E-02     -1.18744221
   139   12 Mg  -0.18923182E-02     -1.18744762
   140   12 Mg  -0.18923097E-02     -1.18744227
   141   12 Mg  -0.18633970E-02     -1.16929928
   142   12 Mg  -0.18633927E-02     -1.16929658
   143   12 Mg  -0.18633950E-02     -1.16929800
   144   12 Mg  -0.18633930E-02     -1.16929675
   145   12 Mg  -0.18633928E-02     -1.16929666
   146   12 Mg  -0.18633973E-02     -1.16929945
   147   12 Mg  -0.18599531E-02     -1.16713822
   148   12 Mg  -0.18631129E-02     -1.16912098
   149   12 Mg  -0.18631112E-02     -1.16911996
   150   12 Mg  -0.18631103E-02     -1.16911937
--------------------------------------------------

Dispersion energy:      -2.8555398830102E-01 Eh

[Info] Dispersion energy written to .EDISP
