-----------------------------------
 s i m p l e   D F T - D 3  v1.2.1
-----------------------------------

Zero (Chai-Head-Gordon) damping: pbe-D3(0)
--------------------
  s6         1.0000
  s8         0.7220
  s9         0.0000
 rs6         1.2170
 rs8         1.0000
 alp        14.0000
--------------------

Atomic radii (in Angstrom):
-------------------------------------------
   Z          R(cov)     R(vdw)      r4/r2
-------------------------------------------
  90 Th       2.1067     2.2571     4.5890
  12 Mg       1.6667     1.7420     2.8909
-------------------------------------------

Atomic reference systems (in atomic units):
----------------------------------------------------------------------------
   Z        #      CN    C6(AA)   #      CN    C6(AA)   #      CN    C6(AA)
----------------------------------------------------------------------------
  90 Th     1  0.0000 2750.0612   2  0.9847 2288.2575   3  1.9560 1577.9215
            4  2.9302 1176.3083   5  3.8997  773.5729
  12 Mg     1  0.0000  683.3758   2  0.9628  451.2708   3  1.9496  175.5616
----------------------------------------------------------------------------

Dispersion properties (in atomic units):
--------------------------------------------------------
     #    Z                CN       C6(AA)       C8(AA)
--------------------------------------------------------
     1   90 Th         0.0030    2740.0166  618173.0080
     2   12 Mg         0.0015     677.1533   60626.7469
     3   12 Mg         0.0015     677.1533   60626.7440
     4   12 Mg         0.0015     677.1533   60626.7439
     5   12 Mg         0.0016     677.1499   60626.4391
     6   12 Mg         0.0016     677.1499   60626.4391
     7   12 Mg         0.0015     677.1533   60626.7469
     8   12 Mg         0.0015     677.1533   60626.7469
     9   12 Mg         0.0015     677.1528   60626.6950
    10   12 Mg         0.0015     677.1528   60626.6950
    11   12 Mg         0.0015     677.1523   60626.6584
    12   12 Mg         0.0015     677.1533   60626.7439
    13   12 Mg         0.0015     677.1528   60626.6950
    14   12 Mg         0.0015     677.1528   60626.6950
    15   12 Mg         0.0015     677.1525   60626.6715
    16   12 Mg         0.0015     677.1525   60626.6715
    17   12 Mg         0.0016     677.1499   60626.4391
    18   12 Mg         0.0016     677.1499   60626.4391
    19   12 Mg         0.0015     677.1523   60626.6584
    20   12 Mg         0.0015     677.1524   60626.6584
    21   12 Mg         0.0015     677.1525   60626.6715
    22   12 Mg         0.0016     677.1499   60626.4391
    23   12 Mg         0.0016     677.1499   60626.4391
    24   12 Mg         0.0015     677.1528   60626.6950
    25   12 Mg         0.0015     677.1528   60626.6950
    26   12 Mg         0.0015     677.1541   60626.8174
    27   12 Mg         0.0015     677.1541   60626.8174
    28   12 Mg         0.0015     677.1541   60626.8174
    29   12 Mg         0.0015     677.1542   60626.8227
    30   12 Mg         0.0015     677.1541   60626.8126
    31   12 Mg         0.0015     677.1541   60626.8126
    32   12 Mg         0.0015     677.1541   60626.8126
    33   12 Mg         0.0015     677.1541   60626.8126
    34   12 Mg         0.0015     677.1541   60626.8126
    35   12 Mg         0.0015     677.1541   60626.8126
    36   12 Mg         0.0015     677.1529   60626.7120
    37   12 Mg         0.0015     677.1529   60626.7120
    38   12 Mg         0.0015     677.1529   60626.7120
    39   12 Mg         0.0015     677.1523   60626.6534
    40   12 Mg         0.0015     677.1523   60626.6534
    41   12 Mg         0.0015     677.1523   60626.6534
    42   12 Mg         0.0015     677.1527   60626.6912
    43   12 Mg         0.0015     677.1527   60626.6912
    44   12 Mg         0.0015     677.1527   60626.6911
    45   12 Mg         0.0015     677.1527   60626.6911
    46   12 Mg         0.0015     677.1527   60626.6911
    47   12 Mg         0.0015     677.1527   60626.6911
    48   12 Mg         0.0016     677.1492   60626.3786
    49   12 Mg         0.0016     677.1492   60626.3786
    50   12 Mg         0.0016     677.1492   60626.3786
    51   12 Mg         0.0015     677.1539   60626.7952
    52   12 Mg         0.0015     677.1539   60626.7951
    53   12 Mg         0.0015     677.1539   60626.7952
    54   12 Mg         0.0015     677.1538   60626.7877
    55   12 Mg         0.0015     677.1538   60626.7876
    56   12 Mg         0.0015     677.1538   60626.7877
    57   12 Mg         0.0015     677.1533   60626.7402
    58   12 Mg         0.0015     677.1533   60626.7402
    59   12 Mg         0.0015     677.1533   60626.7402
    60   12 Mg         0.0015     677.1533   60626.7402
    61   12 Mg         0.0015     677.1533   60626.7402
    62   12 Mg         0.0015     677.1533   60626.7402
    63   12 Mg         0.0015     677.1531   60626.7259
    64   12 Mg         0.0015     677.1531   60626.7259
    65   12 Mg         0.0015     677.1531   60626.7259
    66   12 Mg         0.0015     677.1531   60626.7259
    67   12 Mg         0.0015     677.1531   60626.7259
    68   12 Mg         0.0015     677.1531   60626.7259
    69   12 Mg         0.0015     677.1530   60626.7187
    70   12 Mg         0.0015     677.1530   60626.7188
    71   12 Mg         0.0015     677.1530   60626.7188
    72   12 Mg         0.0015     677.1529   60626.7103
    73   12 Mg         0.0015     677.1529   60626.7103
    74   12 Mg         0.0015     677.1529   60626.7103
    75   12 Mg         0.0015     677.1536   60626.7661
    76   12 Mg         0.0015     677.1536   60626.7664
    77   12 Mg         0.0015     677.1536   60626.7665
    78   12 Mg         0.0015     677.1536   60626.7689
    79   12 Mg         0.0015     677.1535   60626.7621
    80   12 Mg         0.0015     677.1535   60626.7621
    81   12 Mg         0.0015     677.1535   60626.7621
    82   12 Mg         0.0015     677.1535   60626.7620
    83   12 Mg         0.0015     677.1532   60626.7350
    84   12 Mg         0.0015     677.1533   60626.7397
    85   12 Mg         0.0015     677.1533   60626.7397
    86   12 Mg         0.0015     677.1535   60626.7621
    87   12 Mg         0.0015     677.1535   60626.7621
    88   12 Mg         0.0015     677.1533   60626.7426
    89   12 Mg         0.0015     677.1533   60626.7426
    90   12 Mg         0.0015     677.1530   60626.7160
    91   12 Mg         0.0015     677.1533   60626.7397
    92   12 Mg         0.0015     677.1533   60626.7397
    93   12 Mg         0.0015     677.1536   60626.7665
    94   12 Mg         0.0015     677.1530   60626.7160
    95   12 Mg         0.0015     677.1530   60626.7160
    96   12 Mg         0.0015     677.1536   60626.7689
    97   12 Mg         0.0015     677.1536   60626.7689
    98   12 Mg         0.0015     677.1533   60626.7397
    99   12 Mg         0.0015     677.1533   60626.7397
   100   12 Mg         0.0015     677.1533   60626.7426
   101   12 Mg         0.0015     677.1536   60626.7661
   102   12 Mg         0.0015     677.1529   60626.7103
   103   12 Mg         0.0015     677.1529   60626.7103
   104   12 Mg         0.0015     677.1529   60626.7103
   105   12 Mg         0.0015     677.1530   60626.7187
   106   12 Mg         0.0015     677.1530   60626.7188
   107   12 Mg         0.0015     677.1530   60626.7188
   108   12 Mg         0.0015     677.1531   60626.7259
   109   12 Mg         0.0015     677.1531   60626.7259
   110   12 Mg         0.0015     677.1531   60626.7259
   111   12 Mg         0.0015     677.1531   60626.7259
   112   12 Mg         0.0015     677.1531   60626.7259
   113   12 Mg         0.0015     677.1531   60626.7259
   114   12 Mg         0.0015     677.1533   60626.7402
   115   12 Mg         0.0015     677.1533   60626.7402
   116   12 Mg         0.0015     677.1533   60626.7402
   117   12 Mg         0.0015     677.1533   60626.7402
   118   12 Mg         0.0015     677.1533   60626.7402
   119   12 Mg         0.0015     677.1533   60626.7402
   120   12 Mg         0.0015     677.1538   60626.7876
   121   12 Mg         0.0015     677.1538   60626.7876
   122   12 Mg         0.0015     677.1538   60626.7876
   123   12 Mg         0.0015     677.1539   60626.7952
   124   12 Mg         0.0015     677.1539   60626.7951
   125   12 Mg         0.0015     677.1539   60626.7951
   126   12 Mg         0.0016     677.1492   60626.3786
   127   12 Mg         0.0016     677.1492   60626.3786
   128   12 Mg         0.0016     677.1492   60626.3786
   129   12 Mg         0.0015     677.1527   60626.6912
   130   12 Mg         0.0015     677.1527   60626.6912
   131   12 Mg         0.0015     677.1527   60626.6911
   132   12 Mg         0.0015     677.1527   60626.6911
   133   12 Mg         0.0015     677.1527   60626.6911
   134   12 Mg         0.0015     677.1527   60626.6911
   135   12 Mg         0.0015     677.1523   60626.6534
   136   12 Mg         0.0015     677.1523   60626.6534
   137   12 Mg         0.0015     677.1523   60626.6534
   138   12 Mg         0.0015     677.1529   60626.7120
   139   12 Mg         0.0015     677.1529   60626.7120
   140   12 Mg         0.0015     677.1529   60626.7120
   141   12 Mg         0.0015     677.1541   60626.8126
   142   12 Mg         0.0015     677.1541   60626.8126
   143   12 Mg         0.0015     677.1541   60626.8126
   144   12 Mg         0.0015     677.1541   60626.8126
   145   12 Mg         0.0015     677.1541   60626.8126
   146   12 Mg         0.0015     677.1541   60626.8126
   147   12 Mg         0.0015     677.1542   60626.8227
   148   12 Mg         0.0015     677.1541   60626.8174
   149   12 Mg         0.0015     677.1541   60626.8174
   150   12 Mg         0.0015     677.1541   60626.8174
--------------------------------------------------------

Atom-resolved dispersion energies:
--------------------------------------------------
     #    Z           [Hartree]      [kcal/mol]
--------------------------------------------------
     1   90 Th  -0.11694236E-02     -0.73382437
     2   12 Mg  -0.59645352E-03     -0.37428024
     3   12 Mg  -0.59641420E-03     -0.37425556
     4   12 Mg  -0.59641470E-03     -0.37425587
     5   12 Mg  -0.62525920E-03     -0.39235607
     6   12 Mg  -0.62525764E-03     -0.39235509
     7   12 Mg  -0.59645480E-03     -0.37428104
     8   12 Mg  -0.59645466E-03     -0.37428095
     9   12 Mg  -0.60076563E-03     -0.37698613
    10   12 Mg  -0.60076759E-03     -0.37698735
    11   12 Mg  -0.60674193E-03     -0.38073631
    12   12 Mg  -0.59641481E-03     -0.37425595
    13   12 Mg  -0.60076566E-03     -0.37698614
    14   12 Mg  -0.60076699E-03     -0.37698698
    15   12 Mg  -0.60345937E-03     -0.37867647
    16   12 Mg  -0.60346091E-03     -0.37867744
    17   12 Mg  -0.62525900E-03     -0.39235595
    18   12 Mg  -0.62525858E-03     -0.39235569
    19   12 Mg  -0.60674575E-03     -0.38073871
    20   12 Mg  -0.60674129E-03     -0.38073591
    21   12 Mg  -0.60346036E-03     -0.37867709
    22   12 Mg  -0.62526074E-03     -0.39235704
    23   12 Mg  -0.62526121E-03     -0.39235734
    24   12 Mg  -0.60076767E-03     -0.37698741
    25   12 Mg  -0.60076773E-03     -0.37698744
    26   12 Mg  -0.59037171E-03     -0.37046384
    27   12 Mg  -0.59037120E-03     -0.37046352
    28   12 Mg  -0.59037091E-03     -0.37046334
    29   12 Mg  -0.58951274E-03     -0.36992483
    30   12 Mg  -0.59059420E-03     -0.37060345
    31   12 Mg  -0.59059284E-03     -0.37060260
    32   12 Mg  -0.59059355E-03     -0.37060305
    33   12 Mg  -0.59059292E-03     -0.37060265
    34   12 Mg  -0.59059288E-03     -0.37060263
    35   12 Mg  -0.59059428E-03     -0.37060351
    36   12 Mg  -0.59969857E-03     -0.37631653
    37   12 Mg  -0.59970128E-03     -0.37631824
    38   12 Mg  -0.59969860E-03     -0.37631655
    39   12 Mg  -0.60507131E-03     -0.37968798
    40   12 Mg  -0.60507351E-03     -0.37968936
    41   12 Mg  -0.60507009E-03     -0.37968721
    42   12 Mg  -0.60136939E-03     -0.37736499
    43   12 Mg  -0.60137076E-03     -0.37736585
    44   12 Mg  -0.60137376E-03     -0.37736773
    45   12 Mg  -0.60137293E-03     -0.37736721
    46   12 Mg  -0.60137287E-03     -0.37736717
    47   12 Mg  -0.60137363E-03     -0.37736765
    48   12 Mg  -0.62826542E-03     -0.39424250
    49   12 Mg  -0.62826730E-03     -0.39424368
    50   12 Mg  -0.62826644E-03     -0.39424314
    51   12 Mg  -0.59199930E-03     -0.37148517
    52   12 Mg  -0.59200459E-03     -0.37148849
    53   12 Mg  -0.59200065E-03     -0.37148602
    54   12 Mg  -0.59265696E-03     -0.37189785
    55   12 Mg  -0.59265829E-03     -0.37189869
    56   12 Mg  -0.59265686E-03     -0.37189779
    57   12 Mg  -0.59672381E-03     -0.37444984
    58   12 Mg  -0.59672313E-03     -0.37444942
    59   12 Mg  -0.59672231E-03     -0.37444891
    60   12 Mg  -0.59672108E-03     -0.37444813
    61   12 Mg  -0.59672240E-03     -0.37444896
    62   12 Mg  -0.59672239E-03     -0.37444895
    63   12 Mg  -0.59831558E-03     -0.37544869
    64   12 Mg  -0.59831495E-03     -0.37544830
    65   12 Mg  -0.59831415E-03     -0.37544780
    66   12 Mg  -0.59831491E-03     -0.37544827
    67   12 Mg  -0.59831633E-03     -0.37544917
    68   12 Mg  -0.59831689E-03     -0.37544952
    69   12 Mg  -0.59913226E-03     -0.37596117
    70   12 Mg  -0.59913103E-03     -0.37596040
    71   12 Mg  -0.59913097E-03     -0.37596036
    72   12 Mg  -0.59994990E-03     -0.37647425
    73   12 Mg  -0.59995330E-03     -0.37647638
    74   12 Mg  -0.59995549E-03     -0.37647775
    75   12 Mg  -0.59472276E-03     -0.37319417
    76   12 Mg  -0.59464554E-03     -0.37314571
    77   12 Mg  -0.59464325E-03     -0.37314427
    78   12 Mg  -0.59450792E-03     -0.37305935
    79   12 Mg  -0.59504233E-03     -0.37339470
    80   12 Mg  -0.59504255E-03     -0.37339484
    81   12 Mg  -0.59504220E-03     -0.37339462
    82   12 Mg  -0.59504458E-03     -0.37339611
    83   12 Mg  -0.59743443E-03     -0.37489576
    84   12 Mg  -0.59706812E-03     -0.37466590
    85   12 Mg  -0.59706996E-03     -0.37466706
    86   12 Mg  -0.59504167E-03     -0.37339429
    87   12 Mg  -0.59504246E-03     -0.37339478
    88   12 Mg  -0.59678097E-03     -0.37448571
    89   12 Mg  -0.59677977E-03     -0.37448496
    90   12 Mg  -0.59925232E-03     -0.37603651
    91   12 Mg  -0.59707100E-03     -0.37466771
    92   12 Mg  -0.59706900E-03     -0.37466645
    93   12 Mg  -0.59464196E-03     -0.37314347
    94   12 Mg  -0.59925184E-03     -0.37603621
    95   12 Mg  -0.59925460E-03     -0.37603794
    96   12 Mg  -0.59450538E-03     -0.37305776
    97   12 Mg  -0.59450744E-03     -0.37305905
    98   12 Mg  -0.59706887E-03     -0.37466637
    99   12 Mg  -0.59706962E-03     -0.37466684
   100   12 Mg  -0.59678024E-03     -0.37448525
   101   12 Mg  -0.59472278E-03     -0.37319418
   102   12 Mg  -0.59994993E-03     -0.37647426
   103   12 Mg  -0.59995333E-03     -0.37647640
   104   12 Mg  -0.59995552E-03     -0.37647777
   105   12 Mg  -0.59913229E-03     -0.37596119
   106   12 Mg  -0.59913106E-03     -0.37596041
   107   12 Mg  -0.59913099E-03     -0.37596037
   108   12 Mg  -0.59831675E-03     -0.37544943
   109   12 Mg  -0.59831611E-03     -0.37544903
   110   12 Mg  -0.59831532E-03     -0.37544853
   111   12 Mg  -0.59831608E-03     -0.37544901
   112   12 Mg  -0.59831750E-03     -0.37544990
   113   12 Mg  -0.59831806E-03     -0.37545025
   114   12 Mg  -0.59672389E-03     -0.37444989
   115   12 Mg  -0.59672321E-03     -0.37444947
   116   12 Mg  -0.59672239E-03     -0.37444896
   117   12 Mg  -0.59672116E-03     -0.37444818
   118   12 Mg  -0.59672248E-03     -0.37444901
   119   12 Mg  -0.59672247E-03     -0.37444900
   120   12 Mg  -0.59265926E-03     -0.37189930
   121   12 Mg  -0.59266059E-03     -0.37190014
   122   12 Mg  -0.59265916E-03     -0.37189924
   123   12 Mg  -0.59200154E-03     -0.37148657
   124   12 Mg  -0.59200683E-03     -0.37148990
   125   12 Mg  -0.59200289E-03     -0.37148742
   126   12 Mg  -0.62826545E-03     -0.39424252
   127   12 Mg  -0.62826733E-03     -0.39424370
   128   12 Mg  -0.62826647E-03     -0.39424316
   129   12 Mg  -0.60136947E-03     -0.37736504
   130   12 Mg  -0.60137085E-03     -0.37736590
   131   12 Mg  -0.60137385E-03     -0.37736779
   132   12 Mg  -0.60137302E-03     -0.37736727
   133   12 Mg  -0.60137295E-03     -0.37736722
   134   12 Mg  -0.60137371E-03     -0.37736770
   135   12 Mg  -0.60507132E-03     -0.37968798
   136   12 Mg  -0.60507352E-03     -0.37968937
   137   12 Mg  -0.60507010E-03     -0.37968722
   138   12 Mg  -0.59969862E-03     -0.37631657
   139   12 Mg  -0.59970133E-03     -0.37631827
   140   12 Mg  -0.59969865E-03     -0.37631659
   141   12 Mg  -0.59059536E-03     -0.37060419
   142   12 Mg  -0.59059400E-03     -0.37060333
   143   12 Mg  -0.59059472E-03     -0.37060378
   144   12 Mg  -0.59059409E-03     -0.37060339
   145   12 Mg  -0.59059405E-03     -0.37060336
   146   12 Mg  -0.59059545E-03     -0.37060424
   147   12 Mg  -0.58951296E-03     -0.36992497
   148   12 Mg  -0.59037266E-03     -0.37046444
   149   12 Mg  -0.59037215E-03     -0.37046412
   150   12 Mg  -0.59037185E-03     -0.37046393
--------------------------------------------------

Dispersion energy:      -9.0495914387056E-02 Eh

[Info] Dispersion energy written to .EDISP
