-----------------------------------
 s i m p l e   D F T - D 3  v1.2.1
-----------------------------------

Zero (Chai-Head-Gordon) damping: pbe-D3(0)
--------------------
  s6         1.0000
  s8         0.7220
  s9         0.0000
 rs6         1.2170
 rs8         1.0000
 alp        14.0000
--------------------

Atomic radii (in Angstrom):
-------------------------------------------
   Z          R(cov)     R(vdw)      r4/r2
-------------------------------------------
  12 Mg       1.6667     1.7420     2.8909
  51 Sb       1.6800     2.0075     3.1650
-------------------------------------------

Atomic reference systems (in atomic units):
----------------------------------------------------------------------------
   Z        #      CN    C6(AA)   #      CN    C6(AA)   #      CN    C6(AA)
----------------------------------------------------------------------------
  12 Mg     1  0.0000  683.3758   2  0.9628  451.2708   3  1.9496  175.5616
  51 Sb     1  0.0000  492.9379   2  0.9749  473.4703   3  1.9523  448.0573
            4  2.9315  417.3790
----------------------------------------------------------------------------

Dispersion properties (in atomic units):
--------------------------------------------------------
     #    Z                CN       C6(AA)       C8(AA)
--------------------------------------------------------
     1   12 Mg        15.7793     175.5616   15718.3434
     2   12 Mg        15.7793     175.5616   15718.3434
     3   12 Mg        15.8458     175.5616   15718.3434
     4   12 Mg        15.8458     175.5616   15718.3434
     5   12 Mg        15.8336     175.5616   15718.3434
     6   12 Mg        15.7793     175.5616   15718.3434
     7   12 Mg        15.7793     175.5616   15718.3434
     8   12 Mg        15.8021     175.5616   15718.3434
     9   12 Mg        15.8336     175.5616   15718.3434
    10   12 Mg        15.8336     175.5616   15718.3434
    11   12 Mg        15.8188     175.5616   15718.3434
    12   12 Mg        15.8188     175.5616   15718.3434
    13   12 Mg        15.8188     175.5616   15718.3434
    14   12 Mg        15.8188     175.5616   15718.3434
    15   12 Mg        15.8458     175.5616   15718.3434
    16   12 Mg        15.8057     175.5616   15718.3434
    17   12 Mg        15.8057     175.5616   15718.3434
    18   12 Mg        15.7793     175.5616   15718.3434
    19   12 Mg        15.7793     175.5616   15718.3434
    20   12 Mg        15.8057     175.5616   15718.3434
    21   12 Mg        15.8021     175.5616   15718.3434
    22   12 Mg        15.8021     175.5616   15718.3434
    23   12 Mg        15.8188     175.5616   15718.3434
    24   12 Mg        15.8188     175.5616   15718.3434
    25   12 Mg        15.7936     175.5616   15718.3434
    26   12 Mg        15.7936     175.5616   15718.3434
    27   12 Mg        15.7936     175.5616   15718.3434
    28   12 Mg        15.7936     175.5616   15718.3434
    29   12 Mg        15.7936     175.5616   15718.3434
    30   12 Mg        15.7936     175.5616   15718.3434
    31   12 Mg        15.8413     175.5616   15718.3434
    32   12 Mg        15.8413     175.5616   15718.3434
    33   12 Mg        15.8413     175.5616   15718.3434
    34   12 Mg        15.8413     175.5616   15718.3434
    35   12 Mg        15.8413     175.5616   15718.3434
    36   12 Mg        15.8413     175.5616   15718.3434
    37   12 Mg        15.8185     175.5616   15718.3434
    38   12 Mg        15.8185     175.5616   15718.3434
    39   12 Mg        15.8186     175.5616   15718.3434
    40   12 Mg        15.8197     175.5616   15718.3434
    41   12 Mg        15.8041     175.5616   15718.3434
    42   12 Mg        15.8041     175.5616   15718.3434
    43   12 Mg        15.8041     175.5616   15718.3434
    44   12 Mg        15.8075     175.5616   15718.3434
    45   12 Mg        15.8075     175.5616   15718.3434
    46   12 Mg        15.8075     175.5616   15718.3434
    47   12 Mg        15.7810     175.5616   15718.3434
    48   12 Mg        15.7810     175.5616   15718.3434
    49   12 Mg        15.7810     175.5616   15718.3434
    50   12 Mg        15.8135     175.5616   15718.3434
    51   12 Mg        15.8135     175.5616   15718.3434
    52   12 Mg        15.8135     175.5616   15718.3434
    53   12 Mg        15.8080     175.5616   15718.3434
    54   12 Mg        15.8060     175.5616   15718.3434
    55   12 Mg        15.8060     175.5616   15718.3434
    56   12 Mg        15.8054     175.5616   15718.3434
    57   12 Mg        15.7922     175.5616   15718.3434
    58   12 Mg        15.7921     175.5616   15718.3434
    59   12 Mg        15.7921     175.5616   15718.3434
    60   12 Mg        15.8105     175.5616   15718.3434
    61   12 Mg        15.8105     175.5616   15718.3434
    62   12 Mg        15.8104     175.5616   15718.3434
    63   12 Mg        15.8105     175.5616   15718.3434
    64   12 Mg        15.8105     175.5616   15718.3434
    65   12 Mg        15.8104     175.5616   15718.3434
    66   12 Mg        15.7751     175.5616   15718.3434
    67   12 Mg        15.7745     175.5616   15718.3434
    68   12 Mg        15.7752     175.5616   15718.3434
    69   12 Mg        15.8168     175.5616   15718.3434
    70   12 Mg        15.8167     175.5616   15718.3434
    71   12 Mg        15.8167     175.5616   15718.3434
    72   12 Mg        15.8167     175.5616   15718.3434
    73   12 Mg        15.8167     175.5616   15718.3434
    74   12 Mg        15.8162     175.5616   15718.3434
    75   12 Mg        15.8446     175.5616   15718.3434
    76   12 Mg        15.8004     175.5616   15718.3434
    77   12 Mg        15.8005     175.5616   15718.3434
    78   12 Mg        15.8078     175.5616   15718.3434
    79   12 Mg        15.8078     175.5616   15718.3434
    80   12 Mg        15.7988     175.5616   15718.3434
    81   12 Mg        15.7988     175.5616   15718.3434
    82   12 Mg        15.7883     175.5616   15718.3434
    83   12 Mg        15.8004     175.5616   15718.3434
    84   12 Mg        15.8004     175.5616   15718.3434
    85   12 Mg        15.8004     175.5616   15718.3434
    86   12 Mg        15.8003     175.5616   15718.3434
    87   12 Mg        15.7927     175.5616   15718.3434
    88   12 Mg        15.7681     175.5616   15718.3434
    89   12 Mg        15.7681     175.5616   15718.3434
    90   12 Mg        15.8077     175.5616   15718.3434
    91   12 Mg        15.7926     175.5616   15718.3434
    92   12 Mg        15.7927     175.5616   15718.3434
    93   12 Mg        15.7987     175.5616   15718.3434
    94   12 Mg        15.7987     175.5616   15718.3434
    95   12 Mg        15.7682     175.5616   15718.3434
    96   12 Mg        15.7988     175.5616   15718.3434
    97   12 Mg        15.7987     175.5616   15718.3434
    98   12 Mg        15.8446     175.5616   15718.3434
    99   12 Mg        15.8446     175.5616   15718.3434
   100   12 Mg        15.8168     175.5616   15718.3434
   101   12 Mg        15.8167     175.5616   15718.3434
   102   12 Mg        15.8167     175.5616   15718.3434
   103   12 Mg        15.8167     175.5616   15718.3434
   104   12 Mg        15.8167     175.5616   15718.3434
   105   12 Mg        15.8162     175.5616   15718.3434
   106   12 Mg        15.7751     175.5616   15718.3434
   107   12 Mg        15.7745     175.5616   15718.3434
   108   12 Mg        15.7752     175.5616   15718.3434
   109   12 Mg        15.8105     175.5616   15718.3434
   110   12 Mg        15.8105     175.5616   15718.3434
   111   12 Mg        15.8104     175.5616   15718.3434
   112   12 Mg        15.8105     175.5616   15718.3434
   113   12 Mg        15.8105     175.5616   15718.3434
   114   12 Mg        15.8104     175.5616   15718.3434
   115   12 Mg        15.7922     175.5616   15718.3434
   116   12 Mg        15.7921     175.5616   15718.3434
   117   12 Mg        15.7921     175.5616   15718.3434
   118   12 Mg        15.8060     175.5616   15718.3434
   119   12 Mg        15.8060     175.5616   15718.3434
   120   12 Mg        15.8054     175.5616   15718.3434
   121   12 Mg        15.8080     175.5616   15718.3434
   122   12 Mg        15.8135     175.5616   15718.3434
   123   12 Mg        15.8135     175.5616   15718.3434
   124   12 Mg        15.8135     175.5616   15718.3434
   125   12 Mg        15.7810     175.5616   15718.3434
   126   12 Mg        15.7810     175.5616   15718.3434
   127   12 Mg        15.7810     175.5616   15718.3434
   128   12 Mg        15.8075     175.5616   15718.3434
   129   12 Mg        15.8075     175.5616   15718.3434
   130   12 Mg        15.8075     175.5616   15718.3434
   131   12 Mg        15.8041     175.5616   15718.3434
   132   12 Mg        15.8041     175.5616   15718.3434
   133   12 Mg        15.8041     175.5616   15718.3434
   134   12 Mg        15.8197     175.5616   15718.3434
   135   12 Mg        15.8185     175.5616   15718.3434
   136   12 Mg        15.8185     175.5616   15718.3434
   137   12 Mg        15.8186     175.5616   15718.3434
   138   12 Mg        15.8413     175.5616   15718.3434
   139   12 Mg        15.8413     175.5616   15718.3434
   140   12 Mg        15.8413     175.5616   15718.3434
   141   12 Mg        15.8413     175.5616   15718.3434
   142   12 Mg        15.8413     175.5616   15718.3434
   143   12 Mg        15.8413     175.5616   15718.3434
   144   12 Mg        15.7936     175.5616   15718.3434
   145   12 Mg        15.7936     175.5616   15718.3434
   146   12 Mg        15.7936     175.5616   15718.3434
   147   12 Mg        15.7936     175.5616   15718.3434
   148   12 Mg        15.7936     175.5616   15718.3434
   149   12 Mg        15.7936     175.5616   15718.3434
   150   51 Sb        15.9015     417.3790   44790.2652
--------------------------------------------------------

Atom-resolved dispersion energies:
--------------------------------------------------
     #    Z           [Hartree]      [kcal/mol]
--------------------------------------------------
     1   12 Mg  -0.20269242E-01    -12.71914143
     2   12 Mg  -0.20269247E-01    -12.71914447
     3   12 Mg  -0.20422777E-01    -12.81548620
     4   12 Mg  -0.20422771E-01    -12.81548227
     5   12 Mg  -0.20338082E-01    -12.76233920
     6   12 Mg  -0.20269251E-01    -12.71914731
     7   12 Mg  -0.20269250E-01    -12.71914653
     8   12 Mg  -0.20435952E-01    -12.82375334
     9   12 Mg  -0.20338077E-01    -12.76233612
    10   12 Mg  -0.20338068E-01    -12.76233013
    11   12 Mg  -0.20376218E-01    -12.78626995
    12   12 Mg  -0.20376230E-01    -12.78627766
    13   12 Mg  -0.20376212E-01    -12.78626600
    14   12 Mg  -0.20376219E-01    -12.78627065
    15   12 Mg  -0.20422759E-01    -12.81547447
    16   12 Mg  -0.20324708E-01    -12.75394682
    17   12 Mg  -0.20324723E-01    -12.75395608
    18   12 Mg  -0.20269225E-01    -12.71913089
    19   12 Mg  -0.20269219E-01    -12.71912683
    20   12 Mg  -0.20324732E-01    -12.75396204
    21   12 Mg  -0.20435944E-01    -12.82374857
    22   12 Mg  -0.20435951E-01    -12.82375298
    23   12 Mg  -0.20376257E-01    -12.78629437
    24   12 Mg  -0.20376242E-01    -12.78628470
    25   12 Mg  -0.20438921E-01    -12.82561682
    26   12 Mg  -0.20438892E-01    -12.82559848
    27   12 Mg  -0.20438868E-01    -12.82558353
    28   12 Mg  -0.20438880E-01    -12.82559095
    29   12 Mg  -0.20438928E-01    -12.82562102
    30   12 Mg  -0.20438948E-01    -12.82563320
    31   12 Mg  -0.20335636E-01    -12.76080428
    32   12 Mg  -0.20335645E-01    -12.76081016
    33   12 Mg  -0.20335586E-01    -12.76077272
    34   12 Mg  -0.20335605E-01    -12.76078470
    35   12 Mg  -0.20335564E-01    -12.76075877
    36   12 Mg  -0.20335557E-01    -12.76075471
    37   12 Mg  -0.20306311E-01    -12.74240233
    38   12 Mg  -0.20306324E-01    -12.74241048
    39   12 Mg  -0.20306369E-01    -12.74243881
    40   12 Mg  -0.20314322E-01    -12.74742973
    41   12 Mg  -0.20323030E-01    -12.75289365
    42   12 Mg  -0.20323075E-01    -12.75292199
    43   12 Mg  -0.20323148E-01    -12.75296765
    44   12 Mg  -0.20328006E-01    -12.75601646
    45   12 Mg  -0.20328037E-01    -12.75603592
    46   12 Mg  -0.20327927E-01    -12.75596662
    47   12 Mg  -0.20266251E-01    -12.71726433
    48   12 Mg  -0.20266182E-01    -12.71722100
    49   12 Mg  -0.20266234E-01    -12.71725373
    50   12 Mg  -0.20307332E-01    -12.74304327
    51   12 Mg  -0.20307279E-01    -12.74301003
    52   12 Mg  -0.20307351E-01    -12.74305491
    53   12 Mg  -0.20423921E-01    -12.81620413
    54   12 Mg  -0.20319980E-01    -12.75097988
    55   12 Mg  -0.20319961E-01    -12.75096822
    56   12 Mg  -0.20320092E-01    -12.75105022
    57   12 Mg  -0.20292921E-01    -12.73400033
    58   12 Mg  -0.20292800E-01    -12.73392401
    59   12 Mg  -0.20292803E-01    -12.73392620
    60   12 Mg  -0.20296656E-01    -12.73634376
    61   12 Mg  -0.20296569E-01    -12.73628920
    62   12 Mg  -0.20296492E-01    -12.73624089
    63   12 Mg  -0.20296542E-01    -12.73627269
    64   12 Mg  -0.20296440E-01    -12.73620820
    65   12 Mg  -0.20296470E-01    -12.73622725
    66   12 Mg  -0.20283734E-01    -12.72823521
    67   12 Mg  -0.20283998E-01    -12.72840093
    68   12 Mg  -0.20283804E-01    -12.72827897
    69   12 Mg  -0.20386953E-01    -12.79300626
    70   12 Mg  -0.20386904E-01    -12.79297567
    71   12 Mg  -0.20386907E-01    -12.79297726
    72   12 Mg  -0.20386863E-01    -12.79294938
    73   12 Mg  -0.20386756E-01    -12.79288249
    74   12 Mg  -0.20387152E-01    -12.79313109
    75   12 Mg  -0.20323680E-01    -12.75330186
    76   12 Mg  -0.20278565E-01    -12.72499150
    77   12 Mg  -0.20278662E-01    -12.72505251
    78   12 Mg  -0.20312094E-01    -12.74603134
    79   12 Mg  -0.20312123E-01    -12.74604974
    80   12 Mg  -0.20295493E-01    -12.73561412
    81   12 Mg  -0.20295415E-01    -12.73556518
    82   12 Mg  -0.20274363E-01    -12.72235481
    83   12 Mg  -0.20278543E-01    -12.72497772
    84   12 Mg  -0.20278505E-01    -12.72495429
    85   12 Mg  -0.20278501E-01    -12.72495134
    86   12 Mg  -0.20278397E-01    -12.72488620
    87   12 Mg  -0.20263144E-01    -12.71531464
    88   12 Mg  -0.20281136E-01    -12.72660488
    89   12 Mg  -0.20281109E-01    -12.72658780
    90   12 Mg  -0.20312018E-01    -12.74598356
    91   12 Mg  -0.20262929E-01    -12.71518003
    92   12 Mg  -0.20263194E-01    -12.71534643
    93   12 Mg  -0.20295477E-01    -12.73560400
    94   12 Mg  -0.20295356E-01    -12.73552798
    95   12 Mg  -0.20281200E-01    -12.72664486
    96   12 Mg  -0.20295551E-01    -12.73565061
    97   12 Mg  -0.20295435E-01    -12.73557787
    98   12 Mg  -0.20323888E-01    -12.75343203
    99   12 Mg  -0.20323619E-01    -12.75326326
   100   12 Mg  -0.20386952E-01    -12.79300551
   101   12 Mg  -0.20386903E-01    -12.79297493
   102   12 Mg  -0.20386906E-01    -12.79297651
   103   12 Mg  -0.20386861E-01    -12.79294864
   104   12 Mg  -0.20386755E-01    -12.79288175
   105   12 Mg  -0.20387151E-01    -12.79313034
   106   12 Mg  -0.20283733E-01    -12.72823461
   107   12 Mg  -0.20283997E-01    -12.72840033
   108   12 Mg  -0.20283803E-01    -12.72827837
   109   12 Mg  -0.20296653E-01    -12.73634190
   110   12 Mg  -0.20296566E-01    -12.73628734
   111   12 Mg  -0.20296489E-01    -12.73623903
   112   12 Mg  -0.20296539E-01    -12.73627082
   113   12 Mg  -0.20296437E-01    -12.73620634
   114   12 Mg  -0.20296467E-01    -12.73622538
   115   12 Mg  -0.20292918E-01    -12.73399815
   116   12 Mg  -0.20292796E-01    -12.73392183
   117   12 Mg  -0.20292800E-01    -12.73392402
   118   12 Mg  -0.20319975E-01    -12.75097705
   119   12 Mg  -0.20319957E-01    -12.75096539
   120   12 Mg  -0.20320087E-01    -12.75104739
   121   12 Mg  -0.20423921E-01    -12.81620386
   122   12 Mg  -0.20307331E-01    -12.74304271
   123   12 Mg  -0.20307278E-01    -12.74300946
   124   12 Mg  -0.20307350E-01    -12.74305434
   125   12 Mg  -0.20266250E-01    -12.71726373
   126   12 Mg  -0.20266181E-01    -12.71722040
   127   12 Mg  -0.20266233E-01    -12.71725314
   128   12 Mg  -0.20328004E-01    -12.75601493
   129   12 Mg  -0.20328035E-01    -12.75603440
   130   12 Mg  -0.20327924E-01    -12.75596509
   131   12 Mg  -0.20323031E-01    -12.75289464
   132   12 Mg  -0.20323076E-01    -12.75292298
   133   12 Mg  -0.20323149E-01    -12.75296865
   134   12 Mg  -0.20314324E-01    -12.74743060
   135   12 Mg  -0.20306309E-01    -12.74240157
   136   12 Mg  -0.20306322E-01    -12.74240972
   137   12 Mg  -0.20306368E-01    -12.74243805
   138   12 Mg  -0.20335638E-01    -12.76080557
   139   12 Mg  -0.20335647E-01    -12.76081144
   140   12 Mg  -0.20335588E-01    -12.76077400
   141   12 Mg  -0.20335607E-01    -12.76078598
   142   12 Mg  -0.20335566E-01    -12.76076006
   143   12 Mg  -0.20335559E-01    -12.76075600
   144   12 Mg  -0.20438919E-01    -12.82561561
   145   12 Mg  -0.20438890E-01    -12.82559728
   146   12 Mg  -0.20438866E-01    -12.82558233
   147   12 Mg  -0.20438878E-01    -12.82558975
   148   12 Mg  -0.20438926E-01    -12.82561982
   149   12 Mg  -0.20438946E-01    -12.82563199
   150   51 Sb  -0.30841987E-01    -19.35363934
--------------------------------------------------

Dispersion energy:      -3.0600755248207E+00 Eh

[Info] Dispersion energy written to .EDISP
