-----------------------------------
 s i m p l e   D F T - D 3  v1.2.1
-----------------------------------

Zero (Chai-Head-Gordon) damping: pbe-D3(0)
--------------------
  s6         1.0000
  s8         0.7220
  s9         0.0000
 rs6         1.2170
 rs8         1.0000
 alp        14.0000
--------------------

Atomic radii (in Angstrom):
-------------------------------------------
   Z          R(cov)     R(vdw)      r4/r2
-------------------------------------------
  12 Mg       1.6667     1.7420     2.8909
  51 Sb       1.6800     2.0075     3.1650
-------------------------------------------

Atomic reference systems (in atomic units):
----------------------------------------------------------------------------
   Z        #      CN    C6(AA)   #      CN    C6(AA)   #      CN    C6(AA)
----------------------------------------------------------------------------
  12 Mg     1  0.0000  683.3758   2  0.9628  451.2708   3  1.9496  175.5616
  51 Sb     1  0.0000  492.9379   2  0.9749  473.4703   3  1.9523  448.0573
            4  2.9315  417.3790
----------------------------------------------------------------------------

Dispersion properties (in atomic units):
--------------------------------------------------------
     #    Z                CN       C6(AA)       C8(AA)
--------------------------------------------------------
     1   12 Mg         0.0079     676.8479   60599.4018
     2   12 Mg         0.0079     676.8479   60599.4018
     3   12 Mg         0.0081     676.8399   60598.6876
     4   12 Mg         0.0081     676.8399   60598.6875
     5   12 Mg         0.0081     676.8410   60598.7824
     6   12 Mg         0.0079     676.8479   60599.4018
     7   12 Mg         0.0079     676.8479   60599.4017
     8   12 Mg         0.0080     676.8433   60598.9877
     9   12 Mg         0.0081     676.8410   60598.7826
    10   12 Mg         0.0081     676.8410   60598.7826
    11   12 Mg         0.0081     676.8397   60598.6690
    12   12 Mg         0.0081     676.8397   60598.6689
    13   12 Mg         0.0081     676.8397   60598.6691
    14   12 Mg         0.0081     676.8397   60598.6688
    15   12 Mg         0.0081     676.8399   60598.6877
    16   12 Mg         0.0080     676.8433   60598.9842
    17   12 Mg         0.0080     676.8432   60598.9838
    18   12 Mg         0.0079     676.8479   60599.4017
    19   12 Mg         0.0079     676.8479   60599.4015
    20   12 Mg         0.0080     676.8433   60598.9842
    21   12 Mg         0.0080     676.8433   60598.9879
    22   12 Mg         0.0080     676.8433   60598.9874
    23   12 Mg         0.0081     676.8397   60598.6690
    24   12 Mg         0.0081     676.8397   60598.6689
    25   12 Mg         0.0080     676.8434   60598.9943
    26   12 Mg         0.0080     676.8434   60598.9944
    27   12 Mg         0.0080     676.8434   60598.9942
    28   12 Mg         0.0080     676.8434   60598.9945
    29   12 Mg         0.0080     676.8434   60598.9944
    30   12 Mg         0.0080     676.8434   60598.9943
    31   12 Mg         0.0080     676.8431   60598.9700
    32   12 Mg         0.0080     676.8431   60598.9701
    33   12 Mg         0.0080     676.8431   60598.9700
    34   12 Mg         0.0080     676.8431   60598.9700
    35   12 Mg         0.0080     676.8431   60598.9701
    36   12 Mg         0.0080     676.8431   60598.9702
    37   12 Mg         0.0080     676.8452   60599.1604
    38   12 Mg         0.0080     676.8452   60599.1606
    39   12 Mg         0.0080     676.8452   60599.1604
    40   12 Mg         0.0080     676.8419   60598.8590
    41   12 Mg         0.0080     676.8440   60599.0480
    42   12 Mg         0.0080     676.8440   60599.0478
    43   12 Mg         0.0080     676.8440   60599.0479
    44   12 Mg         0.0080     676.8429   60598.9559
    45   12 Mg         0.0080     676.8429   60598.9557
    46   12 Mg         0.0080     676.8429   60598.9558
    47   12 Mg         0.0079     676.8482   60599.4252
    48   12 Mg         0.0079     676.8482   60599.4251
    49   12 Mg         0.0079     676.8482   60599.4252
    50   12 Mg         0.0080     676.8462   60599.2455
    51   12 Mg         0.0080     676.8461   60599.2425
    52   12 Mg         0.0080     676.8462   60599.2456
    53   12 Mg         0.0081     676.8385   60598.5586
    54   12 Mg         0.0080     676.8444   60599.0879
    55   12 Mg         0.0080     676.8444   60599.0878
    56   12 Mg         0.0080     676.8444   60599.0881
    57   12 Mg         0.0080     676.8451   60599.1481
    58   12 Mg         0.0080     676.8451   60599.1481
    59   12 Mg         0.0080     676.8451   60599.1481
    60   12 Mg         0.0079     676.8464   60599.2690
    61   12 Mg         0.0079     676.8464   60599.2659
    62   12 Mg         0.0079     676.8464   60599.2690
    63   12 Mg         0.0079     676.8464   60599.2690
    64   12 Mg         0.0079     676.8464   60599.2693
    65   12 Mg         0.0079     676.8464   60599.2692
    66   12 Mg         0.0080     676.8459   60599.2193
    67   12 Mg         0.0080     676.8459   60599.2195
    68   12 Mg         0.0080     676.8459   60599.2194
    69   12 Mg         0.0080     676.8419   60598.8651
    70   12 Mg         0.0080     676.8419   60598.8619
    71   12 Mg         0.0080     676.8419   60598.8618
    72   12 Mg         0.0080     676.8419   60598.8619
    73   12 Mg         0.0080     676.8419   60598.8618
    74   12 Mg         0.0080     676.8419   60598.8652
    75   12 Mg         0.0081     676.8411   60598.7924
    76   12 Mg         0.0079     676.8465   60599.2764
    77   12 Mg         0.0079     676.8466   60599.2796
    78   12 Mg         0.0080     676.8424   60598.9064
    79   12 Mg         0.0080     676.8424   60598.9096
    80   12 Mg         0.0080     676.8446   60599.1020
    81   12 Mg         0.0080     676.8446   60599.1021
    82   12 Mg         0.0079     676.8465   60599.2748
    83   12 Mg         0.0079     676.8465   60599.2796
    84   12 Mg         0.0079     676.8466   60599.2797
    85   12 Mg         0.0079     676.8466   60599.2828
    86   12 Mg         0.0079     676.8466   60599.2798
    87   12 Mg         0.0079     676.8474   60599.3561
    88   12 Mg         0.0080     676.8464   60599.2653
    89   12 Mg         0.0080     676.8464   60599.2621
    90   12 Mg         0.0080     676.8425   60598.9127
    91   12 Mg         0.0079     676.8473   60599.3468
    92   12 Mg         0.0079     676.8474   60599.3562
    93   12 Mg         0.0080     676.8446   60599.1057
    94   12 Mg         0.0080     676.8446   60599.1022
    95   12 Mg         0.0080     676.8463   60599.2587
    96   12 Mg         0.0080     676.8446   60599.1020
    97   12 Mg         0.0080     676.8445   60599.0990
    98   12 Mg         0.0081     676.8412   60598.8015
    99   12 Mg         0.0081     676.8411   60598.7922
   100   12 Mg         0.0080     676.8419   60598.8651
   101   12 Mg         0.0080     676.8419   60598.8619
   102   12 Mg         0.0080     676.8419   60598.8618
   103   12 Mg         0.0080     676.8419   60598.8619
   104   12 Mg         0.0080     676.8419   60598.8618
   105   12 Mg         0.0080     676.8419   60598.8652
   106   12 Mg         0.0080     676.8459   60599.2193
   107   12 Mg         0.0080     676.8459   60599.2195
   108   12 Mg         0.0080     676.8459   60599.2194
   109   12 Mg         0.0079     676.8464   60599.2690
   110   12 Mg         0.0079     676.8464   60599.2659
   111   12 Mg         0.0079     676.8464   60599.2690
   112   12 Mg         0.0079     676.8464   60599.2690
   113   12 Mg         0.0079     676.8464   60599.2693
   114   12 Mg         0.0079     676.8464   60599.2692
   115   12 Mg         0.0080     676.8451   60599.1481
   116   12 Mg         0.0080     676.8451   60599.1481
   117   12 Mg         0.0080     676.8451   60599.1482
   118   12 Mg         0.0080     676.8444   60599.0879
   119   12 Mg         0.0080     676.8444   60599.0878
   120   12 Mg         0.0080     676.8444   60599.0881
   121   12 Mg         0.0081     676.8385   60598.5586
   122   12 Mg         0.0080     676.8462   60599.2455
   123   12 Mg         0.0080     676.8461   60599.2425
   124   12 Mg         0.0080     676.8462   60599.2456
   125   12 Mg         0.0079     676.8482   60599.4252
   126   12 Mg         0.0079     676.8482   60599.4251
   127   12 Mg         0.0079     676.8482   60599.4252
   128   12 Mg         0.0080     676.8429   60598.9559
   129   12 Mg         0.0080     676.8429   60598.9557
   130   12 Mg         0.0080     676.8429   60598.9558
   131   12 Mg         0.0080     676.8440   60599.0480
   132   12 Mg         0.0080     676.8440   60599.0478
   133   12 Mg         0.0080     676.8440   60599.0479
   134   12 Mg         0.0080     676.8419   60598.8592
   135   12 Mg         0.0080     676.8452   60599.1604
   136   12 Mg         0.0080     676.8452   60599.1606
   137   12 Mg         0.0080     676.8452   60599.1604
   138   12 Mg         0.0080     676.8431   60598.9701
   139   12 Mg         0.0080     676.8431   60598.9702
   140   12 Mg         0.0080     676.8431   60598.9701
   141   12 Mg         0.0080     676.8431   60598.9701
   142   12 Mg         0.0080     676.8431   60598.9702
   143   12 Mg         0.0080     676.8431   60598.9703
   144   12 Mg         0.0080     676.8434   60598.9943
   145   12 Mg         0.0080     676.8434   60598.9944
   146   12 Mg         0.0080     676.8434   60598.9942
   147   12 Mg         0.0080     676.8434   60598.9945
   148   12 Mg         0.0080     676.8434   60598.9944
   149   12 Mg         0.0080     676.8434   60598.9943
   150   51 Sb         0.0077     492.4802   52849.6163
--------------------------------------------------------

Atom-resolved dispersion energies:
--------------------------------------------------
     #    Z           [Hartree]      [kcal/mol]
--------------------------------------------------
     1   12 Mg  -0.24963507E-02     -1.56648372
     2   12 Mg  -0.24963507E-02     -1.56648372
     3   12 Mg  -0.25711793E-02     -1.61343936
     4   12 Mg  -0.25711859E-02     -1.61344352
     5   12 Mg  -0.25675758E-02     -1.61117812
     6   12 Mg  -0.24963503E-02     -1.56648349
     7   12 Mg  -0.24963538E-02     -1.56648566
     8   12 Mg  -0.25547982E-02     -1.60316005
     9   12 Mg  -0.25675672E-02     -1.61117274
    10   12 Mg  -0.25675669E-02     -1.61117254
    11   12 Mg  -0.25726401E-02     -1.61435601
    12   12 Mg  -0.25726415E-02     -1.61435689
    13   12 Mg  -0.25726314E-02     -1.61435055
    14   12 Mg  -0.25726472E-02     -1.61436048
    15   12 Mg  -0.25711739E-02     -1.61343601
    16   12 Mg  -0.25562685E-02     -1.60408269
    17   12 Mg  -0.25562897E-02     -1.60409598
    18   12 Mg  -0.24963536E-02     -1.56648554
    19   12 Mg  -0.24963651E-02     -1.56649278
    20   12 Mg  -0.25562720E-02     -1.60408489
    21   12 Mg  -0.25547893E-02     -1.60315446
    22   12 Mg  -0.25548137E-02     -1.60316977
    23   12 Mg  -0.25726351E-02     -1.61435287
    24   12 Mg  -0.25726405E-02     -1.61435631
    25   12 Mg  -0.25543589E-02     -1.60288444
    26   12 Mg  -0.25543530E-02     -1.60288070
    27   12 Mg  -0.25543643E-02     -1.60288778
    28   12 Mg  -0.25543493E-02     -1.60287836
    29   12 Mg  -0.25543529E-02     -1.60288063
    30   12 Mg  -0.25543565E-02     -1.60288290
    31   12 Mg  -0.25575093E-02     -1.60486129
    32   12 Mg  -0.25575065E-02     -1.60485958
    33   12 Mg  -0.25575114E-02     -1.60486265
    34   12 Mg  -0.25575089E-02     -1.60486104
    35   12 Mg  -0.25575046E-02     -1.60485836
    36   12 Mg  -0.25575021E-02     -1.60485679
    37   12 Mg  -0.25470104E-02     -1.59827314
    38   12 Mg  -0.25470012E-02     -1.59826738
    39   12 Mg  -0.25470122E-02     -1.59827431
    40   12 Mg  -0.25632323E-02     -1.60845258
    41   12 Mg  -0.25528718E-02     -1.60195124
    42   12 Mg  -0.25528848E-02     -1.60195942
    43   12 Mg  -0.25528764E-02     -1.60195413
    44   12 Mg  -0.25536286E-02     -1.60242612
    45   12 Mg  -0.25536379E-02     -1.60243198
    46   12 Mg  -0.25536360E-02     -1.60243078
    47   12 Mg  -0.24951369E-02     -1.56572202
    48   12 Mg  -0.24951449E-02     -1.56572704
    49   12 Mg  -0.24951396E-02     -1.56572376
    50   12 Mg  -0.25424382E-02     -1.59540403
    51   12 Mg  -0.25425961E-02     -1.59550315
    52   12 Mg  -0.25424322E-02     -1.59540032
    53   12 Mg  -0.25769548E-02     -1.61706352
    54   12 Mg  -0.25507335E-02     -1.60060943
    55   12 Mg  -0.25507412E-02     -1.60061429
    56   12 Mg  -0.25507166E-02     -1.60059881
    57   12 Mg  -0.25474730E-02     -1.59856342
    58   12 Mg  -0.25474719E-02     -1.59856273
    59   12 Mg  -0.25474680E-02     -1.59856030
    60   12 Mg  -0.25412543E-02     -1.59466114
    61   12 Mg  -0.25414162E-02     -1.59476275
    62   12 Mg  -0.25412514E-02     -1.59465933
    63   12 Mg  -0.25412510E-02     -1.59465909
    64   12 Mg  -0.25412339E-02     -1.59464835
    65   12 Mg  -0.25412361E-02     -1.59464973
    66   12 Mg  -0.25433102E-02     -1.59595124
    67   12 Mg  -0.25432918E-02     -1.59593971
    68   12 Mg  -0.25433079E-02     -1.59594979
    69   12 Mg  -0.25621268E-02     -1.60775886
    70   12 Mg  -0.25622999E-02     -1.60786746
    71   12 Mg  -0.25623025E-02     -1.60786908
    72   12 Mg  -0.25622962E-02     -1.60786516
    73   12 Mg  -0.25622975E-02     -1.60786599
    74   12 Mg  -0.25621140E-02     -1.60775082
    75   12 Mg  -0.25670041E-02     -1.61081937
    76   12 Mg  -0.25407273E-02     -1.59433048
    77   12 Mg  -0.25405569E-02     -1.59422352
    78   12 Mg  -0.25603995E-02     -1.60667496
    79   12 Mg  -0.25602286E-02     -1.60656773
    80   12 Mg  -0.25499171E-02     -1.60009716
    81   12 Mg  -0.25499124E-02     -1.60009420
    82   12 Mg  -0.25405500E-02     -1.59421918
    83   12 Mg  -0.25405576E-02     -1.59422398
    84   12 Mg  -0.25405522E-02     -1.59422058
    85   12 Mg  -0.25403849E-02     -1.59411558
    86   12 Mg  -0.25405436E-02     -1.59421520
    87   12 Mg  -0.25363242E-02     -1.59156745
    88   12 Mg  -0.25408370E-02     -1.59439928
    89   12 Mg  -0.25410075E-02     -1.59450627
    90   12 Mg  -0.25600585E-02     -1.60646094
    91   12 Mg  -0.25368158E-02     -1.59187596
    92   12 Mg  -0.25363194E-02     -1.59156444
    93   12 Mg  -0.25497249E-02     -1.59997656
    94   12 Mg  -0.25499050E-02     -1.60008952
    95   12 Mg  -0.25411891E-02     -1.59462023
    96   12 Mg  -0.25499207E-02     -1.60009941
    97   12 Mg  -0.25500770E-02     -1.60019748
    98   12 Mg  -0.25665213E-02     -1.61051640
    99   12 Mg  -0.25670119E-02     -1.61082426
   100   12 Mg  -0.25621268E-02     -1.60775886
   101   12 Mg  -0.25622999E-02     -1.60786745
   102   12 Mg  -0.25623025E-02     -1.60786908
   103   12 Mg  -0.25622962E-02     -1.60786515
   104   12 Mg  -0.25622975E-02     -1.60786598
   105   12 Mg  -0.25621140E-02     -1.60775081
   106   12 Mg  -0.25433102E-02     -1.59595123
   107   12 Mg  -0.25432918E-02     -1.59593970
   108   12 Mg  -0.25433079E-02     -1.59594979
   109   12 Mg  -0.25412542E-02     -1.59466111
   110   12 Mg  -0.25414162E-02     -1.59476273
   111   12 Mg  -0.25412514E-02     -1.59465930
   112   12 Mg  -0.25412510E-02     -1.59465906
   113   12 Mg  -0.25412339E-02     -1.59464832
   114   12 Mg  -0.25412361E-02     -1.59464970
   115   12 Mg  -0.25474726E-02     -1.59856317
   116   12 Mg  -0.25474715E-02     -1.59856248
   117   12 Mg  -0.25474676E-02     -1.59856005
   118   12 Mg  -0.25507334E-02     -1.60060939
   119   12 Mg  -0.25507411E-02     -1.60061424
   120   12 Mg  -0.25507165E-02     -1.60059876
   121   12 Mg  -0.25769548E-02     -1.61706352
   122   12 Mg  -0.25424382E-02     -1.59540403
   123   12 Mg  -0.25425961E-02     -1.59550315
   124   12 Mg  -0.25424322E-02     -1.59540032
   125   12 Mg  -0.24951369E-02     -1.56572202
   126   12 Mg  -0.24951448E-02     -1.56572703
   127   12 Mg  -0.24951396E-02     -1.56572376
   128   12 Mg  -0.25536285E-02     -1.60242606
   129   12 Mg  -0.25536378E-02     -1.60243192
   130   12 Mg  -0.25536359E-02     -1.60243072
   131   12 Mg  -0.25528715E-02     -1.60195108
   132   12 Mg  -0.25528846E-02     -1.60195926
   133   12 Mg  -0.25528761E-02     -1.60195396
   134   12 Mg  -0.25632181E-02     -1.60844367
   135   12 Mg  -0.25470104E-02     -1.59827313
   136   12 Mg  -0.25470012E-02     -1.59826737
   137   12 Mg  -0.25470122E-02     -1.59827430
   138   12 Mg  -0.25575043E-02     -1.60485816
   139   12 Mg  -0.25575016E-02     -1.60485645
   140   12 Mg  -0.25575064E-02     -1.60485953
   141   12 Mg  -0.25575039E-02     -1.60485791
   142   12 Mg  -0.25574996E-02     -1.60485523
   143   12 Mg  -0.25574971E-02     -1.60485366
   144   12 Mg  -0.25543589E-02     -1.60288440
   145   12 Mg  -0.25543529E-02     -1.60288066
   146   12 Mg  -0.25543642E-02     -1.60288774
   147   12 Mg  -0.25543492E-02     -1.60287833
   148   12 Mg  -0.25543528E-02     -1.60288060
   149   12 Mg  -0.25543564E-02     -1.60288286
   150   51 Sb  -0.19866398E-02     -1.24663528
--------------------------------------------------

Dispersion energy:      -3.8170789055937E-01 Eh

[Info] Dispersion energy written to .EDISP
