-----------------------------------
 s i m p l e   D F T - D 3  v1.2.1
-----------------------------------

Zero (Chai-Head-Gordon) damping: pbe-D3(0)
--------------------
  s6         1.0000
  s8         0.7220
  s9         0.0000
 rs6         1.2170
 rs8         1.0000
 alp        14.0000
--------------------

Atomic radii (in Angstrom):
-------------------------------------------
   Z          R(cov)     R(vdw)      r4/r2
-------------------------------------------
  12 Mg       1.6667     1.7420     2.8909
  51 Sb       1.6800     2.0075     3.1650
-------------------------------------------

Atomic reference systems (in atomic units):
----------------------------------------------------------------------------
   Z        #      CN    C6(AA)   #      CN    C6(AA)   #      CN    C6(AA)
----------------------------------------------------------------------------
  12 Mg     1  0.0000  683.3758   2  0.9628  451.2708   3  1.9496  175.5616
  51 Sb     1  0.0000  492.9379   2  0.9749  473.4703   3  1.9523  448.0573
            4  2.9315  417.3790
----------------------------------------------------------------------------

Dispersion properties (in atomic units):
--------------------------------------------------------
     #    Z                CN       C6(AA)       C8(AA)
--------------------------------------------------------
     1   12 Mg         0.0037     677.0522   60617.6886
     2   12 Mg         0.0037     677.0522   60617.6886
     3   12 Mg         0.0037     677.0489   60617.4001
     4   12 Mg         0.0037     677.0489   60617.4000
     5   12 Mg         0.0037     677.0493   60617.4360
     6   12 Mg         0.0037     677.0522   60617.6886
     7   12 Mg         0.0037     677.0522   60617.6885
     8   12 Mg         0.0037     677.0503   60617.5204
     9   12 Mg         0.0037     677.0493   60617.4361
    10   12 Mg         0.0037     677.0493   60617.4361
    11   12 Mg         0.0037     677.0489   60617.3930
    12   12 Mg         0.0037     677.0489   60617.3930
    13   12 Mg         0.0037     677.0489   60617.3931
    14   12 Mg         0.0037     677.0489   60617.3930
    15   12 Mg         0.0037     677.0489   60617.4001
    16   12 Mg         0.0037     677.0503   60617.5181
    17   12 Mg         0.0037     677.0503   60617.5179
    18   12 Mg         0.0037     677.0522   60617.6885
    19   12 Mg         0.0037     677.0522   60617.6885
    20   12 Mg         0.0037     677.0503   60617.5181
    21   12 Mg         0.0037     677.0503   60617.5205
    22   12 Mg         0.0037     677.0503   60617.5203
    23   12 Mg         0.0037     677.0489   60617.3931
    24   12 Mg         0.0037     677.0489   60617.3930
    25   12 Mg         0.0037     677.0503   60617.5229
    26   12 Mg         0.0037     677.0503   60617.5230
    27   12 Mg         0.0037     677.0503   60617.5229
    28   12 Mg         0.0037     677.0503   60617.5230
    29   12 Mg         0.0037     677.0503   60617.5230
    30   12 Mg         0.0037     677.0503   60617.5229
    31   12 Mg         0.0037     677.0502   60617.5112
    32   12 Mg         0.0037     677.0502   60617.5112
    33   12 Mg         0.0037     677.0502   60617.5111
    34   12 Mg         0.0037     677.0502   60617.5112
    35   12 Mg         0.0037     677.0502   60617.5112
    36   12 Mg         0.0037     677.0502   60617.5112
    37   12 Mg         0.0037     677.0510   60617.5882
    38   12 Mg         0.0037     677.0510   60617.5882
    39   12 Mg         0.0037     677.0510   60617.5882
    40   12 Mg         0.0037     677.0497   60617.4675
    41   12 Mg         0.0037     677.0505   60617.5435
    42   12 Mg         0.0037     677.0505   60617.5434
    43   12 Mg         0.0037     677.0505   60617.5434
    44   12 Mg         0.0037     677.0501   60617.5078
    45   12 Mg         0.0037     677.0501   60617.5078
    46   12 Mg         0.0037     677.0501   60617.5078
    47   12 Mg         0.0037     677.0523   60617.6965
    48   12 Mg         0.0037     677.0523   60617.6965
    49   12 Mg         0.0037     677.0523   60617.6965
    50   12 Mg         0.0037     677.0514   60617.6220
    51   12 Mg         0.0037     677.0514   60617.6209
    52   12 Mg         0.0037     677.0514   60617.6221
    53   12 Mg         0.0038     677.0484   60617.3501
    54   12 Mg         0.0037     677.0507   60617.5596
    55   12 Mg         0.0037     677.0507   60617.5595
    56   12 Mg         0.0037     677.0507   60617.5597
    57   12 Mg         0.0037     677.0510   60617.5842
    58   12 Mg         0.0037     677.0510   60617.5842
    59   12 Mg         0.0037     677.0510   60617.5843
    60   12 Mg         0.0037     677.0515   60617.6312
    61   12 Mg         0.0037     677.0515   60617.6300
    62   12 Mg         0.0037     677.0515   60617.6312
    63   12 Mg         0.0037     677.0515   60617.6312
    64   12 Mg         0.0037     677.0515   60617.6314
    65   12 Mg         0.0037     677.0515   60617.6313
    66   12 Mg         0.0037     677.0513   60617.6132
    67   12 Mg         0.0037     677.0513   60617.6133
    68   12 Mg         0.0037     677.0513   60617.6132
    69   12 Mg         0.0037     677.0497   60617.4707
    70   12 Mg         0.0037     677.0497   60617.4694
    71   12 Mg         0.0037     677.0497   60617.4694
    72   12 Mg         0.0037     677.0497   60617.4694
    73   12 Mg         0.0037     677.0497   60617.4694
    74   12 Mg         0.0037     677.0497   60617.4707
    75   12 Mg         0.0037     677.0494   60617.4403
    76   12 Mg         0.0037     677.0516   60617.6348
    77   12 Mg         0.0037     677.0516   60617.6361
    78   12 Mg         0.0037     677.0499   60617.4872
    79   12 Mg         0.0037     677.0499   60617.4885
    80   12 Mg         0.0037     677.0508   60617.5655
    81   12 Mg         0.0037     677.0508   60617.5656
    82   12 Mg         0.0037     677.0516   60617.6348
    83   12 Mg         0.0037     677.0516   60617.6361
    84   12 Mg         0.0037     677.0516   60617.6361
    85   12 Mg         0.0037     677.0516   60617.6374
    86   12 Mg         0.0037     677.0516   60617.6362
    87   12 Mg         0.0037     677.0519   60617.6670
    88   12 Mg         0.0037     677.0515   60617.6316
    89   12 Mg         0.0037     677.0515   60617.6303
    90   12 Mg         0.0037     677.0499   60617.4898
    91   12 Mg         0.0037     677.0519   60617.6633
    92   12 Mg         0.0037     677.0519   60617.6671
    93   12 Mg         0.0037     677.0508   60617.5670
    94   12 Mg         0.0037     677.0508   60617.5656
    95   12 Mg         0.0037     677.0515   60617.6290
    96   12 Mg         0.0037     677.0508   60617.5655
    97   12 Mg         0.0037     677.0508   60617.5643
    98   12 Mg         0.0037     677.0494   60617.4439
    99   12 Mg         0.0037     677.0494   60617.4402
   100   12 Mg         0.0037     677.0497   60617.4707
   101   12 Mg         0.0037     677.0497   60617.4694
   102   12 Mg         0.0037     677.0497   60617.4694
   103   12 Mg         0.0037     677.0497   60617.4694
   104   12 Mg         0.0037     677.0497   60617.4694
   105   12 Mg         0.0037     677.0497   60617.4707
   106   12 Mg         0.0037     677.0513   60617.6132
   107   12 Mg         0.0037     677.0513   60617.6133
   108   12 Mg         0.0037     677.0513   60617.6132
   109   12 Mg         0.0037     677.0515   60617.6312
   110   12 Mg         0.0037     677.0515   60617.6300
   111   12 Mg         0.0037     677.0515   60617.6312
   112   12 Mg         0.0037     677.0515   60617.6312
   113   12 Mg         0.0037     677.0515   60617.6314
   114   12 Mg         0.0037     677.0515   60617.6313
   115   12 Mg         0.0037     677.0510   60617.5842
   116   12 Mg         0.0037     677.0510   60617.5842
   117   12 Mg         0.0037     677.0510   60617.5843
   118   12 Mg         0.0037     677.0507   60617.5596
   119   12 Mg         0.0037     677.0507   60617.5595
   120   12 Mg         0.0037     677.0507   60617.5597
   121   12 Mg         0.0038     677.0484   60617.3501
   122   12 Mg         0.0037     677.0514   60617.6220
   123   12 Mg         0.0037     677.0514   60617.6209
   124   12 Mg         0.0037     677.0514   60617.6221
   125   12 Mg         0.0037     677.0523   60617.6965
   126   12 Mg         0.0037     677.0523   60617.6965
   127   12 Mg         0.0037     677.0523   60617.6965
   128   12 Mg         0.0037     677.0501   60617.5078
   129   12 Mg         0.0037     677.0501   60617.5078
   130   12 Mg         0.0037     677.0501   60617.5078
   131   12 Mg         0.0037     677.0505   60617.5435
   132   12 Mg         0.0037     677.0505   60617.5434
   133   12 Mg         0.0037     677.0505   60617.5434
   134   12 Mg         0.0037     677.0497   60617.4676
   135   12 Mg         0.0037     677.0510   60617.5882
   136   12 Mg         0.0037     677.0510   60617.5882
   137   12 Mg         0.0037     677.0510   60617.5882
   138   12 Mg         0.0037     677.0502   60617.5112
   139   12 Mg         0.0037     677.0502   60617.5112
   140   12 Mg         0.0037     677.0502   60617.5112
   141   12 Mg         0.0037     677.0502   60617.5112
   142   12 Mg         0.0037     677.0502   60617.5112
   143   12 Mg         0.0037     677.0502   60617.5112
   144   12 Mg         0.0037     677.0503   60617.5229
   145   12 Mg         0.0037     677.0503   60617.5230
   146   12 Mg         0.0037     677.0503   60617.5229
   147   12 Mg         0.0037     677.0503   60617.5230
   148   12 Mg         0.0037     677.0503   60617.5230
   149   12 Mg         0.0037     677.0503   60617.5229
   150   51 Sb         0.0036     492.4944   52851.1402
--------------------------------------------------------

Atom-resolved dispersion energies:
--------------------------------------------------
     #    Z           [Hartree]      [kcal/mol]
--------------------------------------------------
     1   12 Mg  -0.13320306E-02     -0.83586182
     2   12 Mg  -0.13320306E-02     -0.83586182
     3   12 Mg  -0.13722362E-02     -0.86109121
     4   12 Mg  -0.13722398E-02     -0.86109346
     5   12 Mg  -0.13702632E-02     -0.85985313
     6   12 Mg  -0.13320304E-02     -0.83586170
     7   12 Mg  -0.13320323E-02     -0.83586287
     8   12 Mg  -0.13633625E-02     -0.85552289
     9   12 Mg  -0.13702586E-02     -0.85985022
    10   12 Mg  -0.13702584E-02     -0.85985011
    11   12 Mg  -0.13730091E-02     -0.86157623
    12   12 Mg  -0.13730099E-02     -0.86157671
    13   12 Mg  -0.13730044E-02     -0.86157328
    14   12 Mg  -0.13730130E-02     -0.86157865
    15   12 Mg  -0.13722333E-02     -0.86108940
    16   12 Mg  -0.13641421E-02     -0.85601206
    17   12 Mg  -0.13641535E-02     -0.85601926
    18   12 Mg  -0.13320322E-02     -0.83586281
    19   12 Mg  -0.13320384E-02     -0.83586672
    20   12 Mg  -0.13641440E-02     -0.85601326
    21   12 Mg  -0.13633577E-02     -0.85551988
    22   12 Mg  -0.13633709E-02     -0.85552815
    23   12 Mg  -0.13730064E-02     -0.86157454
    24   12 Mg  -0.13730094E-02     -0.86157640
    25   12 Mg  -0.13631190E-02     -0.85537006
    26   12 Mg  -0.13631157E-02     -0.85536803
    27   12 Mg  -0.13631218E-02     -0.85537186
    28   12 Mg  -0.13631137E-02     -0.85536677
    29   12 Mg  -0.13631157E-02     -0.85536800
    30   12 Mg  -0.13631176E-02     -0.85536922
    31   12 Mg  -0.13648114E-02     -0.85643211
    32   12 Mg  -0.13648100E-02     -0.85643118
    33   12 Mg  -0.13648126E-02     -0.85643284
    34   12 Mg  -0.13648112E-02     -0.85643197
    35   12 Mg  -0.13648089E-02     -0.85643052
    36   12 Mg  -0.13648075E-02     -0.85642966
    37   12 Mg  -0.13591458E-02     -0.85287687
    38   12 Mg  -0.13591409E-02     -0.85287376
    39   12 Mg  -0.13591468E-02     -0.85287750
    40   12 Mg  -0.13679272E-02     -0.85838727
    41   12 Mg  -0.13623154E-02     -0.85486580
    42   12 Mg  -0.13623224E-02     -0.85487023
    43   12 Mg  -0.13623179E-02     -0.85486737
    44   12 Mg  -0.13627112E-02     -0.85511422
    45   12 Mg  -0.13627163E-02     -0.85511739
    46   12 Mg  -0.13627153E-02     -0.85511673
    47   12 Mg  -0.13313291E-02     -0.83542161
    48   12 Mg  -0.13313334E-02     -0.83542432
    49   12 Mg  -0.13313306E-02     -0.83542255
    50   12 Mg  -0.13566646E-02     -0.85131991
    51   12 Mg  -0.13567500E-02     -0.85137347
    52   12 Mg  -0.13566614E-02     -0.85131791
    53   12 Mg  -0.13753315E-02     -0.86303354
    54   12 Mg  -0.13611481E-02     -0.85413332
    55   12 Mg  -0.13611523E-02     -0.85413594
    56   12 Mg  -0.13611390E-02     -0.85412765
    57   12 Mg  -0.13593853E-02     -0.85302715
    58   12 Mg  -0.13593847E-02     -0.85302678
    59   12 Mg  -0.13593826E-02     -0.85302546
    60   12 Mg  -0.13560271E-02     -0.85091988
    61   12 Mg  -0.13561147E-02     -0.85097482
    62   12 Mg  -0.13560256E-02     -0.85091890
    63   12 Mg  -0.13560254E-02     -0.85091877
    64   12 Mg  -0.13560161E-02     -0.85091296
    65   12 Mg  -0.13560173E-02     -0.85091370
    66   12 Mg  -0.13571526E-02     -0.85162614
    67   12 Mg  -0.13571428E-02     -0.85161998
    68   12 Mg  -0.13571514E-02     -0.85162535
    69   12 Mg  -0.13673293E-02     -0.85801212
    70   12 Mg  -0.13674230E-02     -0.85807090
    71   12 Mg  -0.13674244E-02     -0.85807178
    72   12 Mg  -0.13674210E-02     -0.85806966
    73   12 Mg  -0.13674218E-02     -0.85807011
    74   12 Mg  -0.13673225E-02     -0.85800785
    75   12 Mg  -0.13699362E-02     -0.85964795
    76   12 Mg  -0.13557496E-02     -0.85074573
    77   12 Mg  -0.13556575E-02     -0.85068792
    78   12 Mg  -0.13663949E-02     -0.85742572
    79   12 Mg  -0.13663025E-02     -0.85736777
    80   12 Mg  -0.13607139E-02     -0.85386085
    81   12 Mg  -0.13607113E-02     -0.85385924
    82   12 Mg  -0.13556880E-02     -0.85070706
    83   12 Mg  -0.13556579E-02     -0.85068817
    84   12 Mg  -0.13556550E-02     -0.85068633
    85   12 Mg  -0.13555645E-02     -0.85062958
    86   12 Mg  -0.13556503E-02     -0.85068342
    87   12 Mg  -0.13533548E-02     -0.84924297
    88   12 Mg  -0.13558165E-02     -0.85078772
    89   12 Mg  -0.13559087E-02     -0.85084552
    90   12 Mg  -0.13662105E-02     -0.85731006
    91   12 Mg  -0.13536206E-02     -0.84940972
    92   12 Mg  -0.13533522E-02     -0.84924134
    93   12 Mg  -0.13606098E-02     -0.85379551
    94   12 Mg  -0.13607073E-02     -0.85385671
    95   12 Mg  -0.13560068E-02     -0.85090711
    96   12 Mg  -0.13607158E-02     -0.85386207
    97   12 Mg  -0.13608001E-02     -0.85391499
    98   12 Mg  -0.13696754E-02     -0.85948432
    99   12 Mg  -0.13699404E-02     -0.85965059
   100   12 Mg  -0.13673293E-02     -0.85801211
   101   12 Mg  -0.13674230E-02     -0.85807090
   102   12 Mg  -0.13674244E-02     -0.85807178
   103   12 Mg  -0.13674210E-02     -0.85806966
   104   12 Mg  -0.13674218E-02     -0.85807011
   105   12 Mg  -0.13673225E-02     -0.85800785
   106   12 Mg  -0.13571526E-02     -0.85162613
   107   12 Mg  -0.13571428E-02     -0.85161998
   108   12 Mg  -0.13571514E-02     -0.85162535
   109   12 Mg  -0.13560271E-02     -0.85091986
   110   12 Mg  -0.13561147E-02     -0.85097480
   111   12 Mg  -0.13560256E-02     -0.85091888
   112   12 Mg  -0.13560253E-02     -0.85091875
   113   12 Mg  -0.13560161E-02     -0.85091295
   114   12 Mg  -0.13560173E-02     -0.85091369
   115   12 Mg  -0.13593851E-02     -0.85302701
   116   12 Mg  -0.13593845E-02     -0.85302664
   117   12 Mg  -0.13593824E-02     -0.85302532
   118   12 Mg  -0.13611480E-02     -0.85413329
   119   12 Mg  -0.13611522E-02     -0.85413591
   120   12 Mg  -0.13611390E-02     -0.85412762
   121   12 Mg  -0.13753315E-02     -0.86303353
   122   12 Mg  -0.13566646E-02     -0.85131991
   123   12 Mg  -0.13567500E-02     -0.85137347
   124   12 Mg  -0.13566614E-02     -0.85131791
   125   12 Mg  -0.13313291E-02     -0.83542160
   126   12 Mg  -0.13313334E-02     -0.83542431
   127   12 Mg  -0.13313306E-02     -0.83542254
   128   12 Mg  -0.13627112E-02     -0.85511419
   129   12 Mg  -0.13627162E-02     -0.85511736
   130   12 Mg  -0.13627152E-02     -0.85511670
   131   12 Mg  -0.13623152E-02     -0.85486571
   132   12 Mg  -0.13623223E-02     -0.85487014
   133   12 Mg  -0.13623177E-02     -0.85486728
   134   12 Mg  -0.13679195E-02     -0.85838245
   135   12 Mg  -0.13591458E-02     -0.85287687
   136   12 Mg  -0.13591408E-02     -0.85287376
   137   12 Mg  -0.13591468E-02     -0.85287750
   138   12 Mg  -0.13648087E-02     -0.85643042
   139   12 Mg  -0.13648073E-02     -0.85642949
   140   12 Mg  -0.13648099E-02     -0.85643115
   141   12 Mg  -0.13648085E-02     -0.85643028
   142   12 Mg  -0.13648062E-02     -0.85642883
   143   12 Mg  -0.13648048E-02     -0.85642797
   144   12 Mg  -0.13631189E-02     -0.85537004
   145   12 Mg  -0.13631157E-02     -0.85536801
   146   12 Mg  -0.13631218E-02     -0.85537184
   147   12 Mg  -0.13631137E-02     -0.85536675
   148   12 Mg  -0.13631156E-02     -0.85536798
   149   12 Mg  -0.13631176E-02     -0.85536921
   150   51 Sb  -0.10578060E-02     -0.66378327
--------------------------------------------------

Dispersion energy:      -2.0369051177728E-01 Eh

[Info] Dispersion energy written to .EDISP
