-----------------------------------
 s i m p l e   D F T - D 3  v1.2.1
-----------------------------------

Zero (Chai-Head-Gordon) damping: pbe-D3(0)
--------------------
  s6         1.0000
  s8         0.7220
  s9         0.0000
 rs6         1.2170
 rs8         1.0000
 alp        14.0000
--------------------

Atomic radii (in Angstrom):
-------------------------------------------
   Z          R(cov)     R(vdw)      r4/r2
-------------------------------------------
  65 Tb       2.0133     2.1214     4.6599
  12 Mg       1.6667     1.7420     2.8909
-------------------------------------------

Atomic reference systems (in atomic units):
----------------------------------------------------------------------------
   Z        #      CN    C6(AA)   #      CN    C6(AA)   #      CN    C6(AA)
----------------------------------------------------------------------------
  65 Tb     1  0.0000 2851.6677   2  2.9086  524.9195
  12 Mg     1  0.0000  683.3758   2  0.9628  451.2708   3  1.9496  175.5616
----------------------------------------------------------------------------

Dispersion properties (in atomic units):
--------------------------------------------------------
     #    Z                CN       C6(AA)       C8(AA)
--------------------------------------------------------
     1   65 Tb         0.0342    2851.6677  663385.7491
     2   12 Mg         0.0160     676.4412   60562.9873
     3   12 Mg         0.0160     676.4406   60562.9382
     4   12 Mg         0.0160     676.4406   60562.9384
     5   12 Mg         0.0171     676.3828   60557.7602
     6   12 Mg         0.0171     676.3828   60557.7604
     7   12 Mg         0.0161     676.4372   60562.6265
     8   12 Mg         0.0161     676.4372   60562.6265
     9   12 Mg         0.0160     676.4412   60562.9864
    10   12 Mg         0.0160     676.4412   60562.9869
    11   12 Mg         0.0163     676.4264   60561.6670
    12   12 Mg         0.0160     676.4406   60562.9380
    13   12 Mg         0.0161     676.4372   60562.6264
    14   12 Mg         0.0161     676.4372   60562.6264
    15   12 Mg         0.0162     676.4317   60562.1394
    16   12 Mg         0.0162     676.4317   60562.1395
    17   12 Mg         0.0163     676.4264   60561.6667
    18   12 Mg         0.0163     676.4264   60561.6667
    19   12 Mg         0.0171     676.3828   60557.7599
    20   12 Mg         0.0171     676.3828   60557.7604
    21   12 Mg         0.0162     676.4317   60562.1398
    22   12 Mg         0.0171     676.3828   60557.7602
    23   12 Mg         0.0171     676.3828   60557.7601
    24   12 Mg         0.0161     676.4372   60562.6265
    25   12 Mg         0.0161     676.4372   60562.6264
    26   12 Mg         0.0157     676.4541   60564.1388
    27   12 Mg         0.0157     676.4541   60564.1390
    28   12 Mg         0.0157     676.4541   60564.1390
    29   12 Mg         0.0158     676.4517   60563.9287
    30   12 Mg         0.0158     676.4501   60563.7816
    31   12 Mg         0.0158     676.4501   60563.7816
    32   12 Mg         0.0158     676.4501   60563.7815
    33   12 Mg         0.0158     676.4501   60563.7813
    34   12 Mg         0.0158     676.4501   60563.7816
    35   12 Mg         0.0158     676.4501   60563.7811
    36   12 Mg         0.0161     676.4370   60562.6134
    37   12 Mg         0.0161     676.4370   60562.6141
    38   12 Mg         0.0161     676.4370   60562.6142
    39   12 Mg         0.0163     676.4263   60561.6535
    40   12 Mg         0.0163     676.4263   60561.6536
    41   12 Mg         0.0163     676.4263   60561.6536
    42   12 Mg         0.0161     676.4352   60562.4465
    43   12 Mg         0.0161     676.4352   60562.4463
    44   12 Mg         0.0161     676.4352   60562.4465
    45   12 Mg         0.0161     676.4351   60562.4462
    46   12 Mg         0.0161     676.4352   60562.4465
    47   12 Mg         0.0161     676.4351   60562.4462
    48   12 Mg         0.0173     676.3754   60557.0988
    49   12 Mg         0.0173     676.3754   60557.0985
    50   12 Mg         0.0173     676.3754   60557.0988
    51   12 Mg         0.0159     676.4477   60563.5676
    52   12 Mg         0.0159     676.4477   60563.5676
    53   12 Mg         0.0159     676.4477   60563.5673
    54   12 Mg         0.0159     676.4477   60563.5654
    55   12 Mg         0.0159     676.4476   60563.5650
    56   12 Mg         0.0159     676.4476   60563.5653
    57   12 Mg         0.0160     676.4414   60563.0057
    58   12 Mg         0.0160     676.4414   60563.0058
    59   12 Mg         0.0160     676.4414   60563.0058
    60   12 Mg         0.0160     676.4414   60563.0053
    61   12 Mg         0.0160     676.4414   60563.0053
    62   12 Mg         0.0160     676.4414   60563.0053
    63   12 Mg         0.0161     676.4365   60562.5647
    64   12 Mg         0.0161     676.4365   60562.5646
    65   12 Mg         0.0161     676.4365   60562.5647
    66   12 Mg         0.0161     676.4365   60562.5638
    67   12 Mg         0.0161     676.4365   60562.5639
    68   12 Mg         0.0161     676.4365   60562.5644
    69   12 Mg         0.0161     676.4364   60562.5572
    70   12 Mg         0.0161     676.4364   60562.5570
    71   12 Mg         0.0161     676.4364   60562.5575
    72   12 Mg         0.0161     676.4347   60562.4019
    73   12 Mg         0.0161     676.4347   60562.4024
    74   12 Mg         0.0161     676.4347   60562.4023
    75   12 Mg         0.0159     676.4440   60563.2420
    76   12 Mg         0.0159     676.4452   60563.3444
    77   12 Mg         0.0159     676.4452   60563.3449
    78   12 Mg         0.0159     676.4440   60563.2366
    79   12 Mg         0.0160     676.4429   60563.1432
    80   12 Mg         0.0160     676.4429   60563.1436
    81   12 Mg         0.0160     676.4429   60563.1433
    82   12 Mg         0.0160     676.4429   60563.1436
    83   12 Mg         0.0160     676.4421   60563.0714
    84   12 Mg         0.0160     676.4394   60562.8300
    85   12 Mg         0.0160     676.4394   60562.8293
    86   12 Mg         0.0160     676.4429   60563.1432
    87   12 Mg         0.0160     676.4429   60563.1429
    88   12 Mg         0.0160     676.4386   60562.7570
    89   12 Mg         0.0160     676.4386   60562.7573
    90   12 Mg         0.0161     676.4362   60562.5405
    91   12 Mg         0.0159     676.4452   60563.3439
    92   12 Mg         0.0160     676.4394   60562.8294
    93   12 Mg         0.0160     676.4394   60562.8297
    94   12 Mg         0.0161     676.4362   60562.5404
    95   12 Mg         0.0161     676.4362   60562.5408
    96   12 Mg         0.0159     676.4440   60563.2360
    97   12 Mg         0.0159     676.4440   60563.2367
    98   12 Mg         0.0160     676.4394   60562.8302
    99   12 Mg         0.0160     676.4394   60562.8299
   100   12 Mg         0.0160     676.4386   60562.7572
   101   12 Mg         0.0159     676.4440   60563.2420
   102   12 Mg         0.0161     676.4347   60562.4019
   103   12 Mg         0.0161     676.4347   60562.4024
   104   12 Mg         0.0161     676.4347   60562.4023
   105   12 Mg         0.0161     676.4364   60562.5572
   106   12 Mg         0.0161     676.4364   60562.5570
   107   12 Mg         0.0161     676.4364   60562.5575
   108   12 Mg         0.0161     676.4365   60562.5647
   109   12 Mg         0.0161     676.4365   60562.5646
   110   12 Mg         0.0161     676.4365   60562.5647
   111   12 Mg         0.0161     676.4365   60562.5638
   112   12 Mg         0.0161     676.4365   60562.5639
   113   12 Mg         0.0161     676.4365   60562.5644
   114   12 Mg         0.0160     676.4414   60563.0057
   115   12 Mg         0.0160     676.4414   60563.0058
   116   12 Mg         0.0160     676.4414   60563.0058
   117   12 Mg         0.0160     676.4414   60563.0053
   118   12 Mg         0.0160     676.4414   60563.0053
   119   12 Mg         0.0160     676.4414   60563.0053
   120   12 Mg         0.0159     676.4477   60563.5654
   121   12 Mg         0.0159     676.4476   60563.5650
   122   12 Mg         0.0159     676.4476   60563.5653
   123   12 Mg         0.0159     676.4477   60563.5676
   124   12 Mg         0.0159     676.4477   60563.5676
   125   12 Mg         0.0159     676.4477   60563.5673
   126   12 Mg         0.0173     676.3754   60557.0988
   127   12 Mg         0.0173     676.3754   60557.0985
   128   12 Mg         0.0173     676.3754   60557.0988
   129   12 Mg         0.0161     676.4352   60562.4465
   130   12 Mg         0.0161     676.4352   60562.4463
   131   12 Mg         0.0161     676.4352   60562.4465
   132   12 Mg         0.0161     676.4351   60562.4462
   133   12 Mg         0.0161     676.4352   60562.4465
   134   12 Mg         0.0161     676.4351   60562.4462
   135   12 Mg         0.0163     676.4263   60561.6535
   136   12 Mg         0.0163     676.4263   60561.6536
   137   12 Mg         0.0163     676.4263   60561.6536
   138   12 Mg         0.0161     676.4370   60562.6134
   139   12 Mg         0.0161     676.4370   60562.6141
   140   12 Mg         0.0161     676.4370   60562.6142
   141   12 Mg         0.0158     676.4501   60563.7816
   142   12 Mg         0.0158     676.4501   60563.7816
   143   12 Mg         0.0158     676.4501   60563.7815
   144   12 Mg         0.0158     676.4501   60563.7813
   145   12 Mg         0.0158     676.4501   60563.7816
   146   12 Mg         0.0158     676.4501   60563.7811
   147   12 Mg         0.0158     676.4517   60563.9287
   148   12 Mg         0.0157     676.4541   60564.1388
   149   12 Mg         0.0157     676.4541   60564.1390
   150   12 Mg         0.0157     676.4541   60564.1390
--------------------------------------------------------

Atom-resolved dispersion energies:
--------------------------------------------------
     #    Z           [Hartree]      [kcal/mol]
--------------------------------------------------
     1   65 Tb  -0.85236846E-02     -5.34869284
     2   12 Mg  -0.42116109E-02     -2.64282572
     3   12 Mg  -0.42167132E-02     -2.64602746
     4   12 Mg  -0.42167085E-02     -2.64602455
     5   12 Mg  -0.44519849E-02     -2.79366270
     6   12 Mg  -0.44519791E-02     -2.79365907
     7   12 Mg  -0.42258725E-02     -2.65177502
     8   12 Mg  -0.42258701E-02     -2.65177350
     9   12 Mg  -0.42116434E-02     -2.64284613
    10   12 Mg  -0.42116244E-02     -2.64283419
    11   12 Mg  -0.42637437E-02     -2.67553956
    12   12 Mg  -0.42167229E-02     -2.64603359
    13   12 Mg  -0.42258770E-02     -2.65177786
    14   12 Mg  -0.42258761E-02     -2.65177727
    15   12 Mg  -0.42451217E-02     -2.66385406
    16   12 Mg  -0.42451179E-02     -2.66385169
    17   12 Mg  -0.42637523E-02     -2.67554494
    18   12 Mg  -0.42637528E-02     -2.67554526
    19   12 Mg  -0.44519941E-02     -2.79366849
    20   12 Mg  -0.44519794E-02     -2.79365924
    21   12 Mg  -0.42451089E-02     -2.66384605
    22   12 Mg  -0.44519853E-02     -2.79366297
    23   12 Mg  -0.44519904E-02     -2.79366617
    24   12 Mg  -0.42258705E-02     -2.65177380
    25   12 Mg  -0.42258751E-02     -2.65177668
    26   12 Mg  -0.41954884E-02     -2.63270873
    27   12 Mg  -0.41954807E-02     -2.63270389
    28   12 Mg  -0.41954809E-02     -2.63270404
    29   12 Mg  -0.41793170E-02     -2.62256103
    30   12 Mg  -0.41851412E-02     -2.62621576
    31   12 Mg  -0.41851412E-02     -2.62621577
    32   12 Mg  -0.41851454E-02     -2.62621838
    33   12 Mg  -0.41851516E-02     -2.62622227
    34   12 Mg  -0.41851424E-02     -2.62621649
    35   12 Mg  -0.41851607E-02     -2.62622800
    36   12 Mg  -0.42272317E-02     -2.65262794
    37   12 Mg  -0.42272039E-02     -2.65261050
    38   12 Mg  -0.42272033E-02     -2.65261010
    39   12 Mg  -0.42612030E-02     -2.67394523
    40   12 Mg  -0.42611975E-02     -2.67394178
    41   12 Mg  -0.42611985E-02     -2.67394241
    42   12 Mg  -0.42373839E-02     -2.65899851
    43   12 Mg  -0.42373904E-02     -2.65900265
    44   12 Mg  -0.42373844E-02     -2.65899886
    45   12 Mg  -0.42373942E-02     -2.65900501
    46   12 Mg  -0.42373841E-02     -2.65899867
    47   12 Mg  -0.42373930E-02     -2.65900427
    48   12 Mg  -0.44735685E-02     -2.80720659
    49   12 Mg  -0.44735777E-02     -2.80721239
    50   12 Mg  -0.44735685E-02     -2.80720662
    51   12 Mg  -0.41912980E-02     -2.63007921
    52   12 Mg  -0.41912989E-02     -2.63007976
    53   12 Mg  -0.41913089E-02     -2.63008604
    54   12 Mg  -0.41922226E-02     -2.63065940
    55   12 Mg  -0.41922369E-02     -2.63066840
    56   12 Mg  -0.41922274E-02     -2.63066244
    57   12 Mg  -0.42138779E-02     -2.64424830
    58   12 Mg  -0.42138721E-02     -2.64424463
    59   12 Mg  -0.42138726E-02     -2.64424498
    60   12 Mg  -0.42138903E-02     -2.64425611
    61   12 Mg  -0.42138907E-02     -2.64425633
    62   12 Mg  -0.42138909E-02     -2.64425647
    63   12 Mg  -0.42270271E-02     -2.65249956
    64   12 Mg  -0.42270317E-02     -2.65250243
    65   12 Mg  -0.42270271E-02     -2.65249956
    66   12 Mg  -0.42270604E-02     -2.65252045
    67   12 Mg  -0.42270561E-02     -2.65251773
    68   12 Mg  -0.42270368E-02     -2.65250564
    69   12 Mg  -0.42311748E-02     -2.65510227
    70   12 Mg  -0.42311855E-02     -2.65510898
    71   12 Mg  -0.42311662E-02     -2.65509688
    72   12 Mg  -0.42355170E-02     -2.65782707
    73   12 Mg  -0.42354992E-02     -2.65781588
    74   12 Mg  -0.42355033E-02     -2.65781844
    75   12 Mg  -0.42124392E-02     -2.64334552
    76   12 Mg  -0.42003113E-02     -2.63573513
    77   12 Mg  -0.42002922E-02     -2.63572317
    78   12 Mg  -0.42040408E-02     -2.63807540
    79   12 Mg  -0.42073448E-02     -2.64014870
    80   12 Mg  -0.42073314E-02     -2.64014031
    81   12 Mg  -0.42073427E-02     -2.64014741
    82   12 Mg  -0.42073317E-02     -2.64014050
    83   12 Mg  -0.42083051E-02     -2.64075133
    84   12 Mg  -0.42189643E-02     -2.64744008
    85   12 Mg  -0.42189896E-02     -2.64745597
    86   12 Mg  -0.42073473E-02     -2.64015027
    87   12 Mg  -0.42073548E-02     -2.64015498
    88   12 Mg  -0.42218085E-02     -2.64922482
    89   12 Mg  -0.42217962E-02     -2.64921711
    90   12 Mg  -0.42295152E-02     -2.65406085
    91   12 Mg  -0.42003297E-02     -2.63574670
    92   12 Mg  -0.42189880E-02     -2.64745495
    93   12 Mg  -0.42189788E-02     -2.64744916
    94   12 Mg  -0.42295180E-02     -2.65406261
    95   12 Mg  -0.42295055E-02     -2.65405475
    96   12 Mg  -0.42040619E-02     -2.63808867
    97   12 Mg  -0.42040363E-02     -2.63807258
    98   12 Mg  -0.42189596E-02     -2.64743710
    99   12 Mg  -0.42189691E-02     -2.64744306
   100   12 Mg  -0.42218000E-02     -2.64921950
   101   12 Mg  -0.42124392E-02     -2.64334552
   102   12 Mg  -0.42355170E-02     -2.65782707
   103   12 Mg  -0.42354992E-02     -2.65781588
   104   12 Mg  -0.42355033E-02     -2.65781844
   105   12 Mg  -0.42311748E-02     -2.65510227
   106   12 Mg  -0.42311855E-02     -2.65510898
   107   12 Mg  -0.42311662E-02     -2.65509688
   108   12 Mg  -0.42270271E-02     -2.65249956
   109   12 Mg  -0.42270317E-02     -2.65250243
   110   12 Mg  -0.42270271E-02     -2.65249956
   111   12 Mg  -0.42270604E-02     -2.65252045
   112   12 Mg  -0.42270561E-02     -2.65251773
   113   12 Mg  -0.42270368E-02     -2.65250564
   114   12 Mg  -0.42138779E-02     -2.64424830
   115   12 Mg  -0.42138721E-02     -2.64424463
   116   12 Mg  -0.42138726E-02     -2.64424498
   117   12 Mg  -0.42138903E-02     -2.64425611
   118   12 Mg  -0.42138907E-02     -2.64425633
   119   12 Mg  -0.42138909E-02     -2.64425647
   120   12 Mg  -0.41922226E-02     -2.63065940
   121   12 Mg  -0.41922369E-02     -2.63066840
   122   12 Mg  -0.41922274E-02     -2.63066244
   123   12 Mg  -0.41912980E-02     -2.63007921
   124   12 Mg  -0.41912989E-02     -2.63007976
   125   12 Mg  -0.41913089E-02     -2.63008604
   126   12 Mg  -0.44735685E-02     -2.80720659
   127   12 Mg  -0.44735777E-02     -2.80721239
   128   12 Mg  -0.44735685E-02     -2.80720662
   129   12 Mg  -0.42373839E-02     -2.65899851
   130   12 Mg  -0.42373904E-02     -2.65900265
   131   12 Mg  -0.42373844E-02     -2.65899886
   132   12 Mg  -0.42373942E-02     -2.65900501
   133   12 Mg  -0.42373841E-02     -2.65899867
   134   12 Mg  -0.42373930E-02     -2.65900427
   135   12 Mg  -0.42612030E-02     -2.67394523
   136   12 Mg  -0.42611975E-02     -2.67394178
   137   12 Mg  -0.42611985E-02     -2.67394241
   138   12 Mg  -0.42272317E-02     -2.65262794
   139   12 Mg  -0.42272039E-02     -2.65261050
   140   12 Mg  -0.42272033E-02     -2.65261010
   141   12 Mg  -0.41851412E-02     -2.62621576
   142   12 Mg  -0.41851412E-02     -2.62621577
   143   12 Mg  -0.41851454E-02     -2.62621838
   144   12 Mg  -0.41851516E-02     -2.62622227
   145   12 Mg  -0.41851424E-02     -2.62621649
   146   12 Mg  -0.41851607E-02     -2.62622800
   147   12 Mg  -0.41793170E-02     -2.62256103
   148   12 Mg  -0.41954884E-02     -2.63270873
   149   12 Mg  -0.41954807E-02     -2.63270389
   150   12 Mg  -0.41954809E-02     -2.63270404
--------------------------------------------------

Dispersion energy:      -6.3992676978013E-01 Eh

[Info] Dispersion energy written to .EDISP
