-----------------------------------
 s i m p l e   D F T - D 3  v1.2.1
-----------------------------------

Zero (Chai-Head-Gordon) damping: pbe-D3(0)
--------------------
  s6         1.0000
  s8         0.7220
  s9         0.0000
 rs6         1.2170
 rs8         1.0000
 alp        14.0000
--------------------

Atomic radii (in Angstrom):
-------------------------------------------
   Z          R(cov)     R(vdw)      r4/r2
-------------------------------------------
  65 Tb       2.0133     2.1214     4.6599
  12 Mg       1.6667     1.7420     2.8909
-------------------------------------------

Atomic reference systems (in atomic units):
----------------------------------------------------------------------------
   Z        #      CN    C6(AA)   #      CN    C6(AA)   #      CN    C6(AA)
----------------------------------------------------------------------------
  65 Tb     1  0.0000 2851.6677   2  2.9086  524.9195
  12 Mg     1  0.0000  683.3758   2  0.9628  451.2708   3  1.9496  175.5616
----------------------------------------------------------------------------

Dispersion properties (in atomic units):
--------------------------------------------------------
     #    Z                CN       C6(AA)       C8(AA)
--------------------------------------------------------
     1   65 Tb         0.0048    2851.6677  663385.7491
     2   12 Mg         0.0026     677.1008   60622.0444
     3   12 Mg         0.0026     677.1007   60622.0323
     4   12 Mg         0.0026     677.1007   60622.0323
     5   12 Mg         0.0028     677.0950   60621.5273
     6   12 Mg         0.0028     677.0950   60621.5273
     7   12 Mg         0.0027     677.1003   60621.9963
     8   12 Mg         0.0027     677.1003   60621.9963
     9   12 Mg         0.0026     677.1008   60622.0443
    10   12 Mg         0.0026     677.1008   60622.0444
    11   12 Mg         0.0027     677.0990   60621.8836
    12   12 Mg         0.0026     677.1007   60622.0323
    13   12 Mg         0.0027     677.1003   60621.9963
    14   12 Mg         0.0027     677.1003   60621.9963
    15   12 Mg         0.0027     677.0997   60621.9416
    16   12 Mg         0.0027     677.0997   60621.9416
    17   12 Mg         0.0027     677.0990   60621.8835
    18   12 Mg         0.0027     677.0990   60621.8835
    19   12 Mg         0.0028     677.0950   60621.5272
    20   12 Mg         0.0028     677.0950   60621.5273
    21   12 Mg         0.0027     677.0997   60621.9417
    22   12 Mg         0.0028     677.0950   60621.5273
    23   12 Mg         0.0028     677.0950   60621.5272
    24   12 Mg         0.0027     677.1003   60621.9963
    25   12 Mg         0.0027     677.1003   60621.9963
    26   12 Mg         0.0026     677.1020   60622.1538
    27   12 Mg         0.0026     677.1020   60622.1538
    28   12 Mg         0.0026     677.1020   60622.1538
    29   12 Mg         0.0026     677.1020   60622.1491
    30   12 Mg         0.0026     677.1018   60622.1341
    31   12 Mg         0.0026     677.1018   60622.1341
    32   12 Mg         0.0026     677.1018   60622.1340
    33   12 Mg         0.0026     677.1018   60622.1340
    34   12 Mg         0.0026     677.1018   60622.1341
    35   12 Mg         0.0026     677.1018   60622.1340
    36   12 Mg         0.0027     677.1003   60621.9977
    37   12 Mg         0.0027     677.1003   60621.9978
    38   12 Mg         0.0027     677.1003   60621.9978
    39   12 Mg         0.0027     677.0991   60621.8876
    40   12 Mg         0.0027     677.0991   60621.8877
    41   12 Mg         0.0027     677.0991   60621.8877
    42   12 Mg         0.0027     677.1000   60621.9713
    43   12 Mg         0.0027     677.1000   60621.9712
    44   12 Mg         0.0027     677.1000   60621.9713
    45   12 Mg         0.0027     677.1000   60621.9712
    46   12 Mg         0.0027     677.1000   60621.9713
    47   12 Mg         0.0027     677.1000   60621.9712
    48   12 Mg         0.0028     677.0942   60621.4557
    49   12 Mg         0.0028     677.0942   60621.4557
    50   12 Mg         0.0028     677.0942   60621.4557
    51   12 Mg         0.0026     677.1015   60622.1100
    52   12 Mg         0.0026     677.1015   60622.1100
    53   12 Mg         0.0026     677.1015   60622.1100
    54   12 Mg         0.0026     677.1015   60622.1073
    55   12 Mg         0.0026     677.1015   60622.1073
    56   12 Mg         0.0026     677.1015   60622.1073
    57   12 Mg         0.0026     677.1007   60622.0385
    58   12 Mg         0.0026     677.1007   60622.0385
    59   12 Mg         0.0026     677.1007   60622.0385
    60   12 Mg         0.0026     677.1007   60622.0384
    61   12 Mg         0.0026     677.1007   60622.0384
    62   12 Mg         0.0026     677.1007   60622.0384
    63   12 Mg         0.0027     677.1003   60621.9944
    64   12 Mg         0.0027     677.1003   60621.9944
    65   12 Mg         0.0027     677.1003   60621.9944
    66   12 Mg         0.0027     677.1003   60621.9943
    67   12 Mg         0.0027     677.1003   60621.9943
    68   12 Mg         0.0027     677.1003   60621.9944
    69   12 Mg         0.0027     677.1002   60621.9871
    70   12 Mg         0.0027     677.1002   60621.9871
    71   12 Mg         0.0027     677.1002   60621.9872
    72   12 Mg         0.0027     677.1000   60621.9726
    73   12 Mg         0.0027     677.1000   60621.9727
    74   12 Mg         0.0027     677.1000   60621.9727
    75   12 Mg         0.0026     677.1010   60622.0606
    76   12 Mg         0.0026     677.1012   60622.0826
    77   12 Mg         0.0026     677.1012   60622.0827
    78   12 Mg         0.0026     677.1011   60622.0715
    79   12 Mg         0.0026     677.1010   60622.0588
    80   12 Mg         0.0026     677.1010   60622.0589
    81   12 Mg         0.0026     677.1010   60622.0588
    82   12 Mg         0.0026     677.1010   60622.0589
    83   12 Mg         0.0026     677.1009   60622.0523
    84   12 Mg         0.0027     677.1006   60622.0218
    85   12 Mg         0.0027     677.1006   60622.0218
    86   12 Mg         0.0026     677.1010   60622.0588
    87   12 Mg         0.0026     677.1010   60622.0588
    88   12 Mg         0.0027     677.1005   60622.0124
    89   12 Mg         0.0027     677.1005   60622.0124
    90   12 Mg         0.0027     677.1002   60621.9878
    91   12 Mg         0.0026     677.1012   60622.0826
    92   12 Mg         0.0027     677.1006   60622.0218
    93   12 Mg         0.0027     677.1006   60622.0218
    94   12 Mg         0.0027     677.1002   60621.9878
    95   12 Mg         0.0027     677.1002   60621.9878
    96   12 Mg         0.0026     677.1011   60622.0714
    97   12 Mg         0.0026     677.1011   60622.0715
    98   12 Mg         0.0027     677.1006   60622.0219
    99   12 Mg         0.0027     677.1006   60622.0218
   100   12 Mg         0.0027     677.1005   60622.0124
   101   12 Mg         0.0026     677.1010   60622.0606
   102   12 Mg         0.0027     677.1000   60621.9726
   103   12 Mg         0.0027     677.1000   60621.9727
   104   12 Mg         0.0027     677.1000   60621.9727
   105   12 Mg         0.0027     677.1002   60621.9871
   106   12 Mg         0.0027     677.1002   60621.9871
   107   12 Mg         0.0027     677.1002   60621.9872
   108   12 Mg         0.0027     677.1003   60621.9944
   109   12 Mg         0.0027     677.1003   60621.9944
   110   12 Mg         0.0027     677.1003   60621.9944
   111   12 Mg         0.0027     677.1003   60621.9943
   112   12 Mg         0.0027     677.1003   60621.9943
   113   12 Mg         0.0027     677.1003   60621.9944
   114   12 Mg         0.0026     677.1007   60622.0385
   115   12 Mg         0.0026     677.1007   60622.0385
   116   12 Mg         0.0026     677.1007   60622.0385
   117   12 Mg         0.0026     677.1007   60622.0384
   118   12 Mg         0.0026     677.1007   60622.0384
   119   12 Mg         0.0026     677.1007   60622.0384
   120   12 Mg         0.0026     677.1015   60622.1073
   121   12 Mg         0.0026     677.1015   60622.1073
   122   12 Mg         0.0026     677.1015   60622.1073
   123   12 Mg         0.0026     677.1015   60622.1100
   124   12 Mg         0.0026     677.1015   60622.1100
   125   12 Mg         0.0026     677.1015   60622.1100
   126   12 Mg         0.0028     677.0942   60621.4557
   127   12 Mg         0.0028     677.0942   60621.4557
   128   12 Mg         0.0028     677.0942   60621.4557
   129   12 Mg         0.0027     677.1000   60621.9713
   130   12 Mg         0.0027     677.1000   60621.9712
   131   12 Mg         0.0027     677.1000   60621.9713
   132   12 Mg         0.0027     677.1000   60621.9712
   133   12 Mg         0.0027     677.1000   60621.9713
   134   12 Mg         0.0027     677.1000   60621.9712
   135   12 Mg         0.0027     677.0991   60621.8876
   136   12 Mg         0.0027     677.0991   60621.8877
   137   12 Mg         0.0027     677.0991   60621.8877
   138   12 Mg         0.0027     677.1003   60621.9977
   139   12 Mg         0.0027     677.1003   60621.9978
   140   12 Mg         0.0027     677.1003   60621.9978
   141   12 Mg         0.0026     677.1018   60622.1341
   142   12 Mg         0.0026     677.1018   60622.1341
   143   12 Mg         0.0026     677.1018   60622.1340
   144   12 Mg         0.0026     677.1018   60622.1340
   145   12 Mg         0.0026     677.1018   60622.1341
   146   12 Mg         0.0026     677.1018   60622.1340
   147   12 Mg         0.0026     677.1020   60622.1491
   148   12 Mg         0.0026     677.1020   60622.1538
   149   12 Mg         0.0026     677.1020   60622.1538
   150   12 Mg         0.0026     677.1020   60622.1538
--------------------------------------------------------

Atom-resolved dispersion energies:
--------------------------------------------------
     #    Z           [Hartree]      [kcal/mol]
--------------------------------------------------
     1   65 Tb  -0.20648114E-02     -1.29568875
     2   12 Mg  -0.10160079E-02     -0.63755461
     3   12 Mg  -0.10172427E-02     -0.63832943
     4   12 Mg  -0.10172415E-02     -0.63832869
     5   12 Mg  -0.10750348E-02     -0.67459452
     6   12 Mg  -0.10750333E-02     -0.67459356
     7   12 Mg  -0.10197256E-02     -0.63988747
     8   12 Mg  -0.10197250E-02     -0.63988710
     9   12 Mg  -0.10160163E-02     -0.63755986
    10   12 Mg  -0.10160114E-02     -0.63755679
    11   12 Mg  -0.10293717E-02     -0.64594051
    12   12 Mg  -0.10172452E-02     -0.63833102
    13   12 Mg  -0.10197267E-02     -0.63988819
    14   12 Mg  -0.10197266E-02     -0.63988811
    15   12 Mg  -0.10246168E-02     -0.64295672
    16   12 Mg  -0.10246157E-02     -0.64295606
    17   12 Mg  -0.10293739E-02     -0.64594190
    18   12 Mg  -0.10293741E-02     -0.64594199
    19   12 Mg  -0.10750373E-02     -0.67459607
    20   12 Mg  -0.10750333E-02     -0.67459360
    21   12 Mg  -0.10246134E-02     -0.64295462
    22   12 Mg  -0.10750349E-02     -0.67459458
    23   12 Mg  -0.10750363E-02     -0.67459545
    24   12 Mg  -0.10197251E-02     -0.63988717
    25   12 Mg  -0.10197264E-02     -0.63988797
    26   12 Mg  -0.10107655E-02     -0.63426495
    27   12 Mg  -0.10107636E-02     -0.63426371
    28   12 Mg  -0.10107636E-02     -0.63426375
    29   12 Mg  -0.10076595E-02     -0.63231591
    30   12 Mg  -0.10091571E-02     -0.63325563
    31   12 Mg  -0.10091571E-02     -0.63325563
    32   12 Mg  -0.10091581E-02     -0.63325629
    33   12 Mg  -0.10091597E-02     -0.63325724
    34   12 Mg  -0.10091573E-02     -0.63325578
    35   12 Mg  -0.10091620E-02     -0.63325872
    36   12 Mg  -0.10199857E-02     -0.64005067
    37   12 Mg  -0.10199785E-02     -0.64004618
    38   12 Mg  -0.10199784E-02     -0.64004609
    39   12 Mg  -0.10287750E-02     -0.64556609
    40   12 Mg  -0.10287736E-02     -0.64556520
    41   12 Mg  -0.10287739E-02     -0.64556536
    42   12 Mg  -0.10224943E-02     -0.64162487
    43   12 Mg  -0.10224960E-02     -0.64162594
    44   12 Mg  -0.10224945E-02     -0.64162496
    45   12 Mg  -0.10224970E-02     -0.64162657
    46   12 Mg  -0.10224944E-02     -0.64162492
    47   12 Mg  -0.10224967E-02     -0.64162638
    48   12 Mg  -0.10806727E-02     -0.67813237
    49   12 Mg  -0.10806752E-02     -0.67813391
    50   12 Mg  -0.10806727E-02     -0.67813237
    51   12 Mg  -0.10107922E-02     -0.63428166
    52   12 Mg  -0.10107924E-02     -0.63428179
    53   12 Mg  -0.10107950E-02     -0.63428341
    54   12 Mg  -0.10109606E-02     -0.63438738
    55   12 Mg  -0.10109643E-02     -0.63438969
    56   12 Mg  -0.10109619E-02     -0.63438816
    57   12 Mg  -0.10165564E-02     -0.63789877
    58   12 Mg  -0.10165549E-02     -0.63789783
    59   12 Mg  -0.10165550E-02     -0.63789792
    60   12 Mg  -0.10165596E-02     -0.63790078
    61   12 Mg  -0.10165597E-02     -0.63790083
    62   12 Mg  -0.10165597E-02     -0.63790086
    63   12 Mg  -0.10199736E-02     -0.64004312
    64   12 Mg  -0.10199748E-02     -0.64004386
    65   12 Mg  -0.10199736E-02     -0.64004312
    66   12 Mg  -0.10199822E-02     -0.64004849
    67   12 Mg  -0.10199811E-02     -0.64004779
    68   12 Mg  -0.10199761E-02     -0.64004468
    69   12 Mg  -0.10209338E-02     -0.64064562
    70   12 Mg  -0.10209365E-02     -0.64064734
    71   12 Mg  -0.10209316E-02     -0.64064422
    72   12 Mg  -0.10221108E-02     -0.64138419
    73   12 Mg  -0.10221062E-02     -0.64138130
    74   12 Mg  -0.10221072E-02     -0.64138196
    75   12 Mg  -0.10158726E-02     -0.63746965
    76   12 Mg  -0.10130282E-02     -0.63568477
    77   12 Mg  -0.10130233E-02     -0.63568169
    78   12 Mg  -0.10140262E-02     -0.63631105
    79   12 Mg  -0.10148627E-02     -0.63683595
    80   12 Mg  -0.10148592E-02     -0.63683377
    81   12 Mg  -0.10148621E-02     -0.63683559
    82   12 Mg  -0.10148593E-02     -0.63683383
    83   12 Mg  -0.10151722E-02     -0.63703016
    84   12 Mg  -0.10178639E-02     -0.63871924
    85   12 Mg  -0.10178704E-02     -0.63872334
    86   12 Mg  -0.10148633E-02     -0.63683633
    87   12 Mg  -0.10148652E-02     -0.63683755
    88   12 Mg  -0.10185956E-02     -0.63917836
    89   12 Mg  -0.10185924E-02     -0.63917638
    90   12 Mg  -0.10205976E-02     -0.64043466
    91   12 Mg  -0.10130329E-02     -0.63568775
    92   12 Mg  -0.10178700E-02     -0.63872309
    93   12 Mg  -0.10178676E-02     -0.63872155
    94   12 Mg  -0.10205983E-02     -0.64043513
    95   12 Mg  -0.10205951E-02     -0.64043307
    96   12 Mg  -0.10140317E-02     -0.63631449
    97   12 Mg  -0.10140250E-02     -0.63631032
    98   12 Mg  -0.10178627E-02     -0.63871848
    99   12 Mg  -0.10178651E-02     -0.63872001
   100   12 Mg  -0.10185934E-02     -0.63917700
   101   12 Mg  -0.10158726E-02     -0.63746965
   102   12 Mg  -0.10221108E-02     -0.64138419
   103   12 Mg  -0.10221062E-02     -0.64138130
   104   12 Mg  -0.10221072E-02     -0.64138196
   105   12 Mg  -0.10209338E-02     -0.64064562
   106   12 Mg  -0.10209365E-02     -0.64064734
   107   12 Mg  -0.10209316E-02     -0.64064422
   108   12 Mg  -0.10199736E-02     -0.64004312
   109   12 Mg  -0.10199748E-02     -0.64004386
   110   12 Mg  -0.10199736E-02     -0.64004312
   111   12 Mg  -0.10199822E-02     -0.64004849
   112   12 Mg  -0.10199811E-02     -0.64004779
   113   12 Mg  -0.10199761E-02     -0.64004468
   114   12 Mg  -0.10165564E-02     -0.63789877
   115   12 Mg  -0.10165549E-02     -0.63789783
   116   12 Mg  -0.10165550E-02     -0.63789792
   117   12 Mg  -0.10165596E-02     -0.63790078
   118   12 Mg  -0.10165597E-02     -0.63790083
   119   12 Mg  -0.10165597E-02     -0.63790086
   120   12 Mg  -0.10109606E-02     -0.63438738
   121   12 Mg  -0.10109643E-02     -0.63438969
   122   12 Mg  -0.10109619E-02     -0.63438816
   123   12 Mg  -0.10107922E-02     -0.63428166
   124   12 Mg  -0.10107924E-02     -0.63428179
   125   12 Mg  -0.10107950E-02     -0.63428341
   126   12 Mg  -0.10806727E-02     -0.67813237
   127   12 Mg  -0.10806752E-02     -0.67813391
   128   12 Mg  -0.10806727E-02     -0.67813237
   129   12 Mg  -0.10224943E-02     -0.64162487
   130   12 Mg  -0.10224960E-02     -0.64162594
   131   12 Mg  -0.10224945E-02     -0.64162496
   132   12 Mg  -0.10224970E-02     -0.64162657
   133   12 Mg  -0.10224944E-02     -0.64162492
   134   12 Mg  -0.10224967E-02     -0.64162638
   135   12 Mg  -0.10287750E-02     -0.64556609
   136   12 Mg  -0.10287736E-02     -0.64556520
   137   12 Mg  -0.10287739E-02     -0.64556536
   138   12 Mg  -0.10199857E-02     -0.64005067
   139   12 Mg  -0.10199785E-02     -0.64004618
   140   12 Mg  -0.10199784E-02     -0.64004609
   141   12 Mg  -0.10091571E-02     -0.63325563
   142   12 Mg  -0.10091571E-02     -0.63325563
   143   12 Mg  -0.10091581E-02     -0.63325629
   144   12 Mg  -0.10091597E-02     -0.63325724
   145   12 Mg  -0.10091573E-02     -0.63325578
   146   12 Mg  -0.10091620E-02     -0.63325872
   147   12 Mg  -0.10076595E-02     -0.63231591
   148   12 Mg  -0.10107655E-02     -0.63426495
   149   12 Mg  -0.10107636E-02     -0.63426371
   150   12 Mg  -0.10107636E-02     -0.63426375
--------------------------------------------------

Dispersion energy:      -1.5440065864195E-01 Eh

[Info] Dispersion energy written to .EDISP
