-----------------------------------
 s i m p l e   D F T - D 3  v1.2.1
-----------------------------------

Zero (Chai-Head-Gordon) damping: pbe-D3(0)
--------------------
  s6         1.0000
  s8         0.7220
  s9         0.0000
 rs6         1.2170
 rs8         1.0000
 alp        14.0000
--------------------

Atomic radii (in Angstrom):
-------------------------------------------
   Z          R(cov)     R(vdw)      r4/r2
-------------------------------------------
  65 Tb       2.0133     2.1214     4.6599
  12 Mg       1.6667     1.7420     2.8909
-------------------------------------------

Atomic reference systems (in atomic units):
----------------------------------------------------------------------------
   Z        #      CN    C6(AA)   #      CN    C6(AA)   #      CN    C6(AA)
----------------------------------------------------------------------------
  65 Tb     1  0.0000 2851.6677   2  2.9086  524.9195
  12 Mg     1  0.0000  683.3758   2  0.9628  451.2708   3  1.9496  175.5616
----------------------------------------------------------------------------

Dispersion properties (in atomic units):
--------------------------------------------------------
     #    Z                CN       C6(AA)       C8(AA)
--------------------------------------------------------
     1   65 Tb         0.0084    2851.6677  663385.7491
     2   12 Mg         0.0044     677.0169   60614.5326
     3   12 Mg         0.0044     677.0167   60614.5137
     4   12 Mg         0.0044     677.0167   60614.5137
     5   12 Mg         0.0047     677.0055   60613.5090
     6   12 Mg         0.0047     677.0055   60613.5090
     7   12 Mg         0.0044     677.0160   60614.4479
     8   12 Mg         0.0044     677.0160   60614.4479
     9   12 Mg         0.0044     677.0169   60614.5324
    10   12 Mg         0.0044     677.0169   60614.5325
    11   12 Mg         0.0045     677.0137   60614.2422
    12   12 Mg         0.0044     677.0167   60614.5136
    13   12 Mg         0.0044     677.0160   60614.4479
    14   12 Mg         0.0044     677.0160   60614.4479
    15   12 Mg         0.0045     677.0148   60614.3456
    16   12 Mg         0.0045     677.0148   60614.3456
    17   12 Mg         0.0045     677.0137   60614.2421
    18   12 Mg         0.0045     677.0137   60614.2421
    19   12 Mg         0.0047     677.0055   60613.5089
    20   12 Mg         0.0047     677.0055   60613.5090
    21   12 Mg         0.0045     677.0148   60614.3457
    22   12 Mg         0.0047     677.0055   60613.5090
    23   12 Mg         0.0047     677.0055   60613.5089
    24   12 Mg         0.0044     677.0160   60614.4479
    25   12 Mg         0.0044     677.0160   60614.4479
    26   12 Mg         0.0044     677.0193   60614.7468
    27   12 Mg         0.0044     677.0193   60614.7469
    28   12 Mg         0.0044     677.0193   60614.7469
    29   12 Mg         0.0044     677.0191   60614.7245
    30   12 Mg         0.0044     677.0187   60614.6895
    31   12 Mg         0.0044     677.0187   60614.6895
    32   12 Mg         0.0044     677.0187   60614.6895
    33   12 Mg         0.0044     677.0187   60614.6895
    34   12 Mg         0.0044     677.0187   60614.6895
    35   12 Mg         0.0044     677.0187   60614.6894
    36   12 Mg         0.0044     677.0160   60614.4479
    37   12 Mg         0.0044     677.0160   60614.4480
    38   12 Mg         0.0044     677.0160   60614.4480
    39   12 Mg         0.0045     677.0137   60614.2462
    40   12 Mg         0.0045     677.0137   60614.2462
    41   12 Mg         0.0045     677.0137   60614.2462
    42   12 Mg         0.0044     677.0155   60614.4039
    43   12 Mg         0.0044     677.0155   60614.4038
    44   12 Mg         0.0044     677.0155   60614.4039
    45   12 Mg         0.0044     677.0155   60614.4038
    46   12 Mg         0.0044     677.0155   60614.4039
    47   12 Mg         0.0044     677.0155   60614.4038
    48   12 Mg         0.0047     677.0042   60613.3903
    49   12 Mg         0.0047     677.0042   60613.3903
    50   12 Mg         0.0047     677.0042   60613.3903
    51   12 Mg         0.0044     677.0183   60614.6531
    52   12 Mg         0.0044     677.0183   60614.6531
    53   12 Mg         0.0044     677.0183   60614.6530
    54   12 Mg         0.0044     677.0182   60614.6486
    55   12 Mg         0.0044     677.0182   60614.6485
    56   12 Mg         0.0044     677.0182   60614.6486
    57   12 Mg         0.0044     677.0168   60614.5253
    58   12 Mg         0.0044     677.0168   60614.5253
    59   12 Mg         0.0044     677.0168   60614.5253
    60   12 Mg         0.0044     677.0168   60614.5252
    61   12 Mg         0.0044     677.0168   60614.5252
    62   12 Mg         0.0044     677.0168   60614.5252
    63   12 Mg         0.0044     677.0159   60614.4407
    64   12 Mg         0.0044     677.0159   60614.4407
    65   12 Mg         0.0044     677.0159   60614.4407
    66   12 Mg         0.0044     677.0159   60614.4405
    67   12 Mg         0.0044     677.0159   60614.4405
    68   12 Mg         0.0044     677.0159   60614.4406
    69   12 Mg         0.0044     677.0155   60614.4021
    70   12 Mg         0.0044     677.0155   60614.4020
    71   12 Mg         0.0044     677.0155   60614.4022
    72   12 Mg         0.0044     677.0155   60614.4026
    73   12 Mg         0.0044     677.0155   60614.4027
    74   12 Mg         0.0044     677.0155   60614.4027
    75   12 Mg         0.0044     677.0173   60614.5683
    76   12 Mg         0.0044     677.0177   60614.6036
    77   12 Mg         0.0044     677.0177   60614.6037
    78   12 Mg         0.0044     677.0175   60614.5829
    79   12 Mg         0.0044     677.0172   60614.5592
    80   12 Mg         0.0044     677.0172   60614.5593
    81   12 Mg         0.0044     677.0172   60614.5592
    82   12 Mg         0.0044     677.0172   60614.5593
    83   12 Mg         0.0044     677.0171   60614.5457
    84   12 Mg         0.0044     677.0165   60614.4923
    85   12 Mg         0.0044     677.0165   60614.4922
    86   12 Mg         0.0044     677.0172   60614.5592
    87   12 Mg         0.0044     677.0172   60614.5591
    88   12 Mg         0.0044     677.0163   60614.4758
    89   12 Mg         0.0044     677.0163   60614.4758
    90   12 Mg         0.0044     677.0155   60614.4029
    91   12 Mg         0.0044     677.0177   60614.6035
    92   12 Mg         0.0044     677.0165   60614.4922
    93   12 Mg         0.0044     677.0165   60614.4922
    94   12 Mg         0.0044     677.0155   60614.4029
    95   12 Mg         0.0044     677.0155   60614.4029
    96   12 Mg         0.0044     677.0175   60614.5827
    97   12 Mg         0.0044     677.0175   60614.5829
    98   12 Mg         0.0044     677.0165   60614.4923
    99   12 Mg         0.0044     677.0165   60614.4923
   100   12 Mg         0.0044     677.0163   60614.4758
   101   12 Mg         0.0044     677.0173   60614.5683
   102   12 Mg         0.0044     677.0155   60614.4026
   103   12 Mg         0.0044     677.0155   60614.4027
   104   12 Mg         0.0044     677.0155   60614.4027
   105   12 Mg         0.0044     677.0155   60614.4021
   106   12 Mg         0.0044     677.0155   60614.4020
   107   12 Mg         0.0044     677.0155   60614.4022
   108   12 Mg         0.0044     677.0159   60614.4407
   109   12 Mg         0.0044     677.0159   60614.4407
   110   12 Mg         0.0044     677.0159   60614.4407
   111   12 Mg         0.0044     677.0159   60614.4405
   112   12 Mg         0.0044     677.0159   60614.4405
   113   12 Mg         0.0044     677.0159   60614.4406
   114   12 Mg         0.0044     677.0168   60614.5253
   115   12 Mg         0.0044     677.0168   60614.5253
   116   12 Mg         0.0044     677.0168   60614.5253
   117   12 Mg         0.0044     677.0168   60614.5252
   118   12 Mg         0.0044     677.0168   60614.5252
   119   12 Mg         0.0044     677.0168   60614.5252
   120   12 Mg         0.0044     677.0182   60614.6486
   121   12 Mg         0.0044     677.0182   60614.6485
   122   12 Mg         0.0044     677.0182   60614.6486
   123   12 Mg         0.0044     677.0183   60614.6531
   124   12 Mg         0.0044     677.0183   60614.6531
   125   12 Mg         0.0044     677.0183   60614.6530
   126   12 Mg         0.0047     677.0042   60613.3903
   127   12 Mg         0.0047     677.0042   60613.3903
   128   12 Mg         0.0047     677.0042   60613.3903
   129   12 Mg         0.0044     677.0155   60614.4039
   130   12 Mg         0.0044     677.0155   60614.4038
   131   12 Mg         0.0044     677.0155   60614.4039
   132   12 Mg         0.0044     677.0155   60614.4038
   133   12 Mg         0.0044     677.0155   60614.4039
   134   12 Mg         0.0044     677.0155   60614.4038
   135   12 Mg         0.0045     677.0137   60614.2462
   136   12 Mg         0.0045     677.0137   60614.2462
   137   12 Mg         0.0045     677.0137   60614.2462
   138   12 Mg         0.0044     677.0160   60614.4479
   139   12 Mg         0.0044     677.0160   60614.4480
   140   12 Mg         0.0044     677.0160   60614.4480
   141   12 Mg         0.0044     677.0187   60614.6895
   142   12 Mg         0.0044     677.0187   60614.6895
   143   12 Mg         0.0044     677.0187   60614.6895
   144   12 Mg         0.0044     677.0187   60614.6895
   145   12 Mg         0.0044     677.0187   60614.6895
   146   12 Mg         0.0044     677.0187   60614.6894
   147   12 Mg         0.0044     677.0191   60614.7245
   148   12 Mg         0.0044     677.0193   60614.7468
   149   12 Mg         0.0044     677.0193   60614.7469
   150   12 Mg         0.0044     677.0193   60614.7469
--------------------------------------------------------

Atom-resolved dispersion energies:
--------------------------------------------------
     #    Z           [Hartree]      [kcal/mol]
--------------------------------------------------
     1   65 Tb  -0.32478304E-02     -2.03804438
     2   12 Mg  -0.15860996E-02     -0.99529250
     3   12 Mg  -0.15880165E-02     -0.99649539
     4   12 Mg  -0.15880146E-02     -0.99649422
     5   12 Mg  -0.16800625E-02     -1.05425515
     6   12 Mg  -0.16800601E-02     -1.05425365
     7   12 Mg  -0.15918875E-02     -0.99892450
     8   12 Mg  -0.15918866E-02     -0.99892393
     9   12 Mg  -0.15861126E-02     -0.99530071
    10   12 Mg  -0.15861050E-02     -0.99529592
    11   12 Mg  -0.16069095E-02     -1.00835094
    12   12 Mg  -0.15880204E-02     -0.99649787
    13   12 Mg  -0.15918893E-02     -0.99892563
    14   12 Mg  -0.15918891E-02     -0.99892549
    15   12 Mg  -0.15995217E-02     -1.00371502
    16   12 Mg  -0.15995201E-02     -1.00371399
    17   12 Mg  -0.16069130E-02     -1.00835313
    18   12 Mg  -0.16069132E-02     -1.00835326
    19   12 Mg  -0.16800664E-02     -1.05425757
    20   12 Mg  -0.16800602E-02     -1.05425371
    21   12 Mg  -0.15995165E-02     -1.00371175
    22   12 Mg  -0.16800627E-02     -1.05425525
    23   12 Mg  -0.16800648E-02     -1.05425660
    24   12 Mg  -0.15918868E-02     -0.99892404
    25   12 Mg  -0.15918888E-02     -0.99892529
    26   12 Mg  -0.15779589E-02     -0.99018413
    27   12 Mg  -0.15779558E-02     -0.99018218
    28   12 Mg  -0.15779558E-02     -0.99018224
    29   12 Mg  -0.15730381E-02     -0.98709634
    30   12 Mg  -0.15753654E-02     -0.98855674
    31   12 Mg  -0.15753654E-02     -0.98855674
    32   12 Mg  -0.15753671E-02     -0.98855778
    33   12 Mg  -0.15753695E-02     -0.98855927
    34   12 Mg  -0.15753658E-02     -0.98855698
    35   12 Mg  -0.15753732E-02     -0.98856158
    36   12 Mg  -0.15923045E-02     -0.99918615
    37   12 Mg  -0.15922933E-02     -0.99917914
    38   12 Mg  -0.15922931E-02     -0.99917899
    39   12 Mg  -0.16060431E-02     -1.00780729
    40   12 Mg  -0.16060409E-02     -1.00780591
    41   12 Mg  -0.16060413E-02     -1.00780615
    42   12 Mg  -0.15961739E-02     -1.00161423
    43   12 Mg  -0.15961765E-02     -1.00161590
    44   12 Mg  -0.15961741E-02     -1.00161437
    45   12 Mg  -0.15961781E-02     -1.00161688
    46   12 Mg  -0.15961740E-02     -1.00161430
    47   12 Mg  -0.15961776E-02     -1.00161658
    48   12 Mg  -0.16889133E-02     -1.05980907
    49   12 Mg  -0.16889171E-02     -1.05981149
    50   12 Mg  -0.16889133E-02     -1.05980908
    51   12 Mg  -0.15779336E-02     -0.99016830
    52   12 Mg  -0.15779340E-02     -0.99016850
    53   12 Mg  -0.15779380E-02     -0.99017103
    54   12 Mg  -0.15781700E-02     -0.99031665
    55   12 Mg  -0.15781758E-02     -0.99032026
    56   12 Mg  -0.15781720E-02     -0.99031787
    57   12 Mg  -0.15869147E-02     -0.99580402
    58   12 Mg  -0.15869124E-02     -0.99580257
    59   12 Mg  -0.15869126E-02     -0.99580270
    60   12 Mg  -0.15869197E-02     -0.99580717
    61   12 Mg  -0.15869199E-02     -0.99580724
    62   12 Mg  -0.15869199E-02     -0.99580729
    63   12 Mg  -0.15923126E-02     -0.99919125
    64   12 Mg  -0.15923145E-02     -0.99919241
    65   12 Mg  -0.15923126E-02     -0.99919126
    66   12 Mg  -0.15923260E-02     -0.99919965
    67   12 Mg  -0.15923243E-02     -0.99919856
    68   12 Mg  -0.15923165E-02     -0.99919370
    69   12 Mg  -0.15937337E-02     -1.00008301
    70   12 Mg  -0.15937380E-02     -1.00008569
    71   12 Mg  -0.15937302E-02     -1.00008083
    72   12 Mg  -0.15955826E-02     -1.00124318
    73   12 Mg  -0.15955754E-02     -1.00123866
    74   12 Mg  -0.15955770E-02     -1.00123969
    75   12 Mg  -0.15858039E-02     -0.99510695
    76   12 Mg  -0.15814642E-02     -0.99238378
    77   12 Mg  -0.15814566E-02     -0.99237898
    78   12 Mg  -0.15829901E-02     -0.99334127
    79   12 Mg  -0.15843087E-02     -0.99416872
    80   12 Mg  -0.15843033E-02     -0.99416531
    81   12 Mg  -0.15843078E-02     -0.99416816
    82   12 Mg  -0.15843034E-02     -0.99416540
    83   12 Mg  -0.15847920E-02     -0.99447202
    84   12 Mg  -0.15889450E-02     -0.99707803
    85   12 Mg  -0.15889552E-02     -0.99708442
    86   12 Mg  -0.15843096E-02     -0.99416930
    87   12 Mg  -0.15843127E-02     -0.99417122
    88   12 Mg  -0.15901150E-02     -0.99781224
    89   12 Mg  -0.15901101E-02     -0.99780916
    90   12 Mg  -0.15932127E-02     -0.99975605
    91   12 Mg  -0.15814716E-02     -0.99238844
    92   12 Mg  -0.15889546E-02     -0.99708405
    93   12 Mg  -0.15889507E-02     -0.99708164
    94   12 Mg  -0.15932139E-02     -0.99975679
    95   12 Mg  -0.15932087E-02     -0.99975356
    96   12 Mg  -0.15829987E-02     -0.99334665
    97   12 Mg  -0.15829883E-02     -0.99334013
    98   12 Mg  -0.15889431E-02     -0.99707683
    99   12 Mg  -0.15889469E-02     -0.99707922
   100   12 Mg  -0.15901116E-02     -0.99781012
   101   12 Mg  -0.15858039E-02     -0.99510695
   102   12 Mg  -0.15955826E-02     -1.00124318
   103   12 Mg  -0.15955754E-02     -1.00123866
   104   12 Mg  -0.15955770E-02     -1.00123969
   105   12 Mg  -0.15937337E-02     -1.00008301
   106   12 Mg  -0.15937380E-02     -1.00008569
   107   12 Mg  -0.15937302E-02     -1.00008083
   108   12 Mg  -0.15923126E-02     -0.99919125
   109   12 Mg  -0.15923145E-02     -0.99919241
   110   12 Mg  -0.15923126E-02     -0.99919126
   111   12 Mg  -0.15923260E-02     -0.99919965
   112   12 Mg  -0.15923243E-02     -0.99919856
   113   12 Mg  -0.15923165E-02     -0.99919370
   114   12 Mg  -0.15869147E-02     -0.99580402
   115   12 Mg  -0.15869124E-02     -0.99580257
   116   12 Mg  -0.15869126E-02     -0.99580270
   117   12 Mg  -0.15869197E-02     -0.99580717
   118   12 Mg  -0.15869199E-02     -0.99580724
   119   12 Mg  -0.15869199E-02     -0.99580729
   120   12 Mg  -0.15781700E-02     -0.99031665
   121   12 Mg  -0.15781758E-02     -0.99032026
   122   12 Mg  -0.15781720E-02     -0.99031787
   123   12 Mg  -0.15779336E-02     -0.99016830
   124   12 Mg  -0.15779340E-02     -0.99016850
   125   12 Mg  -0.15779380E-02     -0.99017103
   126   12 Mg  -0.16889133E-02     -1.05980907
   127   12 Mg  -0.16889171E-02     -1.05981149
   128   12 Mg  -0.16889133E-02     -1.05980908
   129   12 Mg  -0.15961739E-02     -1.00161423
   130   12 Mg  -0.15961765E-02     -1.00161590
   131   12 Mg  -0.15961741E-02     -1.00161437
   132   12 Mg  -0.15961781E-02     -1.00161688
   133   12 Mg  -0.15961740E-02     -1.00161430
   134   12 Mg  -0.15961776E-02     -1.00161658
   135   12 Mg  -0.16060431E-02     -1.00780729
   136   12 Mg  -0.16060409E-02     -1.00780591
   137   12 Mg  -0.16060413E-02     -1.00780615
   138   12 Mg  -0.15923045E-02     -0.99918615
   139   12 Mg  -0.15922933E-02     -0.99917914
   140   12 Mg  -0.15922931E-02     -0.99917899
   141   12 Mg  -0.15753654E-02     -0.98855674
   142   12 Mg  -0.15753654E-02     -0.98855674
   143   12 Mg  -0.15753671E-02     -0.98855778
   144   12 Mg  -0.15753695E-02     -0.98855927
   145   12 Mg  -0.15753658E-02     -0.98855698
   146   12 Mg  -0.15753732E-02     -0.98856158
   147   12 Mg  -0.15730381E-02     -0.98709634
   148   12 Mg  -0.15779589E-02     -0.99018413
   149   12 Mg  -0.15779558E-02     -0.99018218
   150   12 Mg  -0.15779558E-02     -0.99018224
--------------------------------------------------

Dispersion energy:      -2.4107967059302E-01 Eh

[Info] Dispersion energy written to .EDISP
