-----------------------------------
 s i m p l e   D F T - D 3  v1.2.1
-----------------------------------

Zero (Chai-Head-Gordon) damping: pbe-D3(0)
--------------------
  s6         1.0000
  s8         0.7220
  s9         0.0000
 rs6         1.2170
 rs8         1.0000
 alp        14.0000
--------------------

Atomic radii (in Angstrom):
-------------------------------------------
   Z          R(cov)     R(vdw)      r4/r2
-------------------------------------------
   3 Li       1.6000     1.7478     2.6564
  82 Pb       1.7333     2.1382     3.8442
-------------------------------------------

Atomic reference systems (in atomic units):
----------------------------------------------------------------------------
   Z        #      CN    C6(AA)   #      CN    C6(AA)   #      CN    C6(AA)
----------------------------------------------------------------------------
   3 Li     1  0.0000 1163.4454   2  0.9865   85.3197
  82 Pb     1  0.0000  738.8156   2  0.9383  632.9991   3  1.9356  544.4563
            4  2.9081  524.1840   5  3.9098  455.2854
----------------------------------------------------------------------------

Dispersion properties (in atomic units):
--------------------------------------------------------
     #    Z                CN       C6(AA)       C8(AA)
--------------------------------------------------------
     1    3 Li        16.7225      85.3197    6449.9358
     2    3 Li        16.7225      85.3197    6449.9358
     3    3 Li        16.7225      85.3197    6449.9358
     4    3 Li        16.7225      85.3197    6449.9358
     5    3 Li        17.3433      85.3197    6449.9358
     6    3 Li        17.3433      85.3197    6449.9358
     7    3 Li        17.3433      85.3197    6449.9358
     8    3 Li        17.3433      85.3197    6449.9358
     9    3 Li        15.3917      85.3197    6449.9358
    10    3 Li        15.3917      85.3197    6449.9358
    11    3 Li        15.3917      85.3197    6449.9358
    12    3 Li        15.3917      85.3197    6449.9358
    13    3 Li        15.5144      85.3197    6449.9358
    14    3 Li        15.5144      85.3197    6449.9358
    15    3 Li        15.5144      85.3197    6449.9358
    16    3 Li        15.5144      85.3197    6449.9358
    17    3 Li        16.2135      85.3197    6449.9358
    18    3 Li        16.2135      85.3197    6449.9358
    19    3 Li        16.2135      85.3197    6449.9358
    20    3 Li        16.2135      85.3197    6449.9358
    21    3 Li        16.2135      85.3197    6449.9358
    22    3 Li        16.2135      85.3197    6449.9358
    23    3 Li        15.8730      85.3197    6449.9358
    24    3 Li        15.8730      85.3197    6449.9358
    25    3 Li        15.8730      85.3197    6449.9358
    26    3 Li        15.8730      85.3197    6449.9358
    27    3 Li        15.8730      85.3197    6449.9358
    28    3 Li        15.8730      85.3197    6449.9358
    29    3 Li        16.7635      85.3197    6449.9358
    30    3 Li        16.7635      85.3197    6449.9358
    31    3 Li        16.7635      85.3197    6449.9358
    32    3 Li        16.7635      85.3197    6449.9358
    33    3 Li        16.7635      85.3197    6449.9358
    34    3 Li        16.7635      85.3197    6449.9358
    35    3 Li        16.7635      85.3197    6449.9358
    36    3 Li        16.7635      85.3197    6449.9358
    37    3 Li        16.7635      85.3197    6449.9358
    38    3 Li        16.7635      85.3197    6449.9358
    39    3 Li        16.7635      85.3197    6449.9358
    40    3 Li        16.7635      85.3197    6449.9358
    41   82 Pb        18.6667     455.2854   72079.0562
    42   82 Pb        18.6667     455.2854   72079.0562
    43   82 Pb        18.6667     455.2854   72079.0562
    44   82 Pb        18.6667     455.2854   72079.0562
    45   82 Pb        18.6667     455.2854   72079.0562
    46   82 Pb        18.6667     455.2854   72079.0562
    47   82 Pb        18.6667     455.2854   72079.0562
    48   82 Pb        18.6667     455.2854   72079.0562
    49   82 Pb        18.6667     455.2854   72079.0562
    50   82 Pb        18.6667     455.2854   72079.0562
    51   82 Pb        18.6667     455.2854   72079.0562
    52   82 Pb        18.6667     455.2854   72079.0562
--------------------------------------------------------

Atom-resolved dispersion energies:
--------------------------------------------------
     #    Z           [Hartree]      [kcal/mol]
--------------------------------------------------
     1    3 Li  -0.10855722E-01     -6.81206858
     2    3 Li  -0.10855722E-01     -6.81206858
     3    3 Li  -0.10855722E-01     -6.81206858
     4    3 Li  -0.10855722E-01     -6.81206858
     5    3 Li  -0.10626874E-01     -6.66846420
     6    3 Li  -0.10626874E-01     -6.66846420
     7    3 Li  -0.10626874E-01     -6.66846420
     8    3 Li  -0.10626874E-01     -6.66846420
     9    3 Li  -0.11247620E-01     -7.05798795
    10    3 Li  -0.11247620E-01     -7.05798795
    11    3 Li  -0.11247620E-01     -7.05798795
    12    3 Li  -0.11247620E-01     -7.05798795
    13    3 Li  -0.11609032E-01     -7.28477731
    14    3 Li  -0.11609032E-01     -7.28477731
    15    3 Li  -0.11609032E-01     -7.28477731
    16    3 Li  -0.11609032E-01     -7.28477731
    17    3 Li  -0.11358485E-01     -7.12755679
    18    3 Li  -0.11358485E-01     -7.12755679
    19    3 Li  -0.11358485E-01     -7.12755679
    20    3 Li  -0.11358485E-01     -7.12755679
    21    3 Li  -0.11358485E-01     -7.12755679
    22    3 Li  -0.11358485E-01     -7.12755679
    23    3 Li  -0.11587846E-01     -7.27148328
    24    3 Li  -0.11587846E-01     -7.27148328
    25    3 Li  -0.11587846E-01     -7.27148328
    26    3 Li  -0.11587846E-01     -7.27148328
    27    3 Li  -0.11587846E-01     -7.27148328
    28    3 Li  -0.11587846E-01     -7.27148328
    29    3 Li  -0.11180815E-01     -7.01606710
    30    3 Li  -0.11180815E-01     -7.01606710
    31    3 Li  -0.11180815E-01     -7.01606710
    32    3 Li  -0.11180815E-01     -7.01606710
    33    3 Li  -0.11180815E-01     -7.01606710
    34    3 Li  -0.11180815E-01     -7.01606710
    35    3 Li  -0.11180815E-01     -7.01606710
    36    3 Li  -0.11180815E-01     -7.01606710
    37    3 Li  -0.11180815E-01     -7.01606710
    38    3 Li  -0.11180815E-01     -7.01606710
    39    3 Li  -0.11180815E-01     -7.01606710
    40    3 Li  -0.11180815E-01     -7.01606710
    41   82 Pb  -0.18989645E-01    -11.91618246
    42   82 Pb  -0.18989645E-01    -11.91618246
    43   82 Pb  -0.18989645E-01    -11.91618246
    44   82 Pb  -0.18989645E-01    -11.91618246
    45   82 Pb  -0.18989645E-01    -11.91618246
    46   82 Pb  -0.18989645E-01    -11.91618246
    47   82 Pb  -0.18989645E-01    -11.91618246
    48   82 Pb  -0.18989645E-01    -11.91618246
    49   82 Pb  -0.18989645E-01    -11.91618246
    50   82 Pb  -0.18989645E-01    -11.91618246
    51   82 Pb  -0.18989645E-01    -11.91618246
    52   82 Pb  -0.18989645E-01    -11.91618246
--------------------------------------------------

Dispersion energy:      -6.7708049820635E-01 Eh

[Info] Dispersion energy written to .EDISP
