-----------------------------------
 s i m p l e   D F T - D 3  v1.2.1
-----------------------------------

Zero (Chai-Head-Gordon) damping: pbe-D3(0)
--------------------
  s6         1.0000
  s8         0.7220
  s9         0.0000
 rs6         1.2170
 rs8         1.0000
 alp        14.0000
--------------------

Atomic radii (in Angstrom):
-------------------------------------------
   Z          R(cov)     R(vdw)      r4/r2
-------------------------------------------
   3 Li       1.6000     1.7478     2.6564
  82 Pb       1.7333     2.1382     3.8442
-------------------------------------------

Atomic reference systems (in atomic units):
----------------------------------------------------------------------------
   Z        #      CN    C6(AA)   #      CN    C6(AA)   #      CN    C6(AA)
----------------------------------------------------------------------------
   3 Li     1  0.0000 1163.4454   2  0.9865   85.3197
  82 Pb     1  0.0000  738.8156   2  0.9383  632.9991   3  1.9356  544.4563
            4  2.9081  524.1840   5  3.9098  455.2854
----------------------------------------------------------------------------

Dispersion properties (in atomic units):
--------------------------------------------------------
     #    Z                CN       C6(AA)       C8(AA)
--------------------------------------------------------
     1    3 Li         0.0101    1125.6816   85098.4486
     2    3 Li         0.0101    1125.6816   85098.4486
     3    3 Li         0.0101    1125.6816   85098.4486
     4    3 Li         0.0101    1125.6816   85098.4486
     5    3 Li         0.0091    1125.9690   85120.1734
     6    3 Li         0.0091    1125.9690   85120.1734
     7    3 Li         0.0091    1125.9690   85120.1734
     8    3 Li         0.0091    1125.9690   85120.1734
     9    3 Li         0.0116    1125.2578   85066.4063
    10    3 Li         0.0116    1125.2578   85066.4063
    11    3 Li         0.0116    1125.2578   85066.4063
    12    3 Li         0.0116    1125.2578   85066.4063
    13    3 Li         0.0121    1125.0982   85054.3420
    14    3 Li         0.0121    1125.0982   85054.3420
    15    3 Li         0.0121    1125.0982   85054.3420
    16    3 Li         0.0121    1125.0982   85054.3420
    17    3 Li         0.0092    1125.9386   85117.8794
    18    3 Li         0.0092    1125.9386   85117.8794
    19    3 Li         0.0092    1125.9386   85117.8794
    20    3 Li         0.0092    1125.9386   85117.8794
    21    3 Li         0.0092    1125.9386   85117.8794
    22    3 Li         0.0092    1125.9386   85117.8794
    23    3 Li         0.0104    1125.6120   85093.1882
    24    3 Li         0.0104    1125.6120   85093.1882
    25    3 Li         0.0104    1125.6120   85093.1882
    26    3 Li         0.0104    1125.6120   85093.1882
    27    3 Li         0.0104    1125.6120   85093.1882
    28    3 Li         0.0104    1125.6120   85093.1882
    29    3 Li         0.0101    1125.6865   85098.8200
    30    3 Li         0.0101    1125.6865   85098.8200
    31    3 Li         0.0101    1125.6865   85098.8200
    32    3 Li         0.0101    1125.6865   85098.8200
    33    3 Li         0.0101    1125.6865   85098.8200
    34    3 Li         0.0101    1125.6865   85098.8200
    35    3 Li         0.0101    1125.6865   85098.8200
    36    3 Li         0.0101    1125.6865   85098.8200
    37    3 Li         0.0101    1125.6865   85098.8200
    38    3 Li         0.0101    1125.6865   85098.8200
    39    3 Li         0.0101    1125.6865   85098.8200
    40    3 Li         0.0101    1125.6865   85098.8200
    41   82 Pb         0.0131     735.2879  116407.9889
    42   82 Pb         0.0131     735.2879  116407.9889
    43   82 Pb         0.0131     735.2879  116407.9889
    44   82 Pb         0.0131     735.2879  116407.9889
    45   82 Pb         0.0131     735.2879  116407.9889
    46   82 Pb         0.0131     735.2879  116407.9889
    47   82 Pb         0.0131     735.2879  116407.9889
    48   82 Pb         0.0131     735.2879  116407.9889
    49   82 Pb         0.0131     735.2879  116407.9889
    50   82 Pb         0.0131     735.2879  116407.9889
    51   82 Pb         0.0131     735.2879  116407.9889
    52   82 Pb         0.0131     735.2879  116407.9889
--------------------------------------------------------

Atom-resolved dispersion energies:
--------------------------------------------------
     #    Z           [Hartree]      [kcal/mol]
--------------------------------------------------
     1    3 Li  -0.50853170E-02     -3.19108459
     2    3 Li  -0.50853170E-02     -3.19108459
     3    3 Li  -0.50853170E-02     -3.19108459
     4    3 Li  -0.50853170E-02     -3.19108459
     5    3 Li  -0.55898746E-02     -3.50769926
     6    3 Li  -0.55898746E-02     -3.50769926
     7    3 Li  -0.55898746E-02     -3.50769926
     8    3 Li  -0.55898746E-02     -3.50769926
     9    3 Li  -0.52287035E-02     -3.28106096
    10    3 Li  -0.52287035E-02     -3.28106096
    11    3 Li  -0.52287035E-02     -3.28106096
    12    3 Li  -0.52287035E-02     -3.28106096
    13    3 Li  -0.54238258E-02     -3.40350207
    14    3 Li  -0.54238258E-02     -3.40350207
    15    3 Li  -0.54238258E-02     -3.40350207
    16    3 Li  -0.54238258E-02     -3.40350207
    17    3 Li  -0.49589369E-02     -3.11177987
    18    3 Li  -0.49589369E-02     -3.11177987
    19    3 Li  -0.49589369E-02     -3.11177987
    20    3 Li  -0.49589369E-02     -3.11177987
    21    3 Li  -0.49589369E-02     -3.11177987
    22    3 Li  -0.49589369E-02     -3.11177987
    23    3 Li  -0.49110370E-02     -3.08172225
    24    3 Li  -0.49110370E-02     -3.08172225
    25    3 Li  -0.49110370E-02     -3.08172225
    26    3 Li  -0.49110370E-02     -3.08172225
    27    3 Li  -0.49110370E-02     -3.08172225
    28    3 Li  -0.49110370E-02     -3.08172225
    29    3 Li  -0.47444468E-02     -2.97718534
    30    3 Li  -0.47444468E-02     -2.97718534
    31    3 Li  -0.47444468E-02     -2.97718534
    32    3 Li  -0.47444468E-02     -2.97718534
    33    3 Li  -0.47444468E-02     -2.97718534
    34    3 Li  -0.47444468E-02     -2.97718534
    35    3 Li  -0.47444468E-02     -2.97718534
    36    3 Li  -0.47444468E-02     -2.97718534
    37    3 Li  -0.47444468E-02     -2.97718534
    38    3 Li  -0.47444468E-02     -2.97718534
    39    3 Li  -0.47444468E-02     -2.97718534
    40    3 Li  -0.47444468E-02     -2.97718534
    41   82 Pb  -0.35027453E-02     -2.19800589
    42   82 Pb  -0.35027453E-02     -2.19800589
    43   82 Pb  -0.35027453E-02     -2.19800589
    44   82 Pb  -0.35027453E-02     -2.19800589
    45   82 Pb  -0.35027453E-02     -2.19800589
    46   82 Pb  -0.35027453E-02     -2.19800589
    47   82 Pb  -0.35027453E-02     -2.19800589
    48   82 Pb  -0.35027453E-02     -2.19800589
    49   82 Pb  -0.35027453E-02     -2.19800589
    50   82 Pb  -0.35027453E-02     -2.19800589
    51   82 Pb  -0.35027453E-02     -2.19800589
    52   82 Pb  -0.35027453E-02     -2.19800589
--------------------------------------------------

Dispersion energy:      -2.4349703272160E-01 Eh

[Info] Dispersion energy written to .EDISP
