-----------------------------------
 s i m p l e   D F T - D 3  v1.2.1
-----------------------------------

Zero (Chai-Head-Gordon) damping: pbe-D3(0)
--------------------
  s6         1.0000
  s8         0.7220
  s9         0.0000
 rs6         1.2170
 rs8         1.0000
 alp        14.0000
--------------------

Atomic radii (in Angstrom):
-------------------------------------------
   Z          R(cov)     R(vdw)      r4/r2
-------------------------------------------
  22 Ti       1.6267     1.8821     3.3274
  25 Mn       1.4267     1.7731     3.0718
-------------------------------------------

Atomic reference systems (in atomic units):
----------------------------------------------------------------------------
   Z        #      CN    C6(AA)   #      CN    C6(AA)   #      CN    C6(AA)
----------------------------------------------------------------------------
  22 Ti     1  0.0000 1361.9185   2  1.8299  301.9988   3  3.8675  321.5890
  25 Mn     1  0.0000  802.7484   2  1.6406  239.5554   3  9.8849  113.8463
----------------------------------------------------------------------------

Dispersion properties (in atomic units):
--------------------------------------------------------
     #    Z                CN       C6(AA)       C8(AA)
--------------------------------------------------------
     1   22 Ti        13.5484     321.5890   38144.8222
     2   22 Ti        13.5484     321.5890   38144.8222
     3   22 Ti        13.5484     321.5890   38144.8222
     4   22 Ti        13.5484     321.5890   38144.8222
     5   22 Ti        13.5484     321.5890   38144.8222
     6   22 Ti        13.5484     321.5890   38144.8222
     7   22 Ti        14.5868     321.5890   38144.8222
     8   22 Ti        14.5868     321.5890   38144.8222
     9   22 Ti        14.5868     321.5890   38144.8222
    10   22 Ti        14.5868     321.5890   38144.8222
    11   22 Ti        14.5868     321.5890   38144.8222
    12   22 Ti        14.5868     321.5890   38144.8222
    13   22 Ti        14.5868     321.5890   38144.8222
    14   22 Ti        14.5868     321.5890   38144.8222
    15   22 Ti        14.5868     321.5890   38144.8222
    16   22 Ti        14.5868     321.5890   38144.8222
    17   22 Ti        14.5868     321.5890   38144.8222
    18   22 Ti        14.5868     321.5890   38144.8222
    19   22 Ti        16.3243     321.5890   38144.8222
    20   22 Ti        16.3243     321.5890   38144.8222
    21   22 Ti        16.3243     321.5890   38144.8222
    22   22 Ti        16.3243     321.5890   38144.8222
    23   22 Ti        16.3243     321.5890   38144.8222
    24   22 Ti        16.3243     321.5890   38144.8222
    25   22 Ti        16.3243     321.5890   38144.8222
    26   22 Ti        16.3243     321.5890   38144.8222
    27   22 Ti        16.3243     321.5890   38144.8222
    28   22 Ti        16.3243     321.5890   38144.8222
    29   22 Ti        16.3243     321.5890   38144.8222
    30   22 Ti        16.3243     321.5890   38144.8222
    31   22 Ti        14.8540     321.5890   38144.8222
    32   22 Ti        14.8540     321.5890   38144.8222
    33   22 Ti        14.8540     321.5890   38144.8222
    34   22 Ti        14.8540     321.5890   38144.8222
    35   22 Ti        14.8540     321.5890   38144.8222
    36   22 Ti        14.8540     321.5890   38144.8222
    37   22 Ti        14.8540     321.5890   38144.8222
    38   22 Ti        14.8540     321.5890   38144.8222
    39   22 Ti        14.8540     321.5890   38144.8222
    40   22 Ti        14.8540     321.5890   38144.8222
    41   22 Ti        14.8540     321.5890   38144.8222
    42   22 Ti        14.8540     321.5890   38144.8222
    43   25 Mn        12.4874     113.8463   11508.8363
    44   25 Mn        12.4874     113.8463   11508.8363
    45   25 Mn        12.4662     113.8463   11508.8363
    46   25 Mn        12.4662     113.8463   11508.8363
    47   25 Mn        12.4662     113.8463   11508.8363
    48   25 Mn        12.4662     113.8463   11508.8363
    49   25 Mn        12.4662     113.8463   11508.8363
    50   25 Mn        12.4662     113.8463   11508.8363
    51   25 Mn        12.3803     113.8463   11508.8363
    52   25 Mn        12.3803     113.8463   11508.8363
    53   25 Mn        12.3803     113.8463   11508.8363
    54   25 Mn        12.3803     113.8463   11508.8363
    55   25 Mn        12.3803     113.8463   11508.8363
    56   25 Mn        12.3803     113.8463   11508.8363
    57   25 Mn        12.3912     113.8463   11508.8363
    58   25 Mn        12.3912     113.8463   11508.8363
    59   25 Mn        12.3912     113.8463   11508.8363
    60   25 Mn        12.3912     113.8463   11508.8363
    61   25 Mn        12.3912     113.8463   11508.8363
    62   25 Mn        12.3912     113.8463   11508.8363
    63   25 Mn        12.3912     113.8463   11508.8363
    64   25 Mn        12.3912     113.8463   11508.8363
    65   25 Mn        12.3912     113.8463   11508.8363
    66   25 Mn        12.3912     113.8463   11508.8363
    67   25 Mn        12.3912     113.8463   11508.8363
    68   25 Mn        12.3912     113.8463   11508.8363
    69   25 Mn        12.3964     113.8463   11508.8363
    70   25 Mn        12.3964     113.8463   11508.8363
    71   25 Mn        12.3964     113.8463   11508.8363
    72   25 Mn        12.3964     113.8463   11508.8363
    73   25 Mn        12.3964     113.8463   11508.8363
    74   25 Mn        12.3964     113.8463   11508.8363
    75   25 Mn        12.3964     113.8463   11508.8363
    76   25 Mn        12.3964     113.8463   11508.8363
    77   25 Mn        12.3964     113.8463   11508.8363
    78   25 Mn        12.3964     113.8463   11508.8363
    79   25 Mn        12.3964     113.8463   11508.8363
    80   25 Mn        12.3964     113.8463   11508.8363
    81   25 Mn        12.4437     113.8463   11508.8363
    82   25 Mn        12.4437     113.8463   11508.8363
    83   25 Mn        12.4437     113.8463   11508.8363
    84   25 Mn        12.4437     113.8463   11508.8363
    85   25 Mn        12.4437     113.8463   11508.8363
    86   25 Mn        12.4437     113.8463   11508.8363
    87   25 Mn        12.4437     113.8463   11508.8363
    88   25 Mn        12.4437     113.8463   11508.8363
    89   25 Mn        12.4437     113.8463   11508.8363
    90   25 Mn        12.4437     113.8463   11508.8363
    91   25 Mn        12.4437     113.8463   11508.8363
    92   25 Mn        12.4437     113.8463   11508.8363
--------------------------------------------------------

Atom-resolved dispersion energies:
--------------------------------------------------
     #    Z           [Hartree]      [kcal/mol]
--------------------------------------------------
     1   22 Ti  -0.25242020E-01    -15.83960654
     2   22 Ti  -0.25242020E-01    -15.83960649
     3   22 Ti  -0.25242020E-01    -15.83960649
     4   22 Ti  -0.25242020E-01    -15.83960649
     5   22 Ti  -0.25242020E-01    -15.83960649
     6   22 Ti  -0.25242020E-01    -15.83960654
     7   22 Ti  -0.25810081E-01    -16.19607007
     8   22 Ti  -0.25810081E-01    -16.19607005
     9   22 Ti  -0.25810081E-01    -16.19607005
    10   22 Ti  -0.25810081E-01    -16.19607005
    11   22 Ti  -0.25810081E-01    -16.19607005
    12   22 Ti  -0.25810081E-01    -16.19607007
    13   22 Ti  -0.25810081E-01    -16.19607007
    14   22 Ti  -0.25810081E-01    -16.19607005
    15   22 Ti  -0.25810081E-01    -16.19607005
    16   22 Ti  -0.25810081E-01    -16.19607005
    17   22 Ti  -0.25810081E-01    -16.19607005
    18   22 Ti  -0.25810081E-01    -16.19607007
    19   22 Ti  -0.26337747E-01    -16.52718553
    20   22 Ti  -0.26337747E-01    -16.52718549
    21   22 Ti  -0.26337747E-01    -16.52718549
    22   22 Ti  -0.26337747E-01    -16.52718549
    23   22 Ti  -0.26337747E-01    -16.52718549
    24   22 Ti  -0.26337747E-01    -16.52718553
    25   22 Ti  -0.26337747E-01    -16.52718553
    26   22 Ti  -0.26337747E-01    -16.52718549
    27   22 Ti  -0.26337747E-01    -16.52718549
    28   22 Ti  -0.26337747E-01    -16.52718549
    29   22 Ti  -0.26337747E-01    -16.52718549
    30   22 Ti  -0.26337747E-01    -16.52718553
    31   22 Ti  -0.25793011E-01    -16.18535885
    32   22 Ti  -0.25793011E-01    -16.18535871
    33   22 Ti  -0.25793011E-01    -16.18535879
    34   22 Ti  -0.25793011E-01    -16.18535879
    35   22 Ti  -0.25793011E-01    -16.18535871
    36   22 Ti  -0.25793011E-01    -16.18535885
    37   22 Ti  -0.25793011E-01    -16.18535885
    38   22 Ti  -0.25793011E-01    -16.18535871
    39   22 Ti  -0.25793011E-01    -16.18535879
    40   22 Ti  -0.25793011E-01    -16.18535879
    41   22 Ti  -0.25793011E-01    -16.18535871
    42   22 Ti  -0.25793011E-01    -16.18535885
    43   25 Mn  -0.16552845E-01    -10.38706729
    44   25 Mn  -0.16552845E-01    -10.38706729
    45   25 Mn  -0.16597690E-01    -10.41520755
    46   25 Mn  -0.16597690E-01    -10.41520767
    47   25 Mn  -0.16597690E-01    -10.41520767
    48   25 Mn  -0.16597690E-01    -10.41520767
    49   25 Mn  -0.16597690E-01    -10.41520767
    50   25 Mn  -0.16597690E-01    -10.41520755
    51   25 Mn  -0.16323492E-01    -10.24314562
    52   25 Mn  -0.16323492E-01    -10.24314558
    53   25 Mn  -0.16323492E-01    -10.24314558
    54   25 Mn  -0.16323492E-01    -10.24314558
    55   25 Mn  -0.16323492E-01    -10.24314558
    56   25 Mn  -0.16323492E-01    -10.24314562
    57   25 Mn  -0.16344853E-01    -10.25654982
    58   25 Mn  -0.16344852E-01    -10.25654974
    59   25 Mn  -0.16344853E-01    -10.25654988
    60   25 Mn  -0.16344853E-01    -10.25654988
    61   25 Mn  -0.16344852E-01    -10.25654974
    62   25 Mn  -0.16344853E-01    -10.25654982
    63   25 Mn  -0.16344853E-01    -10.25654982
    64   25 Mn  -0.16344852E-01    -10.25654974
    65   25 Mn  -0.16344853E-01    -10.25654988
    66   25 Mn  -0.16344853E-01    -10.25654988
    67   25 Mn  -0.16344852E-01    -10.25654974
    68   25 Mn  -0.16344853E-01    -10.25654982
    69   25 Mn  -0.16344240E-01    -10.25616546
    70   25 Mn  -0.16344240E-01    -10.25616545
    71   25 Mn  -0.16344240E-01    -10.25616534
    72   25 Mn  -0.16344240E-01    -10.25616534
    73   25 Mn  -0.16344240E-01    -10.25616545
    74   25 Mn  -0.16344240E-01    -10.25616546
    75   25 Mn  -0.16344240E-01    -10.25616546
    76   25 Mn  -0.16344240E-01    -10.25616545
    77   25 Mn  -0.16344240E-01    -10.25616534
    78   25 Mn  -0.16344240E-01    -10.25616534
    79   25 Mn  -0.16344240E-01    -10.25616545
    80   25 Mn  -0.16344240E-01    -10.25616546
    81   25 Mn  -0.16282658E-01    -10.21752237
    82   25 Mn  -0.16282658E-01    -10.21752236
    83   25 Mn  -0.16282658E-01    -10.21752238
    84   25 Mn  -0.16282658E-01    -10.21752238
    85   25 Mn  -0.16282658E-01    -10.21752236
    86   25 Mn  -0.16282658E-01    -10.21752237
    87   25 Mn  -0.16282658E-01    -10.21752237
    88   25 Mn  -0.16282658E-01    -10.21752236
    89   25 Mn  -0.16282658E-01    -10.21752238
    90   25 Mn  -0.16282658E-01    -10.21752238
    91   25 Mn  -0.16282658E-01    -10.21752236
    92   25 Mn  -0.16282658E-01    -10.21752237
--------------------------------------------------

Dispersion energy:      -1.9050359648304E+00 Eh

[Info] Dispersion energy written to .EDISP
