-----------------------------------
 s i m p l e   D F T - D 3  v1.2.1
-----------------------------------

Zero (Chai-Head-Gordon) damping: pbe-D3(0)
--------------------
  s6         1.0000
  s8         0.7220
  s9         0.0000
 rs6         1.2170
 rs8         1.0000
 alp        14.0000
--------------------

Atomic radii (in Angstrom):
-------------------------------------------
   Z          R(cov)     R(vdw)      r4/r2
-------------------------------------------
  22 Ti       1.6267     1.8821     3.3274
  25 Mn       1.4267     1.7731     3.0718
-------------------------------------------

Atomic reference systems (in atomic units):
----------------------------------------------------------------------------
   Z        #      CN    C6(AA)   #      CN    C6(AA)   #      CN    C6(AA)
----------------------------------------------------------------------------
  22 Ti     1  0.0000 1361.9185   2  1.8299  301.9988   3  3.8675  321.5890
  25 Mn     1  0.0000  802.7484   2  1.6406  239.5554   3  9.8849  113.8463
----------------------------------------------------------------------------

Dispersion properties (in atomic units):
--------------------------------------------------------
     #    Z                CN       C6(AA)       C8(AA)
--------------------------------------------------------
     1   22 Ti         0.0044    1361.9161  161541.7386
     2   22 Ti         0.0044    1361.9161  161541.7386
     3   22 Ti         0.0044    1361.9161  161541.7386
     4   22 Ti         0.0044    1361.9161  161541.7386
     5   22 Ti         0.0044    1361.9161  161541.7386
     6   22 Ti         0.0044    1361.9161  161541.7386
     7   22 Ti         0.0046    1361.9161  161541.7377
     8   22 Ti         0.0046    1361.9161  161541.7377
     9   22 Ti         0.0046    1361.9161  161541.7377
    10   22 Ti         0.0046    1361.9161  161541.7377
    11   22 Ti         0.0046    1361.9161  161541.7377
    12   22 Ti         0.0046    1361.9161  161541.7377
    13   22 Ti         0.0046    1361.9161  161541.7377
    14   22 Ti         0.0046    1361.9161  161541.7377
    15   22 Ti         0.0046    1361.9161  161541.7377
    16   22 Ti         0.0046    1361.9161  161541.7377
    17   22 Ti         0.0046    1361.9161  161541.7377
    18   22 Ti         0.0046    1361.9161  161541.7377
    19   22 Ti         0.0046    1361.9161  161541.7377
    20   22 Ti         0.0046    1361.9161  161541.7377
    21   22 Ti         0.0046    1361.9161  161541.7377
    22   22 Ti         0.0046    1361.9161  161541.7377
    23   22 Ti         0.0046    1361.9161  161541.7377
    24   22 Ti         0.0046    1361.9161  161541.7377
    25   22 Ti         0.0046    1361.9161  161541.7377
    26   22 Ti         0.0046    1361.9161  161541.7377
    27   22 Ti         0.0046    1361.9161  161541.7377
    28   22 Ti         0.0046    1361.9161  161541.7377
    29   22 Ti         0.0046    1361.9161  161541.7377
    30   22 Ti         0.0046    1361.9161  161541.7377
    31   22 Ti         0.0047    1361.9161  161541.7372
    32   22 Ti         0.0047    1361.9161  161541.7372
    33   22 Ti         0.0047    1361.9161  161541.7372
    34   22 Ti         0.0047    1361.9161  161541.7372
    35   22 Ti         0.0047    1361.9161  161541.7372
    36   22 Ti         0.0047    1361.9161  161541.7372
    37   22 Ti         0.0047    1361.9161  161541.7372
    38   22 Ti         0.0047    1361.9161  161541.7372
    39   22 Ti         0.0047    1361.9161  161541.7372
    40   22 Ti         0.0047    1361.9161  161541.7372
    41   22 Ti         0.0047    1361.9161  161541.7372
    42   22 Ti         0.0047    1361.9161  161541.7372
    43   25 Mn         0.0045     802.7313   81148.9075
    44   25 Mn         0.0045     802.7313   81148.9075
    45   25 Mn         0.0047     802.7312   81148.9048
    46   25 Mn         0.0047     802.7312   81148.9048
    47   25 Mn         0.0047     802.7312   81148.9048
    48   25 Mn         0.0047     802.7312   81148.9048
    49   25 Mn         0.0047     802.7312   81148.9048
    50   25 Mn         0.0047     802.7312   81148.9048
    51   25 Mn         0.0044     802.7313   81148.9109
    52   25 Mn         0.0044     802.7313   81148.9109
    53   25 Mn         0.0044     802.7313   81148.9109
    54   25 Mn         0.0044     802.7313   81148.9109
    55   25 Mn         0.0044     802.7313   81148.9109
    56   25 Mn         0.0044     802.7313   81148.9109
    57   25 Mn         0.0046     802.7313   81148.9061
    58   25 Mn         0.0046     802.7313   81148.9061
    59   25 Mn         0.0046     802.7313   81148.9061
    60   25 Mn         0.0046     802.7313   81148.9061
    61   25 Mn         0.0046     802.7313   81148.9061
    62   25 Mn         0.0046     802.7313   81148.9061
    63   25 Mn         0.0046     802.7313   81148.9061
    64   25 Mn         0.0046     802.7313   81148.9061
    65   25 Mn         0.0046     802.7313   81148.9061
    66   25 Mn         0.0046     802.7313   81148.9061
    67   25 Mn         0.0046     802.7313   81148.9061
    68   25 Mn         0.0046     802.7313   81148.9061
    69   25 Mn         0.0047     802.7312   81148.9035
    70   25 Mn         0.0047     802.7312   81148.9035
    71   25 Mn         0.0047     802.7312   81148.9035
    72   25 Mn         0.0047     802.7312   81148.9035
    73   25 Mn         0.0047     802.7312   81148.9035
    74   25 Mn         0.0047     802.7312   81148.9035
    75   25 Mn         0.0047     802.7312   81148.9035
    76   25 Mn         0.0047     802.7312   81148.9035
    77   25 Mn         0.0047     802.7312   81148.9035
    78   25 Mn         0.0047     802.7312   81148.9035
    79   25 Mn         0.0047     802.7312   81148.9035
    80   25 Mn         0.0047     802.7312   81148.9035
    81   25 Mn         0.0045     802.7313   81148.9090
    82   25 Mn         0.0045     802.7313   81148.9090
    83   25 Mn         0.0045     802.7313   81148.9090
    84   25 Mn         0.0045     802.7313   81148.9090
    85   25 Mn         0.0045     802.7313   81148.9090
    86   25 Mn         0.0045     802.7313   81148.9090
    87   25 Mn         0.0045     802.7313   81148.9090
    88   25 Mn         0.0045     802.7313   81148.9090
    89   25 Mn         0.0045     802.7313   81148.9090
    90   25 Mn         0.0045     802.7313   81148.9090
    91   25 Mn         0.0045     802.7313   81148.9090
    92   25 Mn         0.0045     802.7313   81148.9090
--------------------------------------------------------

Atom-resolved dispersion energies:
--------------------------------------------------
     #    Z           [Hartree]      [kcal/mol]
--------------------------------------------------
     1   22 Ti  -0.40949798E-02     -2.56963863
     2   22 Ti  -0.40949800E-02     -2.56963873
     3   22 Ti  -0.40949800E-02     -2.56963873
     4   22 Ti  -0.40949800E-02     -2.56963873
     5   22 Ti  -0.40949800E-02     -2.56963873
     6   22 Ti  -0.40949798E-02     -2.56963863
     7   22 Ti  -0.43677927E-02     -2.74083128
     8   22 Ti  -0.43677926E-02     -2.74083122
     9   22 Ti  -0.43677926E-02     -2.74083123
    10   22 Ti  -0.43677926E-02     -2.74083123
    11   22 Ti  -0.43677926E-02     -2.74083122
    12   22 Ti  -0.43677927E-02     -2.74083128
    13   22 Ti  -0.43677927E-02     -2.74083128
    14   22 Ti  -0.43677926E-02     -2.74083122
    15   22 Ti  -0.43677926E-02     -2.74083123
    16   22 Ti  -0.43677926E-02     -2.74083123
    17   22 Ti  -0.43677926E-02     -2.74083122
    18   22 Ti  -0.43677927E-02     -2.74083128
    19   22 Ti  -0.45665563E-02     -2.86555736
    20   22 Ti  -0.45665564E-02     -2.86555738
    21   22 Ti  -0.45665563E-02     -2.86555735
    22   22 Ti  -0.45665563E-02     -2.86555735
    23   22 Ti  -0.45665564E-02     -2.86555738
    24   22 Ti  -0.45665563E-02     -2.86555736
    25   22 Ti  -0.45665563E-02     -2.86555736
    26   22 Ti  -0.45665564E-02     -2.86555738
    27   22 Ti  -0.45665563E-02     -2.86555735
    28   22 Ti  -0.45665563E-02     -2.86555735
    29   22 Ti  -0.45665564E-02     -2.86555738
    30   22 Ti  -0.45665563E-02     -2.86555736
    31   22 Ti  -0.44587998E-02     -2.79793913
    32   22 Ti  -0.44587999E-02     -2.79793916
    33   22 Ti  -0.44587998E-02     -2.79793909
    34   22 Ti  -0.44587998E-02     -2.79793909
    35   22 Ti  -0.44587999E-02     -2.79793916
    36   22 Ti  -0.44587998E-02     -2.79793913
    37   22 Ti  -0.44587998E-02     -2.79793913
    38   22 Ti  -0.44587999E-02     -2.79793916
    39   22 Ti  -0.44587998E-02     -2.79793909
    40   22 Ti  -0.44587998E-02     -2.79793909
    41   22 Ti  -0.44587999E-02     -2.79793916
    42   22 Ti  -0.44587998E-02     -2.79793913
    43   25 Mn  -0.48108948E-02     -3.01888208
    44   25 Mn  -0.48108948E-02     -3.01888208
    45   25 Mn  -0.48558518E-02     -3.04709304
    46   25 Mn  -0.48558517E-02     -3.04709297
    47   25 Mn  -0.48558517E-02     -3.04709297
    48   25 Mn  -0.48558517E-02     -3.04709297
    49   25 Mn  -0.48558517E-02     -3.04709297
    50   25 Mn  -0.48558518E-02     -3.04709304
    51   25 Mn  -0.45836721E-02     -2.87629766
    52   25 Mn  -0.45836721E-02     -2.87629769
    53   25 Mn  -0.45836721E-02     -2.87629769
    54   25 Mn  -0.45836721E-02     -2.87629769
    55   25 Mn  -0.45836721E-02     -2.87629769
    56   25 Mn  -0.45836721E-02     -2.87629766
    57   25 Mn  -0.47259582E-02     -2.96558352
    58   25 Mn  -0.47259582E-02     -2.96558357
    59   25 Mn  -0.47259581E-02     -2.96558348
    60   25 Mn  -0.47259581E-02     -2.96558348
    61   25 Mn  -0.47259582E-02     -2.96558357
    62   25 Mn  -0.47259582E-02     -2.96558352
    63   25 Mn  -0.47259582E-02     -2.96558352
    64   25 Mn  -0.47259582E-02     -2.96558357
    65   25 Mn  -0.47259581E-02     -2.96558348
    66   25 Mn  -0.47259581E-02     -2.96558348
    67   25 Mn  -0.47259582E-02     -2.96558357
    68   25 Mn  -0.47259582E-02     -2.96558352
    69   25 Mn  -0.48423461E-02     -3.03861804
    70   25 Mn  -0.48423461E-02     -3.03861805
    71   25 Mn  -0.48423462E-02     -3.03861812
    72   25 Mn  -0.48423462E-02     -3.03861812
    73   25 Mn  -0.48423461E-02     -3.03861805
    74   25 Mn  -0.48423461E-02     -3.03861804
    75   25 Mn  -0.48423461E-02     -3.03861804
    76   25 Mn  -0.48423461E-02     -3.03861805
    77   25 Mn  -0.48423462E-02     -3.03861812
    78   25 Mn  -0.48423462E-02     -3.03861812
    79   25 Mn  -0.48423461E-02     -3.03861805
    80   25 Mn  -0.48423461E-02     -3.03861804
    81   25 Mn  -0.46942436E-02     -2.94568232
    82   25 Mn  -0.46942436E-02     -2.94568233
    83   25 Mn  -0.46942436E-02     -2.94568234
    84   25 Mn  -0.46942436E-02     -2.94568234
    85   25 Mn  -0.46942436E-02     -2.94568233
    86   25 Mn  -0.46942436E-02     -2.94568232
    87   25 Mn  -0.46942436E-02     -2.94568232
    88   25 Mn  -0.46942436E-02     -2.94568233
    89   25 Mn  -0.46942436E-02     -2.94568234
    90   25 Mn  -0.46942436E-02     -2.94568234
    91   25 Mn  -0.46942436E-02     -2.94568233
    92   25 Mn  -0.46942436E-02     -2.94568232
--------------------------------------------------

Dispersion energy:      -4.2269717229954E-01 Eh

[Info] Dispersion energy written to .EDISP
