-----------------------------------
 s i m p l e   D F T - D 3  v1.2.1
-----------------------------------

Zero (Chai-Head-Gordon) damping: pbe-D3(0)
--------------------
  s6         1.0000
  s8         0.7220
  s9         0.0000
 rs6         1.2170
 rs8         1.0000
 alp        14.0000
--------------------

Atomic radii (in Angstrom):
-------------------------------------------
   Z          R(cov)     R(vdw)      r4/r2
-------------------------------------------
  22 Ti       1.6267     1.8821     3.3274
  25 Mn       1.4267     1.7731     3.0718
-------------------------------------------

Atomic reference systems (in atomic units):
----------------------------------------------------------------------------
   Z        #      CN    C6(AA)   #      CN    C6(AA)   #      CN    C6(AA)
----------------------------------------------------------------------------
  22 Ti     1  0.0000 1361.9185   2  1.8299  301.9988   3  3.8675  321.5890
  25 Mn     1  0.0000  802.7484   2  1.6406  239.5554   3  9.8849  113.8463
----------------------------------------------------------------------------

Dispersion properties (in atomic units):
--------------------------------------------------------
     #    Z                CN       C6(AA)       C8(AA)
--------------------------------------------------------
     1   22 Ti         0.0037    1361.9161  161541.7413
     2   22 Ti         0.0037    1361.9161  161541.7413
     3   22 Ti         0.0037    1361.9161  161541.7413
     4   22 Ti         0.0037    1361.9161  161541.7413
     5   22 Ti         0.0037    1361.9161  161541.7413
     6   22 Ti         0.0037    1361.9161  161541.7413
     7   22 Ti         0.0039    1361.9161  161541.7406
     8   22 Ti         0.0039    1361.9161  161541.7406
     9   22 Ti         0.0039    1361.9161  161541.7406
    10   22 Ti         0.0039    1361.9161  161541.7406
    11   22 Ti         0.0039    1361.9161  161541.7406
    12   22 Ti         0.0039    1361.9161  161541.7406
    13   22 Ti         0.0039    1361.9161  161541.7406
    14   22 Ti         0.0039    1361.9161  161541.7406
    15   22 Ti         0.0039    1361.9161  161541.7406
    16   22 Ti         0.0039    1361.9161  161541.7406
    17   22 Ti         0.0039    1361.9161  161541.7406
    18   22 Ti         0.0039    1361.9161  161541.7406
    19   22 Ti         0.0039    1361.9161  161541.7406
    20   22 Ti         0.0039    1361.9161  161541.7406
    21   22 Ti         0.0039    1361.9161  161541.7406
    22   22 Ti         0.0039    1361.9161  161541.7406
    23   22 Ti         0.0039    1361.9161  161541.7406
    24   22 Ti         0.0039    1361.9161  161541.7406
    25   22 Ti         0.0039    1361.9161  161541.7406
    26   22 Ti         0.0039    1361.9161  161541.7406
    27   22 Ti         0.0039    1361.9161  161541.7406
    28   22 Ti         0.0039    1361.9161  161541.7406
    29   22 Ti         0.0039    1361.9161  161541.7406
    30   22 Ti         0.0039    1361.9161  161541.7406
    31   22 Ti         0.0040    1361.9161  161541.7402
    32   22 Ti         0.0040    1361.9161  161541.7402
    33   22 Ti         0.0040    1361.9161  161541.7402
    34   22 Ti         0.0040    1361.9161  161541.7402
    35   22 Ti         0.0040    1361.9161  161541.7402
    36   22 Ti         0.0040    1361.9161  161541.7402
    37   22 Ti         0.0040    1361.9161  161541.7402
    38   22 Ti         0.0040    1361.9161  161541.7402
    39   22 Ti         0.0040    1361.9161  161541.7402
    40   22 Ti         0.0040    1361.9161  161541.7402
    41   22 Ti         0.0040    1361.9161  161541.7402
    42   22 Ti         0.0040    1361.9161  161541.7402
    43   25 Mn         0.0038     802.7314   81148.9231
    44   25 Mn         0.0038     802.7314   81148.9231
    45   25 Mn         0.0039     802.7314   81148.9210
    46   25 Mn         0.0039     802.7314   81148.9210
    47   25 Mn         0.0039     802.7314   81148.9210
    48   25 Mn         0.0039     802.7314   81148.9210
    49   25 Mn         0.0039     802.7314   81148.9210
    50   25 Mn         0.0039     802.7314   81148.9210
    51   25 Mn         0.0037     802.7315   81148.9261
    52   25 Mn         0.0037     802.7315   81148.9261
    53   25 Mn         0.0037     802.7315   81148.9261
    54   25 Mn         0.0037     802.7315   81148.9261
    55   25 Mn         0.0037     802.7315   81148.9261
    56   25 Mn         0.0037     802.7315   81148.9261
    57   25 Mn         0.0039     802.7314   81148.9221
    58   25 Mn         0.0039     802.7314   81148.9221
    59   25 Mn         0.0039     802.7314   81148.9221
    60   25 Mn         0.0039     802.7314   81148.9221
    61   25 Mn         0.0039     802.7314   81148.9221
    62   25 Mn         0.0039     802.7314   81148.9221
    63   25 Mn         0.0039     802.7314   81148.9221
    64   25 Mn         0.0039     802.7314   81148.9221
    65   25 Mn         0.0039     802.7314   81148.9221
    66   25 Mn         0.0039     802.7314   81148.9221
    67   25 Mn         0.0039     802.7314   81148.9221
    68   25 Mn         0.0039     802.7314   81148.9221
    69   25 Mn         0.0040     802.7314   81148.9198
    70   25 Mn         0.0040     802.7314   81148.9198
    71   25 Mn         0.0040     802.7314   81148.9198
    72   25 Mn         0.0040     802.7314   81148.9198
    73   25 Mn         0.0040     802.7314   81148.9198
    74   25 Mn         0.0040     802.7314   81148.9198
    75   25 Mn         0.0040     802.7314   81148.9198
    76   25 Mn         0.0040     802.7314   81148.9198
    77   25 Mn         0.0040     802.7314   81148.9198
    78   25 Mn         0.0040     802.7314   81148.9198
    79   25 Mn         0.0040     802.7314   81148.9198
    80   25 Mn         0.0040     802.7314   81148.9198
    81   25 Mn         0.0038     802.7314   81148.9244
    82   25 Mn         0.0038     802.7314   81148.9244
    83   25 Mn         0.0038     802.7314   81148.9244
    84   25 Mn         0.0038     802.7314   81148.9244
    85   25 Mn         0.0038     802.7314   81148.9244
    86   25 Mn         0.0038     802.7314   81148.9244
    87   25 Mn         0.0038     802.7314   81148.9244
    88   25 Mn         0.0038     802.7314   81148.9244
    89   25 Mn         0.0038     802.7314   81148.9244
    90   25 Mn         0.0038     802.7314   81148.9244
    91   25 Mn         0.0038     802.7314   81148.9244
    92   25 Mn         0.0038     802.7314   81148.9244
--------------------------------------------------------

Atom-resolved dispersion energies:
--------------------------------------------------
     #    Z           [Hartree]      [kcal/mol]
--------------------------------------------------
     1   22 Ti  -0.35709720E-02     -2.24081875
     2   22 Ti  -0.35709721E-02     -2.24081884
     3   22 Ti  -0.35709721E-02     -2.24081884
     4   22 Ti  -0.35709721E-02     -2.24081884
     5   22 Ti  -0.35709721E-02     -2.24081884
     6   22 Ti  -0.35709720E-02     -2.24081875
     7   22 Ti  -0.38077289E-02     -2.38938597
     8   22 Ti  -0.38077288E-02     -2.38938592
     9   22 Ti  -0.38077288E-02     -2.38938593
    10   22 Ti  -0.38077288E-02     -2.38938593
    11   22 Ti  -0.38077288E-02     -2.38938592
    12   22 Ti  -0.38077289E-02     -2.38938597
    13   22 Ti  -0.38077289E-02     -2.38938597
    14   22 Ti  -0.38077288E-02     -2.38938592
    15   22 Ti  -0.38077288E-02     -2.38938593
    16   22 Ti  -0.38077288E-02     -2.38938593
    17   22 Ti  -0.38077288E-02     -2.38938592
    18   22 Ti  -0.38077289E-02     -2.38938597
    19   22 Ti  -0.39774330E-02     -2.49587688
    20   22 Ti  -0.39774330E-02     -2.49587690
    21   22 Ti  -0.39774330E-02     -2.49587687
    22   22 Ti  -0.39774330E-02     -2.49587687
    23   22 Ti  -0.39774330E-02     -2.49587690
    24   22 Ti  -0.39774330E-02     -2.49587688
    25   22 Ti  -0.39774330E-02     -2.49587688
    26   22 Ti  -0.39774330E-02     -2.49587690
    27   22 Ti  -0.39774330E-02     -2.49587687
    28   22 Ti  -0.39774330E-02     -2.49587687
    29   22 Ti  -0.39774330E-02     -2.49587690
    30   22 Ti  -0.39774330E-02     -2.49587688
    31   22 Ti  -0.38879908E-02     -2.43975105
    32   22 Ti  -0.38879908E-02     -2.43975108
    33   22 Ti  -0.38879907E-02     -2.43975101
    34   22 Ti  -0.38879907E-02     -2.43975101
    35   22 Ti  -0.38879908E-02     -2.43975108
    36   22 Ti  -0.38879908E-02     -2.43975105
    37   22 Ti  -0.38879908E-02     -2.43975105
    38   22 Ti  -0.38879908E-02     -2.43975108
    39   22 Ti  -0.38879907E-02     -2.43975101
    40   22 Ti  -0.38879907E-02     -2.43975101
    41   22 Ti  -0.38879908E-02     -2.43975108
    42   22 Ti  -0.38879908E-02     -2.43975105
    43   25 Mn  -0.42195605E-02     -2.64781420
    44   25 Mn  -0.42195605E-02     -2.64781420
    45   25 Mn  -0.42671312E-02     -2.67766527
    46   25 Mn  -0.42671311E-02     -2.67766519
    47   25 Mn  -0.42671311E-02     -2.67766519
    48   25 Mn  -0.42671311E-02     -2.67766519
    49   25 Mn  -0.42671311E-02     -2.67766519
    50   25 Mn  -0.42671312E-02     -2.67766527
    51   25 Mn  -0.40164460E-02     -2.52035792
    52   25 Mn  -0.40164460E-02     -2.52035795
    53   25 Mn  -0.40164460E-02     -2.52035795
    54   25 Mn  -0.40164460E-02     -2.52035795
    55   25 Mn  -0.40164460E-02     -2.52035795
    56   25 Mn  -0.40164460E-02     -2.52035792
    57   25 Mn  -0.41582601E-02     -2.60934758
    58   25 Mn  -0.41582601E-02     -2.60934764
    59   25 Mn  -0.41582600E-02     -2.60934755
    60   25 Mn  -0.41582600E-02     -2.60934755
    61   25 Mn  -0.41582601E-02     -2.60934764
    62   25 Mn  -0.41582601E-02     -2.60934758
    63   25 Mn  -0.41582601E-02     -2.60934758
    64   25 Mn  -0.41582601E-02     -2.60934764
    65   25 Mn  -0.41582600E-02     -2.60934755
    66   25 Mn  -0.41582600E-02     -2.60934755
    67   25 Mn  -0.41582601E-02     -2.60934764
    68   25 Mn  -0.41582601E-02     -2.60934758
    69   25 Mn  -0.42567809E-02     -2.67117032
    70   25 Mn  -0.42567809E-02     -2.67117033
    71   25 Mn  -0.42567810E-02     -2.67117039
    72   25 Mn  -0.42567810E-02     -2.67117039
    73   25 Mn  -0.42567809E-02     -2.67117033
    74   25 Mn  -0.42567809E-02     -2.67117032
    75   25 Mn  -0.42567809E-02     -2.67117032
    76   25 Mn  -0.42567809E-02     -2.67117033
    77   25 Mn  -0.42567810E-02     -2.67117039
    78   25 Mn  -0.42567810E-02     -2.67117039
    79   25 Mn  -0.42567809E-02     -2.67117033
    80   25 Mn  -0.42567809E-02     -2.67117032
    81   25 Mn  -0.41204914E-02     -2.58564742
    82   25 Mn  -0.41204915E-02     -2.58564743
    83   25 Mn  -0.41204915E-02     -2.58564744
    84   25 Mn  -0.41204915E-02     -2.58564744
    85   25 Mn  -0.41204915E-02     -2.58564743
    86   25 Mn  -0.41204914E-02     -2.58564742
    87   25 Mn  -0.41204914E-02     -2.58564742
    88   25 Mn  -0.41204915E-02     -2.58564743
    89   25 Mn  -0.41204915E-02     -2.58564744
    90   25 Mn  -0.41204915E-02     -2.58564744
    91   25 Mn  -0.41204915E-02     -2.58564743
    92   25 Mn  -0.41204914E-02     -2.58564742
--------------------------------------------------

Dispersion energy:      -3.7007063740737E-01 Eh

[Info] Dispersion energy written to .EDISP
