-----------------------------------
 s i m p l e   D F T - D 3  v1.2.1
-----------------------------------

Zero (Chai-Head-Gordon) damping: pbe-D3(0)
--------------------
  s6         1.0000
  s8         0.7220
  s9         0.0000
 rs6         1.2170
 rs8         1.0000
 alp        14.0000
--------------------

Atomic radii (in Angstrom):
-------------------------------------------
   Z          R(cov)     R(vdw)      r4/r2
-------------------------------------------
  22 Ti       1.6267     1.8821     3.3274
  25 Mn       1.4267     1.7731     3.0718
-------------------------------------------

Atomic reference systems (in atomic units):
----------------------------------------------------------------------------
   Z        #      CN    C6(AA)   #      CN    C6(AA)   #      CN    C6(AA)
----------------------------------------------------------------------------
  22 Ti     1  0.0000 1361.9185   2  1.8299  301.9988   3  3.8675  321.5890
  25 Mn     1  0.0000  802.7484   2  1.6406  239.5554   3  9.8849  113.8463
----------------------------------------------------------------------------

Dispersion properties (in atomic units):
--------------------------------------------------------
     #    Z                CN       C6(AA)       C8(AA)
--------------------------------------------------------
     1   22 Ti         7.5889     321.5890   38144.8222
     2   22 Ti         7.5889     321.5890   38144.8222
     3   22 Ti         7.5889     321.5890   38144.8222
     4   22 Ti         7.5889     321.5890   38144.8222
     5   22 Ti         7.5889     321.5890   38144.8222
     6   22 Ti         7.5889     321.5890   38144.8222
     7   22 Ti         8.0224     321.5890   38144.8222
     8   22 Ti         8.0224     321.5890   38144.8222
     9   22 Ti         8.0224     321.5890   38144.8222
    10   22 Ti         8.0224     321.5890   38144.8222
    11   22 Ti         8.0224     321.5890   38144.8222
    12   22 Ti         8.0224     321.5890   38144.8222
    13   22 Ti         8.0224     321.5890   38144.8222
    14   22 Ti         8.0224     321.5890   38144.8222
    15   22 Ti         8.0224     321.5890   38144.8222
    16   22 Ti         8.0224     321.5890   38144.8222
    17   22 Ti         8.0224     321.5890   38144.8222
    18   22 Ti         8.0224     321.5890   38144.8222
    19   22 Ti         8.2409     321.5890   38144.8222
    20   22 Ti         8.2409     321.5890   38144.8222
    21   22 Ti         8.2409     321.5890   38144.8222
    22   22 Ti         8.2409     321.5890   38144.8222
    23   22 Ti         8.2409     321.5890   38144.8222
    24   22 Ti         8.2409     321.5890   38144.8222
    25   22 Ti         8.2409     321.5890   38144.8222
    26   22 Ti         8.2409     321.5890   38144.8222
    27   22 Ti         8.2409     321.5890   38144.8222
    28   22 Ti         8.2409     321.5890   38144.8222
    29   22 Ti         8.2409     321.5890   38144.8222
    30   22 Ti         8.2409     321.5890   38144.8222
    31   22 Ti         8.0588     321.5890   38144.8222
    32   22 Ti         8.0588     321.5890   38144.8222
    33   22 Ti         8.0588     321.5890   38144.8222
    34   22 Ti         8.0588     321.5890   38144.8222
    35   22 Ti         8.0588     321.5890   38144.8222
    36   22 Ti         8.0588     321.5890   38144.8222
    37   22 Ti         8.0588     321.5890   38144.8222
    38   22 Ti         8.0588     321.5890   38144.8222
    39   22 Ti         8.0588     321.5890   38144.8222
    40   22 Ti         8.0588     321.5890   38144.8222
    41   22 Ti         8.0588     321.5890   38144.8222
    42   22 Ti         8.0588     321.5890   38144.8222
    43   25 Mn         7.9284     113.8463   11508.8363
    44   25 Mn         7.9284     113.8463   11508.8363
    45   25 Mn         7.8041     113.8463   11508.8363
    46   25 Mn         7.8041     113.8463   11508.8363
    47   25 Mn         7.8041     113.8463   11508.8363
    48   25 Mn         7.8041     113.8463   11508.8363
    49   25 Mn         7.8041     113.8463   11508.8363
    50   25 Mn         7.8041     113.8463   11508.8363
    51   25 Mn         7.7519     113.8463   11508.8363
    52   25 Mn         7.7519     113.8463   11508.8363
    53   25 Mn         7.7519     113.8463   11508.8363
    54   25 Mn         7.7519     113.8463   11508.8363
    55   25 Mn         7.7519     113.8463   11508.8363
    56   25 Mn         7.7519     113.8463   11508.8363
    57   25 Mn         7.4157     113.8463   11508.8363
    58   25 Mn         7.4157     113.8463   11508.8363
    59   25 Mn         7.4157     113.8463   11508.8363
    60   25 Mn         7.4157     113.8463   11508.8363
    61   25 Mn         7.4157     113.8463   11508.8363
    62   25 Mn         7.4157     113.8463   11508.8363
    63   25 Mn         7.4157     113.8463   11508.8363
    64   25 Mn         7.4157     113.8463   11508.8363
    65   25 Mn         7.4157     113.8463   11508.8363
    66   25 Mn         7.4157     113.8463   11508.8363
    67   25 Mn         7.4157     113.8463   11508.8363
    68   25 Mn         7.4157     113.8463   11508.8363
    69   25 Mn         7.8198     113.8463   11508.8363
    70   25 Mn         7.8198     113.8463   11508.8363
    71   25 Mn         7.8198     113.8463   11508.8363
    72   25 Mn         7.8198     113.8463   11508.8363
    73   25 Mn         7.8198     113.8463   11508.8363
    74   25 Mn         7.8198     113.8463   11508.8363
    75   25 Mn         7.8198     113.8463   11508.8363
    76   25 Mn         7.8198     113.8463   11508.8363
    77   25 Mn         7.8198     113.8463   11508.8363
    78   25 Mn         7.8198     113.8463   11508.8363
    79   25 Mn         7.8198     113.8463   11508.8363
    80   25 Mn         7.8198     113.8463   11508.8363
    81   25 Mn         7.6685     113.8463   11508.8363
    82   25 Mn         7.6685     113.8463   11508.8363
    83   25 Mn         7.6685     113.8463   11508.8363
    84   25 Mn         7.6685     113.8463   11508.8363
    85   25 Mn         7.6685     113.8463   11508.8363
    86   25 Mn         7.6685     113.8463   11508.8363
    87   25 Mn         7.6685     113.8463   11508.8363
    88   25 Mn         7.6685     113.8463   11508.8363
    89   25 Mn         7.6685     113.8463   11508.8363
    90   25 Mn         7.6685     113.8463   11508.8363
    91   25 Mn         7.6685     113.8463   11508.8363
    92   25 Mn         7.6685     113.8463   11508.8363
--------------------------------------------------------

Atom-resolved dispersion energies:
--------------------------------------------------
     #    Z           [Hartree]      [kcal/mol]
--------------------------------------------------
     1   22 Ti  -0.12427015E-01     -7.79806974
     2   22 Ti  -0.12427015E-01     -7.79806983
     3   22 Ti  -0.12427015E-01     -7.79806983
     4   22 Ti  -0.12427015E-01     -7.79806983
     5   22 Ti  -0.12427015E-01     -7.79806983
     6   22 Ti  -0.12427015E-01     -7.79806974
     7   22 Ti  -0.12194294E-01     -7.65203494
     8   22 Ti  -0.12194294E-01     -7.65203497
     9   22 Ti  -0.12194294E-01     -7.65203499
    10   22 Ti  -0.12194294E-01     -7.65203499
    11   22 Ti  -0.12194294E-01     -7.65203497
    12   22 Ti  -0.12194294E-01     -7.65203494
    13   22 Ti  -0.12194294E-01     -7.65203494
    14   22 Ti  -0.12194294E-01     -7.65203497
    15   22 Ti  -0.12194294E-01     -7.65203499
    16   22 Ti  -0.12194294E-01     -7.65203499
    17   22 Ti  -0.12194294E-01     -7.65203497
    18   22 Ti  -0.12194294E-01     -7.65203494
    19   22 Ti  -0.12013979E-01     -7.53888568
    20   22 Ti  -0.12013979E-01     -7.53888569
    21   22 Ti  -0.12013979E-01     -7.53888568
    22   22 Ti  -0.12013979E-01     -7.53888568
    23   22 Ti  -0.12013979E-01     -7.53888569
    24   22 Ti  -0.12013979E-01     -7.53888568
    25   22 Ti  -0.12013979E-01     -7.53888568
    26   22 Ti  -0.12013979E-01     -7.53888569
    27   22 Ti  -0.12013979E-01     -7.53888568
    28   22 Ti  -0.12013979E-01     -7.53888568
    29   22 Ti  -0.12013979E-01     -7.53888569
    30   22 Ti  -0.12013979E-01     -7.53888568
    31   22 Ti  -0.12183684E-01     -7.64537709
    32   22 Ti  -0.12183684E-01     -7.64537719
    33   22 Ti  -0.12183684E-01     -7.64537707
    34   22 Ti  -0.12183684E-01     -7.64537707
    35   22 Ti  -0.12183684E-01     -7.64537719
    36   22 Ti  -0.12183684E-01     -7.64537709
    37   22 Ti  -0.12183684E-01     -7.64537709
    38   22 Ti  -0.12183684E-01     -7.64537719
    39   22 Ti  -0.12183684E-01     -7.64537707
    40   22 Ti  -0.12183684E-01     -7.64537707
    41   22 Ti  -0.12183684E-01     -7.64537719
    42   22 Ti  -0.12183684E-01     -7.64537709
    43   25 Mn  -0.79364403E-02     -4.98019146
    44   25 Mn  -0.79364403E-02     -4.98019146
    45   25 Mn  -0.79810807E-02     -5.00820376
    46   25 Mn  -0.79810806E-02     -5.00820371
    47   25 Mn  -0.79810806E-02     -5.00820371
    48   25 Mn  -0.79810806E-02     -5.00820371
    49   25 Mn  -0.79810806E-02     -5.00820371
    50   25 Mn  -0.79810807E-02     -5.00820376
    51   25 Mn  -0.75544098E-02     -4.74046373
    52   25 Mn  -0.75544098E-02     -4.74046375
    53   25 Mn  -0.75544098E-02     -4.74046375
    54   25 Mn  -0.75544098E-02     -4.74046375
    55   25 Mn  -0.75544098E-02     -4.74046375
    56   25 Mn  -0.75544098E-02     -4.74046373
    57   25 Mn  -0.79452175E-02     -4.98569927
    58   25 Mn  -0.79452176E-02     -4.98569931
    59   25 Mn  -0.79452175E-02     -4.98569924
    60   25 Mn  -0.79452175E-02     -4.98569924
    61   25 Mn  -0.79452176E-02     -4.98569931
    62   25 Mn  -0.79452175E-02     -4.98569927
    63   25 Mn  -0.79452175E-02     -4.98569927
    64   25 Mn  -0.79452176E-02     -4.98569931
    65   25 Mn  -0.79452175E-02     -4.98569924
    66   25 Mn  -0.79452175E-02     -4.98569924
    67   25 Mn  -0.79452176E-02     -4.98569931
    68   25 Mn  -0.79452175E-02     -4.98569927
    69   25 Mn  -0.78034286E-02     -4.89672541
    70   25 Mn  -0.78034287E-02     -4.89672541
    71   25 Mn  -0.78034287E-02     -4.89672545
    72   25 Mn  -0.78034287E-02     -4.89672545
    73   25 Mn  -0.78034287E-02     -4.89672541
    74   25 Mn  -0.78034286E-02     -4.89672541
    75   25 Mn  -0.78034286E-02     -4.89672541
    76   25 Mn  -0.78034287E-02     -4.89672541
    77   25 Mn  -0.78034287E-02     -4.89672545
    78   25 Mn  -0.78034287E-02     -4.89672545
    79   25 Mn  -0.78034287E-02     -4.89672541
    80   25 Mn  -0.78034286E-02     -4.89672541
    81   25 Mn  -0.78438395E-02     -4.92208361
    82   25 Mn  -0.78438395E-02     -4.92208363
    83   25 Mn  -0.78438395E-02     -4.92208361
    84   25 Mn  -0.78438395E-02     -4.92208361
    85   25 Mn  -0.78438395E-02     -4.92208363
    86   25 Mn  -0.78438395E-02     -4.92208361
    87   25 Mn  -0.78438395E-02     -4.92208361
    88   25 Mn  -0.78438395E-02     -4.92208363
    89   25 Mn  -0.78438395E-02     -4.92208361
    90   25 Mn  -0.78438395E-02     -4.92208361
    91   25 Mn  -0.78438395E-02     -4.92208363
    92   25 Mn  -0.78438395E-02     -4.92208361
--------------------------------------------------

Dispersion energy:      -9.0346122725506E-01 Eh

[Info] Dispersion energy written to .EDISP
