-----------------------------------
 s i m p l e   D F T - D 3  v1.2.1
-----------------------------------

Zero (Chai-Head-Gordon) damping: pbe-D3(0)
--------------------
  s6         1.0000
  s8         0.7220
  s9         0.0000
 rs6         1.2170
 rs8         1.0000
 alp        14.0000
--------------------

Atomic radii (in Angstrom):
-------------------------------------------
   Z          R(cov)     R(vdw)      r4/r2
-------------------------------------------
  25 Mn       1.4267     1.7731     3.0718
   8 O        0.8400     1.2408     1.3725
-------------------------------------------

Atomic reference systems (in atomic units):
----------------------------------------------------------------------------
   Z        #      CN    C6(AA)   #      CN    C6(AA)   #      CN    C6(AA)
----------------------------------------------------------------------------
  25 Mn     1  0.0000  802.7484   2  1.6406  239.5554   3  9.8849  113.8463
   8 O      1  0.0000   15.5059   2  0.9925   12.8161   3  1.9887   10.3708
----------------------------------------------------------------------------

Dispersion properties (in atomic units):
--------------------------------------------------------
     #    Z                CN       C6(AA)       C8(AA)
--------------------------------------------------------
     1   25 Mn         0.0247     802.7261   81148.3842
     2   25 Mn         0.0253     802.7259   81148.3667
     3   25 Mn         0.0242     802.7262   81148.3992
     4   25 Mn         0.0242     802.7262   81148.3992
     5   25 Mn         0.0125     802.7294   81148.7180
     6   25 Mn         0.0242     802.7262   81148.3992
     7   25 Mn         0.0247     802.7261   81148.3843
     8   25 Mn         0.0246     802.7261   81148.3867
     9   25 Mn         0.0246     802.7261   81148.3867
    10   25 Mn         0.0247     802.7261   81148.3842
    11   25 Mn         0.0251     802.7260   81148.3725
    12   25 Mn         0.0251     802.7260   81148.3725
    13   25 Mn         0.0251     802.7260   81148.3725
    14   25 Mn         0.0253     802.7259   81148.3667
    15   25 Mn         0.0253     802.7259   81148.3667
    16   25 Mn         0.0247     802.7261   81148.3843
    17   25 Mn         0.0246     802.7261   81148.3867
    18   25 Mn         0.0251     802.7260   81148.3725
    19   25 Mn         0.0246     802.7261   81148.3867
    20   25 Mn         0.0242     802.7262   81148.3992
    21   25 Mn         0.0253     802.7259   81148.3667
    22    8 O          0.0106      15.4467     311.7237
    23    8 O          0.0109      15.4466     311.7216
    24    8 O          0.0106      15.4467     311.7234
    25    8 O          0.0106      15.4467     311.7234
    26    8 O          0.0106      15.4467     311.7234
    27    8 O          0.0108      15.4467     311.7221
    28    8 O          0.0108      15.4467     311.7221
    29    8 O          0.0112      15.4465     311.7179
    30    8 O          0.0112      15.4465     311.7179
    31    8 O          0.0109      15.4466     311.7207
    32    8 O          0.0109      15.4466     311.7208
    33    8 O          0.0109      15.4466     311.7216
    34    8 O          0.0106      15.4467     311.7234
    35    8 O          0.0106      15.4467     311.7237
    36    8 O          0.0110      15.4466     311.7203
    37    8 O          0.0112      15.4465     311.7179
    38    8 O          0.0106      15.4467     311.7237
    39    8 O          0.0110      15.4466     311.7203
    40    8 O          0.0106      15.4467     311.7237
    41    8 O          0.0106      15.4467     311.7237
    42    8 O          0.0109      15.4466     311.7207
    43    8 O          0.0109      15.4466     311.7216
    44    8 O          0.0109      15.4466     311.7208
    45    8 O          0.0110      15.4466     311.7203
    46    8 O          0.0109      15.4466     311.7207
    47    8 O          0.0108      15.4467     311.7221
    48    8 O          0.0109      15.4466     311.7207
    49    8 O          0.0108      15.4467     311.7221
    50    8 O          0.0109      15.4466     311.7207
    51    8 O          0.0109      15.4466     311.7207
    52    8 O          0.0110      15.4466     311.7203
    53    8 O          0.0109      15.4466     311.7208
    54    8 O          0.0109      15.4466     311.7207
    55    8 O          0.0106      15.4467     311.7237
    56    8 O          0.0109      15.4466     311.7216
    57    8 O          0.0106      15.4467     311.7237
    58    8 O          0.0109      15.4466     311.7207
    59    8 O          0.0112      15.4465     311.7179
    60    8 O          0.0106      15.4467     311.7237
    61    8 O          0.0109      15.4466     311.7208
--------------------------------------------------------

Atom-resolved dispersion energies:
--------------------------------------------------
     #    Z           [Hartree]      [kcal/mol]
--------------------------------------------------
     1   25 Mn  -0.57478540E-02     -3.60683285
     2   25 Mn  -0.57116764E-02     -3.58413104
     3   25 Mn  -0.57872629E-02     -3.63156232
     4   25 Mn  -0.57872627E-02     -3.63156216
     5   25 Mn  -0.41458497E-02     -2.60155996
     6   25 Mn  -0.57872711E-02     -3.63156743
     7   25 Mn  -0.57478408E-02     -3.60682458
     8   25 Mn  -0.57539953E-02     -3.61068655
     9   25 Mn  -0.57540103E-02     -3.61069596
    10   25 Mn  -0.57478347E-02     -3.60682073
    11   25 Mn  -0.56937267E-02     -3.57286745
    12   25 Mn  -0.56937332E-02     -3.57287152
    13   25 Mn  -0.56937287E-02     -3.57286869
    14   25 Mn  -0.57116746E-02     -3.58412993
    15   25 Mn  -0.57116667E-02     -3.58412495
    16   25 Mn  -0.57478359E-02     -3.60682148
    17   25 Mn  -0.57540112E-02     -3.61069657
    18   25 Mn  -0.56937274E-02     -3.57286786
    19   25 Mn  -0.57539944E-02     -3.61068602
    20   25 Mn  -0.57872701E-02     -3.63156684
    21   25 Mn  -0.57116774E-02     -3.58413166
    22    8 O   -0.97328659E-03     -0.61074656
    23    8 O   -0.95787819E-03     -0.60107764
    24    8 O   -0.96975708E-03     -0.60853176
    25    8 O   -0.96975743E-03     -0.60853197
    26    8 O   -0.96975748E-03     -0.60853201
    27    8 O   -0.95825980E-03     -0.60131710
    28    8 O   -0.95826027E-03     -0.60131740
    29    8 O   -0.11751817E-02     -0.73743764
    30    8 O   -0.11751823E-02     -0.73743802
    31    8 O   -0.95565678E-03     -0.59968368
    32    8 O   -0.95738579E-03     -0.60076865
    33    8 O   -0.95787735E-03     -0.60107711
    34    8 O   -0.96975725E-03     -0.60853186
    35    8 O   -0.97328650E-03     -0.61074650
    36    8 O   -0.95774174E-03     -0.60099202
    37    8 O   -0.11751825E-02     -0.73743817
    38    8 O   -0.97248691E-03     -0.61024475
    39    8 O   -0.95774289E-03     -0.60099274
    40    8 O   -0.97248637E-03     -0.61024441
    41    8 O   -0.97328641E-03     -0.61074645
    42    8 O   -0.95644612E-03     -0.60017900
    43    8 O   -0.95787764E-03     -0.60107729
    44    8 O   -0.95738544E-03     -0.60076844
    45    8 O   -0.95774284E-03     -0.60099271
    46    8 O   -0.95644428E-03     -0.60017785
    47    8 O   -0.95825932E-03     -0.60131680
    48    8 O   -0.95565716E-03     -0.59968392
    49    8 O   -0.95825954E-03     -0.60131694
    50    8 O   -0.95644538E-03     -0.60017853
    51    8 O   -0.95565727E-03     -0.59968399
    52    8 O   -0.95774387E-03     -0.60099335
    53    8 O   -0.95738465E-03     -0.60076794
    54    8 O   -0.95644566E-03     -0.60017872
    55    8 O   -0.97328620E-03     -0.61074631
    56    8 O   -0.95787748E-03     -0.60107719
    57    8 O   -0.97248748E-03     -0.61024511
    58    8 O   -0.95565840E-03     -0.59968470
    59    8 O   -0.11751817E-02     -0.73743763
    60    8 O   -0.97248710E-03     -0.61024487
    61    8 O   -0.95738631E-03     -0.60076898
--------------------------------------------------

Dispersion energy:      -1.5826022934351E-01 Eh

[Info] Dispersion energy written to .EDISP
