-----------------------------------
 s i m p l e   D F T - D 3  v1.2.1
-----------------------------------

Zero (Chai-Head-Gordon) damping: pbe-D3(0)
--------------------
  s6         1.0000
  s8         0.7220
  s9         0.0000
 rs6         1.2170
 rs8         1.0000
 alp        14.0000
--------------------

Atomic radii (in Angstrom):
-------------------------------------------
   Z          R(cov)     R(vdw)      r4/r2
-------------------------------------------
  12 Mg       1.6667     1.7420     2.8909
  75 Re       1.5733     1.9478     3.7248
-------------------------------------------

Atomic reference systems (in atomic units):
----------------------------------------------------------------------------
   Z        #      CN    C6(AA)   #      CN    C6(AA)   #      CN    C6(AA)
----------------------------------------------------------------------------
  12 Mg     1  0.0000  683.3758   2  0.9628  451.2708   3  1.9496  175.5616
  75 Re     1  0.0000  836.3310   2  1.8104  561.4338   3  9.8054  332.1448
----------------------------------------------------------------------------

Dispersion properties (in atomic units):
--------------------------------------------------------
     #    Z                CN       C6(AA)       C8(AA)
--------------------------------------------------------
     1   12 Mg        13.8636     175.5616   15718.3434
     2   12 Mg        13.8636     175.5616   15718.3434
     3   12 Mg        14.2443     175.5616   15718.3434
     4   12 Mg        14.2442     175.5616   15718.3434
     5   12 Mg        14.2443     175.5616   15718.3434
     6   12 Mg        14.2443     175.5616   15718.3434
     7   12 Mg        13.8976     175.5616   15718.3434
     8   12 Mg        13.8976     175.5616   15718.3434
     9   12 Mg        13.8568     175.5616   15718.3434
    10   12 Mg        13.8633     175.5616   15718.3434
    11   12 Mg        13.8636     175.5616   15718.3434
    12   12 Mg        13.8636     175.5616   15718.3434
    13   12 Mg        13.8568     175.5616   15718.3434
    14   12 Mg        13.8568     175.5616   15718.3434
    15   12 Mg        13.7935     175.5616   15718.3434
    16   12 Mg        13.7935     175.5616   15718.3434
    17   12 Mg        13.8976     175.5616   15718.3434
    18   12 Mg        13.8636     175.5616   15718.3434
    19   12 Mg        13.8636     175.5616   15718.3434
    20   12 Mg        13.7935     175.5616   15718.3434
    21   12 Mg        13.8634     175.5616   15718.3434
    22   12 Mg        13.8633     175.5616   15718.3434
    23   12 Mg        14.2443     175.5616   15718.3434
    24   12 Mg        14.2443     175.5616   15718.3434
    25   12 Mg        14.2889     175.5616   15718.3434
    26   12 Mg        14.2890     175.5616   15718.3434
    27   12 Mg        14.2890     175.5616   15718.3434
    28   12 Mg        13.8624     175.5616   15718.3434
    29   12 Mg        13.8624     175.5616   15718.3434
    30   12 Mg        13.8624     175.5616   15718.3434
    31   12 Mg        13.8624     175.5616   15718.3434
    32   12 Mg        13.8624     175.5616   15718.3434
    33   12 Mg        13.8624     175.5616   15718.3434
    34   12 Mg        13.8212     175.5616   15718.3434
    35   12 Mg        13.8212     175.5616   15718.3434
    36   12 Mg        13.8212     175.5616   15718.3434
    37   12 Mg        13.8287     175.5616   15718.3434
    38   12 Mg        13.8287     175.5616   15718.3434
    39   12 Mg        13.8287     175.5616   15718.3434
    40   12 Mg        13.7690     175.5616   15718.3434
    41   12 Mg        13.7690     175.5616   15718.3434
    42   12 Mg        13.7690     175.5616   15718.3434
    43   12 Mg        13.7690     175.5616   15718.3434
    44   12 Mg        13.7690     175.5616   15718.3434
    45   12 Mg        13.7690     175.5616   15718.3434
    46   12 Mg        13.8119     175.5616   15718.3434
    47   12 Mg        13.8901     175.5616   15718.3434
    48   12 Mg        13.8901     175.5616   15718.3434
    49   12 Mg        13.8901     175.5616   15718.3434
    50   12 Mg        13.8189     175.5616   15718.3434
    51   12 Mg        13.8189     175.5616   15718.3434
    52   12 Mg        13.8189     175.5616   15718.3434
    53   12 Mg        13.8189     175.5616   15718.3434
    54   12 Mg        13.8189     175.5616   15718.3434
    55   12 Mg        13.8189     175.5616   15718.3434
    56   12 Mg        13.8205     175.5616   15718.3434
    57   12 Mg        13.8471     175.5616   15718.3434
    58   12 Mg        13.8471     175.5616   15718.3434
    59   12 Mg        13.8471     175.5616   15718.3434
    60   12 Mg        13.8471     175.5616   15718.3434
    61   12 Mg        13.8471     175.5616   15718.3434
    62   12 Mg        13.8471     175.5616   15718.3434
    63   12 Mg        13.7427     175.5616   15718.3434
    64   12 Mg        13.7427     175.5616   15718.3434
    65   12 Mg        13.7427     175.5616   15718.3434
    66   12 Mg        13.7803     175.5616   15718.3434
    67   12 Mg        13.7803     175.5616   15718.3434
    68   12 Mg        13.7803     175.5616   15718.3434
    69   12 Mg        13.8578     175.5616   15718.3434
    70   12 Mg        13.8578     175.5616   15718.3434
    71   12 Mg        13.8578     175.5616   15718.3434
    72   12 Mg        13.8444     175.5616   15718.3434
    73   12 Mg        13.8445     175.5616   15718.3434
    74   12 Mg        13.8445     175.5616   15718.3434
    75   12 Mg        13.8312     175.5616   15718.3434
    76   12 Mg        13.8312     175.5616   15718.3434
    77   12 Mg        13.7956     175.5616   15718.3434
    78   12 Mg        13.7857     175.5616   15718.3434
    79   12 Mg        13.7857     175.5616   15718.3434
    80   12 Mg        13.8179     175.5616   15718.3434
    81   12 Mg        13.8179     175.5616   15718.3434
    82   12 Mg        13.7856     175.5616   15718.3434
    83   12 Mg        13.7857     175.5616   15718.3434
    84   12 Mg        13.8580     175.5616   15718.3434
    85   12 Mg        13.8269     175.5616   15718.3434
    86   12 Mg        13.8361     175.5616   15718.3434
    87   12 Mg        13.8361     175.5616   15718.3434
    88   12 Mg        13.7857     175.5616   15718.3434
    89   12 Mg        13.7857     175.5616   15718.3434
    90   12 Mg        13.8269     175.5616   15718.3434
    91   12 Mg        13.8269     175.5616   15718.3434
    92   12 Mg        13.8179     175.5616   15718.3434
    93   12 Mg        13.8179     175.5616   15718.3434
    94   12 Mg        13.8312     175.5616   15718.3434
    95   12 Mg        13.7956     175.5616   15718.3434
    96   12 Mg        13.7956     175.5616   15718.3434
    97   12 Mg        13.8361     175.5616   15718.3434
    98   12 Mg        13.8179     175.5616   15718.3434
    99   12 Mg        13.8179     175.5616   15718.3434
   100   12 Mg        13.8444     175.5616   15718.3434
   101   12 Mg        13.8444     175.5616   15718.3434
   102   12 Mg        13.8444     175.5616   15718.3434
   103   12 Mg        13.8578     175.5616   15718.3434
   104   12 Mg        13.8578     175.5616   15718.3434
   105   12 Mg        13.8578     175.5616   15718.3434
   106   12 Mg        13.7803     175.5616   15718.3434
   107   12 Mg        13.7803     175.5616   15718.3434
   108   12 Mg        13.7803     175.5616   15718.3434
   109   12 Mg        13.7427     175.5616   15718.3434
   110   12 Mg        13.7427     175.5616   15718.3434
   111   12 Mg        13.7427     175.5616   15718.3434
   112   12 Mg        13.8471     175.5616   15718.3434
   113   12 Mg        13.8471     175.5616   15718.3434
   114   12 Mg        13.8471     175.5616   15718.3434
   115   12 Mg        13.8471     175.5616   15718.3434
   116   12 Mg        13.8471     175.5616   15718.3434
   117   12 Mg        13.8471     175.5616   15718.3434
   118   12 Mg        13.8205     175.5616   15718.3434
   119   12 Mg        13.8189     175.5616   15718.3434
   120   12 Mg        13.8189     175.5616   15718.3434
   121   12 Mg        13.8189     175.5616   15718.3434
   122   12 Mg        13.8189     175.5616   15718.3434
   123   12 Mg        13.8189     175.5616   15718.3434
   124   12 Mg        13.8189     175.5616   15718.3434
   125   12 Mg        13.8902     175.5616   15718.3434
   126   12 Mg        13.8902     175.5616   15718.3434
   127   12 Mg        13.8902     175.5616   15718.3434
   128   12 Mg        13.8119     175.5616   15718.3434
   129   12 Mg        13.7690     175.5616   15718.3434
   130   12 Mg        13.7690     175.5616   15718.3434
   131   12 Mg        13.7690     175.5616   15718.3434
   132   12 Mg        13.7690     175.5616   15718.3434
   133   12 Mg        13.7690     175.5616   15718.3434
   134   12 Mg        13.7690     175.5616   15718.3434
   135   12 Mg        13.8287     175.5616   15718.3434
   136   12 Mg        13.8287     175.5616   15718.3434
   137   12 Mg        13.8287     175.5616   15718.3434
   138   12 Mg        13.8212     175.5616   15718.3434
   139   12 Mg        13.8212     175.5616   15718.3434
   140   12 Mg        13.8212     175.5616   15718.3434
   141   12 Mg        13.8624     175.5616   15718.3434
   142   12 Mg        13.8624     175.5616   15718.3434
   143   12 Mg        13.8624     175.5616   15718.3434
   144   12 Mg        13.8624     175.5616   15718.3434
   145   12 Mg        13.8624     175.5616   15718.3434
   146   12 Mg        13.8624     175.5616   15718.3434
   147   12 Mg        14.2890     175.5616   15718.3434
   148   12 Mg        14.2890     175.5616   15718.3434
   149   12 Mg        14.2890     175.5616   15718.3434
   150   75 Re        13.3087     332.1448   49369.0860
--------------------------------------------------------

Atom-resolved dispersion energies:
--------------------------------------------------
     #    Z           [Hartree]      [kcal/mol]
--------------------------------------------------
     1   12 Mg  -0.16208523E-01    -10.17100162
     2   12 Mg  -0.16208519E-01    -10.17099912
     3   12 Mg  -0.16242450E-01    -10.19229124
     4   12 Mg  -0.16242453E-01    -10.19229305
     5   12 Mg  -0.16242446E-01    -10.19228862
     6   12 Mg  -0.16242451E-01    -10.19229174
     7   12 Mg  -0.16275380E-01    -10.21295507
     8   12 Mg  -0.16275379E-01    -10.21295469
     9   12 Mg  -0.16115575E-01    -10.11267593
    10   12 Mg  -0.16244237E-01    -10.19341257
    11   12 Mg  -0.16208521E-01    -10.17100033
    12   12 Mg  -0.16208519E-01    -10.17099892
    13   12 Mg  -0.16115574E-01    -10.11267513
    14   12 Mg  -0.16115576E-01    -10.11267643
    15   12 Mg  -0.16084438E-01    -10.09313749
    16   12 Mg  -0.16084435E-01    -10.09313564
    17   12 Mg  -0.16275377E-01    -10.21295307
    18   12 Mg  -0.16208509E-01    -10.17099305
    19   12 Mg  -0.16208516E-01    -10.17099749
    20   12 Mg  -0.16084454E-01    -10.09314733
    21   12 Mg  -0.16244225E-01    -10.19340491
    22   12 Mg  -0.16244232E-01    -10.19340920
    23   12 Mg  -0.16242447E-01    -10.19228962
    24   12 Mg  -0.16242447E-01    -10.19228942
    25   12 Mg  -0.16192172E-01    -10.16074152
    26   12 Mg  -0.16192169E-01    -10.16073946
    27   12 Mg  -0.16192173E-01    -10.16074187
    28   12 Mg  -0.16273131E-01    -10.21154401
    29   12 Mg  -0.16273133E-01    -10.21154512
    30   12 Mg  -0.16273129E-01    -10.21154267
    31   12 Mg  -0.16273128E-01    -10.21154228
    32   12 Mg  -0.16273126E-01    -10.21154091
    33   12 Mg  -0.16273138E-01    -10.21154833
    34   12 Mg  -0.16094627E-01    -10.09953089
    35   12 Mg  -0.16094626E-01    -10.09953021
    36   12 Mg  -0.16094630E-01    -10.09953303
    37   12 Mg  -0.16050902E-01    -10.07209322
    38   12 Mg  -0.16050902E-01    -10.07209332
    39   12 Mg  -0.16050907E-01    -10.07209612
    40   12 Mg  -0.16207071E-01    -10.17009042
    41   12 Mg  -0.16207071E-01    -10.17009064
    42   12 Mg  -0.16207085E-01    -10.17009948
    43   12 Mg  -0.16207085E-01    -10.17009924
    44   12 Mg  -0.16207070E-01    -10.17008977
    45   12 Mg  -0.16207066E-01    -10.17008734
    46   12 Mg  -0.16137269E-01    -10.12628918
    47   12 Mg  -0.16157870E-01    -10.13921635
    48   12 Mg  -0.16157871E-01    -10.13921718
    49   12 Mg  -0.16157874E-01    -10.13921909
    50   12 Mg  -0.16246881E-01    -10.19507150
    51   12 Mg  -0.16246877E-01    -10.19506901
    52   12 Mg  -0.16246872E-01    -10.19506602
    53   12 Mg  -0.16246877E-01    -10.19506914
    54   12 Mg  -0.16246882E-01    -10.19507224
    55   12 Mg  -0.16246881E-01    -10.19507159
    56   12 Mg  -0.16284413E-01    -10.21862353
    57   12 Mg  -0.16074264E-01    -10.08675307
    58   12 Mg  -0.16074267E-01    -10.08675470
    59   12 Mg  -0.16074267E-01    -10.08675491
    60   12 Mg  -0.16074265E-01    -10.08675345
    61   12 Mg  -0.16074264E-01    -10.08675304
    62   12 Mg  -0.16074259E-01    -10.08674956
    63   12 Mg  -0.16171244E-01    -10.14760893
    64   12 Mg  -0.16171246E-01    -10.14761029
    65   12 Mg  -0.16171246E-01    -10.14761002
    66   12 Mg  -0.16083746E-01    -10.09270311
    67   12 Mg  -0.16083749E-01    -10.09270506
    68   12 Mg  -0.16083764E-01    -10.09271428
    69   12 Mg  -0.16087305E-01    -10.09493630
    70   12 Mg  -0.16087309E-01    -10.09493853
    71   12 Mg  -0.16087301E-01    -10.09493359
    72   12 Mg  -0.16107214E-01    -10.10742960
    73   12 Mg  -0.16107213E-01    -10.10742858
    74   12 Mg  -0.16107204E-01    -10.10742299
    75   12 Mg  -0.16100162E-01    -10.10300443
    76   12 Mg  -0.16100155E-01    -10.10299972
    77   12 Mg  -0.16106282E-01    -10.10684457
    78   12 Mg  -0.16123402E-01    -10.11758720
    79   12 Mg  -0.16123399E-01    -10.11758532
    80   12 Mg  -0.16078000E-01    -10.08909742
    81   12 Mg  -0.16078003E-01    -10.08909892
    82   12 Mg  -0.16123420E-01    -10.11759890
    83   12 Mg  -0.16123411E-01    -10.11759296
    84   12 Mg  -0.16075290E-01    -10.08739706
    85   12 Mg  -0.16037616E-01    -10.06375610
    86   12 Mg  -0.16052829E-01    -10.07330233
    87   12 Mg  -0.16052828E-01    -10.07330170
    88   12 Mg  -0.16123405E-01    -10.11758927
    89   12 Mg  -0.16123391E-01    -10.11758058
    90   12 Mg  -0.16037622E-01    -10.06375984
    91   12 Mg  -0.16037622E-01    -10.06375951
    92   12 Mg  -0.16078007E-01    -10.08910163
    93   12 Mg  -0.16077997E-01    -10.08909568
    94   12 Mg  -0.16100158E-01    -10.10300176
    95   12 Mg  -0.16106279E-01    -10.10684241
    96   12 Mg  -0.16106267E-01    -10.10683496
    97   12 Mg  -0.16052827E-01    -10.07330118
    98   12 Mg  -0.16077987E-01    -10.08908894
    99   12 Mg  -0.16078017E-01    -10.08910770
   100   12 Mg  -0.16107220E-01    -10.10743307
   101   12 Mg  -0.16107218E-01    -10.10743205
   102   12 Mg  -0.16107209E-01    -10.10742646
   103   12 Mg  -0.16087308E-01    -10.09493828
   104   12 Mg  -0.16087312E-01    -10.09494051
   105   12 Mg  -0.16087304E-01    -10.09493558
   106   12 Mg  -0.16083753E-01    -10.09270713
   107   12 Mg  -0.16083756E-01    -10.09270908
   108   12 Mg  -0.16083770E-01    -10.09271831
   109   12 Mg  -0.16171253E-01    -10.14761439
   110   12 Mg  -0.16171255E-01    -10.14761576
   111   12 Mg  -0.16171255E-01    -10.14761549
   112   12 Mg  -0.16074263E-01    -10.08675209
   113   12 Mg  -0.16074265E-01    -10.08675372
   114   12 Mg  -0.16074266E-01    -10.08675393
   115   12 Mg  -0.16074263E-01    -10.08675247
   116   12 Mg  -0.16074263E-01    -10.08675206
   117   12 Mg  -0.16074257E-01    -10.08674858
   118   12 Mg  -0.16284402E-01    -10.21861632
   119   12 Mg  -0.16246889E-01    -10.19507698
   120   12 Mg  -0.16246885E-01    -10.19507449
   121   12 Mg  -0.16246881E-01    -10.19507150
   122   12 Mg  -0.16246886E-01    -10.19507462
   123   12 Mg  -0.16246891E-01    -10.19507772
   124   12 Mg  -0.16246889E-01    -10.19507707
   125   12 Mg  -0.16157857E-01    -10.13920837
   126   12 Mg  -0.16157858E-01    -10.13920921
   127   12 Mg  -0.16157861E-01    -10.13921112
   128   12 Mg  -0.16137277E-01    -10.12629401
   129   12 Mg  -0.16207068E-01    -10.17008861
   130   12 Mg  -0.16207068E-01    -10.17008883
   131   12 Mg  -0.16207082E-01    -10.17009766
   132   12 Mg  -0.16207082E-01    -10.17009742
   133   12 Mg  -0.16207067E-01    -10.17008795
   134   12 Mg  -0.16207063E-01    -10.17008552
   135   12 Mg  -0.16050896E-01    -10.07208910
   136   12 Mg  -0.16050896E-01    -10.07208920
   137   12 Mg  -0.16050900E-01    -10.07209200
   138   12 Mg  -0.16094623E-01    -10.09952824
   139   12 Mg  -0.16094622E-01    -10.09952756
   140   12 Mg  -0.16094626E-01    -10.09953037
   141   12 Mg  -0.16273130E-01    -10.21154321
   142   12 Mg  -0.16273132E-01    -10.21154431
   143   12 Mg  -0.16273128E-01    -10.21154186
   144   12 Mg  -0.16273127E-01    -10.21154147
   145   12 Mg  -0.16273125E-01    -10.21154011
   146   12 Mg  -0.16273137E-01    -10.21154752
   147   12 Mg  -0.16192170E-01    -10.16074010
   148   12 Mg  -0.16192167E-01    -10.16073804
   149   12 Mg  -0.16192171E-01    -10.16074045
   150   75 Re  -0.19555962E-01    -12.27155126
--------------------------------------------------

Dispersion energy:      -2.4267250943840E+00 Eh

[Info] Dispersion energy written to .EDISP
