-----------------------------------
 s i m p l e   D F T - D 3  v1.2.1
-----------------------------------

Zero (Chai-Head-Gordon) damping: pbe-D3(0)
--------------------
  s6         1.0000
  s8         0.7220
  s9         0.0000
 rs6         1.2170
 rs8         1.0000
 alp        14.0000
--------------------

Atomic radii (in Angstrom):
-------------------------------------------
   Z          R(cov)     R(vdw)      r4/r2
-------------------------------------------
  12 Mg       1.6667     1.7420     2.8909
  75 Re       1.5733     1.9478     3.7248
-------------------------------------------

Atomic reference systems (in atomic units):
----------------------------------------------------------------------------
   Z        #      CN    C6(AA)   #      CN    C6(AA)   #      CN    C6(AA)
----------------------------------------------------------------------------
  12 Mg     1  0.0000  683.3758   2  0.9628  451.2708   3  1.9496  175.5616
  75 Re     1  0.0000  836.3310   2  1.8104  561.4338   3  9.8054  332.1448
----------------------------------------------------------------------------

Dispersion properties (in atomic units):
--------------------------------------------------------
     #    Z                CN       C6(AA)       C8(AA)
--------------------------------------------------------
     1   12 Mg         0.0026     677.1032   60622.2579
     2   12 Mg         0.0026     677.1032   60622.2579
     3   12 Mg         0.0031     677.0817   60620.3351
     4   12 Mg         0.0031     677.0817   60620.3351
     5   12 Mg         0.0031     677.0817   60620.3351
     6   12 Mg         0.0031     677.0817   60620.3352
     7   12 Mg         0.0026     677.1011   60622.0707
     8   12 Mg         0.0026     677.1011   60622.0706
     9   12 Mg         0.0026     677.1018   60622.1369
    10   12 Mg         0.0026     677.1016   60622.1107
    11   12 Mg         0.0026     677.1032   60622.2580
    12   12 Mg         0.0026     677.1032   60622.2580
    13   12 Mg         0.0026     677.1018   60622.1369
    14   12 Mg         0.0026     677.1018   60622.1369
    15   12 Mg         0.0026     677.1026   60622.2062
    16   12 Mg         0.0026     677.1026   60622.2062
    17   12 Mg         0.0026     677.1011   60622.0707
    18   12 Mg         0.0026     677.1032   60622.2579
    19   12 Mg         0.0026     677.1032   60622.2579
    20   12 Mg         0.0026     677.1026   60622.2062
    21   12 Mg         0.0026     677.1016   60622.1107
    22   12 Mg         0.0026     677.1016   60622.1107
    23   12 Mg         0.0031     677.0817   60620.3352
    24   12 Mg         0.0031     677.0817   60620.3352
    25   12 Mg         0.0030     677.0835   60620.4962
    26   12 Mg         0.0030     677.0835   60620.4962
    27   12 Mg         0.0030     677.0835   60620.4962
    28   12 Mg         0.0026     677.1017   60622.1244
    29   12 Mg         0.0026     677.1017   60622.1244
    30   12 Mg         0.0026     677.1017   60622.1244
    31   12 Mg         0.0026     677.1017   60622.1244
    32   12 Mg         0.0026     677.1017   60622.1244
    33   12 Mg         0.0026     677.1017   60622.1244
    34   12 Mg         0.0026     677.1024   60622.1827
    35   12 Mg         0.0026     677.1024   60622.1827
    36   12 Mg         0.0026     677.1024   60622.1827
    37   12 Mg         0.0026     677.1019   60622.1460
    38   12 Mg         0.0026     677.1020   60622.1460
    39   12 Mg         0.0026     677.1020   60622.1460
    40   12 Mg         0.0027     677.0996   60621.9361
    41   12 Mg         0.0027     677.0996   60621.9361
    42   12 Mg         0.0027     677.0996   60621.9362
    43   12 Mg         0.0027     677.0996   60621.9362
    44   12 Mg         0.0027     677.0996   60621.9361
    45   12 Mg         0.0027     677.0996   60621.9362
    46   12 Mg         0.0027     677.0999   60621.9594
    47   12 Mg         0.0027     677.0972   60621.7172
    48   12 Mg         0.0027     677.0972   60621.7172
    49   12 Mg         0.0027     677.0972   60621.7172
    50   12 Mg         0.0026     677.1022   60622.1666
    51   12 Mg         0.0026     677.1022   60622.1666
    52   12 Mg         0.0026     677.1022   60622.1666
    53   12 Mg         0.0026     677.1022   60622.1666
    54   12 Mg         0.0026     677.1022   60622.1666
    55   12 Mg         0.0026     677.1022   60622.1666
    56   12 Mg         0.0026     677.1016   60622.1160
    57   12 Mg         0.0026     677.1016   60622.1104
    58   12 Mg         0.0026     677.1016   60622.1104
    59   12 Mg         0.0026     677.1016   60622.1104
    60   12 Mg         0.0026     677.1016   60622.1105
    61   12 Mg         0.0026     677.1016   60622.1104
    62   12 Mg         0.0026     677.1016   60622.1104
    63   12 Mg         0.0026     677.1012   60622.0756
    64   12 Mg         0.0026     677.1012   60622.0756
    65   12 Mg         0.0026     677.1012   60622.0756
    66   12 Mg         0.0026     677.1011   60622.0720
    67   12 Mg         0.0026     677.1011   60622.0721
    68   12 Mg         0.0026     677.1011   60622.0721
    69   12 Mg         0.0027     677.1003   60622.0009
    70   12 Mg         0.0027     677.1003   60622.0010
    71   12 Mg         0.0027     677.1003   60622.0009
    72   12 Mg         0.0027     677.1002   60621.9909
    73   12 Mg         0.0027     677.1002   60621.9909
    74   12 Mg         0.0027     677.1002   60621.9910
    75   12 Mg         0.0026     677.1023   60622.1775
    76   12 Mg         0.0026     677.1023   60622.1775
    77   12 Mg         0.0026     677.1015   60622.1050
    78   12 Mg         0.0027     677.1002   60621.9923
    79   12 Mg         0.0027     677.1002   60621.9923
    80   12 Mg         0.0026     677.1021   60622.1628
    81   12 Mg         0.0026     677.1021   60622.1628
    82   12 Mg         0.0027     677.1002   60621.9923
    83   12 Mg         0.0027     677.1002   60621.9923
    84   12 Mg         0.0027     677.0999   60621.9612
    85   12 Mg         0.0026     677.1015   60622.1057
    86   12 Mg         0.0026     677.1018   60622.1311
    87   12 Mg         0.0026     677.1018   60622.1311
    88   12 Mg         0.0027     677.1002   60621.9923
    89   12 Mg         0.0027     677.1002   60621.9923
    90   12 Mg         0.0026     677.1015   60622.1058
    91   12 Mg         0.0026     677.1015   60622.1058
    92   12 Mg         0.0026     677.1021   60622.1629
    93   12 Mg         0.0026     677.1021   60622.1628
    94   12 Mg         0.0026     677.1023   60622.1776
    95   12 Mg         0.0026     677.1015   60622.1050
    96   12 Mg         0.0026     677.1015   60622.1050
    97   12 Mg         0.0026     677.1018   60622.1311
    98   12 Mg         0.0026     677.1021   60622.1628
    99   12 Mg         0.0026     677.1021   60622.1628
   100   12 Mg         0.0027     677.1002   60621.9909
   101   12 Mg         0.0027     677.1002   60621.9909
   102   12 Mg         0.0027     677.1002   60621.9909
   103   12 Mg         0.0027     677.1003   60622.0009
   104   12 Mg         0.0027     677.1003   60622.0010
   105   12 Mg         0.0027     677.1003   60622.0009
   106   12 Mg         0.0026     677.1011   60622.0720
   107   12 Mg         0.0026     677.1011   60622.0721
   108   12 Mg         0.0026     677.1011   60622.0721
   109   12 Mg         0.0026     677.1012   60622.0756
   110   12 Mg         0.0026     677.1012   60622.0757
   111   12 Mg         0.0026     677.1012   60622.0757
   112   12 Mg         0.0026     677.1016   60622.1104
   113   12 Mg         0.0026     677.1016   60622.1104
   114   12 Mg         0.0026     677.1016   60622.1104
   115   12 Mg         0.0026     677.1016   60622.1105
   116   12 Mg         0.0026     677.1016   60622.1104
   117   12 Mg         0.0026     677.1016   60622.1104
   118   12 Mg         0.0026     677.1016   60622.1160
   119   12 Mg         0.0026     677.1022   60622.1666
   120   12 Mg         0.0026     677.1022   60622.1666
   121   12 Mg         0.0026     677.1022   60622.1666
   122   12 Mg         0.0026     677.1022   60622.1666
   123   12 Mg         0.0026     677.1022   60622.1666
   124   12 Mg         0.0026     677.1022   60622.1666
   125   12 Mg         0.0027     677.0972   60621.7172
   126   12 Mg         0.0027     677.0972   60621.7172
   127   12 Mg         0.0027     677.0972   60621.7172
   128   12 Mg         0.0027     677.0999   60621.9594
   129   12 Mg         0.0027     677.0996   60621.9361
   130   12 Mg         0.0027     677.0996   60621.9361
   131   12 Mg         0.0027     677.0996   60621.9361
   132   12 Mg         0.0027     677.0996   60621.9361
   133   12 Mg         0.0027     677.0996   60621.9361
   134   12 Mg         0.0027     677.0996   60621.9361
   135   12 Mg         0.0026     677.1019   60622.1460
   136   12 Mg         0.0026     677.1020   60622.1460
   137   12 Mg         0.0026     677.1020   60622.1460
   138   12 Mg         0.0026     677.1024   60622.1826
   139   12 Mg         0.0026     677.1024   60622.1827
   140   12 Mg         0.0026     677.1024   60622.1827
   141   12 Mg         0.0026     677.1017   60622.1244
   142   12 Mg         0.0026     677.1017   60622.1244
   143   12 Mg         0.0026     677.1017   60622.1244
   144   12 Mg         0.0026     677.1017   60622.1243
   145   12 Mg         0.0026     677.1017   60622.1244
   146   12 Mg         0.0026     677.1017   60622.1244
   147   12 Mg         0.0030     677.0835   60620.4961
   148   12 Mg         0.0030     677.0835   60620.4961
   149   12 Mg         0.0030     677.0835   60620.4962
   150   75 Re         0.0033     836.3304  124309.8350
--------------------------------------------------------

Atom-resolved dispersion energies:
--------------------------------------------------
     #    Z           [Hartree]      [kcal/mol]
--------------------------------------------------
     1   12 Mg  -0.99635672E-03     -0.62522328
     2   12 Mg  -0.99635727E-03     -0.62522363
     3   12 Mg  -0.11734178E-02     -0.73633078
     4   12 Mg  -0.11734185E-02     -0.73633123
     5   12 Mg  -0.11734197E-02     -0.73633196
     6   12 Mg  -0.11734162E-02     -0.73632980
     7   12 Mg  -0.10146633E-02     -0.63671083
     8   12 Mg  -0.10146688E-02     -0.63671430
     9   12 Mg  -0.10089103E-02     -0.63310078
    10   12 Mg  -0.10065486E-02     -0.63161880
    11   12 Mg  -0.99635068E-03     -0.62521949
    12   12 Mg  -0.99635262E-03     -0.62522071
    13   12 Mg  -0.10089069E-02     -0.63309862
    14   12 Mg  -0.10089046E-02     -0.63309716
    15   12 Mg  -0.10027967E-02     -0.62926444
    16   12 Mg  -0.10028000E-02     -0.62926650
    17   12 Mg  -0.10146633E-02     -0.63671085
    18   12 Mg  -0.99635602E-03     -0.62522284
    19   12 Mg  -0.99635683E-03     -0.62522335
    20   12 Mg  -0.10027976E-02     -0.62926501
    21   12 Mg  -0.10065511E-02     -0.63162036
    22   12 Mg  -0.10065473E-02     -0.63161798
    23   12 Mg  -0.11734166E-02     -0.73633001
    24   12 Mg  -0.11734134E-02     -0.73632804
    25   12 Mg  -0.11616509E-02     -0.72894697
    26   12 Mg  -0.11616497E-02     -0.72894621
    27   12 Mg  -0.11616474E-02     -0.72894478
    28   12 Mg  -0.10090196E-02     -0.63316934
    29   12 Mg  -0.10090185E-02     -0.63316867
    30   12 Mg  -0.10090216E-02     -0.63317061
    31   12 Mg  -0.10090241E-02     -0.63317217
    32   12 Mg  -0.10090186E-02     -0.63316871
    33   12 Mg  -0.10090218E-02     -0.63317075
    34   12 Mg  -0.10048902E-02     -0.63057813
    35   12 Mg  -0.10048892E-02     -0.63057752
    36   12 Mg  -0.10048884E-02     -0.63057698
    37   12 Mg  -0.10078300E-02     -0.63242286
    38   12 Mg  -0.10078268E-02     -0.63242090
    39   12 Mg  -0.10078277E-02     -0.63242145
    40   12 Mg  -0.10244440E-02     -0.64284831
    41   12 Mg  -0.10244440E-02     -0.64284829
    42   12 Mg  -0.10244402E-02     -0.64284592
    43   12 Mg  -0.10244401E-02     -0.64284585
    44   12 Mg  -0.10244424E-02     -0.64284731
    45   12 Mg  -0.10244403E-02     -0.64284599
    46   12 Mg  -0.10225973E-02     -0.64168951
    47   12 Mg  -0.10424911E-02     -0.65417302
    48   12 Mg  -0.10424923E-02     -0.65417381
    49   12 Mg  -0.10424912E-02     -0.65417308
    50   12 Mg  -0.10059838E-02     -0.63126438
    51   12 Mg  -0.10059839E-02     -0.63126441
    52   12 Mg  -0.10059849E-02     -0.63126505
    53   12 Mg  -0.10059802E-02     -0.63126213
    54   12 Mg  -0.10059840E-02     -0.63126448
    55   12 Mg  -0.10059848E-02     -0.63126502
    56   12 Mg  -0.10106724E-02     -0.63420653
    57   12 Mg  -0.10107773E-02     -0.63427233
    58   12 Mg  -0.10107761E-02     -0.63427158
    59   12 Mg  -0.10107738E-02     -0.63427011
    60   12 Mg  -0.10107714E-02     -0.63426866
    61   12 Mg  -0.10107736E-02     -0.63426998
    62   12 Mg  -0.10107737E-02     -0.63427005
    63   12 Mg  -0.10130954E-02     -0.63572694
    64   12 Mg  -0.10130908E-02     -0.63572408
    65   12 Mg  -0.10130919E-02     -0.63572474
    66   12 Mg  -0.10133415E-02     -0.63588141
    67   12 Mg  -0.10133391E-02     -0.63587991
    68   12 Mg  -0.10133356E-02     -0.63587771
    69   12 Mg  -0.10195520E-02     -0.63977854
    70   12 Mg  -0.10195459E-02     -0.63977474
    71   12 Mg  -0.10195484E-02     -0.63977626
    72   12 Mg  -0.10204178E-02     -0.64032185
    73   12 Mg  -0.10204181E-02     -0.64032201
    74   12 Mg  -0.10204143E-02     -0.64031967
    75   12 Mg  -0.10052700E-02     -0.63081643
    76   12 Mg  -0.10052722E-02     -0.63081786
    77   12 Mg  -0.10110309E-02     -0.63443144
    78   12 Mg  -0.10198307E-02     -0.63995344
    79   12 Mg  -0.10198319E-02     -0.63995416
    80   12 Mg  -0.10063737E-02     -0.63150902
    81   12 Mg  -0.10063750E-02     -0.63150986
    82   12 Mg  -0.10198255E-02     -0.63995014
    83   12 Mg  -0.10198283E-02     -0.63995189
    84   12 Mg  -0.10226230E-02     -0.64170562
    85   12 Mg  -0.10108957E-02     -0.63434666
    86   12 Mg  -0.10089555E-02     -0.63312915
    87   12 Mg  -0.10089531E-02     -0.63312766
    88   12 Mg  -0.10198246E-02     -0.63994960
    89   12 Mg  -0.10198247E-02     -0.63994965
    90   12 Mg  -0.10108899E-02     -0.63434298
    91   12 Mg  -0.10108911E-02     -0.63434375
    92   12 Mg  -0.10063710E-02     -0.63150731
    93   12 Mg  -0.10063768E-02     -0.63151099
    94   12 Mg  -0.10052695E-02     -0.63081617
    95   12 Mg  -0.10110298E-02     -0.63443078
    96   12 Mg  -0.10110313E-02     -0.63443169
    97   12 Mg  -0.10089536E-02     -0.63312792
    98   12 Mg  -0.10063750E-02     -0.63150982
    99   12 Mg  -0.10063724E-02     -0.63150820
   100   12 Mg  -0.10204196E-02     -0.64032295
   101   12 Mg  -0.10204198E-02     -0.64032311
   102   12 Mg  -0.10204161E-02     -0.64032077
   103   12 Mg  -0.10195520E-02     -0.63977855
   104   12 Mg  -0.10195460E-02     -0.63977474
   105   12 Mg  -0.10195484E-02     -0.63977627
   106   12 Mg  -0.10133413E-02     -0.63588128
   107   12 Mg  -0.10133389E-02     -0.63587979
   108   12 Mg  -0.10133354E-02     -0.63587758
   109   12 Mg  -0.10130917E-02     -0.63572464
   110   12 Mg  -0.10130871E-02     -0.63572178
   111   12 Mg  -0.10130882E-02     -0.63572245
   112   12 Mg  -0.10107757E-02     -0.63427130
   113   12 Mg  -0.10107745E-02     -0.63427055
   114   12 Mg  -0.10107721E-02     -0.63426908
   115   12 Mg  -0.10107698E-02     -0.63426763
   116   12 Mg  -0.10107719E-02     -0.63426895
   117   12 Mg  -0.10107720E-02     -0.63426902
   118   12 Mg  -0.10106673E-02     -0.63420328
   119   12 Mg  -0.10059822E-02     -0.63126336
   120   12 Mg  -0.10059823E-02     -0.63126339
   121   12 Mg  -0.10059833E-02     -0.63126403
   122   12 Mg  -0.10059786E-02     -0.63126111
   123   12 Mg  -0.10059824E-02     -0.63126346
   124   12 Mg  -0.10059832E-02     -0.63126400
   125   12 Mg  -0.10424910E-02     -0.65417296
   126   12 Mg  -0.10424922E-02     -0.65417375
   127   12 Mg  -0.10424911E-02     -0.65417302
   128   12 Mg  -0.10225974E-02     -0.64168958
   129   12 Mg  -0.10244460E-02     -0.64284957
   130   12 Mg  -0.10244460E-02     -0.64284955
   131   12 Mg  -0.10244422E-02     -0.64284718
   132   12 Mg  -0.10244421E-02     -0.64284711
   133   12 Mg  -0.10244444E-02     -0.64284857
   134   12 Mg  -0.10244423E-02     -0.64284725
   135   12 Mg  -0.10078302E-02     -0.63242298
   136   12 Mg  -0.10078270E-02     -0.63242101
   137   12 Mg  -0.10078279E-02     -0.63242157
   138   12 Mg  -0.10048939E-02     -0.63058045
   139   12 Mg  -0.10048929E-02     -0.63057983
   140   12 Mg  -0.10048921E-02     -0.63057930
   141   12 Mg  -0.10090212E-02     -0.63317038
   142   12 Mg  -0.10090202E-02     -0.63316971
   143   12 Mg  -0.10090233E-02     -0.63317166
   144   12 Mg  -0.10090257E-02     -0.63317322
   145   12 Mg  -0.10090202E-02     -0.63316975
   146   12 Mg  -0.10090235E-02     -0.63317180
   147   12 Mg  -0.11616573E-02     -0.72895097
   148   12 Mg  -0.11616561E-02     -0.72895021
   149   12 Mg  -0.11616538E-02     -0.72894878
   150   75 Re  -0.16904416E-02     -1.06076812
--------------------------------------------------

Dispersion energy:      -1.5446484546690E-01 Eh

[Info] Dispersion energy written to .EDISP
