-----------------------------------
 s i m p l e   D F T - D 3  v1.2.1
-----------------------------------

Zero (Chai-Head-Gordon) damping: pbe-D3(0)
--------------------
  s6         1.0000
  s8         0.7220
  s9         0.0000
 rs6         1.2170
 rs8         1.0000
 alp        14.0000
--------------------

Atomic radii (in Angstrom):
-------------------------------------------
   Z          R(cov)     R(vdw)      r4/r2
-------------------------------------------
  12 Mg       1.6667     1.7420     2.8909
  75 Re       1.5733     1.9478     3.7248
-------------------------------------------

Atomic reference systems (in atomic units):
----------------------------------------------------------------------------
   Z        #      CN    C6(AA)   #      CN    C6(AA)   #      CN    C6(AA)
----------------------------------------------------------------------------
  12 Mg     1  0.0000  683.3758   2  0.9628  451.2708   3  1.9496  175.5616
  75 Re     1  0.0000  836.3310   2  1.8104  561.4338   3  9.8054  332.1448
----------------------------------------------------------------------------

Dispersion properties (in atomic units):
--------------------------------------------------------
     #    Z                CN       C6(AA)       C8(AA)
--------------------------------------------------------
     1   12 Mg         0.7863     467.7388   41877.4853
     2   12 Mg         0.7863     467.7385   41877.4641
     3   12 Mg         1.0844     435.5922   38999.3439
     4   12 Mg         1.0844     435.5916   38999.2920
     5   12 Mg         1.0844     435.5912   38999.2552
     6   12 Mg         1.0844     435.5921   38999.3384
     7   12 Mg         0.8127     464.1962   41560.3147
     8   12 Mg         0.8127     464.1949   41560.2004
     9   12 Mg         0.8039     465.3204   41660.9657
    10   12 Mg         0.8012     465.6763   41692.8344
    11   12 Mg         0.7863     467.7401   41877.6044
    12   12 Mg         0.7863     467.7397   41877.5680
    13   12 Mg         0.8039     465.3212   41661.0359
    14   12 Mg         0.8039     465.3217   41661.0819
    15   12 Mg         0.7964     466.3252   41750.9319
    16   12 Mg         0.7964     466.3245   41750.8644
    17   12 Mg         0.8127     464.1962   41560.3154
    18   12 Mg         0.7863     467.7388   41877.4882
    19   12 Mg         0.7863     467.7387   41877.4784
    20   12 Mg         0.7964     466.3250   41750.9115
    21   12 Mg         0.8012     465.6760   41692.8007
    22   12 Mg         0.8012     465.6768   41692.8749
    23   12 Mg         1.0844     435.5928   38999.3984
    24   12 Mg         1.0844     435.5934   38999.4580
    25   12 Mg         1.0597     438.9766   39302.3600
    26   12 Mg         1.0597     438.9771   39302.4032
    27   12 Mg         1.0597     438.9776   39302.4447
    28   12 Mg         0.8043     465.2731   41656.7323
    29   12 Mg         0.8043     465.2734   41656.7534
    30   12 Mg         0.8043     465.2726   41656.6906
    31   12 Mg         0.8043     465.2721   41656.6436
    32   12 Mg         0.8043     465.2734   41656.7622
    33   12 Mg         0.8043     465.2727   41656.6934
    34   12 Mg         0.7987     466.0205   41723.6495
    35   12 Mg         0.7987     466.0208   41723.6707
    36   12 Mg         0.7987     466.0210   41723.6913
    37   12 Mg         0.8038     465.3370   41662.4484
    38   12 Mg         0.8038     465.3377   41662.5166
    39   12 Mg         0.8038     465.3375   41662.4944
    40   12 Mg         0.8337     461.6780   41334.8545
    41   12 Mg         0.8337     461.6780   41334.8537
    42   12 Mg         0.8337     461.6787   41334.9167
    43   12 Mg         0.8337     461.6787   41334.9203
    44   12 Mg         0.8337     461.6783   41334.8778
    45   12 Mg         0.8337     461.6787   41334.9195
    46   12 Mg         0.8291     462.2096   41382.4464
    47   12 Mg         0.8575     459.0820   41102.4304
    48   12 Mg         0.8575     459.0817   41102.4064
    49   12 Mg         0.8575     459.0819   41102.4250
    50   12 Mg         0.8025     465.5043   41677.4299
    51   12 Mg         0.8025     465.5043   41677.4295
    52   12 Mg         0.8025     465.5041   41677.4085
    53   12 Mg         0.8025     465.5051   41677.5057
    54   12 Mg         0.8025     465.5043   41677.4275
    55   12 Mg         0.8025     465.5040   41677.4081
    56   12 Mg         0.8084     464.7390   41608.9112
    57   12 Mg         0.8080     464.7974   41614.1411
    58   12 Mg         0.8080     464.7977   41614.1658
    59   12 Mg         0.8079     464.7982   41614.2134
    60   12 Mg         0.8079     464.7987   41614.2590
    61   12 Mg         0.8079     464.7982   41614.2149
    62   12 Mg         0.8079     464.7982   41614.2128
    63   12 Mg         0.8148     463.9342   41536.8593
    64   12 Mg         0.8148     463.9353   41536.9514
    65   12 Mg         0.8148     463.9350   41536.9282
    66   12 Mg         0.8143     463.9928   41542.0994
    67   12 Mg         0.8143     463.9933   41542.1473
    68   12 Mg         0.8143     463.9941   41542.2167
    69   12 Mg         0.8225     462.9914   41452.4495
    70   12 Mg         0.8225     462.9927   41452.5626
    71   12 Mg         0.8225     462.9922   41452.5180
    72   12 Mg         0.8247     462.7201   41428.1543
    73   12 Mg         0.8247     462.7200   41428.1507
    74   12 Mg         0.8247     462.7208   41428.2200
    75   12 Mg         0.7994     465.9255   41715.1451
    76   12 Mg         0.7994     465.9250   41715.0958
    77   12 Mg         0.8107     464.4419   41582.3160
    78   12 Mg         0.8252     462.6645   41423.1742
    79   12 Mg         0.8252     462.6642   41423.1517
    80   12 Mg         0.8015     465.6395   41689.5398
    81   12 Mg         0.8015     465.6392   41689.5097
    82   12 Mg         0.8252     462.6655   41423.2669
    83   12 Mg         0.8252     462.6649   41423.2158
    84   12 Mg         0.8281     462.3271   41392.9705
    85   12 Mg         0.8089     464.6703   41602.7602
    86   12 Mg         0.8051     465.1638   41646.9447
    87   12 Mg         0.8051     465.1643   41646.9943
    88   12 Mg         0.8252     462.6657   41423.2826
    89   12 Mg         0.8252     462.6657   41423.2838
    90   12 Mg         0.8089     464.6716   41602.8778
    91   12 Mg         0.8089     464.6713   41602.8537
    92   12 Mg         0.8015     465.6401   41689.5923
    93   12 Mg         0.8015     465.6387   41689.4670
    94   12 Mg         0.7994     465.9256   41715.1470
    95   12 Mg         0.8107     464.4421   41582.3335
    96   12 Mg         0.8107     464.4418   41582.3069
    97   12 Mg         0.8051     465.1643   41646.9894
    98   12 Mg         0.8015     465.6393   41689.5160
    99   12 Mg         0.8015     465.6398   41689.5647
   100   12 Mg         0.8247     462.7197   41428.1168
   101   12 Mg         0.8247     462.7196   41428.1133
   102   12 Mg         0.8247     462.7204   41428.1826
   103   12 Mg         0.8225     462.9914   41452.4499
   104   12 Mg         0.8225     462.9927   41452.5630
   105   12 Mg         0.8225     462.9922   41452.5184
   106   12 Mg         0.8143     463.9928   41542.1003
   107   12 Mg         0.8143     463.9933   41542.1482
   108   12 Mg         0.8143     463.9941   41542.2176
   109   12 Mg         0.8148     463.9350   41536.9290
   110   12 Mg         0.8148     463.9360   41537.0211
   111   12 Mg         0.8148     463.9358   41536.9979
   112   12 Mg         0.8080     464.7978   41614.1747
   113   12 Mg         0.8079     464.7981   41614.1994
   114   12 Mg         0.8079     464.7986   41614.2471
   115   12 Mg         0.8079     464.7991   41614.2926
   116   12 Mg         0.8079     464.7986   41614.2485
   117   12 Mg         0.8079     464.7986   41614.2464
   118   12 Mg         0.8084     464.7402   41609.0186
   119   12 Mg         0.8025     465.5046   41677.4544
   120   12 Mg         0.8025     465.5046   41677.4540
   121   12 Mg         0.8025     465.5043   41677.4331
   122   12 Mg         0.8025     465.5054   41677.5303
   123   12 Mg         0.8025     465.5045   41677.4521
   124   12 Mg         0.8025     465.5043   41677.4326
   125   12 Mg         0.8575     459.0820   41102.4318
   126   12 Mg         0.8575     459.0817   41102.4078
   127   12 Mg         0.8575     459.0820   41102.4263
   128   12 Mg         0.8291     462.2096   41382.4463
   129   12 Mg         0.8337     461.6776   41334.8195
   130   12 Mg         0.8337     461.6776   41334.8188
   131   12 Mg         0.8337     461.6783   41334.8817
   132   12 Mg         0.8337     461.6783   41334.8854
   133   12 Mg         0.8337     461.6779   41334.8428
   134   12 Mg         0.8337     461.6783   41334.8845
   135   12 Mg         0.8038     465.3370   41662.4481
   136   12 Mg         0.8038     465.3377   41662.5163
   137   12 Mg         0.8038     465.3375   41662.4940
   138   12 Mg         0.7987     466.0197   41723.5711
   139   12 Mg         0.7987     466.0199   41723.5923
   140   12 Mg         0.7987     466.0201   41723.6129
   141   12 Mg         0.8043     465.2727   41656.6988
   142   12 Mg         0.8043     465.2730   41656.7200
   143   12 Mg         0.8043     465.2723   41656.6572
   144   12 Mg         0.8043     465.2717   41656.6101
   145   12 Mg         0.8043     465.2731   41656.7287
   146   12 Mg         0.8043     465.2723   41656.6600
   147   12 Mg         1.0597     438.9746   39302.1784
   148   12 Mg         1.0597     438.9751   39302.2216
   149   12 Mg         1.0597     438.9755   39302.2631
   150   75 Re         1.2539     563.0027   83683.1684
--------------------------------------------------------

Atom-resolved dispersion energies:
--------------------------------------------------
     #    Z           [Hartree]      [kcal/mol]
--------------------------------------------------
     1   12 Mg  -0.15314599E-01     -9.61005610
     2   12 Mg  -0.15314589E-01     -9.61004986
     3   12 Mg  -0.14208577E-01     -8.91601671
     4   12 Mg  -0.14208550E-01     -8.91599943
     5   12 Mg  -0.14208512E-01     -8.91597597
     6   12 Mg  -0.14208534E-01     -8.91598942
     7   12 Mg  -0.15318616E-01     -9.61257642
     8   12 Mg  -0.15318596E-01     -9.61256400
     9   12 Mg  -0.15351632E-01     -9.63329449
    10   12 Mg  -0.15310986E-01     -9.60778871
    11   12 Mg  -0.15314599E-01     -9.61005576
    12   12 Mg  -0.15314600E-01     -9.61005682
    13   12 Mg  -0.15351641E-01     -9.63329990
    14   12 Mg  -0.15351644E-01     -9.63330236
    15   12 Mg  -0.15339453E-01     -9.62565215
    16   12 Mg  -0.15339448E-01     -9.62564904
    17   12 Mg  -0.15318621E-01     -9.61257967
    18   12 Mg  -0.15314592E-01     -9.61005138
    19   12 Mg  -0.15314597E-01     -9.61005452
    20   12 Mg  -0.15339449E-01     -9.62564933
    21   12 Mg  -0.15311003E-01     -9.60779958
    22   12 Mg  -0.15311006E-01     -9.60780154
    23   12 Mg  -0.14208599E-01     -8.91603051
    24   12 Mg  -0.14208599E-01     -8.91603072
    25   12 Mg  -0.14264931E-01     -8.95137935
    26   12 Mg  -0.14264951E-01     -8.95139172
    27   12 Mg  -0.14264951E-01     -8.95139211
    28   12 Mg  -0.15316869E-01     -9.61148029
    29   12 Mg  -0.15316871E-01     -9.61148146
    30   12 Mg  -0.15316867E-01     -9.61147909
    31   12 Mg  -0.15316865E-01     -9.61147821
    32   12 Mg  -0.15316884E-01     -9.61148979
    33   12 Mg  -0.15316873E-01     -9.61148282
    34   12 Mg  -0.15346279E-01     -9.62993567
    35   12 Mg  -0.15346283E-01     -9.62993812
    36   12 Mg  -0.15346287E-01     -9.62994071
    37   12 Mg  -0.15343481E-01     -9.62817975
    38   12 Mg  -0.15343494E-01     -9.62818771
    39   12 Mg  -0.15343487E-01     -9.62818327
    40   12 Mg  -0.15271218E-01     -9.58283406
    41   12 Mg  -0.15271217E-01     -9.58283331
    42   12 Mg  -0.15271217E-01     -9.58283358
    43   12 Mg  -0.15271219E-01     -9.58283476
    44   12 Mg  -0.15271216E-01     -9.58283274
    45   12 Mg  -0.15271226E-01     -9.58283883
    46   12 Mg  -0.15298927E-01     -9.60022139
    47   12 Mg  -0.15289276E-01     -9.59416536
    48   12 Mg  -0.15289269E-01     -9.59416137
    49   12 Mg  -0.15289274E-01     -9.59416414
    50   12 Mg  -0.15288443E-01     -9.59364299
    51   12 Mg  -0.15288444E-01     -9.59364365
    52   12 Mg  -0.15288443E-01     -9.59364299
    53   12 Mg  -0.15288455E-01     -9.59365037
    54   12 Mg  -0.15288445E-01     -9.59364377
    55   12 Mg  -0.15288441E-01     -9.59364128
    56   12 Mg  -0.15283054E-01     -9.59026090
    57   12 Mg  -0.15342830E-01     -9.62777141
    58   12 Mg  -0.15342833E-01     -9.62777325
    59   12 Mg  -0.15342839E-01     -9.62777684
    60   12 Mg  -0.15342844E-01     -9.62778021
    61   12 Mg  -0.15342838E-01     -9.62777613
    62   12 Mg  -0.15342839E-01     -9.62777674
    63   12 Mg  -0.15292114E-01     -9.59594663
    64   12 Mg  -0.15292128E-01     -9.59595550
    65   12 Mg  -0.15292124E-01     -9.59595259
    66   12 Mg  -0.15313253E-01     -9.60921151
    67   12 Mg  -0.15313260E-01     -9.60921603
    68   12 Mg  -0.15313268E-01     -9.60922060
    69   12 Mg  -0.15327265E-01     -9.61800413
    70   12 Mg  -0.15327278E-01     -9.61801205
    71   12 Mg  -0.15327274E-01     -9.61800995
    72   12 Mg  -0.15315449E-01     -9.61058962
    73   12 Mg  -0.15315451E-01     -9.61059052
    74   12 Mg  -0.15315461E-01     -9.61059699
    75   12 Mg  -0.15343467E-01     -9.62817109
    76   12 Mg  -0.15343461E-01     -9.62816719
    77   12 Mg  -0.15309740E-01     -9.60700680
    78   12 Mg  -0.15296383E-01     -9.59862546
    79   12 Mg  -0.15296380E-01     -9.59862310
    80   12 Mg  -0.15338928E-01     -9.62532258
    81   12 Mg  -0.15338921E-01     -9.62531838
    82   12 Mg  -0.15296387E-01     -9.59862767
    83   12 Mg  -0.15296383E-01     -9.59862528
    84   12 Mg  -0.15318071E-01     -9.61223455
    85   12 Mg  -0.15337178E-01     -9.62422432
    86   12 Mg  -0.15345468E-01     -9.62942629
    87   12 Mg  -0.15345475E-01     -9.62943119
    88   12 Mg  -0.15296391E-01     -9.59863009
    89   12 Mg  -0.15296395E-01     -9.59863301
    90   12 Mg  -0.15337192E-01     -9.62423325
    91   12 Mg  -0.15337190E-01     -9.62423182
    92   12 Mg  -0.15338930E-01     -9.62532384
    93   12 Mg  -0.15338913E-01     -9.62531311
    94   12 Mg  -0.15343463E-01     -9.62816828
    95   12 Mg  -0.15309740E-01     -9.60700695
    96   12 Mg  -0.15309740E-01     -9.60700701
    97   12 Mg  -0.15345478E-01     -9.62943297
    98   12 Mg  -0.15338929E-01     -9.62532354
    99   12 Mg  -0.15338927E-01     -9.62532188
   100   12 Mg  -0.15315439E-01     -9.61058298
   101   12 Mg  -0.15315440E-01     -9.61058389
   102   12 Mg  -0.15315451E-01     -9.61059035
   103   12 Mg  -0.15327265E-01     -9.61800394
   104   12 Mg  -0.15327278E-01     -9.61801187
   105   12 Mg  -0.15327274E-01     -9.61800976
   106   12 Mg  -0.15313249E-01     -9.60920895
   107   12 Mg  -0.15313256E-01     -9.60921348
   108   12 Mg  -0.15313264E-01     -9.60921805
   109   12 Mg  -0.15292119E-01     -9.59594958
   110   12 Mg  -0.15292133E-01     -9.59595844
   111   12 Mg  -0.15292129E-01     -9.59595553
   112   12 Mg  -0.15342835E-01     -9.62777410
   113   12 Mg  -0.15342838E-01     -9.62777595
   114   12 Mg  -0.15342843E-01     -9.62777954
   115   12 Mg  -0.15342849E-01     -9.62778290
   116   12 Mg  -0.15342842E-01     -9.62777883
   117   12 Mg  -0.15342843E-01     -9.62777944
   118   12 Mg  -0.15283065E-01     -9.59026837
   119   12 Mg  -0.15288434E-01     -9.59363710
   120   12 Mg  -0.15288435E-01     -9.59363776
   121   12 Mg  -0.15288434E-01     -9.59363710
   122   12 Mg  -0.15288446E-01     -9.59364448
   123   12 Mg  -0.15288435E-01     -9.59363787
   124   12 Mg  -0.15288431E-01     -9.59363539
   125   12 Mg  -0.15289274E-01     -9.59416453
   126   12 Mg  -0.15289268E-01     -9.59416055
   127   12 Mg  -0.15289272E-01     -9.59416332
   128   12 Mg  -0.15298927E-01     -9.60022178
   129   12 Mg  -0.15271215E-01     -9.58283223
   130   12 Mg  -0.15271214E-01     -9.58283148
   131   12 Mg  -0.15271214E-01     -9.58283175
   132   12 Mg  -0.15271216E-01     -9.58283293
   133   12 Mg  -0.15271213E-01     -9.58283091
   134   12 Mg  -0.15271223E-01     -9.58283701
   135   12 Mg  -0.15343485E-01     -9.62818224
   136   12 Mg  -0.15343498E-01     -9.62819020
   137   12 Mg  -0.15343491E-01     -9.62818576
   138   12 Mg  -0.15346270E-01     -9.62992972
   139   12 Mg  -0.15346274E-01     -9.62993217
   140   12 Mg  -0.15346278E-01     -9.62993476
   141   12 Mg  -0.15316864E-01     -9.61147704
   142   12 Mg  -0.15316865E-01     -9.61147821
   143   12 Mg  -0.15316862E-01     -9.61147584
   144   12 Mg  -0.15316860E-01     -9.61147496
   145   12 Mg  -0.15316879E-01     -9.61148654
   146   12 Mg  -0.15316868E-01     -9.61147957
   147   12 Mg  -0.14264850E-01     -8.95132822
   148   12 Mg  -0.14264869E-01     -8.95134059
   149   12 Mg  -0.14264870E-01     -8.95134099
   150   75 Re  -0.10549074E-01     -6.61964397
--------------------------------------------------

Dispersion energy:      -2.2795362975680E+00 Eh

[Info] Dispersion energy written to .EDISP
