-----------------------------------
 s i m p l e   D F T - D 3  v1.2.1
-----------------------------------

Zero (Chai-Head-Gordon) damping: pbe-D3(0)
--------------------
  s6         1.0000
  s8         0.7220
  s9         0.0000
 rs6         1.2170
 rs8         1.0000
 alp        14.0000
--------------------

Atomic radii (in Angstrom):
-------------------------------------------
   Z          R(cov)     R(vdw)      r4/r2
-------------------------------------------
  12 Mg       1.6667     1.7420     2.8909
  75 Re       1.5733     1.9478     3.7248
-------------------------------------------

Atomic reference systems (in atomic units):
----------------------------------------------------------------------------
   Z        #      CN    C6(AA)   #      CN    C6(AA)   #      CN    C6(AA)
----------------------------------------------------------------------------
  12 Mg     1  0.0000  683.3758   2  0.9628  451.2708   3  1.9496  175.5616
  75 Re     1  0.0000  836.3310   2  1.8104  561.4338   3  9.8054  332.1448
----------------------------------------------------------------------------

Dispersion properties (in atomic units):
--------------------------------------------------------
     #    Z                CN       C6(AA)       C8(AA)
--------------------------------------------------------
     1   12 Mg         0.4858     558.8655   50036.2231
     2   12 Mg         0.4858     558.8650   50036.1827
     3   12 Mg         0.6708     490.4914   43914.5680
     4   12 Mg         0.6708     490.4907   43914.5076
     5   12 Mg         0.6708     490.4902   43914.4648
     6   12 Mg         0.6708     490.4912   43914.5568
     7   12 Mg         0.5018     551.7360   49397.9061
     8   12 Mg         0.5019     551.7333   49397.6628
     9   12 Mg         0.4964     554.1283   49612.0970
    10   12 Mg         0.4949     554.8241   49674.3910
    11   12 Mg         0.4858     558.8680   50036.4484
    12   12 Mg         0.4858     558.8672   50036.3798
    13   12 Mg         0.4964     554.1299   49612.2412
    14   12 Mg         0.4964     554.1310   49612.3355
    15   12 Mg         0.4919     556.1671   49794.6313
    16   12 Mg         0.4919     556.1656   49794.4975
    17   12 Mg         0.5018     551.7360   49397.9077
    18   12 Mg         0.4858     558.8655   50036.2283
    19   12 Mg         0.4858     558.8653   50036.2098
    20   12 Mg         0.4919     556.1666   49794.5910
    21   12 Mg         0.4949     554.8233   49674.3226
    22   12 Mg         0.4949     554.8250   49674.4734
    23   12 Mg         0.6708     490.4921   43914.6316
    24   12 Mg         0.6708     490.4928   43914.6959
    25   12 Mg         0.6553     494.6682   44288.5306
    26   12 Mg         0.6553     494.6689   44288.5902
    27   12 Mg         0.6553     494.6695   44288.6455
    28   12 Mg         0.4967     554.0004   49600.6464
    29   12 Mg         0.4967     554.0009   49600.6899
    30   12 Mg         0.4967     553.9995   49600.5612
    31   12 Mg         0.4967     553.9984   49600.4639
    32   12 Mg         0.4967     554.0011   49600.7079
    33   12 Mg         0.4967     553.9995   49600.5665
    34   12 Mg         0.4932     555.5575   49740.0576
    35   12 Mg         0.4932     555.5580   49740.1000
    36   12 Mg         0.4932     555.5585   49740.1411
    37   12 Mg         0.4963     554.1722   49616.0255
    38   12 Mg         0.4963     554.1738   49616.1652
    39   12 Mg         0.4963     554.1732   49616.1198
    40   12 Mg         0.5145     546.1917   48901.5221
    41   12 Mg         0.5145     546.1917   48901.5203
    42   12 Mg         0.5145     546.1934   48901.6659
    43   12 Mg         0.5145     546.1935   48901.6744
    44   12 Mg         0.5145     546.1924   48901.5762
    45   12 Mg         0.5145     546.1934   48901.6723
    46   12 Mg         0.5117     547.4025   49009.9251
    47   12 Mg         0.5290     539.9284   48340.7507
    48   12 Mg         0.5290     539.9277   48340.6909
    49   12 Mg         0.5290     539.9282   48340.7370
    50   12 Mg         0.4957     554.4718   49642.8498
    51   12 Mg         0.4957     554.4718   49642.8492
    52   12 Mg         0.4957     554.4713   49642.8066
    53   12 Mg         0.4957     554.4735   49643.0051
    54   12 Mg         0.4957     554.4717   49642.8452
    55   12 Mg         0.4957     554.4713   49642.8057
    56   12 Mg         0.4992     552.8927   49501.4714
    57   12 Mg         0.4989     553.0398   49514.6414
    58   12 Mg         0.4989     553.0404   49514.6931
    59   12 Mg         0.4989     553.0415   49514.7926
    60   12 Mg         0.4989     553.0426   49514.8878
    61   12 Mg         0.4989     553.0415   49514.7958
    62   12 Mg         0.4989     553.0415   49514.7913
    63   12 Mg         0.5030     551.2288   49352.4989
    64   12 Mg         0.5030     551.2310   49352.6969
    65   12 Mg         0.5030     551.2305   49352.6471
    66   12 Mg         0.5027     551.3592   49364.1745
    67   12 Mg         0.5027     551.3604   49364.2773
    68   12 Mg         0.5027     551.3620   49364.4262
    69   12 Mg         0.5077     549.1607   49167.3414
    70   12 Mg         0.5077     549.1635   49167.5923
    71   12 Mg         0.5077     549.1624   49167.4934
    72   12 Mg         0.5091     548.5563   49113.2231
    73   12 Mg         0.5091     548.5562   49113.2150
    74   12 Mg         0.5091     548.5579   49113.3701
    75   12 Mg         0.4937     555.3509   49721.5595
    76   12 Mg         0.4937     555.3498   49721.4603
    77   12 Mg         0.5006     552.3070   49449.0350
    78   12 Mg         0.5093     548.4364   49102.4902
    79   12 Mg         0.5093     548.4358   49102.4396
    80   12 Mg         0.4950     554.7820   49670.6239
    81   12 Mg         0.4950     554.7813   49670.5628
    82   12 Mg         0.5093     548.4387   49102.6981
    83   12 Mg         0.5093     548.4374   49102.5834
    84   12 Mg         0.5111     547.6704   49033.9093
    85   12 Mg         0.4995     552.7904   49492.3148
    86   12 Mg         0.4972     553.8054   49583.1885
    87   12 Mg         0.4972     553.8066   49583.2911
    88   12 Mg         0.5093     548.4391   49102.7329
    89   12 Mg         0.5093     548.4391   49102.7356
    90   12 Mg         0.4995     552.7932   49492.5616
    91   12 Mg         0.4995     552.7926   49492.5111
    92   12 Mg         0.4950     554.7832   49670.7309
    93   12 Mg         0.4950     554.7804   49670.4763
    94   12 Mg         0.4937     555.3510   49721.5634
    95   12 Mg         0.5006     552.3075   49449.0719
    96   12 Mg         0.5006     552.3068   49449.0155
    97   12 Mg         0.4972     553.8065   49583.2805
    98   12 Mg         0.4950     554.7815   49670.5755
    99   12 Mg         0.4950     554.7826   49670.6747
   100   12 Mg         0.5091     548.5553   49113.1393
   101   12 Mg         0.5091     548.5553   49113.1312
   102   12 Mg         0.5091     548.5570   49113.2863
   103   12 Mg         0.5077     549.1608   49167.3422
   104   12 Mg         0.5077     549.1636   49167.5931
   105   12 Mg         0.5077     549.1624   49167.4942
   106   12 Mg         0.5027     551.3592   49364.1765
   107   12 Mg         0.5027     551.3604   49364.2793
   108   12 Mg         0.5027     551.3620   49364.4282
   109   12 Mg         0.5030     551.2305   49352.6486
   110   12 Mg         0.5030     551.2327   49352.8466
   111   12 Mg         0.5030     551.2321   49352.7969
   112   12 Mg         0.4989     553.0406   49514.7115
   113   12 Mg         0.4989     553.0412   49514.7632
   114   12 Mg         0.4989     553.0423   49514.8626
   115   12 Mg         0.4989     553.0433   49514.9578
   116   12 Mg         0.4989     553.0423   49514.8659
   117   12 Mg         0.4989     553.0423   49514.8614
   118   12 Mg         0.4992     552.8952   49501.6958
   119   12 Mg         0.4957     554.4724   49642.8999
   120   12 Mg         0.4957     554.4724   49642.8993
   121   12 Mg         0.4957     554.4719   49642.8568
   122   12 Mg         0.4957     554.4741   49643.0552
   123   12 Mg         0.4957     554.4723   49642.8953
   124   12 Mg         0.4957     554.4719   49642.8558
   125   12 Mg         0.5290     539.9284   48340.7537
   126   12 Mg         0.5290     539.9277   48340.6938
   127   12 Mg         0.5290     539.9283   48340.7399
   128   12 Mg         0.5117     547.4025   49009.9247
   129   12 Mg         0.5145     546.1908   48901.4412
   130   12 Mg         0.5145     546.1908   48901.4395
   131   12 Mg         0.5145     546.1925   48901.5851
   132   12 Mg         0.5145     546.1925   48901.5936
   133   12 Mg         0.5145     546.1915   48901.4954
   134   12 Mg         0.5145     546.1925   48901.5914
   135   12 Mg         0.4963     554.1722   49616.0247
   136   12 Mg         0.4963     554.1737   49616.1645
   137   12 Mg         0.4963     554.1732   49616.1190
   138   12 Mg         0.4932     555.5558   49739.9005
   139   12 Mg         0.4932     555.5563   49739.9428
   140   12 Mg         0.4932     555.5567   49739.9840
   141   12 Mg         0.4967     553.9997   49600.5775
   142   12 Mg         0.4967     554.0001   49600.6210
   143   12 Mg         0.4967     553.9987   49600.4923
   144   12 Mg         0.4967     553.9976   49600.3950
   145   12 Mg         0.4967     554.0003   49600.6389
   146   12 Mg         0.4967     553.9988   49600.4976
   147   12 Mg         0.6553     494.6654   44288.2794
   148   12 Mg         0.6553     494.6661   44288.3390
   149   12 Mg         0.6553     494.6667   44288.3943
   150   75 Re         0.7711     798.7323  118721.3581
--------------------------------------------------------

Atom-resolved dispersion energies:
--------------------------------------------------
     #    Z           [Hartree]      [kcal/mol]
--------------------------------------------------
     1   12 Mg  -0.16231421E-01    -10.18537053
     2   12 Mg  -0.16231413E-01    -10.18536570
     3   12 Mg  -0.15050393E-01     -9.44426408
     4   12 Mg  -0.15050368E-01     -9.44424875
     5   12 Mg  -0.15050317E-01     -9.44421667
     6   12 Mg  -0.15050336E-01     -9.44422849
     7   12 Mg  -0.16197427E-01    -10.16403920
     8   12 Mg  -0.16197413E-01    -10.16402991
     9   12 Mg  -0.16293956E-01    -10.22461198
    10   12 Mg  -0.16214171E-01    -10.17454593
    11   12 Mg  -0.16231419E-01    -10.18536926
    12   12 Mg  -0.16231422E-01    -10.18537081
    13   12 Mg  -0.16293965E-01    -10.22461769
    14   12 Mg  -0.16293968E-01    -10.22461903
    15   12 Mg  -0.16311691E-01    -10.23574064
    16   12 Mg  -0.16311689E-01    -10.23573969
    17   12 Mg  -0.16197433E-01    -10.16404287
    18   12 Mg  -0.16231417E-01    -10.18536789
    19   12 Mg  -0.16231421E-01    -10.18537018
    20   12 Mg  -0.16311688E-01    -10.23573877
    21   12 Mg  -0.16214185E-01    -10.17455449
    22   12 Mg  -0.16214188E-01    -10.17455637
    23   12 Mg  -0.15050415E-01     -9.44427812
    24   12 Mg  -0.15050409E-01     -9.44427403
    25   12 Mg  -0.15075116E-01     -9.45977786
    26   12 Mg  -0.15075132E-01     -9.45978843
    27   12 Mg  -0.15075130E-01     -9.45978688
    28   12 Mg  -0.16208440E-01    -10.17094953
    29   12 Mg  -0.16208442E-01    -10.17095099
    30   12 Mg  -0.16208443E-01    -10.17095159
    31   12 Mg  -0.16208440E-01    -10.17094954
    32   12 Mg  -0.16208452E-01    -10.17095716
    33   12 Mg  -0.16208443E-01    -10.17095159
    34   12 Mg  -0.16304918E-01    -10.23149069
    35   12 Mg  -0.16304921E-01    -10.23149258
    36   12 Mg  -0.16304922E-01    -10.23149292
    37   12 Mg  -0.16312199E-01    -10.23605972
    38   12 Mg  -0.16312209E-01    -10.23606539
    39   12 Mg  -0.16312204E-01    -10.23606279
    40   12 Mg  -0.16220808E-01    -10.17871097
    41   12 Mg  -0.16220808E-01    -10.17871052
    42   12 Mg  -0.16220811E-01    -10.17871229
    43   12 Mg  -0.16220812E-01    -10.17871332
    44   12 Mg  -0.16220812E-01    -10.17871303
    45   12 Mg  -0.16220819E-01    -10.17871770
    46   12 Mg  -0.16242645E-01    -10.19241344
    47   12 Mg  -0.16149653E-01    -10.13406030
    48   12 Mg  -0.16149647E-01    -10.13405657
    49   12 Mg  -0.16149653E-01    -10.13406035
    50   12 Mg  -0.16206636E-01    -10.16981778
    51   12 Mg  -0.16206639E-01    -10.16981974
    52   12 Mg  -0.16206641E-01    -10.16982054
    53   12 Mg  -0.16206649E-01    -10.16982576
    54   12 Mg  -0.16206639E-01    -10.16981928
    55   12 Mg  -0.16206637E-01    -10.16981844
    56   12 Mg  -0.16162739E-01    -10.14227210
    57   12 Mg  -0.16296775E-01    -10.22638081
    58   12 Mg  -0.16296777E-01    -10.22638192
    59   12 Mg  -0.16296781E-01    -10.22638444
    60   12 Mg  -0.16296788E-01    -10.22638870
    61   12 Mg  -0.16296784E-01    -10.22638612
    62   12 Mg  -0.16296785E-01    -10.22638699
    63   12 Mg  -0.16259700E-01    -10.20311567
    64   12 Mg  -0.16259711E-01    -10.20312293
    65   12 Mg  -0.16259709E-01    -10.20312149
    66   12 Mg  -0.16282154E-01    -10.21720561
    67   12 Mg  -0.16282160E-01    -10.21720992
    68   12 Mg  -0.16282165E-01    -10.21721280
    69   12 Mg  -0.16269707E-01    -10.20939497
    70   12 Mg  -0.16269722E-01    -10.20940467
    71   12 Mg  -0.16269719E-01    -10.20940253
    72   12 Mg  -0.16262927E-01    -10.20514064
    73   12 Mg  -0.16262926E-01    -10.20514039
    74   12 Mg  -0.16262941E-01    -10.20514960
    75   12 Mg  -0.16295221E-01    -10.22540548
    76   12 Mg  -0.16295218E-01    -10.22540356
    77   12 Mg  -0.16277653E-01    -10.21438176
    78   12 Mg  -0.16253486E-01    -10.19921674
    79   12 Mg  -0.16253484E-01    -10.19921532
    80   12 Mg  -0.16298804E-01    -10.22765421
    81   12 Mg  -0.16298797E-01    -10.22764970
    82   12 Mg  -0.16253494E-01    -10.19922161
    83   12 Mg  -0.16253488E-01    -10.19921787
    84   12 Mg  -0.16262096E-01    -10.20461951
    85   12 Mg  -0.16301935E-01    -10.22961890
    86   12 Mg  -0.16304435E-01    -10.23118755
    87   12 Mg  -0.16304444E-01    -10.23119283
    88   12 Mg  -0.16253499E-01    -10.19922433
    89   12 Mg  -0.16253504E-01    -10.19922780
    90   12 Mg  -0.16301948E-01    -10.22962712
    91   12 Mg  -0.16301946E-01    -10.22962557
    92   12 Mg  -0.16298808E-01    -10.22765669
    93   12 Mg  -0.16298796E-01    -10.22764911
    94   12 Mg  -0.16295223E-01    -10.22540656
    95   12 Mg  -0.16277655E-01    -10.21438256
    96   12 Mg  -0.16277654E-01    -10.21438229
    97   12 Mg  -0.16304442E-01    -10.23119212
    98   12 Mg  -0.16298807E-01    -10.22765564
    99   12 Mg  -0.16298802E-01    -10.22765273
   100   12 Mg  -0.16262917E-01    -10.20513469
   101   12 Mg  -0.16262917E-01    -10.20513444
   102   12 Mg  -0.16262932E-01    -10.20514365
   103   12 Mg  -0.16269705E-01    -10.20939384
   104   12 Mg  -0.16269720E-01    -10.20940354
   105   12 Mg  -0.16269717E-01    -10.20940139
   106   12 Mg  -0.16282151E-01    -10.21720406
   107   12 Mg  -0.16282158E-01    -10.21720837
   108   12 Mg  -0.16282163E-01    -10.21721124
   109   12 Mg  -0.16259702E-01    -10.20311732
   110   12 Mg  -0.16259714E-01    -10.20312457
   111   12 Mg  -0.16259712E-01    -10.20312314
   112   12 Mg  -0.16296777E-01    -10.22638204
   113   12 Mg  -0.16296779E-01    -10.22638314
   114   12 Mg  -0.16296783E-01    -10.22638566
   115   12 Mg  -0.16296790E-01    -10.22638993
   116   12 Mg  -0.16296786E-01    -10.22638734
   117   12 Mg  -0.16296787E-01    -10.22638822
   118   12 Mg  -0.16162747E-01    -10.14227662
   119   12 Mg  -0.16206628E-01    -10.16981270
   120   12 Mg  -0.16206631E-01    -10.16981466
   121   12 Mg  -0.16206633E-01    -10.16981545
   122   12 Mg  -0.16206641E-01    -10.16982067
   123   12 Mg  -0.16206631E-01    -10.16981419
   124   12 Mg  -0.16206629E-01    -10.16981335
   125   12 Mg  -0.16149649E-01    -10.13405786
   126   12 Mg  -0.16149643E-01    -10.13405413
   127   12 Mg  -0.16149649E-01    -10.13405790
   128   12 Mg  -0.16242642E-01    -10.19241179
   129   12 Mg  -0.16220804E-01    -10.17870816
   130   12 Mg  -0.16220803E-01    -10.17870771
   131   12 Mg  -0.16220806E-01    -10.17870948
   132   12 Mg  -0.16220808E-01    -10.17871051
   133   12 Mg  -0.16220807E-01    -10.17871022
   134   12 Mg  -0.16220815E-01    -10.17871489
   135   12 Mg  -0.16312202E-01    -10.23606126
   136   12 Mg  -0.16312211E-01    -10.23606692
   137   12 Mg  -0.16312207E-01    -10.23606433
   138   12 Mg  -0.16304912E-01    -10.23148645
   139   12 Mg  -0.16304915E-01    -10.23148835
   140   12 Mg  -0.16304915E-01    -10.23148869
   141   12 Mg  -0.16208434E-01    -10.17094619
   142   12 Mg  -0.16208437E-01    -10.17094765
   143   12 Mg  -0.16208438E-01    -10.17094824
   144   12 Mg  -0.16208434E-01    -10.17094619
   145   12 Mg  -0.16208447E-01    -10.17095381
   146   12 Mg  -0.16208438E-01    -10.17094825
   147   12 Mg  -0.15075028E-01     -9.45972273
   148   12 Mg  -0.15075045E-01     -9.45973330
   149   12 Mg  -0.15075042E-01     -9.45973175
   150   75 Re  -0.13860447E-01     -8.69756191
--------------------------------------------------

Dispersion energy:      -2.4212175820096E+00 Eh

[Info] Dispersion energy written to .EDISP
