-----------------------------------
 s i m p l e   D F T - D 3  v1.2.1
-----------------------------------

Zero (Chai-Head-Gordon) damping: pbe-D3(0)
--------------------
  s6         1.0000
  s8         0.7220
  s9         0.0000
 rs6         1.2170
 rs8         1.0000
 alp        14.0000
--------------------

Atomic radii (in Angstrom):
-------------------------------------------
   Z          R(cov)     R(vdw)      r4/r2
-------------------------------------------
   3 Li       1.6000     1.7478     2.6564
  32 Ge       1.4533     1.9309     2.9321
-------------------------------------------

Atomic reference systems (in atomic units):
----------------------------------------------------------------------------
   Z        #      CN    C6(AA)   #      CN    C6(AA)   #      CN    C6(AA)
----------------------------------------------------------------------------
   3 Li     1  0.0000 1163.4454   2  0.9865   85.3197
  32 Ge     1  0.0000  363.5474   2  0.9434  316.8521   3  1.9447  286.6545
            4  2.9186  229.9498   5  3.8972  180.2912
----------------------------------------------------------------------------

Dispersion properties (in atomic units):
--------------------------------------------------------
     #    Z                CN       C6(AA)       C8(AA)
--------------------------------------------------------
     1    3 Li         0.2177     990.6943   74893.7740
     2    3 Li         0.2007    1009.7325   76333.0112
     3    3 Li         0.2135     995.6235   75266.4139
     4    3 Li         0.1648    1044.0496   78927.2951
     5    3 Li         0.1576    1050.0200   79378.6392
     6    3 Li         0.1576    1050.0200   79378.6392
     7    3 Li         0.1576    1050.0200   79378.6392
     8    3 Li         0.1576    1050.0200   79378.6382
     9    3 Li         0.1179    1078.4328   81526.5714
    10    3 Li         0.1179    1078.4328   81526.5714
    11    3 Li         0.1179    1078.4328   81526.5714
    12    3 Li         0.1179    1078.4329   81526.5716
    13    3 Li         0.1385    1064.6143   80481.9265
    14    3 Li         0.1385    1064.6143   80481.9265
    15    3 Li         0.1385    1064.6143   80481.9265
    16    3 Li         0.1385    1064.6143   80481.9267
    17    3 Li         0.1195    1077.4784   81454.4155
    18    3 Li         0.1195    1077.4784   81454.4155
    19    3 Li         0.1195    1077.4784   81454.4155
    20    3 Li         0.1195    1077.4784   81454.4155
    21    3 Li         0.1417    1062.2999   80306.9647
    22    3 Li         0.1417    1062.2999   80306.9647
    23    3 Li         0.1417    1062.2999   80306.9647
    24    3 Li         0.1417    1062.2999   80306.9645
    25    3 Li         0.1484    1057.2590   79925.8884
    26    3 Li         0.1484    1057.2590   79925.8884
    27    3 Li         0.1484    1057.2590   79925.8884
    28    3 Li         0.1484    1057.2590   79925.8878
    29    3 Li         0.1137    1081.0618   81725.3103
    30    3 Li         0.1137    1081.0618   81725.3107
    31    3 Li         0.1137    1081.0618   81725.3103
    32    3 Li         0.1137    1081.0618   81725.3107
    33    3 Li         0.1137    1081.0618   81725.3103
    34    3 Li         0.1137    1081.0618   81725.3107
    35    3 Li         0.1214    1076.2693   81363.0153
    36    3 Li         0.1214    1076.2693   81363.0144
    37    3 Li         0.1214    1076.2693   81363.0153
    38    3 Li         0.1214    1076.2693   81363.0144
    39    3 Li         0.1214    1076.2693   81363.0153
    40    3 Li         0.1214    1076.2693   81363.0144
    41    3 Li         0.1135    1081.1426   81731.4183
    42    3 Li         0.1135    1081.1426   81731.4179
    43    3 Li         0.1135    1081.1426   81731.4182
    44    3 Li         0.1135    1081.1426   81731.4179
    45    3 Li         0.1135    1081.1426   81731.4182
    46    3 Li         0.1135    1081.1426   81731.4183
    47    3 Li         0.1135    1081.1426   81731.4182
    48    3 Li         0.1135    1081.1426   81731.4183
    49    3 Li         0.1135    1081.1426   81731.4179
    50    3 Li         0.1135    1081.1426   81731.4182
    51    3 Li         0.1135    1081.1426   81731.4182
    52    3 Li         0.1135    1081.1426   81731.4182
    53    3 Li         0.1363    1066.1684   80599.4136
    54    3 Li         0.1363    1066.1684   80599.4136
    55    3 Li         0.1363    1066.1684   80599.4136
    56    3 Li         0.1363    1066.1684   80599.4136
    57    3 Li         0.1363    1066.1684   80599.4136
    58    3 Li         0.1363    1066.1684   80599.4136
    59    3 Li         0.1363    1066.1684   80599.4136
    60    3 Li         0.1363    1066.1684   80599.4136
    61    3 Li         0.1363    1066.1684   80599.4136
    62    3 Li         0.1363    1066.1684   80599.4136
    63    3 Li         0.1363    1066.1684   80599.4136
    64    3 Li         0.1363    1066.1684   80599.4136
    65    3 Li         0.1224    1075.5748   81310.5128
    66    3 Li         0.1224    1075.5748   81310.5129
    67    3 Li         0.1224    1075.5748   81310.5128
    68    3 Li         0.1224    1075.5748   81310.5129
    69    3 Li         0.1224    1075.5748   81310.5128
    70    3 Li         0.1224    1075.5748   81310.5128
    71    3 Li         0.1224    1075.5748   81310.5128
    72    3 Li         0.1224    1075.5748   81310.5128
    73    3 Li         0.1224    1075.5748   81310.5129
    74    3 Li         0.1224    1075.5748   81310.5125
    75    3 Li         0.1224    1075.5748   81310.5125
    76    3 Li         0.1224    1075.5748   81310.5125
    77    3 Li         0.1273    1072.3589   81067.4011
    78    3 Li         0.1273    1072.3590   81067.4016
    79    3 Li         0.1273    1072.3589   81067.4011
    80    3 Li         0.1273    1072.3590   81067.4016
    81    3 Li         0.1273    1072.3589   81067.4011
    82    3 Li         0.1273    1072.3589   81067.4011
    83    3 Li         0.1273    1072.3589   81067.4011
    84    3 Li         0.1273    1072.3589   81067.4011
    85    3 Li         0.1273    1072.3590   81067.4016
    86    3 Li         0.1273    1072.3589   81067.4011
    87    3 Li         0.1273    1072.3589   81067.4011
    88    3 Li         0.1273    1072.3589   81067.4011
    89   32 Ge         0.0828     361.1004   33258.2969
    90   32 Ge         0.0828     361.1004   33258.2969
    91   32 Ge         0.0828     361.1004   33258.2969
    92   32 Ge         0.0828     361.1004   33258.2969
    93   32 Ge         0.0924     360.9270   33242.3263
    94   32 Ge         0.0924     360.9270   33242.3263
    95   32 Ge         0.0924     360.9270   33242.3263
    96   32 Ge         0.0924     360.9270   33242.3263
    97   32 Ge         0.0822     361.1103   33259.2151
    98   32 Ge         0.0822     361.1103   33259.2151
    99   32 Ge         0.0822     361.1103   33259.2151
   100   32 Ge         0.0822     361.1103   33259.2151
   101   32 Ge         0.0822     361.1103   33259.2151
   102   32 Ge         0.0822     361.1103   33259.2151
   103   32 Ge         0.0773     361.1950   33267.0161
   104   32 Ge         0.0773     361.1950   33267.0161
   105   32 Ge         0.0773     361.1950   33267.0161
   106   32 Ge         0.0773     361.1950   33267.0161
   107   32 Ge         0.0773     361.1950   33267.0161
   108   32 Ge         0.0773     361.1950   33267.0161
--------------------------------------------------------

Atom-resolved dispersion energies:
--------------------------------------------------
     #    Z           [Hartree]      [kcal/mol]
--------------------------------------------------
     1    3 Li  -0.16972270E-01    -10.65025993
     2    3 Li  -0.17969714E-01    -11.27616596
     3    3 Li  -0.18206457E-01    -11.42472423
     4    3 Li  -0.17831495E-01    -11.18943180
     5    3 Li  -0.18204596E-01    -11.42355665
     6    3 Li  -0.18204596E-01    -11.42355665
     7    3 Li  -0.18204596E-01    -11.42355665
     8    3 Li  -0.18204596E-01    -11.42355629
     9    3 Li  -0.17865023E-01    -11.21047133
    10    3 Li  -0.17865023E-01    -11.21047133
    11    3 Li  -0.17865023E-01    -11.21047133
    12    3 Li  -0.17865023E-01    -11.21047146
    13    3 Li  -0.17569719E-01    -11.02516503
    14    3 Li  -0.17569719E-01    -11.02516503
    15    3 Li  -0.17569719E-01    -11.02516503
    16    3 Li  -0.17569719E-01    -11.02516489
    17    3 Li  -0.17480478E-01    -10.96916538
    18    3 Li  -0.17480478E-01    -10.96916538
    19    3 Li  -0.17480478E-01    -10.96916538
    20    3 Li  -0.17480478E-01    -10.96916538
    21    3 Li  -0.17642689E-01    -11.07095468
    22    3 Li  -0.17642689E-01    -11.07095468
    23    3 Li  -0.17642689E-01    -11.07095468
    24    3 Li  -0.17642689E-01    -11.07095468
    25    3 Li  -0.18154348E-01    -11.39202541
    26    3 Li  -0.18154348E-01    -11.39202541
    27    3 Li  -0.18154348E-01    -11.39202541
    28    3 Li  -0.18154348E-01    -11.39202516
    29    3 Li  -0.17941727E-01    -11.25860360
    30    3 Li  -0.17941727E-01    -11.25860350
    31    3 Li  -0.17941727E-01    -11.25860360
    32    3 Li  -0.17941727E-01    -11.25860350
    33    3 Li  -0.17941727E-01    -11.25860360
    34    3 Li  -0.17941727E-01    -11.25860350
    35    3 Li  -0.18050817E-01    -11.32705876
    36    3 Li  -0.18050817E-01    -11.32705894
    37    3 Li  -0.18050817E-01    -11.32705876
    38    3 Li  -0.18050817E-01    -11.32705894
    39    3 Li  -0.18050817E-01    -11.32705876
    40    3 Li  -0.18050817E-01    -11.32705894
    41    3 Li  -0.17845228E-01    -11.19804955
    42    3 Li  -0.17845228E-01    -11.19804963
    43    3 Li  -0.17845228E-01    -11.19804954
    44    3 Li  -0.17845228E-01    -11.19804963
    45    3 Li  -0.17845228E-01    -11.19804954
    46    3 Li  -0.17845228E-01    -11.19804955
    47    3 Li  -0.17845228E-01    -11.19804954
    48    3 Li  -0.17845228E-01    -11.19804955
    49    3 Li  -0.17845228E-01    -11.19804963
    50    3 Li  -0.17845228E-01    -11.19804954
    51    3 Li  -0.17845228E-01    -11.19804954
    52    3 Li  -0.17845228E-01    -11.19804954
    53    3 Li  -0.17868688E-01    -11.21277117
    54    3 Li  -0.17868688E-01    -11.21277117
    55    3 Li  -0.17868688E-01    -11.21277125
    56    3 Li  -0.17868688E-01    -11.21277117
    57    3 Li  -0.17868688E-01    -11.21277125
    58    3 Li  -0.17868688E-01    -11.21277117
    59    3 Li  -0.17868688E-01    -11.21277125
    60    3 Li  -0.17868688E-01    -11.21277117
    61    3 Li  -0.17868688E-01    -11.21277117
    62    3 Li  -0.17868688E-01    -11.21277115
    63    3 Li  -0.17868688E-01    -11.21277115
    64    3 Li  -0.17868688E-01    -11.21277115
    65    3 Li  -0.17890534E-01    -11.22647957
    66    3 Li  -0.17890534E-01    -11.22647953
    67    3 Li  -0.17890534E-01    -11.22647957
    68    3 Li  -0.17890534E-01    -11.22647953
    69    3 Li  -0.17890534E-01    -11.22647957
    70    3 Li  -0.17890534E-01    -11.22647957
    71    3 Li  -0.17890534E-01    -11.22647957
    72    3 Li  -0.17890534E-01    -11.22647957
    73    3 Li  -0.17890534E-01    -11.22647953
    74    3 Li  -0.17890534E-01    -11.22647963
    75    3 Li  -0.17890534E-01    -11.22647963
    76    3 Li  -0.17890534E-01    -11.22647963
    77    3 Li  -0.17889976E-01    -11.22612935
    78    3 Li  -0.17889976E-01    -11.22612926
    79    3 Li  -0.17889976E-01    -11.22612935
    80    3 Li  -0.17889976E-01    -11.22612926
    81    3 Li  -0.17889976E-01    -11.22612935
    82    3 Li  -0.17889976E-01    -11.22612935
    83    3 Li  -0.17889976E-01    -11.22612935
    84    3 Li  -0.17889976E-01    -11.22612935
    85    3 Li  -0.17889976E-01    -11.22612926
    86    3 Li  -0.17889976E-01    -11.22612935
    87    3 Li  -0.17889976E-01    -11.22612935
    88    3 Li  -0.17889976E-01    -11.22612935
    89   32 Ge  -0.75873414E-02     -4.76112858
    90   32 Ge  -0.75873414E-02     -4.76112858
    91   32 Ge  -0.75873414E-02     -4.76112858
    92   32 Ge  -0.75873414E-02     -4.76112861
    93   32 Ge  -0.77844112E-02     -4.88479180
    94   32 Ge  -0.77844112E-02     -4.88479180
    95   32 Ge  -0.77844112E-02     -4.88479180
    96   32 Ge  -0.77844113E-02     -4.88479184
    97   32 Ge  -0.76373821E-02     -4.79252962
    98   32 Ge  -0.76373821E-02     -4.79252964
    99   32 Ge  -0.76373821E-02     -4.79252962
   100   32 Ge  -0.76373821E-02     -4.79252964
   101   32 Ge  -0.76373821E-02     -4.79252962
   102   32 Ge  -0.76373821E-02     -4.79252964
   103   32 Ge  -0.76125317E-02     -4.77693578
   104   32 Ge  -0.76125317E-02     -4.77693579
   105   32 Ge  -0.76125317E-02     -4.77693578
   106   32 Ge  -0.76125317E-02     -4.77693579
   107   32 Ge  -0.76125317E-02     -4.77693578
   108   32 Ge  -0.76125317E-02     -4.77693579
--------------------------------------------------

Dispersion energy:      -1.7255222181172E+00 Eh

[Info] Dispersion energy written to .EDISP
