-----------------------------------
 s i m p l e   D F T - D 3  v1.2.1
-----------------------------------

Zero (Chai-Head-Gordon) damping: pbe-D3(0)
--------------------
  s6         1.0000
  s8         0.7220
  s9         0.0000
 rs6         1.2170
 rs8         1.0000
 alp        14.0000
--------------------

Atomic radii (in Angstrom):
-------------------------------------------
   Z          R(cov)     R(vdw)      r4/r2
-------------------------------------------
  60 Nd       2.0933     2.2635     4.7102
  12 Mg       1.6667     1.7420     2.8909
-------------------------------------------

Atomic reference systems (in atomic units):
----------------------------------------------------------------------------
   Z        #      CN    C6(AA)   #      CN    C6(AA)   #      CN    C6(AA)
----------------------------------------------------------------------------
  60 Nd     1  0.0000 3924.4211   2  2.9455  620.5206
  12 Mg     1  0.0000  683.3758   2  0.9628  451.2708   3  1.9496  175.5616
----------------------------------------------------------------------------

Dispersion properties (in atomic units):
--------------------------------------------------------
     #    Z                CN       C6(AA)       C8(AA)
--------------------------------------------------------
     1   60 Nd         0.0935    3924.4211  932754.7030
     2   12 Mg         0.0352     675.3711   60467.1820
     3   12 Mg         0.0352     675.3753   60467.5524
     4   12 Mg         0.0352     675.3753   60467.5539
     5   12 Mg         0.0389     675.1517   60447.5373
     6   12 Mg         0.0389     675.1517   60447.5378
     7   12 Mg         0.0352     675.3711   60467.1809
     8   12 Mg         0.0352     675.3711   60467.1816
     9   12 Mg         0.0355     675.3567   60465.8914
    10   12 Mg         0.0355     675.3567   60465.8931
    11   12 Mg         0.0360     675.3239   60462.9509
    12   12 Mg         0.0352     675.3753   60467.5545
    13   12 Mg         0.0355     675.3567   60465.8922
    14   12 Mg         0.0355     675.3567   60465.8932
    15   12 Mg         0.0358     675.3406   60464.4530
    16   12 Mg         0.0358     675.3406   60464.4520
    17   12 Mg         0.0389     675.1517   60447.5394
    18   12 Mg         0.0389     675.1517   60447.5402
    19   12 Mg         0.0360     675.3239   60462.9504
    20   12 Mg         0.0360     675.3239   60462.9499
    21   12 Mg         0.0358     675.3406   60464.4511
    22   12 Mg         0.0389     675.1517   60447.5386
    23   12 Mg         0.0389     675.1517   60447.5391
    24   12 Mg         0.0355     675.3567   60465.8920
    25   12 Mg         0.0355     675.3567   60465.8932
    26   12 Mg         0.0343     675.4258   60472.0793
    27   12 Mg         0.0343     675.4258   60472.0786
    28   12 Mg         0.0343     675.4258   60472.0790
    29   12 Mg         0.0346     675.4076   60470.4472
    30   12 Mg         0.0346     675.4077   60470.4561
    31   12 Mg         0.0346     675.4077   60470.4557
    32   12 Mg         0.0346     675.4077   60470.4561
    33   12 Mg         0.0346     675.4077   60470.4543
    34   12 Mg         0.0346     675.4077   60470.4550
    35   12 Mg         0.0346     675.4077   60470.4553
    36   12 Mg         0.0354     675.3616   60466.3287
    37   12 Mg         0.0354     675.3616   60466.3287
    38   12 Mg         0.0354     675.3616   60466.3290
    39   12 Mg         0.0360     675.3280   60463.3211
    40   12 Mg         0.0360     675.3280   60463.3189
    41   12 Mg         0.0360     675.3280   60463.3200
    42   12 Mg         0.0355     675.3541   60465.6615
    43   12 Mg         0.0355     675.3541   60465.6600
    44   12 Mg         0.0355     675.3541   60465.6606
    45   12 Mg         0.0355     675.3542   60465.6625
    46   12 Mg         0.0355     675.3541   60465.6610
    47   12 Mg         0.0355     675.3541   60465.6619
    48   12 Mg         0.0393     675.1281   60445.4232
    49   12 Mg         0.0393     675.1281   60445.4249
    50   12 Mg         0.0393     675.1281   60445.4245
    51   12 Mg         0.0348     675.3978   60469.5678
    52   12 Mg         0.0348     675.3978   60469.5685
    53   12 Mg         0.0348     675.3978   60469.5667
    54   12 Mg         0.0347     675.4017   60469.9239
    55   12 Mg         0.0347     675.4017   60469.9232
    56   12 Mg         0.0347     675.4017   60469.9239
    57   12 Mg         0.0352     675.3717   60467.2339
    58   12 Mg         0.0352     675.3717   60467.2328
    59   12 Mg         0.0352     675.3717   60467.2327
    60   12 Mg         0.0352     675.3717   60467.2314
    61   12 Mg         0.0352     675.3717   60467.2328
    62   12 Mg         0.0352     675.3717   60467.2335
    63   12 Mg         0.0354     675.3621   60466.3715
    64   12 Mg         0.0354     675.3621   60466.3730
    65   12 Mg         0.0354     675.3621   60466.3711
    66   12 Mg         0.0354     675.3621   60466.3744
    67   12 Mg         0.0354     675.3621   60466.3722
    68   12 Mg         0.0354     675.3621   60466.3711
    69   12 Mg         0.0353     675.3660   60466.7212
    70   12 Mg         0.0353     675.3660   60466.7212
    71   12 Mg         0.0353     675.3660   60466.7205
    72   12 Mg         0.0355     675.3573   60465.9450
    73   12 Mg         0.0355     675.3573   60465.9439
    74   12 Mg         0.0355     675.3573   60465.9440
    75   12 Mg         0.0350     675.3876   60468.6571
    76   12 Mg         0.0350     675.3843   60468.3585
    77   12 Mg         0.0350     675.3843   60468.3581
    78   12 Mg         0.0350     675.3870   60468.6029
    79   12 Mg         0.0350     675.3860   60468.5153
    80   12 Mg         0.0350     675.3860   60468.5131
    81   12 Mg         0.0350     675.3860   60468.5145
    82   12 Mg         0.0350     675.3860   60468.5149
    83   12 Mg         0.0350     675.3830   60468.2455
    84   12 Mg         0.0353     675.3693   60467.0203
    85   12 Mg         0.0353     675.3693   60467.0225
    86   12 Mg         0.0350     675.3860   60468.5149
    87   12 Mg         0.0350     675.3860   60468.5134
    88   12 Mg         0.0352     675.3728   60467.3348
    89   12 Mg         0.0352     675.3728   60467.3356
    90   12 Mg         0.0353     675.3660   60466.7258
    91   12 Mg         0.0350     675.3843   60468.3577
    92   12 Mg         0.0353     675.3693   60467.0207
    93   12 Mg         0.0353     675.3693   60467.0221
    94   12 Mg         0.0353     675.3660   60466.7236
    95   12 Mg         0.0353     675.3660   60466.7244
    96   12 Mg         0.0350     675.3870   60468.6050
    97   12 Mg         0.0350     675.3870   60468.6040
    98   12 Mg         0.0353     675.3693   60467.0206
    99   12 Mg         0.0353     675.3693   60467.0218
   100   12 Mg         0.0352     675.3728   60467.3349
   101   12 Mg         0.0350     675.3876   60468.6553
   102   12 Mg         0.0355     675.3573   60465.9450
   103   12 Mg         0.0355     675.3573   60465.9439
   104   12 Mg         0.0355     675.3573   60465.9439
   105   12 Mg         0.0353     675.3660   60466.7212
   106   12 Mg         0.0353     675.3660   60466.7212
   107   12 Mg         0.0353     675.3660   60466.7205
   108   12 Mg         0.0354     675.3621   60466.3715
   109   12 Mg         0.0354     675.3621   60466.3730
   110   12 Mg         0.0354     675.3621   60466.3711
   111   12 Mg         0.0354     675.3621   60466.3744
   112   12 Mg         0.0354     675.3621   60466.3722
   113   12 Mg         0.0354     675.3621   60466.3711
   114   12 Mg         0.0352     675.3717   60467.2332
   115   12 Mg         0.0352     675.3717   60467.2321
   116   12 Mg         0.0352     675.3717   60467.2320
   117   12 Mg         0.0352     675.3717   60467.2306
   118   12 Mg         0.0352     675.3717   60467.2320
   119   12 Mg         0.0352     675.3717   60467.2327
   120   12 Mg         0.0347     675.4017   60469.9239
   121   12 Mg         0.0347     675.4017   60469.9232
   122   12 Mg         0.0347     675.4017   60469.9239
   123   12 Mg         0.0348     675.3978   60469.5678
   124   12 Mg         0.0348     675.3978   60469.5685
   125   12 Mg         0.0348     675.3978   60469.5667
   126   12 Mg         0.0393     675.1281   60445.4238
   127   12 Mg         0.0393     675.1281   60445.4255
   128   12 Mg         0.0393     675.1281   60445.4251
   129   12 Mg         0.0355     675.3541   60465.6615
   130   12 Mg         0.0355     675.3541   60465.6600
   131   12 Mg         0.0355     675.3541   60465.6606
   132   12 Mg         0.0355     675.3542   60465.6625
   133   12 Mg         0.0355     675.3541   60465.6610
   134   12 Mg         0.0355     675.3541   60465.6619
   135   12 Mg         0.0360     675.3280   60463.3211
   136   12 Mg         0.0360     675.3280   60463.3189
   137   12 Mg         0.0360     675.3280   60463.3200
   138   12 Mg         0.0354     675.3616   60466.3287
   139   12 Mg         0.0354     675.3616   60466.3287
   140   12 Mg         0.0354     675.3616   60466.3290
   141   12 Mg         0.0346     675.4077   60470.4561
   142   12 Mg         0.0346     675.4077   60470.4557
   143   12 Mg         0.0346     675.4077   60470.4561
   144   12 Mg         0.0346     675.4077   60470.4543
   145   12 Mg         0.0346     675.4077   60470.4550
   146   12 Mg         0.0346     675.4077   60470.4553
   147   12 Mg         0.0346     675.4076   60470.4472
   148   12 Mg         0.0343     675.4258   60472.0793
   149   12 Mg         0.0343     675.4258   60472.0787
   150   12 Mg         0.0343     675.4258   60472.0791
--------------------------------------------------------

Atom-resolved dispersion energies:
--------------------------------------------------
     #    Z           [Hartree]      [kcal/mol]
--------------------------------------------------
     1   60 Nd  -0.14217294E-01     -8.92148682
     2   12 Mg  -0.68443510E-02     -4.29489508
     3   12 Mg  -0.68463872E-02     -4.29617286
     4   12 Mg  -0.68463609E-02     -4.29615633
     5   12 Mg  -0.71817609E-02     -4.50662301
     6   12 Mg  -0.71817514E-02     -4.50661702
     7   12 Mg  -0.68443715E-02     -4.29490798
     8   12 Mg  -0.68443572E-02     -4.29489898
     9   12 Mg  -0.68678862E-02     -4.30966363
    10   12 Mg  -0.68678555E-02     -4.30964439
    11   12 Mg  -0.69280273E-02     -4.34740280
    12   12 Mg  -0.68463487E-02     -4.29614864
    13   12 Mg  -0.68678727E-02     -4.30965516
    14   12 Mg  -0.68678531E-02     -4.30964288
    15   12 Mg  -0.69000942E-02     -4.32987447
    16   12 Mg  -0.69001129E-02     -4.32988620
    17   12 Mg  -0.71817291E-02     -4.50660305
    18   12 Mg  -0.71817109E-02     -4.50659160
    19   12 Mg  -0.69280354E-02     -4.34740788
    20   12 Mg  -0.69280400E-02     -4.34741071
    21   12 Mg  -0.69001252E-02     -4.32989395
    22   12 Mg  -0.71817368E-02     -4.50660787
    23   12 Mg  -0.71817289E-02     -4.50660296
    24   12 Mg  -0.68678724E-02     -4.30965498
    25   12 Mg  -0.68678535E-02     -4.30964315
    26   12 Mg  -0.68251086E-02     -4.28282030
    27   12 Mg  -0.68251162E-02     -4.28282510
    28   12 Mg  -0.68251082E-02     -4.28282004
    29   12 Mg  -0.67879230E-02     -4.25948597
    30   12 Mg  -0.67913013E-02     -4.26160589
    31   12 Mg  -0.67913082E-02     -4.26161023
    32   12 Mg  -0.67913010E-02     -4.26160572
    33   12 Mg  -0.67913335E-02     -4.26162614
    34   12 Mg  -0.67913204E-02     -4.26161792
    35   12 Mg  -0.67913135E-02     -4.26161354
    36   12 Mg  -0.68650882E-02     -4.30790791
    37   12 Mg  -0.68650868E-02     -4.30790701
    38   12 Mg  -0.68650834E-02     -4.30790485
    39   12 Mg  -0.69166090E-02     -4.34023767
    40   12 Mg  -0.69166452E-02     -4.34026038
    41   12 Mg  -0.69166273E-02     -4.34024913
    42   12 Mg  -0.68865762E-02     -4.32139182
    43   12 Mg  -0.68866029E-02     -4.32140859
    44   12 Mg  -0.68865905E-02     -4.32140079
    45   12 Mg  -0.68865592E-02     -4.32138114
    46   12 Mg  -0.68865839E-02     -4.32139662
    47   12 Mg  -0.68865694E-02     -4.32138757
    48   12 Mg  -0.72141340E-02     -4.52693742
    49   12 Mg  -0.72141067E-02     -4.52692028
    50   12 Mg  -0.72141102E-02     -4.52692252
    51   12 Mg  -0.68021757E-02     -4.26842969
    52   12 Mg  -0.68021646E-02     -4.26842276
    53   12 Mg  -0.68021943E-02     -4.26844136
    54   12 Mg  -0.67995284E-02     -4.26676847
    55   12 Mg  -0.67995396E-02     -4.26677553
    56   12 Mg  -0.67995294E-02     -4.26676911
    57   12 Mg  -0.68483086E-02     -4.29737855
    58   12 Mg  -0.68483294E-02     -4.29739158
    59   12 Mg  -0.68483293E-02     -4.29739151
    60   12 Mg  -0.68483541E-02     -4.29740707
    61   12 Mg  -0.68483304E-02     -4.29739219
    62   12 Mg  -0.68483167E-02     -4.29738363
    63   12 Mg  -0.68586155E-02     -4.30384620
    64   12 Mg  -0.68585892E-02     -4.30382973
    65   12 Mg  -0.68586221E-02     -4.30385036
    66   12 Mg  -0.68585646E-02     -4.30381427
    67   12 Mg  -0.68586019E-02     -4.30383768
    68   12 Mg  -0.68586217E-02     -4.30385011
    69   12 Mg  -0.68628656E-02     -4.30651319
    70   12 Mg  -0.68628659E-02     -4.30651337
    71   12 Mg  -0.68628785E-02     -4.30652127
    72   12 Mg  -0.68741557E-02     -4.31359780
    73   12 Mg  -0.68741735E-02     -4.31360898
    74   12 Mg  -0.68741738E-02     -4.31360917
    75   12 Mg  -0.68431571E-02     -4.29414591
    76   12 Mg  -0.68257473E-02     -4.28322111
    77   12 Mg  -0.68257530E-02     -4.28322469
    78   12 Mg  -0.68227230E-02     -4.28132333
    79   12 Mg  -0.68241079E-02     -4.28219235
    80   12 Mg  -0.68241454E-02     -4.28221591
    81   12 Mg  -0.68241200E-02     -4.28219994
    82   12 Mg  -0.68241149E-02     -4.28219673
    83   12 Mg  -0.68235313E-02     -4.28183052
    84   12 Mg  -0.68496168E-02     -4.29819946
    85   12 Mg  -0.68495760E-02     -4.29817383
    86   12 Mg  -0.68241161E-02     -4.28219751
    87   12 Mg  -0.68241412E-02     -4.28221323
    88   12 Mg  -0.68460798E-02     -4.29597993
    89   12 Mg  -0.68460648E-02     -4.29597052
    90   12 Mg  -0.68563208E-02     -4.30240626
    91   12 Mg  -0.68257597E-02     -4.28322889
    92   12 Mg  -0.68496113E-02     -4.29819598
    93   12 Mg  -0.68495841E-02     -4.29817890
    94   12 Mg  -0.68563569E-02     -4.30242889
    95   12 Mg  -0.68563464E-02     -4.30242230
    96   12 Mg  -0.68226846E-02     -4.28129922
    97   12 Mg  -0.68227061E-02     -4.28131274
    98   12 Mg  -0.68496101E-02     -4.29819524
    99   12 Mg  -0.68495883E-02     -4.29818157
   100   12 Mg  -0.68460802E-02     -4.29598016
   101   12 Mg  -0.68431870E-02     -4.29416466
   102   12 Mg  -0.68741565E-02     -4.31359832
   103   12 Mg  -0.68741743E-02     -4.31360950
   104   12 Mg  -0.68741746E-02     -4.31360969
   105   12 Mg  -0.68628656E-02     -4.30651321
   106   12 Mg  -0.68628659E-02     -4.30651339
   107   12 Mg  -0.68628785E-02     -4.30652130
   108   12 Mg  -0.68586157E-02     -4.30384630
   109   12 Mg  -0.68585894E-02     -4.30382982
   110   12 Mg  -0.68586223E-02     -4.30385046
   111   12 Mg  -0.68585648E-02     -4.30381437
   112   12 Mg  -0.68586021E-02     -4.30383778
   113   12 Mg  -0.68586219E-02     -4.30385021
   114   12 Mg  -0.68483201E-02     -4.29738573
   115   12 Mg  -0.68483408E-02     -4.29739876
   116   12 Mg  -0.68483407E-02     -4.29739869
   117   12 Mg  -0.68483655E-02     -4.29741425
   118   12 Mg  -0.68483418E-02     -4.29739937
   119   12 Mg  -0.68483282E-02     -4.29739081
   120   12 Mg  -0.67995284E-02     -4.26676848
   121   12 Mg  -0.67995396E-02     -4.26677555
   122   12 Mg  -0.67995294E-02     -4.26676912
   123   12 Mg  -0.68021760E-02     -4.26842986
   124   12 Mg  -0.68021649E-02     -4.26842292
   125   12 Mg  -0.68021946E-02     -4.26844153
   126   12 Mg  -0.72141301E-02     -4.52693498
   127   12 Mg  -0.72141028E-02     -4.52691784
   128   12 Mg  -0.72141063E-02     -4.52692008
   129   12 Mg  -0.68865761E-02     -4.32139177
   130   12 Mg  -0.68866029E-02     -4.32140854
   131   12 Mg  -0.68865904E-02     -4.32140075
   132   12 Mg  -0.68865591E-02     -4.32138109
   133   12 Mg  -0.68865838E-02     -4.32139657
   134   12 Mg  -0.68865694E-02     -4.32138753
   135   12 Mg  -0.69166090E-02     -4.34023768
   136   12 Mg  -0.69166452E-02     -4.34026039
   137   12 Mg  -0.69166273E-02     -4.34024914
   138   12 Mg  -0.68650883E-02     -4.30790792
   139   12 Mg  -0.68650868E-02     -4.30790702
   140   12 Mg  -0.68650834E-02     -4.30790486
   141   12 Mg  -0.67913013E-02     -4.26160591
   142   12 Mg  -0.67913082E-02     -4.26161025
   143   12 Mg  -0.67913010E-02     -4.26160574
   144   12 Mg  -0.67913336E-02     -4.26162616
   145   12 Mg  -0.67913205E-02     -4.26161794
   146   12 Mg  -0.67913135E-02     -4.26161356
   147   12 Mg  -0.67879230E-02     -4.25948598
   148   12 Mg  -0.68251080E-02     -4.28281992
   149   12 Mg  -0.68251156E-02     -4.28282472
   150   12 Mg  -0.68251076E-02     -4.28281966
--------------------------------------------------

Dispersion energy:      -1.0388282770114E+00 Eh

[Info] Dispersion energy written to .EDISP
