-----------------------------------
 s i m p l e   D F T - D 3  v1.2.1
-----------------------------------

Zero (Chai-Head-Gordon) damping: pbe-D3(0)
--------------------
  s6         1.0000
  s8         0.7220
  s9         0.0000
 rs6         1.2170
 rs8         1.0000
 alp        14.0000
--------------------

Atomic radii (in Angstrom):
-------------------------------------------
   Z          R(cov)     R(vdw)      r4/r2
-------------------------------------------
  60 Nd       2.0933     2.2635     4.7102
  12 Mg       1.6667     1.7420     2.8909
-------------------------------------------

Atomic reference systems (in atomic units):
----------------------------------------------------------------------------
   Z        #      CN    C6(AA)   #      CN    C6(AA)   #      CN    C6(AA)
----------------------------------------------------------------------------
  60 Nd     1  0.0000 3924.4211   2  2.9455  620.5206
  12 Mg     1  0.0000  683.3758   2  0.9628  451.2708   3  1.9496  175.5616
----------------------------------------------------------------------------

Dispersion properties (in atomic units):
--------------------------------------------------------
     #    Z                CN       C6(AA)       C8(AA)
--------------------------------------------------------
     1   60 Nd         0.0053    3924.4211  932754.7030
     2   12 Mg         0.0026     677.1029   60622.2322
     3   12 Mg         0.0026     677.1030   60622.2399
     4   12 Mg         0.0026     677.1030   60622.2399
     5   12 Mg         0.0027     677.0963   60621.6371
     6   12 Mg         0.0027     677.0963   60621.6371
     7   12 Mg         0.0026     677.1029   60622.2322
     8   12 Mg         0.0026     677.1029   60622.2322
     9   12 Mg         0.0026     677.1023   60622.1749
    10   12 Mg         0.0026     677.1023   60622.1750
    11   12 Mg         0.0026     677.1009   60622.0564
    12   12 Mg         0.0026     677.1030   60622.2399
    13   12 Mg         0.0026     677.1023   60622.1750
    14   12 Mg         0.0026     677.1023   60622.1750
    15   12 Mg         0.0026     677.1016   60622.1153
    16   12 Mg         0.0026     677.1016   60622.1152
    17   12 Mg         0.0027     677.0963   60621.6372
    18   12 Mg         0.0027     677.0963   60621.6372
    19   12 Mg         0.0026     677.1009   60622.0563
    20   12 Mg         0.0026     677.1009   60622.0563
    21   12 Mg         0.0026     677.1016   60622.1152
    22   12 Mg         0.0027     677.0963   60621.6372
    23   12 Mg         0.0027     677.0963   60621.6372
    24   12 Mg         0.0026     677.1023   60622.1750
    25   12 Mg         0.0026     677.1023   60622.1750
    26   12 Mg         0.0026     677.1047   60622.3966
    27   12 Mg         0.0026     677.1047   60622.3966
    28   12 Mg         0.0026     677.1047   60622.3966
    29   12 Mg         0.0026     677.1044   60622.3633
    30   12 Mg         0.0026     677.1044   60622.3620
    31   12 Mg         0.0026     677.1044   60622.3620
    32   12 Mg         0.0026     677.1044   60622.3620
    33   12 Mg         0.0026     677.1044   60622.3620
    34   12 Mg         0.0026     677.1044   60622.3620
    35   12 Mg         0.0026     677.1044   60622.3620
    36   12 Mg         0.0026     677.1025   60622.1918
    37   12 Mg         0.0026     677.1025   60622.1918
    38   12 Mg         0.0026     677.1025   60622.1918
    39   12 Mg         0.0026     677.1011   60622.0740
    40   12 Mg         0.0026     677.1011   60622.0739
    41   12 Mg         0.0026     677.1011   60622.0740
    42   12 Mg         0.0026     677.1021   60622.1577
    43   12 Mg         0.0026     677.1021   60622.1576
    44   12 Mg         0.0026     677.1021   60622.1576
    45   12 Mg         0.0026     677.1021   60622.1577
    46   12 Mg         0.0026     677.1021   60622.1576
    47   12 Mg         0.0026     677.1021   60622.1577
    48   12 Mg         0.0028     677.0954   60621.5574
    49   12 Mg         0.0028     677.0954   60621.5575
    50   12 Mg         0.0028     677.0954   60621.5575
    51   12 Mg         0.0026     677.1040   60622.3285
    52   12 Mg         0.0026     677.1040   60622.3285
    53   12 Mg         0.0026     677.1040   60622.3284
    54   12 Mg         0.0026     677.1041   60622.3360
    55   12 Mg         0.0026     677.1041   60622.3360
    56   12 Mg         0.0026     677.1041   60622.3360
    57   12 Mg         0.0026     677.1029   60622.2266
    58   12 Mg         0.0026     677.1029   60622.2266
    59   12 Mg         0.0026     677.1028   60622.2266
    60   12 Mg         0.0026     677.1028   60622.2265
    61   12 Mg         0.0026     677.1028   60622.2266
    62   12 Mg         0.0026     677.1029   60622.2266
    63   12 Mg         0.0026     677.1025   60622.1993
    64   12 Mg         0.0026     677.1025   60622.1994
    65   12 Mg         0.0026     677.1025   60622.1993
    66   12 Mg         0.0026     677.1025   60622.1994
    67   12 Mg         0.0026     677.1025   60622.1994
    68   12 Mg         0.0026     677.1025   60622.1993
    69   12 Mg         0.0026     677.1026   60622.2026
    70   12 Mg         0.0026     677.1026   60622.2026
    71   12 Mg         0.0026     677.1026   60622.2025
    72   12 Mg         0.0026     677.1023   60622.1760
    73   12 Mg         0.0026     677.1023   60622.1760
    74   12 Mg         0.0026     677.1023   60622.1760
    75   12 Mg         0.0026     677.1034   60622.2755
    76   12 Mg         0.0026     677.1034   60622.2781
    77   12 Mg         0.0026     677.1034   60622.2780
    78   12 Mg         0.0026     677.1035   60622.2879
    79   12 Mg         0.0026     677.1035   60622.2808
    80   12 Mg         0.0026     677.1035   60622.2807
    81   12 Mg         0.0026     677.1035   60622.2807
    82   12 Mg         0.0026     677.1035   60622.2808
    83   12 Mg         0.0026     677.1034   60622.2749
    84   12 Mg         0.0026     677.1028   60622.2229
    85   12 Mg         0.0026     677.1028   60622.2230
    86   12 Mg         0.0026     677.1035   60622.2808
    87   12 Mg         0.0026     677.1035   60622.2807
    88   12 Mg         0.0026     677.1029   60622.2311
    89   12 Mg         0.0026     677.1029   60622.2312
    90   12 Mg         0.0026     677.1026   60622.2083
    91   12 Mg         0.0026     677.1034   60622.2780
    92   12 Mg         0.0026     677.1028   60622.2229
    93   12 Mg         0.0026     677.1028   60622.2230
    94   12 Mg         0.0026     677.1026   60622.2082
    95   12 Mg         0.0026     677.1026   60622.2083
    96   12 Mg         0.0026     677.1035   60622.2879
    97   12 Mg         0.0026     677.1035   60622.2879
    98   12 Mg         0.0026     677.1028   60622.2229
    99   12 Mg         0.0026     677.1028   60622.2230
   100   12 Mg         0.0026     677.1029   60622.2311
   101   12 Mg         0.0026     677.1034   60622.2755
   102   12 Mg         0.0026     677.1023   60622.1760
   103   12 Mg         0.0026     677.1023   60622.1760
   104   12 Mg         0.0026     677.1023   60622.1760
   105   12 Mg         0.0026     677.1026   60622.2026
   106   12 Mg         0.0026     677.1026   60622.2026
   107   12 Mg         0.0026     677.1026   60622.2025
   108   12 Mg         0.0026     677.1025   60622.1993
   109   12 Mg         0.0026     677.1025   60622.1994
   110   12 Mg         0.0026     677.1025   60622.1993
   111   12 Mg         0.0026     677.1025   60622.1994
   112   12 Mg         0.0026     677.1025   60622.1994
   113   12 Mg         0.0026     677.1025   60622.1993
   114   12 Mg         0.0026     677.1029   60622.2266
   115   12 Mg         0.0026     677.1028   60622.2266
   116   12 Mg         0.0026     677.1028   60622.2266
   117   12 Mg         0.0026     677.1028   60622.2265
   118   12 Mg         0.0026     677.1028   60622.2266
   119   12 Mg         0.0026     677.1028   60622.2266
   120   12 Mg         0.0026     677.1041   60622.3360
   121   12 Mg         0.0026     677.1041   60622.3360
   122   12 Mg         0.0026     677.1041   60622.3360
   123   12 Mg         0.0026     677.1040   60622.3285
   124   12 Mg         0.0026     677.1040   60622.3285
   125   12 Mg         0.0026     677.1040   60622.3284
   126   12 Mg         0.0028     677.0954   60621.5574
   127   12 Mg         0.0028     677.0954   60621.5575
   128   12 Mg         0.0028     677.0954   60621.5575
   129   12 Mg         0.0026     677.1021   60622.1577
   130   12 Mg         0.0026     677.1021   60622.1576
   131   12 Mg         0.0026     677.1021   60622.1576
   132   12 Mg         0.0026     677.1021   60622.1577
   133   12 Mg         0.0026     677.1021   60622.1576
   134   12 Mg         0.0026     677.1021   60622.1577
   135   12 Mg         0.0026     677.1011   60622.0740
   136   12 Mg         0.0026     677.1011   60622.0739
   137   12 Mg         0.0026     677.1011   60622.0740
   138   12 Mg         0.0026     677.1025   60622.1918
   139   12 Mg         0.0026     677.1025   60622.1918
   140   12 Mg         0.0026     677.1025   60622.1918
   141   12 Mg         0.0026     677.1044   60622.3620
   142   12 Mg         0.0026     677.1044   60622.3620
   143   12 Mg         0.0026     677.1044   60622.3620
   144   12 Mg         0.0026     677.1044   60622.3620
   145   12 Mg         0.0026     677.1044   60622.3620
   146   12 Mg         0.0026     677.1044   60622.3620
   147   12 Mg         0.0026     677.1044   60622.3633
   148   12 Mg         0.0026     677.1047   60622.3966
   149   12 Mg         0.0026     677.1047   60622.3966
   150   12 Mg         0.0026     677.1047   60622.3966
--------------------------------------------------------

Atom-resolved dispersion energies:
--------------------------------------------------
     #    Z           [Hartree]      [kcal/mol]
--------------------------------------------------
     1   60 Nd  -0.23255679E-02     -1.45931587
     2   12 Mg  -0.10001729E-02     -0.62761796
     3   12 Mg  -0.10000767E-02     -0.62755761
     4   12 Mg  -0.10000719E-02     -0.62755460
     5   12 Mg  -0.10708268E-02     -0.67195394
     6   12 Mg  -0.10708251E-02     -0.67195292
     7   12 Mg  -0.10001766E-02     -0.62762030
     8   12 Mg  -0.10001741E-02     -0.62761874
     9   12 Mg  -0.10045865E-02     -0.63038756
    10   12 Mg  -0.10045810E-02     -0.63038409
    11   12 Mg  -0.10150045E-02     -0.63692492
    12   12 Mg  -0.10000699E-02     -0.62755331
    13   12 Mg  -0.10045839E-02     -0.63038593
    14   12 Mg  -0.10045806E-02     -0.63038383
    15   12 Mg  -0.10099998E-02     -0.63378446
    16   12 Mg  -0.10100031E-02     -0.63378650
    17   12 Mg  -0.10708207E-02     -0.67195011
    18   12 Mg  -0.10708178E-02     -0.67194829
    19   12 Mg  -0.10150061E-02     -0.63692591
    20   12 Mg  -0.10150072E-02     -0.63692662
    21   12 Mg  -0.10100056E-02     -0.63378809
    22   12 Mg  -0.10708226E-02     -0.67195133
    23   12 Mg  -0.10708211E-02     -0.67195038
    24   12 Mg  -0.10045842E-02     -0.63038609
    25   12 Mg  -0.10045806E-02     -0.63038385
    26   12 Mg  -0.99200815E-03     -0.62249451
    27   12 Mg  -0.99200984E-03     -0.62249557
    28   12 Mg  -0.99200842E-03     -0.62249468
    29   12 Mg  -0.98966931E-03     -0.62102687
    30   12 Mg  -0.99017079E-03     -0.62134155
    31   12 Mg  -0.99017204E-03     -0.62134234
    32   12 Mg  -0.99017074E-03     -0.62134152
    33   12 Mg  -0.99017665E-03     -0.62134523
    34   12 Mg  -0.99017429E-03     -0.62134375
    35   12 Mg  -0.99017304E-03     -0.62134296
    36   12 Mg  -0.10036813E-02     -0.62981950
    37   12 Mg  -0.10036810E-02     -0.62981937
    38   12 Mg  -0.10036803E-02     -0.62981890
    39   12 Mg  -0.10131646E-02     -0.63577037
    40   12 Mg  -0.10131713E-02     -0.63577461
    41   12 Mg  -0.10131679E-02     -0.63577248
    42   12 Mg  -0.10070395E-02     -0.63192685
    43   12 Mg  -0.10070444E-02     -0.63192991
    44   12 Mg  -0.10070423E-02     -0.63192861
    45   12 Mg  -0.10070364E-02     -0.63192491
    46   12 Mg  -0.10070410E-02     -0.63192780
    47   12 Mg  -0.10070384E-02     -0.63192613
    48   12 Mg  -0.10770363E-02     -0.67585048
    49   12 Mg  -0.10770311E-02     -0.67584725
    50   12 Mg  -0.10770321E-02     -0.67584783
    51   12 Mg  -0.99246079E-03     -0.62277855
    52   12 Mg  -0.99245873E-03     -0.62277725
    53   12 Mg  -0.99246421E-03     -0.62278069
    54   12 Mg  -0.99177603E-03     -0.62234885
    55   12 Mg  -0.99177814E-03     -0.62235018
    56   12 Mg  -0.99177617E-03     -0.62234894
    57   12 Mg  -0.10007001E-02     -0.62794881
    58   12 Mg  -0.10007038E-02     -0.62795112
    59   12 Mg  -0.10007039E-02     -0.62795118
    60   12 Mg  -0.10007084E-02     -0.62795399
    61   12 Mg  -0.10007040E-02     -0.62795125
    62   12 Mg  -0.10007016E-02     -0.62794974
    63   12 Mg  -0.10027556E-02     -0.62923862
    64   12 Mg  -0.10027508E-02     -0.62923564
    65   12 Mg  -0.10027568E-02     -0.62923937
    66   12 Mg  -0.10027462E-02     -0.62923275
    67   12 Mg  -0.10027531E-02     -0.62923709
    68   12 Mg  -0.10027568E-02     -0.62923937
    69   12 Mg  -0.10029310E-02     -0.62934867
    70   12 Mg  -0.10029310E-02     -0.62934870
    71   12 Mg  -0.10029333E-02     -0.62935015
    72   12 Mg  -0.10051321E-02     -0.63072993
    73   12 Mg  -0.10051354E-02     -0.63073201
    74   12 Mg  -0.10051355E-02     -0.63073204
    75   12 Mg  -0.99834839E-03     -0.62647307
    76   12 Mg  -0.99653424E-03     -0.62533468
    77   12 Mg  -0.99653532E-03     -0.62533536
    78   12 Mg  -0.99595288E-03     -0.62496987
    79   12 Mg  -0.99625167E-03     -0.62515736
    80   12 Mg  -0.99625868E-03     -0.62516176
    81   12 Mg  -0.99625403E-03     -0.62515884
    82   12 Mg  -0.99625295E-03     -0.62515817
    83   12 Mg  -0.99646031E-03     -0.62528829
    84   12 Mg  -0.10009431E-02     -0.62810131
    85   12 Mg  -0.10009358E-02     -0.62809669
    86   12 Mg  -0.99625317E-03     -0.62515830
    87   12 Mg  -0.99625774E-03     -0.62516117
    88   12 Mg  -0.10002371E-02     -0.62765829
    89   12 Mg  -0.10002345E-02     -0.62765661
    90   12 Mg  -0.10021295E-02     -0.62884576
    91   12 Mg  -0.99653656E-03     -0.62533614
    92   12 Mg  -0.10009421E-02     -0.62810063
    93   12 Mg  -0.10009372E-02     -0.62809759
    94   12 Mg  -0.10021363E-02     -0.62885002
    95   12 Mg  -0.10021342E-02     -0.62884872
    96   12 Mg  -0.99594594E-03     -0.62496551
    97   12 Mg  -0.99594971E-03     -0.62496788
    98   12 Mg  -0.10009420E-02     -0.62810059
    99   12 Mg  -0.10009381E-02     -0.62809813
   100   12 Mg  -0.10002372E-02     -0.62765829
   101   12 Mg  -0.99835395E-03     -0.62647656
   102   12 Mg  -0.10051322E-02     -0.63073000
   103   12 Mg  -0.10051356E-02     -0.63073209
   104   12 Mg  -0.10051356E-02     -0.63073211
   105   12 Mg  -0.10029310E-02     -0.62934868
   106   12 Mg  -0.10029310E-02     -0.62934870
   107   12 Mg  -0.10029333E-02     -0.62935015
   108   12 Mg  -0.10027556E-02     -0.62923864
   109   12 Mg  -0.10027508E-02     -0.62923565
   110   12 Mg  -0.10027568E-02     -0.62923939
   111   12 Mg  -0.10027462E-02     -0.62923276
   112   12 Mg  -0.10027532E-02     -0.62923711
   113   12 Mg  -0.10027568E-02     -0.62923938
   114   12 Mg  -0.10007023E-02     -0.62795020
   115   12 Mg  -0.10007060E-02     -0.62795252
   116   12 Mg  -0.10007061E-02     -0.62795257
   117   12 Mg  -0.10007106E-02     -0.62795539
   118   12 Mg  -0.10007062E-02     -0.62795264
   119   12 Mg  -0.10007038E-02     -0.62795114
   120   12 Mg  -0.99177603E-03     -0.62234885
   121   12 Mg  -0.99177814E-03     -0.62235018
   122   12 Mg  -0.99177617E-03     -0.62234894
   123   12 Mg  -0.99246083E-03     -0.62277858
   124   12 Mg  -0.99245876E-03     -0.62277728
   125   12 Mg  -0.99246424E-03     -0.62278072
   126   12 Mg  -0.10770350E-02     -0.67584964
   127   12 Mg  -0.10770298E-02     -0.67584641
   128   12 Mg  -0.10770307E-02     -0.67584699
   129   12 Mg  -0.10070395E-02     -0.63192684
   130   12 Mg  -0.10070444E-02     -0.63192990
   131   12 Mg  -0.10070423E-02     -0.63192860
   132   12 Mg  -0.10070364E-02     -0.63192490
   133   12 Mg  -0.10070410E-02     -0.63192779
   134   12 Mg  -0.10070384E-02     -0.63192612
   135   12 Mg  -0.10131646E-02     -0.63577037
   136   12 Mg  -0.10131713E-02     -0.63577461
   137   12 Mg  -0.10131679E-02     -0.63577249
   138   12 Mg  -0.10036813E-02     -0.62981950
   139   12 Mg  -0.10036811E-02     -0.62981937
   140   12 Mg  -0.10036803E-02     -0.62981890
   141   12 Mg  -0.99017079E-03     -0.62134155
   142   12 Mg  -0.99017205E-03     -0.62134234
   143   12 Mg  -0.99017075E-03     -0.62134153
   144   12 Mg  -0.99017665E-03     -0.62134523
   145   12 Mg  -0.99017429E-03     -0.62134375
   146   12 Mg  -0.99017304E-03     -0.62134296
   147   12 Mg  -0.98966931E-03     -0.62102687
   148   12 Mg  -0.99200802E-03     -0.62249443
   149   12 Mg  -0.99200971E-03     -0.62249549
   150   12 Mg  -0.99200829E-03     -0.62249460
--------------------------------------------------

Dispersion energy:      -1.5227121904675E-01 Eh

[Info] Dispersion energy written to .EDISP
