-----------------------------------
 s i m p l e   D F T - D 3  v1.2.1
-----------------------------------

Zero (Chai-Head-Gordon) damping: pbe-D3(0)
--------------------
  s6         1.0000
  s8         0.7220
  s9         0.0000
 rs6         1.2170
 rs8         1.0000
 alp        14.0000
--------------------

Atomic radii (in Angstrom):
-------------------------------------------
   Z          R(cov)     R(vdw)      r4/r2
-------------------------------------------
  30 Zn       1.4533     1.6155     2.6978
  44 Ru       1.5067     1.7311     3.0778
-------------------------------------------

Atomic reference systems (in atomic units):
----------------------------------------------------------------------------
   Z        #      CN    C6(AA)   #      CN    C6(AA)   #      CN    C6(AA)
----------------------------------------------------------------------------
  30 Zn     1  0.0000  340.5213   2  1.9419  153.4528
  44 Ru     1  0.0000  598.1988   2  1.8584  379.2655   3  8.8895  239.0071
----------------------------------------------------------------------------

Dispersion properties (in atomic units):
--------------------------------------------------------
     #    Z                CN       C6(AA)       C8(AA)
--------------------------------------------------------
     1   30 Zn         0.0070     340.5212   26551.8216
     2   30 Zn         0.0070     340.5212   26551.8216
     3   30 Zn         0.0070     340.5212   26551.8216
     4   30 Zn         0.0070     340.5212   26551.8216
     5   30 Zn         0.0070     340.5212   26551.8216
     6   30 Zn         0.0070     340.5212   26551.8216
     7   30 Zn         0.0070     340.5212   26551.8216
     8   30 Zn         0.0070     340.5212   26551.8216
     9   30 Zn         0.0070     340.5212   26551.8216
    10   30 Zn         0.0070     340.5212   26551.8216
    11   30 Zn         0.0070     340.5212   26551.8216
    12   30 Zn         0.0070     340.5212   26551.8216
    13   30 Zn         0.0070     340.5212   26551.8216
    14   30 Zn         0.0070     340.5212   26551.8216
    15   30 Zn         0.0070     340.5212   26551.8216
    16   30 Zn         0.0070     340.5212   26551.8216
    17   30 Zn         0.0070     340.5212   26551.8216
    18   30 Zn         0.0070     340.5212   26551.8216
    19   30 Zn         0.0070     340.5212   26551.8216
    20   30 Zn         0.0070     340.5212   26551.8216
    21   30 Zn         0.0070     340.5212   26551.8216
    22   30 Zn         0.0070     340.5212   26551.8216
    23   30 Zn         0.0070     340.5212   26551.8216
    24   30 Zn         0.0070     340.5212   26551.8216
    25   30 Zn         0.0064     340.5212   26551.8216
    26   30 Zn         0.0064     340.5212   26551.8216
    27   30 Zn         0.0064     340.5212   26551.8216
    28   30 Zn         0.0064     340.5212   26551.8216
    29   30 Zn         0.0064     340.5212   26551.8216
    30   30 Zn         0.0064     340.5212   26551.8216
    31   30 Zn         0.0064     340.5212   26551.8216
    32   30 Zn         0.0064     340.5212   26551.8216
    33   30 Zn         0.0064     340.5212   26551.8216
    34   30 Zn         0.0064     340.5212   26551.8216
    35   30 Zn         0.0064     340.5212   26551.8216
    36   30 Zn         0.0064     340.5212   26551.8216
    37   30 Zn         0.0064     340.5212   26551.8216
    38   30 Zn         0.0064     340.5212   26551.8216
    39   30 Zn         0.0064     340.5212   26551.8216
    40   30 Zn         0.0064     340.5212   26551.8216
    41   30 Zn         0.0064     340.5212   26551.8216
    42   30 Zn         0.0064     340.5212   26551.8216
    43   30 Zn         0.0064     340.5212   26551.8216
    44   30 Zn         0.0064     340.5212   26551.8216
    45   30 Zn         0.0064     340.5212   26551.8216
    46   30 Zn         0.0064     340.5212   26551.8216
    47   30 Zn         0.0064     340.5212   26551.8216
    48   30 Zn         0.0064     340.5212   26551.8216
    49   30 Zn         0.0061     340.5212   26551.8217
    50   30 Zn         0.0061     340.5212   26551.8217
    51   30 Zn         0.0061     340.5212   26551.8217
    52   30 Zn         0.0061     340.5212   26551.8217
    53   30 Zn         0.0061     340.5212   26551.8217
    54   30 Zn         0.0061     340.5212   26551.8217
    55   30 Zn         0.0061     340.5212   26551.8217
    56   30 Zn         0.0061     340.5212   26551.8217
    57   30 Zn         0.0061     340.5212   26551.8217
    58   30 Zn         0.0061     340.5212   26551.8217
    59   30 Zn         0.0061     340.5212   26551.8217
    60   30 Zn         0.0061     340.5212   26551.8217
    61   30 Zn         0.0061     340.5212   26551.8217
    62   30 Zn         0.0061     340.5212   26551.8217
    63   30 Zn         0.0061     340.5212   26551.8217
    64   30 Zn         0.0061     340.5212   26551.8217
    65   30 Zn         0.0061     340.5212   26551.8217
    66   30 Zn         0.0061     340.5212   26551.8217
    67   30 Zn         0.0061     340.5212   26551.8217
    68   30 Zn         0.0061     340.5212   26551.8217
    69   30 Zn         0.0061     340.5212   26551.8217
    70   30 Zn         0.0061     340.5212   26551.8217
    71   30 Zn         0.0061     340.5212   26551.8217
    72   30 Zn         0.0061     340.5212   26551.8217
    73   30 Zn         0.0069     340.5212   26551.8216
    74   30 Zn         0.0069     340.5212   26551.8216
    75   30 Zn         0.0069     340.5212   26551.8216
    76   30 Zn         0.0069     340.5212   26551.8216
    77   30 Zn         0.0069     340.5212   26551.8216
    78   30 Zn         0.0069     340.5212   26551.8216
    79   30 Zn         0.0069     340.5212   26551.8216
    80   30 Zn         0.0069     340.5212   26551.8216
    81   30 Zn         0.0069     340.5212   26551.8216
    82   30 Zn         0.0069     340.5212   26551.8216
    83   30 Zn         0.0069     340.5212   26551.8216
    84   30 Zn         0.0069     340.5212   26551.8216
    85   30 Zn         0.0069     340.5212   26551.8216
    86   30 Zn         0.0069     340.5212   26551.8216
    87   30 Zn         0.0069     340.5212   26551.8216
    88   30 Zn         0.0069     340.5212   26551.8216
    89   30 Zn         0.0069     340.5212   26551.8216
    90   30 Zn         0.0069     340.5212   26551.8216
    91   30 Zn         0.0069     340.5212   26551.8216
    92   30 Zn         0.0069     340.5212   26551.8216
    93   30 Zn         0.0069     340.5212   26551.8216
    94   30 Zn         0.0069     340.5212   26551.8216
    95   30 Zn         0.0069     340.5212   26551.8216
    96   30 Zn         0.0069     340.5212   26551.8216
    97   30 Zn         0.0067     340.5212   26551.8216
    98   30 Zn         0.0067     340.5212   26551.8216
    99   30 Zn         0.0067     340.5212   26551.8216
   100   30 Zn         0.0067     340.5212   26551.8216
   101   30 Zn         0.0067     340.5212   26551.8216
   102   30 Zn         0.0067     340.5212   26551.8216
   103   30 Zn         0.0067     340.5212   26551.8216
   104   30 Zn         0.0067     340.5212   26551.8216
   105   30 Zn         0.0067     340.5212   26551.8216
   106   30 Zn         0.0067     340.5212   26551.8216
   107   30 Zn         0.0067     340.5212   26551.8216
   108   30 Zn         0.0067     340.5212   26551.8216
   109   30 Zn         0.0067     340.5212   26551.8216
   110   30 Zn         0.0067     340.5212   26551.8216
   111   30 Zn         0.0067     340.5212   26551.8216
   112   30 Zn         0.0067     340.5212   26551.8216
   113   30 Zn         0.0067     340.5212   26551.8216
   114   30 Zn         0.0067     340.5212   26551.8216
   115   30 Zn         0.0067     340.5212   26551.8216
   116   30 Zn         0.0067     340.5212   26551.8216
   117   30 Zn         0.0067     340.5212   26551.8216
   118   30 Zn         0.0067     340.5212   26551.8216
   119   30 Zn         0.0067     340.5212   26551.8216
   120   30 Zn         0.0067     340.5212   26551.8216
   121   30 Zn         0.0071     340.5212   26551.8216
   122   30 Zn         0.0071     340.5212   26551.8216
   123   30 Zn         0.0071     340.5212   26551.8216
   124   30 Zn         0.0071     340.5212   26551.8216
   125   30 Zn         0.0071     340.5212   26551.8216
   126   30 Zn         0.0071     340.5212   26551.8216
   127   30 Zn         0.0071     340.5212   26551.8216
   128   30 Zn         0.0071     340.5212   26551.8216
   129   30 Zn         0.0071     340.5212   26551.8216
   130   30 Zn         0.0071     340.5212   26551.8216
   131   30 Zn         0.0071     340.5212   26551.8216
   132   30 Zn         0.0071     340.5212   26551.8216
   133   30 Zn         0.0071     340.5212   26551.8216
   134   30 Zn         0.0071     340.5212   26551.8216
   135   30 Zn         0.0071     340.5212   26551.8216
   136   30 Zn         0.0071     340.5212   26551.8216
   137   30 Zn         0.0071     340.5212   26551.8216
   138   30 Zn         0.0071     340.5212   26551.8216
   139   30 Zn         0.0071     340.5212   26551.8216
   140   30 Zn         0.0071     340.5212   26551.8216
   141   30 Zn         0.0071     340.5212   26551.8216
   142   30 Zn         0.0071     340.5212   26551.8216
   143   30 Zn         0.0071     340.5212   26551.8216
   144   30 Zn         0.0071     340.5212   26551.8216
   145   30 Zn         0.0050     340.5212   26551.8218
   146   30 Zn         0.0050     340.5212   26551.8218
   147   30 Zn         0.0050     340.5212   26551.8218
   148   30 Zn         0.0050     340.5212   26551.8218
   149   30 Zn         0.0050     340.5212   26551.8218
   150   30 Zn         0.0050     340.5212   26551.8218
   151   30 Zn         0.0050     340.5212   26551.8218
   152   30 Zn         0.0050     340.5212   26551.8218
   153   30 Zn         0.0050     340.5212   26551.8218
   154   30 Zn         0.0050     340.5212   26551.8218
   155   30 Zn         0.0050     340.5212   26551.8218
   156   30 Zn         0.0050     340.5212   26551.8218
   157   30 Zn         0.0050     340.5212   26551.8218
   158   30 Zn         0.0050     340.5212   26551.8218
   159   30 Zn         0.0050     340.5212   26551.8218
   160   30 Zn         0.0050     340.5212   26551.8218
   161   30 Zn         0.0050     340.5212   26551.8218
   162   30 Zn         0.0050     340.5212   26551.8218
   163   30 Zn         0.0050     340.5212   26551.8218
   164   30 Zn         0.0050     340.5212   26551.8218
   165   30 Zn         0.0050     340.5212   26551.8218
   166   30 Zn         0.0050     340.5212   26551.8218
   167   30 Zn         0.0050     340.5212   26551.8218
   168   30 Zn         0.0050     340.5212   26551.8218
   169   30 Zn         0.0055     340.5212   26551.8217
   170   30 Zn         0.0055     340.5212   26551.8217
   171   30 Zn         0.0055     340.5212   26551.8217
   172   30 Zn         0.0055     340.5212   26551.8217
   173   30 Zn         0.0055     340.5212   26551.8217
   174   30 Zn         0.0055     340.5212   26551.8217
   175   30 Zn         0.0055     340.5212   26551.8217
   176   30 Zn         0.0055     340.5212   26551.8217
   177   30 Zn         0.0055     340.5212   26551.8217
   178   30 Zn         0.0055     340.5212   26551.8217
   179   30 Zn         0.0055     340.5212   26551.8217
   180   30 Zn         0.0055     340.5212   26551.8217
   181   30 Zn         0.0062     340.5212   26551.8217
   182   30 Zn         0.0062     340.5212   26551.8217
   183   30 Zn         0.0062     340.5212   26551.8217
   184   30 Zn         0.0062     340.5212   26551.8217
   185   30 Zn         0.0062     340.5212   26551.8217
   186   30 Zn         0.0062     340.5212   26551.8217
   187   30 Zn         0.0062     340.5212   26551.8217
   188   30 Zn         0.0062     340.5212   26551.8217
   189   30 Zn         0.0062     340.5212   26551.8217
   190   30 Zn         0.0062     340.5212   26551.8217
   191   30 Zn         0.0062     340.5212   26551.8217
   192   30 Zn         0.0062     340.5212   26551.8217
   193   30 Zn         0.0052     340.5212   26551.8217
   194   30 Zn         0.0052     340.5212   26551.8217
   195   30 Zn         0.0052     340.5212   26551.8217
   196   30 Zn         0.0052     340.5212   26551.8217
   197   30 Zn         0.0052     340.5212   26551.8217
   198   30 Zn         0.0052     340.5212   26551.8217
   199   30 Zn         0.0052     340.5212   26551.8217
   200   30 Zn         0.0052     340.5212   26551.8217
   201   30 Zn         0.0052     340.5212   26551.8217
   202   30 Zn         0.0052     340.5212   26551.8217
   203   30 Zn         0.0052     340.5212   26551.8217
   204   30 Zn         0.0052     340.5212   26551.8217
   205   30 Zn         0.0071     340.5212   26551.8216
   206   30 Zn         0.0071     340.5212   26551.8216
   207   30 Zn         0.0071     340.5212   26551.8216
   208   30 Zn         0.0071     340.5212   26551.8216
   209   30 Zn         0.0071     340.5212   26551.8216
   210   30 Zn         0.0071     340.5212   26551.8216
   211   30 Zn         0.0071     340.5212   26551.8216
   212   30 Zn         0.0071     340.5212   26551.8216
   213   30 Zn         0.0071     340.5212   26551.8216
   214   30 Zn         0.0071     340.5212   26551.8216
   215   30 Zn         0.0071     340.5212   26551.8216
   216   30 Zn         0.0071     340.5212   26551.8216
   217   44 Ru         0.0090     598.1985   60708.6140
   218   44 Ru         0.0090     598.1985   60708.6140
   219   44 Ru         0.0090     598.1985   60708.6140
   220   44 Ru         0.0090     598.1985   60708.6140
   221   44 Ru         0.0090     598.1985   60708.6140
   222   44 Ru         0.0090     598.1985   60708.6140
   223   44 Ru         0.0090     598.1985   60708.6140
   224   44 Ru         0.0090     598.1985   60708.6140
   225   44 Ru         0.0090     598.1985   60708.6140
   226   44 Ru         0.0090     598.1985   60708.6140
   227   44 Ru         0.0090     598.1985   60708.6140
   228   44 Ru         0.0090     598.1985   60708.6140
   229   44 Ru         0.0090     598.1985   60708.6140
   230   44 Ru         0.0090     598.1985   60708.6140
   231   44 Ru         0.0090     598.1985   60708.6140
   232   44 Ru         0.0090     598.1985   60708.6140
   233   44 Ru         0.0090     598.1985   60708.6140
   234   44 Ru         0.0090     598.1985   60708.6140
   235   44 Ru         0.0090     598.1985   60708.6140
   236   44 Ru         0.0090     598.1985   60708.6140
   237   44 Ru         0.0090     598.1985   60708.6140
   238   44 Ru         0.0090     598.1985   60708.6140
   239   44 Ru         0.0090     598.1985   60708.6140
   240   44 Ru         0.0090     598.1985   60708.6140
   241   44 Ru         0.0087     598.1985   60708.6141
   242   44 Ru         0.0087     598.1985   60708.6141
   243   44 Ru         0.0087     598.1985   60708.6141
   244   44 Ru         0.0087     598.1985   60708.6141
   245   44 Ru         0.0087     598.1985   60708.6141
   246   44 Ru         0.0087     598.1985   60708.6141
   247   44 Ru         0.0087     598.1985   60708.6141
   248   44 Ru         0.0087     598.1985   60708.6141
   249   44 Ru         0.0084     598.1985   60708.6142
   250   44 Ru         0.0084     598.1985   60708.6142
   251   44 Ru         0.0084     598.1985   60708.6142
   252   44 Ru         0.0084     598.1985   60708.6142
--------------------------------------------------------

Atom-resolved dispersion energies:
--------------------------------------------------
     #    Z           [Hartree]      [kcal/mol]
--------------------------------------------------
     1   30 Zn  -0.27342590E-02     -1.71577340
     2   30 Zn  -0.27342590E-02     -1.71577340
     3   30 Zn  -0.27342590E-02     -1.71577340
     4   30 Zn  -0.27342590E-02     -1.71577340
     5   30 Zn  -0.27342590E-02     -1.71577340
     6   30 Zn  -0.27342590E-02     -1.71577340
     7   30 Zn  -0.27342590E-02     -1.71577340
     8   30 Zn  -0.27342590E-02     -1.71577340
     9   30 Zn  -0.27342590E-02     -1.71577340
    10   30 Zn  -0.27342590E-02     -1.71577340
    11   30 Zn  -0.27342590E-02     -1.71577340
    12   30 Zn  -0.27342590E-02     -1.71577340
    13   30 Zn  -0.27342590E-02     -1.71577340
    14   30 Zn  -0.27342590E-02     -1.71577340
    15   30 Zn  -0.27342590E-02     -1.71577340
    16   30 Zn  -0.27342590E-02     -1.71577340
    17   30 Zn  -0.27342590E-02     -1.71577340
    18   30 Zn  -0.27342590E-02     -1.71577340
    19   30 Zn  -0.27342590E-02     -1.71577340
    20   30 Zn  -0.27342590E-02     -1.71577340
    21   30 Zn  -0.27342590E-02     -1.71577340
    22   30 Zn  -0.27342590E-02     -1.71577340
    23   30 Zn  -0.27342590E-02     -1.71577340
    24   30 Zn  -0.27342590E-02     -1.71577340
    25   30 Zn  -0.25310160E-02     -1.58823654
    26   30 Zn  -0.25310160E-02     -1.58823654
    27   30 Zn  -0.25310160E-02     -1.58823654
    28   30 Zn  -0.25310160E-02     -1.58823654
    29   30 Zn  -0.25310160E-02     -1.58823654
    30   30 Zn  -0.25310160E-02     -1.58823654
    31   30 Zn  -0.25310160E-02     -1.58823654
    32   30 Zn  -0.25310160E-02     -1.58823654
    33   30 Zn  -0.25310160E-02     -1.58823654
    34   30 Zn  -0.25310160E-02     -1.58823654
    35   30 Zn  -0.25310160E-02     -1.58823654
    36   30 Zn  -0.25310160E-02     -1.58823654
    37   30 Zn  -0.25310160E-02     -1.58823654
    38   30 Zn  -0.25310160E-02     -1.58823654
    39   30 Zn  -0.25310160E-02     -1.58823654
    40   30 Zn  -0.25310160E-02     -1.58823654
    41   30 Zn  -0.25310160E-02     -1.58823654
    42   30 Zn  -0.25310160E-02     -1.58823654
    43   30 Zn  -0.25310160E-02     -1.58823654
    44   30 Zn  -0.25310160E-02     -1.58823654
    45   30 Zn  -0.25310160E-02     -1.58823654
    46   30 Zn  -0.25310160E-02     -1.58823654
    47   30 Zn  -0.25310160E-02     -1.58823654
    48   30 Zn  -0.25310160E-02     -1.58823654
    49   30 Zn  -0.23687638E-02     -1.48642174
    50   30 Zn  -0.23687638E-02     -1.48642174
    51   30 Zn  -0.23687638E-02     -1.48642174
    52   30 Zn  -0.23687638E-02     -1.48642174
    53   30 Zn  -0.23687638E-02     -1.48642174
    54   30 Zn  -0.23687638E-02     -1.48642174
    55   30 Zn  -0.23687638E-02     -1.48642174
    56   30 Zn  -0.23687638E-02     -1.48642174
    57   30 Zn  -0.23687638E-02     -1.48642174
    58   30 Zn  -0.23687638E-02     -1.48642174
    59   30 Zn  -0.23687638E-02     -1.48642174
    60   30 Zn  -0.23687638E-02     -1.48642174
    61   30 Zn  -0.23687638E-02     -1.48642174
    62   30 Zn  -0.23687638E-02     -1.48642174
    63   30 Zn  -0.23687638E-02     -1.48642174
    64   30 Zn  -0.23687638E-02     -1.48642174
    65   30 Zn  -0.23687638E-02     -1.48642174
    66   30 Zn  -0.23687638E-02     -1.48642174
    67   30 Zn  -0.23687638E-02     -1.48642174
    68   30 Zn  -0.23687638E-02     -1.48642174
    69   30 Zn  -0.23687638E-02     -1.48642174
    70   30 Zn  -0.23687638E-02     -1.48642174
    71   30 Zn  -0.23687638E-02     -1.48642174
    72   30 Zn  -0.23687638E-02     -1.48642174
    73   30 Zn  -0.26276178E-02     -1.64885505
    74   30 Zn  -0.26276178E-02     -1.64885505
    75   30 Zn  -0.26276178E-02     -1.64885505
    76   30 Zn  -0.26276178E-02     -1.64885505
    77   30 Zn  -0.26276178E-02     -1.64885505
    78   30 Zn  -0.26276178E-02     -1.64885505
    79   30 Zn  -0.26276178E-02     -1.64885505
    80   30 Zn  -0.26276178E-02     -1.64885505
    81   30 Zn  -0.26276178E-02     -1.64885505
    82   30 Zn  -0.26276178E-02     -1.64885505
    83   30 Zn  -0.26276178E-02     -1.64885505
    84   30 Zn  -0.26276178E-02     -1.64885505
    85   30 Zn  -0.26276178E-02     -1.64885505
    86   30 Zn  -0.26276178E-02     -1.64885505
    87   30 Zn  -0.26276178E-02     -1.64885505
    88   30 Zn  -0.26276178E-02     -1.64885505
    89   30 Zn  -0.26276178E-02     -1.64885505
    90   30 Zn  -0.26276178E-02     -1.64885505
    91   30 Zn  -0.26276178E-02     -1.64885505
    92   30 Zn  -0.26276178E-02     -1.64885505
    93   30 Zn  -0.26276178E-02     -1.64885505
    94   30 Zn  -0.26276178E-02     -1.64885505
    95   30 Zn  -0.26276178E-02     -1.64885505
    96   30 Zn  -0.26276178E-02     -1.64885505
    97   30 Zn  -0.26740881E-02     -1.67801559
    98   30 Zn  -0.26740881E-02     -1.67801559
    99   30 Zn  -0.26740881E-02     -1.67801559
   100   30 Zn  -0.26740881E-02     -1.67801559
   101   30 Zn  -0.26740881E-02     -1.67801559
   102   30 Zn  -0.26740881E-02     -1.67801559
   103   30 Zn  -0.26740881E-02     -1.67801559
   104   30 Zn  -0.26740881E-02     -1.67801559
   105   30 Zn  -0.26740881E-02     -1.67801559
   106   30 Zn  -0.26740881E-02     -1.67801559
   107   30 Zn  -0.26740881E-02     -1.67801559
   108   30 Zn  -0.26740881E-02     -1.67801559
   109   30 Zn  -0.26740881E-02     -1.67801559
   110   30 Zn  -0.26740881E-02     -1.67801559
   111   30 Zn  -0.26740881E-02     -1.67801559
   112   30 Zn  -0.26740881E-02     -1.67801559
   113   30 Zn  -0.26740881E-02     -1.67801559
   114   30 Zn  -0.26740881E-02     -1.67801559
   115   30 Zn  -0.26740881E-02     -1.67801559
   116   30 Zn  -0.26740881E-02     -1.67801559
   117   30 Zn  -0.26740881E-02     -1.67801559
   118   30 Zn  -0.26740881E-02     -1.67801559
   119   30 Zn  -0.26740881E-02     -1.67801559
   120   30 Zn  -0.26740881E-02     -1.67801559
   121   30 Zn  -0.27432648E-02     -1.72142464
   122   30 Zn  -0.27432648E-02     -1.72142464
   123   30 Zn  -0.27432648E-02     -1.72142464
   124   30 Zn  -0.27432648E-02     -1.72142464
   125   30 Zn  -0.27432648E-02     -1.72142464
   126   30 Zn  -0.27432648E-02     -1.72142464
   127   30 Zn  -0.27432648E-02     -1.72142464
   128   30 Zn  -0.27432648E-02     -1.72142464
   129   30 Zn  -0.27432648E-02     -1.72142464
   130   30 Zn  -0.27432648E-02     -1.72142464
   131   30 Zn  -0.27432648E-02     -1.72142464
   132   30 Zn  -0.27432648E-02     -1.72142464
   133   30 Zn  -0.27432648E-02     -1.72142464
   134   30 Zn  -0.27432648E-02     -1.72142464
   135   30 Zn  -0.27432648E-02     -1.72142464
   136   30 Zn  -0.27432648E-02     -1.72142464
   137   30 Zn  -0.27432648E-02     -1.72142464
   138   30 Zn  -0.27432648E-02     -1.72142464
   139   30 Zn  -0.27432648E-02     -1.72142464
   140   30 Zn  -0.27432648E-02     -1.72142464
   141   30 Zn  -0.27432648E-02     -1.72142464
   142   30 Zn  -0.27432648E-02     -1.72142464
   143   30 Zn  -0.27432648E-02     -1.72142464
   144   30 Zn  -0.27432648E-02     -1.72142464
   145   30 Zn  -0.20558852E-02     -1.29008745
   146   30 Zn  -0.20558852E-02     -1.29008745
   147   30 Zn  -0.20558852E-02     -1.29008745
   148   30 Zn  -0.20558852E-02     -1.29008745
   149   30 Zn  -0.20558852E-02     -1.29008745
   150   30 Zn  -0.20558852E-02     -1.29008745
   151   30 Zn  -0.20558852E-02     -1.29008745
   152   30 Zn  -0.20558852E-02     -1.29008745
   153   30 Zn  -0.20558852E-02     -1.29008745
   154   30 Zn  -0.20558852E-02     -1.29008745
   155   30 Zn  -0.20558852E-02     -1.29008745
   156   30 Zn  -0.20558852E-02     -1.29008745
   157   30 Zn  -0.20558852E-02     -1.29008745
   158   30 Zn  -0.20558852E-02     -1.29008745
   159   30 Zn  -0.20558852E-02     -1.29008745
   160   30 Zn  -0.20558852E-02     -1.29008745
   161   30 Zn  -0.20558852E-02     -1.29008745
   162   30 Zn  -0.20558852E-02     -1.29008745
   163   30 Zn  -0.20558852E-02     -1.29008745
   164   30 Zn  -0.20558852E-02     -1.29008745
   165   30 Zn  -0.20558852E-02     -1.29008745
   166   30 Zn  -0.20558852E-02     -1.29008745
   167   30 Zn  -0.20558852E-02     -1.29008745
   168   30 Zn  -0.20558852E-02     -1.29008745
   169   30 Zn  -0.22609070E-02     -1.41874055
   170   30 Zn  -0.22609070E-02     -1.41874055
   171   30 Zn  -0.22609070E-02     -1.41874055
   172   30 Zn  -0.22609070E-02     -1.41874055
   173   30 Zn  -0.22609070E-02     -1.41874055
   174   30 Zn  -0.22609070E-02     -1.41874055
   175   30 Zn  -0.22609070E-02     -1.41874055
   176   30 Zn  -0.22609070E-02     -1.41874055
   177   30 Zn  -0.22609070E-02     -1.41874055
   178   30 Zn  -0.22609070E-02     -1.41874055
   179   30 Zn  -0.22609070E-02     -1.41874055
   180   30 Zn  -0.22609070E-02     -1.41874055
   181   30 Zn  -0.24872345E-02     -1.56076323
   182   30 Zn  -0.24872345E-02     -1.56076323
   183   30 Zn  -0.24872345E-02     -1.56076323
   184   30 Zn  -0.24872345E-02     -1.56076323
   185   30 Zn  -0.24872345E-02     -1.56076323
   186   30 Zn  -0.24872345E-02     -1.56076323
   187   30 Zn  -0.24872345E-02     -1.56076323
   188   30 Zn  -0.24872345E-02     -1.56076323
   189   30 Zn  -0.24872345E-02     -1.56076323
   190   30 Zn  -0.24872345E-02     -1.56076323
   191   30 Zn  -0.24872345E-02     -1.56076323
   192   30 Zn  -0.24872345E-02     -1.56076323
   193   30 Zn  -0.21233409E-02     -1.33241653
   194   30 Zn  -0.21233409E-02     -1.33241653
   195   30 Zn  -0.21233409E-02     -1.33241653
   196   30 Zn  -0.21233409E-02     -1.33241653
   197   30 Zn  -0.21233409E-02     -1.33241653
   198   30 Zn  -0.21233409E-02     -1.33241653
   199   30 Zn  -0.21233409E-02     -1.33241653
   200   30 Zn  -0.21233409E-02     -1.33241653
   201   30 Zn  -0.21233409E-02     -1.33241653
   202   30 Zn  -0.21233409E-02     -1.33241653
   203   30 Zn  -0.21233409E-02     -1.33241653
   204   30 Zn  -0.21233409E-02     -1.33241653
   205   30 Zn  -0.28088280E-02     -1.76256619
   206   30 Zn  -0.28088280E-02     -1.76256619
   207   30 Zn  -0.28088280E-02     -1.76256619
   208   30 Zn  -0.28088280E-02     -1.76256619
   209   30 Zn  -0.28088280E-02     -1.76256619
   210   30 Zn  -0.28088280E-02     -1.76256619
   211   30 Zn  -0.28088280E-02     -1.76256619
   212   30 Zn  -0.28088280E-02     -1.76256619
   213   30 Zn  -0.28088280E-02     -1.76256619
   214   30 Zn  -0.28088280E-02     -1.76256619
   215   30 Zn  -0.28088280E-02     -1.76256619
   216   30 Zn  -0.28088280E-02     -1.76256619
   217   44 Ru  -0.39615611E-02     -2.48591710
   218   44 Ru  -0.39615611E-02     -2.48591710
   219   44 Ru  -0.39615611E-02     -2.48591710
   220   44 Ru  -0.39615611E-02     -2.48591710
   221   44 Ru  -0.39615611E-02     -2.48591710
   222   44 Ru  -0.39615611E-02     -2.48591710
   223   44 Ru  -0.39615611E-02     -2.48591710
   224   44 Ru  -0.39615611E-02     -2.48591710
   225   44 Ru  -0.39615611E-02     -2.48591710
   226   44 Ru  -0.39615611E-02     -2.48591710
   227   44 Ru  -0.39615611E-02     -2.48591710
   228   44 Ru  -0.39615611E-02     -2.48591710
   229   44 Ru  -0.39615611E-02     -2.48591710
   230   44 Ru  -0.39615611E-02     -2.48591710
   231   44 Ru  -0.39615611E-02     -2.48591710
   232   44 Ru  -0.39615611E-02     -2.48591710
   233   44 Ru  -0.39615611E-02     -2.48591710
   234   44 Ru  -0.39615611E-02     -2.48591710
   235   44 Ru  -0.39615611E-02     -2.48591710
   236   44 Ru  -0.39615611E-02     -2.48591710
   237   44 Ru  -0.39615611E-02     -2.48591710
   238   44 Ru  -0.39615611E-02     -2.48591710
   239   44 Ru  -0.39615611E-02     -2.48591710
   240   44 Ru  -0.39615611E-02     -2.48591710
   241   44 Ru  -0.38239590E-02     -2.39957050
   242   44 Ru  -0.38239590E-02     -2.39957050
   243   44 Ru  -0.38239590E-02     -2.39957050
   244   44 Ru  -0.38239590E-02     -2.39957050
   245   44 Ru  -0.38239590E-02     -2.39957050
   246   44 Ru  -0.38239590E-02     -2.39957050
   247   44 Ru  -0.38239590E-02     -2.39957050
   248   44 Ru  -0.38239590E-02     -2.39957050
   249   44 Ru  -0.37983872E-02     -2.38352394
   250   44 Ru  -0.37983872E-02     -2.38352394
   251   44 Ru  -0.37983872E-02     -2.38352394
   252   44 Ru  -0.37983872E-02     -2.38352394
--------------------------------------------------

Dispersion energy:      -6.8266388289507E-01 Eh

[Info] Dispersion energy written to .EDISP
