-----------------------------------
 s i m p l e   D F T - D 3  v1.2.1
-----------------------------------

Zero (Chai-Head-Gordon) damping: pbe-D3(0)
--------------------
  s6         1.0000
  s8         0.7220
  s9         0.0000
 rs6         1.2170
 rs8         1.0000
 alp        14.0000
--------------------

Atomic radii (in Angstrom):
-------------------------------------------
   Z          R(cov)     R(vdw)      r4/r2
-------------------------------------------
  30 Zn       1.4533     1.6155     2.6978
  44 Ru       1.5067     1.7311     3.0778
-------------------------------------------

Atomic reference systems (in atomic units):
----------------------------------------------------------------------------
   Z        #      CN    C6(AA)   #      CN    C6(AA)   #      CN    C6(AA)
----------------------------------------------------------------------------
  30 Zn     1  0.0000  340.5213   2  1.9419  153.4528
  44 Ru     1  0.0000  598.1988   2  1.8584  379.2655   3  8.8895  239.0071
----------------------------------------------------------------------------

Dispersion properties (in atomic units):
--------------------------------------------------------
     #    Z                CN       C6(AA)       C8(AA)
--------------------------------------------------------
     1   30 Zn         0.3247     340.5111   26551.0322
     2   30 Zn         0.3247     340.5111   26551.0322
     3   30 Zn         0.3247     340.5111   26551.0322
     4   30 Zn         0.3247     340.5111   26551.0322
     5   30 Zn         0.3247     340.5111   26551.0322
     6   30 Zn         0.3247     340.5111   26551.0322
     7   30 Zn         0.3247     340.5111   26551.0322
     8   30 Zn         0.3247     340.5111   26551.0322
     9   30 Zn         0.3247     340.5111   26551.0322
    10   30 Zn         0.3247     340.5111   26551.0322
    11   30 Zn         0.3247     340.5111   26551.0322
    12   30 Zn         0.3247     340.5111   26551.0322
    13   30 Zn         0.3247     340.5111   26551.0322
    14   30 Zn         0.3247     340.5111   26551.0322
    15   30 Zn         0.3247     340.5111   26551.0322
    16   30 Zn         0.3247     340.5111   26551.0322
    17   30 Zn         0.3247     340.5111   26551.0322
    18   30 Zn         0.3247     340.5111   26551.0322
    19   30 Zn         0.3247     340.5111   26551.0322
    20   30 Zn         0.3247     340.5111   26551.0322
    21   30 Zn         0.3247     340.5111   26551.0322
    22   30 Zn         0.3247     340.5111   26551.0322
    23   30 Zn         0.3247     340.5111   26551.0322
    24   30 Zn         0.3247     340.5111   26551.0322
    25   30 Zn         0.2851     340.5158   26551.3977
    26   30 Zn         0.2851     340.5158   26551.3977
    27   30 Zn         0.2851     340.5158   26551.3977
    28   30 Zn         0.2851     340.5158   26551.3977
    29   30 Zn         0.2851     340.5158   26551.3977
    30   30 Zn         0.2851     340.5158   26551.3977
    31   30 Zn         0.2851     340.5158   26551.3977
    32   30 Zn         0.2851     340.5158   26551.3977
    33   30 Zn         0.2851     340.5158   26551.3977
    34   30 Zn         0.2851     340.5158   26551.3977
    35   30 Zn         0.2851     340.5158   26551.3977
    36   30 Zn         0.2851     340.5158   26551.3977
    37   30 Zn         0.2851     340.5158   26551.3977
    38   30 Zn         0.2851     340.5158   26551.3977
    39   30 Zn         0.2851     340.5158   26551.3977
    40   30 Zn         0.2851     340.5158   26551.3977
    41   30 Zn         0.2851     340.5158   26551.3977
    42   30 Zn         0.2851     340.5158   26551.3977
    43   30 Zn         0.2851     340.5158   26551.3977
    44   30 Zn         0.2851     340.5158   26551.3977
    45   30 Zn         0.2851     340.5158   26551.3977
    46   30 Zn         0.2851     340.5158   26551.3977
    47   30 Zn         0.2851     340.5158   26551.3977
    48   30 Zn         0.2851     340.5158   26551.3977
    49   30 Zn         0.2730     340.5167   26551.4712
    50   30 Zn         0.2730     340.5167   26551.4712
    51   30 Zn         0.2730     340.5167   26551.4712
    52   30 Zn         0.2730     340.5167   26551.4712
    53   30 Zn         0.2730     340.5167   26551.4712
    54   30 Zn         0.2730     340.5167   26551.4712
    55   30 Zn         0.2730     340.5167   26551.4712
    56   30 Zn         0.2730     340.5167   26551.4712
    57   30 Zn         0.2730     340.5167   26551.4712
    58   30 Zn         0.2730     340.5167   26551.4712
    59   30 Zn         0.2730     340.5167   26551.4712
    60   30 Zn         0.2730     340.5167   26551.4712
    61   30 Zn         0.2730     340.5167   26551.4712
    62   30 Zn         0.2730     340.5167   26551.4712
    63   30 Zn         0.2730     340.5167   26551.4712
    64   30 Zn         0.2730     340.5167   26551.4712
    65   30 Zn         0.2730     340.5167   26551.4712
    66   30 Zn         0.2730     340.5167   26551.4712
    67   30 Zn         0.2730     340.5167   26551.4712
    68   30 Zn         0.2730     340.5167   26551.4712
    69   30 Zn         0.2730     340.5167   26551.4712
    70   30 Zn         0.2730     340.5167   26551.4712
    71   30 Zn         0.2730     340.5167   26551.4712
    72   30 Zn         0.2730     340.5167   26551.4712
    73   30 Zn         0.3193     340.5119   26551.0958
    74   30 Zn         0.3193     340.5119   26551.0958
    75   30 Zn         0.3193     340.5119   26551.0958
    76   30 Zn         0.3193     340.5119   26551.0958
    77   30 Zn         0.3193     340.5119   26551.0958
    78   30 Zn         0.3193     340.5119   26551.0958
    79   30 Zn         0.3193     340.5119   26551.0958
    80   30 Zn         0.3193     340.5119   26551.0958
    81   30 Zn         0.3193     340.5119   26551.0958
    82   30 Zn         0.3193     340.5119   26551.0958
    83   30 Zn         0.3193     340.5119   26551.0958
    84   30 Zn         0.3193     340.5119   26551.0958
    85   30 Zn         0.3193     340.5119   26551.0958
    86   30 Zn         0.3193     340.5119   26551.0958
    87   30 Zn         0.3193     340.5119   26551.0958
    88   30 Zn         0.3193     340.5119   26551.0958
    89   30 Zn         0.3193     340.5119   26551.0958
    90   30 Zn         0.3193     340.5119   26551.0958
    91   30 Zn         0.3193     340.5119   26551.0958
    92   30 Zn         0.3193     340.5119   26551.0958
    93   30 Zn         0.3193     340.5119   26551.0958
    94   30 Zn         0.3193     340.5119   26551.0958
    95   30 Zn         0.3193     340.5119   26551.0958
    96   30 Zn         0.3193     340.5119   26551.0958
    97   30 Zn         0.2914     340.5152   26551.3530
    98   30 Zn         0.2914     340.5152   26551.3530
    99   30 Zn         0.2914     340.5152   26551.3530
   100   30 Zn         0.2914     340.5152   26551.3530
   101   30 Zn         0.2914     340.5152   26551.3530
   102   30 Zn         0.2914     340.5152   26551.3530
   103   30 Zn         0.2914     340.5152   26551.3530
   104   30 Zn         0.2914     340.5152   26551.3530
   105   30 Zn         0.2914     340.5152   26551.3530
   106   30 Zn         0.2914     340.5152   26551.3530
   107   30 Zn         0.2914     340.5152   26551.3530
   108   30 Zn         0.2914     340.5152   26551.3530
   109   30 Zn         0.2914     340.5152   26551.3530
   110   30 Zn         0.2914     340.5152   26551.3530
   111   30 Zn         0.2914     340.5152   26551.3530
   112   30 Zn         0.2914     340.5152   26551.3530
   113   30 Zn         0.2914     340.5152   26551.3530
   114   30 Zn         0.2914     340.5152   26551.3530
   115   30 Zn         0.2914     340.5152   26551.3530
   116   30 Zn         0.2914     340.5152   26551.3530
   117   30 Zn         0.2914     340.5152   26551.3530
   118   30 Zn         0.2914     340.5152   26551.3530
   119   30 Zn         0.2914     340.5152   26551.3530
   120   30 Zn         0.2914     340.5152   26551.3530
   121   30 Zn         0.3408     340.5082   26550.8067
   122   30 Zn         0.3408     340.5082   26550.8067
   123   30 Zn         0.3408     340.5082   26550.8067
   124   30 Zn         0.3408     340.5082   26550.8067
   125   30 Zn         0.3408     340.5082   26550.8067
   126   30 Zn         0.3408     340.5082   26550.8067
   127   30 Zn         0.3408     340.5082   26550.8067
   128   30 Zn         0.3408     340.5082   26550.8067
   129   30 Zn         0.3408     340.5082   26550.8067
   130   30 Zn         0.3408     340.5082   26550.8067
   131   30 Zn         0.3408     340.5082   26550.8067
   132   30 Zn         0.3408     340.5082   26550.8067
   133   30 Zn         0.3408     340.5082   26550.8067
   134   30 Zn         0.3408     340.5082   26550.8067
   135   30 Zn         0.3408     340.5082   26550.8067
   136   30 Zn         0.3408     340.5082   26550.8067
   137   30 Zn         0.3408     340.5082   26550.8067
   138   30 Zn         0.3408     340.5082   26550.8067
   139   30 Zn         0.3408     340.5082   26550.8067
   140   30 Zn         0.3408     340.5082   26550.8067
   141   30 Zn         0.3408     340.5082   26550.8067
   142   30 Zn         0.3408     340.5082   26550.8067
   143   30 Zn         0.3408     340.5082   26550.8067
   144   30 Zn         0.3408     340.5082   26550.8067
   145   30 Zn         0.1925     340.5200   26551.7254
   146   30 Zn         0.1925     340.5200   26551.7254
   147   30 Zn         0.1925     340.5200   26551.7254
   148   30 Zn         0.1925     340.5200   26551.7254
   149   30 Zn         0.1925     340.5200   26551.7254
   150   30 Zn         0.1925     340.5200   26551.7254
   151   30 Zn         0.1925     340.5200   26551.7254
   152   30 Zn         0.1925     340.5200   26551.7254
   153   30 Zn         0.1925     340.5200   26551.7254
   154   30 Zn         0.1925     340.5200   26551.7254
   155   30 Zn         0.1925     340.5200   26551.7254
   156   30 Zn         0.1925     340.5200   26551.7254
   157   30 Zn         0.1925     340.5200   26551.7254
   158   30 Zn         0.1925     340.5200   26551.7254
   159   30 Zn         0.1925     340.5200   26551.7254
   160   30 Zn         0.1925     340.5200   26551.7254
   161   30 Zn         0.1925     340.5200   26551.7254
   162   30 Zn         0.1925     340.5200   26551.7254
   163   30 Zn         0.1925     340.5200   26551.7254
   164   30 Zn         0.1925     340.5200   26551.7254
   165   30 Zn         0.1925     340.5200   26551.7254
   166   30 Zn         0.1925     340.5200   26551.7254
   167   30 Zn         0.1925     340.5200   26551.7254
   168   30 Zn         0.1925     340.5200   26551.7254
   169   30 Zn         0.2283     340.5190   26551.6495
   170   30 Zn         0.2283     340.5190   26551.6495
   171   30 Zn         0.2283     340.5190   26551.6495
   172   30 Zn         0.2283     340.5190   26551.6495
   173   30 Zn         0.2283     340.5190   26551.6495
   174   30 Zn         0.2283     340.5190   26551.6495
   175   30 Zn         0.2283     340.5190   26551.6495
   176   30 Zn         0.2283     340.5190   26551.6495
   177   30 Zn         0.2283     340.5190   26551.6495
   178   30 Zn         0.2283     340.5190   26551.6495
   179   30 Zn         0.2283     340.5190   26551.6495
   180   30 Zn         0.2283     340.5190   26551.6495
   181   30 Zn         0.2618     340.5175   26551.5280
   182   30 Zn         0.2618     340.5175   26551.5280
   183   30 Zn         0.2618     340.5175   26551.5280
   184   30 Zn         0.2618     340.5175   26551.5280
   185   30 Zn         0.2618     340.5175   26551.5280
   186   30 Zn         0.2618     340.5175   26551.5280
   187   30 Zn         0.2618     340.5175   26551.5280
   188   30 Zn         0.2618     340.5175   26551.5280
   189   30 Zn         0.2618     340.5175   26551.5280
   190   30 Zn         0.2618     340.5175   26551.5280
   191   30 Zn         0.2618     340.5175   26551.5280
   192   30 Zn         0.2618     340.5175   26551.5280
   193   30 Zn         0.2024     340.5198   26551.7084
   194   30 Zn         0.2024     340.5198   26551.7084
   195   30 Zn         0.2024     340.5198   26551.7084
   196   30 Zn         0.2024     340.5198   26551.7084
   197   30 Zn         0.2024     340.5198   26551.7084
   198   30 Zn         0.2024     340.5198   26551.7084
   199   30 Zn         0.2024     340.5198   26551.7084
   200   30 Zn         0.2024     340.5198   26551.7084
   201   30 Zn         0.2024     340.5198   26551.7084
   202   30 Zn         0.2024     340.5198   26551.7084
   203   30 Zn         0.2024     340.5198   26551.7084
   204   30 Zn         0.2024     340.5198   26551.7084
   205   30 Zn         0.3243     340.5112   26551.0372
   206   30 Zn         0.3243     340.5112   26551.0372
   207   30 Zn         0.3243     340.5112   26551.0372
   208   30 Zn         0.3243     340.5112   26551.0372
   209   30 Zn         0.3243     340.5112   26551.0372
   210   30 Zn         0.3243     340.5112   26551.0372
   211   30 Zn         0.3243     340.5112   26551.0372
   212   30 Zn         0.3243     340.5112   26551.0372
   213   30 Zn         0.3243     340.5112   26551.0372
   214   30 Zn         0.3243     340.5112   26551.0372
   215   30 Zn         0.3243     340.5112   26551.0372
   216   30 Zn         0.3243     340.5112   26551.0372
   217   44 Ru         0.4613     597.9520   60683.5958
   218   44 Ru         0.4613     597.9520   60683.5958
   219   44 Ru         0.4613     597.9520   60683.5958
   220   44 Ru         0.4613     597.9520   60683.5958
   221   44 Ru         0.4613     597.9520   60683.5958
   222   44 Ru         0.4613     597.9520   60683.5958
   223   44 Ru         0.4613     597.9520   60683.5958
   224   44 Ru         0.4613     597.9520   60683.5958
   225   44 Ru         0.4613     597.9520   60683.5958
   226   44 Ru         0.4613     597.9520   60683.5958
   227   44 Ru         0.4613     597.9520   60683.5958
   228   44 Ru         0.4613     597.9520   60683.5958
   229   44 Ru         0.4613     597.9520   60683.5958
   230   44 Ru         0.4613     597.9520   60683.5958
   231   44 Ru         0.4613     597.9520   60683.5958
   232   44 Ru         0.4613     597.9520   60683.5958
   233   44 Ru         0.4613     597.9520   60683.5958
   234   44 Ru         0.4613     597.9520   60683.5958
   235   44 Ru         0.4613     597.9520   60683.5958
   236   44 Ru         0.4613     597.9520   60683.5958
   237   44 Ru         0.4613     597.9520   60683.5958
   238   44 Ru         0.4613     597.9520   60683.5958
   239   44 Ru         0.4613     597.9520   60683.5958
   240   44 Ru         0.4613     597.9520   60683.5958
   241   44 Ru         0.4445     598.0067   60689.1436
   242   44 Ru         0.4445     598.0067   60689.1436
   243   44 Ru         0.4445     598.0067   60689.1436
   244   44 Ru         0.4445     598.0067   60689.1436
   245   44 Ru         0.4445     598.0067   60689.1436
   246   44 Ru         0.4445     598.0067   60689.1436
   247   44 Ru         0.4445     598.0067   60689.1436
   248   44 Ru         0.4445     598.0067   60689.1436
   249   44 Ru         0.4126     598.0791   60696.4968
   250   44 Ru         0.4126     598.0791   60696.4968
   251   44 Ru         0.4126     598.0791   60696.4968
   252   44 Ru         0.4126     598.0791   60696.4968
--------------------------------------------------------

Atom-resolved dispersion energies:
--------------------------------------------------
     #    Z           [Hartree]      [kcal/mol]
--------------------------------------------------
     1   30 Zn  -0.18431798E-01    -11.56612790
     2   30 Zn  -0.18431798E-01    -11.56612790
     3   30 Zn  -0.18431798E-01    -11.56612790
     4   30 Zn  -0.18431798E-01    -11.56612790
     5   30 Zn  -0.18431798E-01    -11.56612790
     6   30 Zn  -0.18431798E-01    -11.56612790
     7   30 Zn  -0.18431798E-01    -11.56612790
     8   30 Zn  -0.18431798E-01    -11.56612790
     9   30 Zn  -0.18431798E-01    -11.56612790
    10   30 Zn  -0.18431798E-01    -11.56612790
    11   30 Zn  -0.18431798E-01    -11.56612790
    12   30 Zn  -0.18431798E-01    -11.56612790
    13   30 Zn  -0.18431798E-01    -11.56612790
    14   30 Zn  -0.18431798E-01    -11.56612790
    15   30 Zn  -0.18431798E-01    -11.56612790
    16   30 Zn  -0.18431798E-01    -11.56612790
    17   30 Zn  -0.18431798E-01    -11.56612790
    18   30 Zn  -0.18431798E-01    -11.56612790
    19   30 Zn  -0.18431798E-01    -11.56612790
    20   30 Zn  -0.18431798E-01    -11.56612790
    21   30 Zn  -0.18431798E-01    -11.56612790
    22   30 Zn  -0.18431798E-01    -11.56612790
    23   30 Zn  -0.18431798E-01    -11.56612790
    24   30 Zn  -0.18431798E-01    -11.56612790
    25   30 Zn  -0.17744856E-01    -11.13506524
    26   30 Zn  -0.17744856E-01    -11.13506524
    27   30 Zn  -0.17744856E-01    -11.13506524
    28   30 Zn  -0.17744856E-01    -11.13506524
    29   30 Zn  -0.17744856E-01    -11.13506524
    30   30 Zn  -0.17744856E-01    -11.13506524
    31   30 Zn  -0.17744856E-01    -11.13506524
    32   30 Zn  -0.17744856E-01    -11.13506524
    33   30 Zn  -0.17744856E-01    -11.13506524
    34   30 Zn  -0.17744856E-01    -11.13506524
    35   30 Zn  -0.17744856E-01    -11.13506524
    36   30 Zn  -0.17744856E-01    -11.13506524
    37   30 Zn  -0.17744856E-01    -11.13506524
    38   30 Zn  -0.17744856E-01    -11.13506524
    39   30 Zn  -0.17744856E-01    -11.13506524
    40   30 Zn  -0.17744856E-01    -11.13506524
    41   30 Zn  -0.17744856E-01    -11.13506524
    42   30 Zn  -0.17744856E-01    -11.13506524
    43   30 Zn  -0.17744856E-01    -11.13506524
    44   30 Zn  -0.17744856E-01    -11.13506524
    45   30 Zn  -0.17744856E-01    -11.13506524
    46   30 Zn  -0.17744856E-01    -11.13506524
    47   30 Zn  -0.17744856E-01    -11.13506524
    48   30 Zn  -0.17744856E-01    -11.13506524
    49   30 Zn  -0.16453759E-01    -10.32488940
    50   30 Zn  -0.16453759E-01    -10.32488940
    51   30 Zn  -0.16453759E-01    -10.32488940
    52   30 Zn  -0.16453759E-01    -10.32488940
    53   30 Zn  -0.16453759E-01    -10.32488940
    54   30 Zn  -0.16453759E-01    -10.32488940
    55   30 Zn  -0.16453759E-01    -10.32488940
    56   30 Zn  -0.16453759E-01    -10.32488940
    57   30 Zn  -0.16453759E-01    -10.32488940
    58   30 Zn  -0.16453759E-01    -10.32488940
    59   30 Zn  -0.16453759E-01    -10.32488940
    60   30 Zn  -0.16453759E-01    -10.32488940
    61   30 Zn  -0.16453759E-01    -10.32488940
    62   30 Zn  -0.16453759E-01    -10.32488940
    63   30 Zn  -0.16453759E-01    -10.32488940
    64   30 Zn  -0.16453759E-01    -10.32488940
    65   30 Zn  -0.16453759E-01    -10.32488940
    66   30 Zn  -0.16453759E-01    -10.32488940
    67   30 Zn  -0.16453759E-01    -10.32488940
    68   30 Zn  -0.16453759E-01    -10.32488940
    69   30 Zn  -0.16453759E-01    -10.32488940
    70   30 Zn  -0.16453759E-01    -10.32488940
    71   30 Zn  -0.16453759E-01    -10.32488940
    72   30 Zn  -0.16453759E-01    -10.32488940
    73   30 Zn  -0.17537789E-01    -11.00512850
    74   30 Zn  -0.17537789E-01    -11.00512850
    75   30 Zn  -0.17537789E-01    -11.00512850
    76   30 Zn  -0.17537789E-01    -11.00512850
    77   30 Zn  -0.17537789E-01    -11.00512850
    78   30 Zn  -0.17537789E-01    -11.00512850
    79   30 Zn  -0.17537789E-01    -11.00512850
    80   30 Zn  -0.17537789E-01    -11.00512850
    81   30 Zn  -0.17537789E-01    -11.00512850
    82   30 Zn  -0.17537789E-01    -11.00512850
    83   30 Zn  -0.17537789E-01    -11.00512850
    84   30 Zn  -0.17537789E-01    -11.00512850
    85   30 Zn  -0.17537789E-01    -11.00512850
    86   30 Zn  -0.17537789E-01    -11.00512850
    87   30 Zn  -0.17537789E-01    -11.00512850
    88   30 Zn  -0.17537789E-01    -11.00512850
    89   30 Zn  -0.17537789E-01    -11.00512850
    90   30 Zn  -0.17537789E-01    -11.00512850
    91   30 Zn  -0.17537789E-01    -11.00512850
    92   30 Zn  -0.17537789E-01    -11.00512850
    93   30 Zn  -0.17537789E-01    -11.00512850
    94   30 Zn  -0.17537789E-01    -11.00512850
    95   30 Zn  -0.17537789E-01    -11.00512850
    96   30 Zn  -0.17537789E-01    -11.00512850
    97   30 Zn  -0.18682475E-01    -11.72342988
    98   30 Zn  -0.18682475E-01    -11.72342988
    99   30 Zn  -0.18682475E-01    -11.72342988
   100   30 Zn  -0.18682475E-01    -11.72342988
   101   30 Zn  -0.18682475E-01    -11.72342988
   102   30 Zn  -0.18682475E-01    -11.72342988
   103   30 Zn  -0.18682475E-01    -11.72342988
   104   30 Zn  -0.18682475E-01    -11.72342988
   105   30 Zn  -0.18682475E-01    -11.72342988
   106   30 Zn  -0.18682475E-01    -11.72342988
   107   30 Zn  -0.18682475E-01    -11.72342988
   108   30 Zn  -0.18682475E-01    -11.72342988
   109   30 Zn  -0.18682475E-01    -11.72342988
   110   30 Zn  -0.18682475E-01    -11.72342988
   111   30 Zn  -0.18682475E-01    -11.72342988
   112   30 Zn  -0.18682475E-01    -11.72342988
   113   30 Zn  -0.18682475E-01    -11.72342988
   114   30 Zn  -0.18682475E-01    -11.72342988
   115   30 Zn  -0.18682475E-01    -11.72342988
   116   30 Zn  -0.18682475E-01    -11.72342988
   117   30 Zn  -0.18682475E-01    -11.72342988
   118   30 Zn  -0.18682475E-01    -11.72342988
   119   30 Zn  -0.18682475E-01    -11.72342988
   120   30 Zn  -0.18682475E-01    -11.72342988
   121   30 Zn  -0.18347702E-01    -11.51335683
   122   30 Zn  -0.18347702E-01    -11.51335683
   123   30 Zn  -0.18347702E-01    -11.51335683
   124   30 Zn  -0.18347702E-01    -11.51335683
   125   30 Zn  -0.18347702E-01    -11.51335683
   126   30 Zn  -0.18347702E-01    -11.51335683
   127   30 Zn  -0.18347702E-01    -11.51335683
   128   30 Zn  -0.18347702E-01    -11.51335683
   129   30 Zn  -0.18347702E-01    -11.51335683
   130   30 Zn  -0.18347702E-01    -11.51335683
   131   30 Zn  -0.18347702E-01    -11.51335683
   132   30 Zn  -0.18347702E-01    -11.51335683
   133   30 Zn  -0.18347702E-01    -11.51335683
   134   30 Zn  -0.18347702E-01    -11.51335683
   135   30 Zn  -0.18347702E-01    -11.51335683
   136   30 Zn  -0.18347702E-01    -11.51335683
   137   30 Zn  -0.18347702E-01    -11.51335683
   138   30 Zn  -0.18347702E-01    -11.51335683
   139   30 Zn  -0.18347702E-01    -11.51335683
   140   30 Zn  -0.18347702E-01    -11.51335683
   141   30 Zn  -0.18347702E-01    -11.51335683
   142   30 Zn  -0.18347702E-01    -11.51335683
   143   30 Zn  -0.18347702E-01    -11.51335683
   144   30 Zn  -0.18347702E-01    -11.51335683
   145   30 Zn  -0.15736731E-01     -9.87494748
   146   30 Zn  -0.15736731E-01     -9.87494748
   147   30 Zn  -0.15736731E-01     -9.87494748
   148   30 Zn  -0.15736731E-01     -9.87494748
   149   30 Zn  -0.15736731E-01     -9.87494748
   150   30 Zn  -0.15736731E-01     -9.87494748
   151   30 Zn  -0.15736731E-01     -9.87494748
   152   30 Zn  -0.15736731E-01     -9.87494748
   153   30 Zn  -0.15736731E-01     -9.87494748
   154   30 Zn  -0.15736731E-01     -9.87494748
   155   30 Zn  -0.15736731E-01     -9.87494748
   156   30 Zn  -0.15736731E-01     -9.87494748
   157   30 Zn  -0.15736731E-01     -9.87494748
   158   30 Zn  -0.15736731E-01     -9.87494748
   159   30 Zn  -0.15736731E-01     -9.87494748
   160   30 Zn  -0.15736731E-01     -9.87494748
   161   30 Zn  -0.15736731E-01     -9.87494748
   162   30 Zn  -0.15736731E-01     -9.87494748
   163   30 Zn  -0.15736731E-01     -9.87494748
   164   30 Zn  -0.15736731E-01     -9.87494748
   165   30 Zn  -0.15736731E-01     -9.87494748
   166   30 Zn  -0.15736731E-01     -9.87494748
   167   30 Zn  -0.15736731E-01     -9.87494748
   168   30 Zn  -0.15736731E-01     -9.87494748
   169   30 Zn  -0.16845467E-01    -10.57069000
   170   30 Zn  -0.16845467E-01    -10.57069000
   171   30 Zn  -0.16845467E-01    -10.57069000
   172   30 Zn  -0.16845467E-01    -10.57069000
   173   30 Zn  -0.16845467E-01    -10.57069000
   174   30 Zn  -0.16845467E-01    -10.57069000
   175   30 Zn  -0.16845467E-01    -10.57069000
   176   30 Zn  -0.16845467E-01    -10.57069000
   177   30 Zn  -0.16845467E-01    -10.57069000
   178   30 Zn  -0.16845467E-01    -10.57069000
   179   30 Zn  -0.16845467E-01    -10.57069000
   180   30 Zn  -0.16845467E-01    -10.57069000
   181   30 Zn  -0.17818118E-01    -11.18103808
   182   30 Zn  -0.17818118E-01    -11.18103808
   183   30 Zn  -0.17818118E-01    -11.18103808
   184   30 Zn  -0.17818118E-01    -11.18103808
   185   30 Zn  -0.17818118E-01    -11.18103808
   186   30 Zn  -0.17818118E-01    -11.18103808
   187   30 Zn  -0.17818118E-01    -11.18103808
   188   30 Zn  -0.17818118E-01    -11.18103808
   189   30 Zn  -0.17818118E-01    -11.18103808
   190   30 Zn  -0.17818118E-01    -11.18103808
   191   30 Zn  -0.17818118E-01    -11.18103808
   192   30 Zn  -0.17818118E-01    -11.18103808
   193   30 Zn  -0.16123259E-01    -10.11749758
   194   30 Zn  -0.16123259E-01    -10.11749758
   195   30 Zn  -0.16123259E-01    -10.11749758
   196   30 Zn  -0.16123259E-01    -10.11749758
   197   30 Zn  -0.16123259E-01    -10.11749758
   198   30 Zn  -0.16123259E-01    -10.11749758
   199   30 Zn  -0.16123259E-01    -10.11749758
   200   30 Zn  -0.16123259E-01    -10.11749758
   201   30 Zn  -0.16123259E-01    -10.11749758
   202   30 Zn  -0.16123259E-01    -10.11749758
   203   30 Zn  -0.16123259E-01    -10.11749758
   204   30 Zn  -0.16123259E-01    -10.11749758
   205   30 Zn  -0.19106128E-01    -11.98927664
   206   30 Zn  -0.19106128E-01    -11.98927664
   207   30 Zn  -0.19106128E-01    -11.98927664
   208   30 Zn  -0.19106128E-01    -11.98927664
   209   30 Zn  -0.19106128E-01    -11.98927664
   210   30 Zn  -0.19106128E-01    -11.98927664
   211   30 Zn  -0.19106128E-01    -11.98927664
   212   30 Zn  -0.19106128E-01    -11.98927664
   213   30 Zn  -0.19106128E-01    -11.98927664
   214   30 Zn  -0.19106128E-01    -11.98927664
   215   30 Zn  -0.19106128E-01    -11.98927664
   216   30 Zn  -0.19106128E-01    -11.98927664
   217   44 Ru  -0.31767700E-01    -19.93453241
   218   44 Ru  -0.31767700E-01    -19.93453241
   219   44 Ru  -0.31767700E-01    -19.93453241
   220   44 Ru  -0.31767700E-01    -19.93453241
   221   44 Ru  -0.31767700E-01    -19.93453241
   222   44 Ru  -0.31767700E-01    -19.93453241
   223   44 Ru  -0.31767700E-01    -19.93453241
   224   44 Ru  -0.31767700E-01    -19.93453241
   225   44 Ru  -0.31767700E-01    -19.93453241
   226   44 Ru  -0.31767700E-01    -19.93453241
   227   44 Ru  -0.31767700E-01    -19.93453241
   228   44 Ru  -0.31767700E-01    -19.93453241
   229   44 Ru  -0.31767700E-01    -19.93453241
   230   44 Ru  -0.31767700E-01    -19.93453241
   231   44 Ru  -0.31767700E-01    -19.93453241
   232   44 Ru  -0.31767700E-01    -19.93453241
   233   44 Ru  -0.31767700E-01    -19.93453241
   234   44 Ru  -0.31767700E-01    -19.93453241
   235   44 Ru  -0.31767700E-01    -19.93453241
   236   44 Ru  -0.31767700E-01    -19.93453241
   237   44 Ru  -0.31767700E-01    -19.93453241
   238   44 Ru  -0.31767700E-01    -19.93453241
   239   44 Ru  -0.31767700E-01    -19.93453241
   240   44 Ru  -0.31767700E-01    -19.93453241
   241   44 Ru  -0.30722216E-01    -19.27848162
   242   44 Ru  -0.30722216E-01    -19.27848162
   243   44 Ru  -0.30722216E-01    -19.27848162
   244   44 Ru  -0.30722216E-01    -19.27848162
   245   44 Ru  -0.30722216E-01    -19.27848162
   246   44 Ru  -0.30722216E-01    -19.27848162
   247   44 Ru  -0.30722216E-01    -19.27848162
   248   44 Ru  -0.30722216E-01    -19.27848162
   249   44 Ru  -0.31260194E-01    -19.61606798
   250   44 Ru  -0.31260194E-01    -19.61606798
   251   44 Ru  -0.31260194E-01    -19.61606798
   252   44 Ru  -0.31260194E-01    -19.61606798
--------------------------------------------------

Dispersion energy:      -4.9224015627496E+00 Eh

[Info] Dispersion energy written to .EDISP
