-----------------------------------
 s i m p l e   D F T - D 3  v1.2.1
-----------------------------------

Zero (Chai-Head-Gordon) damping: pbe-D3(0)
--------------------
  s6         1.0000
  s8         0.7220
  s9         0.0000
 rs6         1.2170
 rs8         1.0000
 alp        14.0000
--------------------

Atomic radii (in Angstrom):
-------------------------------------------
   Z          R(cov)     R(vdw)      r4/r2
-------------------------------------------
  94 Pu       2.0667     2.2143     4.6833
  30 Zn       1.4533     1.6155     2.6978
-------------------------------------------

Atomic reference systems (in atomic units):
----------------------------------------------------------------------------
   Z        #      CN    C6(AA)   #      CN    C6(AA)   #      CN    C6(AA)
----------------------------------------------------------------------------
  94 Pu     1  0.0000 2936.9184   2  0.9537 1677.1284   3  1.9439  967.8915
            4  2.9323  567.8665   5  3.9441  601.1152   6  4.9192  901.2161
            7  5.8888 1197.0440
  30 Zn     1  0.0000  340.5213   2  1.9419  153.4528
----------------------------------------------------------------------------

Dispersion properties (in atomic units):
--------------------------------------------------------
     #    Z                CN       C6(AA)       C8(AA)
--------------------------------------------------------
     1   94 Pu         3.3414     578.2025  135866.3825
     2   94 Pu         3.1293     571.4906  134289.2056
     3   94 Pu         3.1293     571.4906  134289.2056
     4   94 Pu         3.1293     571.4906  134289.2056
     5   94 Pu         3.1293     571.4906  134289.2056
     6   94 Pu         3.3414     578.2025  135866.3825
     7   30 Zn         1.9949     153.4528   11965.3387
     8   30 Zn         1.9949     153.4528   11965.3387
     9   30 Zn         1.9949     153.4528   11965.3387
    10   30 Zn         1.8203     153.4531   11965.3578
    11   30 Zn         1.8774     153.4529   11965.3458
    12   30 Zn         2.3457     153.4528   11965.3374
    13   30 Zn         1.8203     153.4531   11965.3578
    14   30 Zn         1.9949     153.4528   11965.3387
    15   30 Zn         1.9566     153.4528   11965.3398
    16   30 Zn         1.9566     153.4528   11965.3398
    17   30 Zn         1.9567     153.4528   11965.3398
    18   30 Zn         1.9566     153.4528   11965.3398
    19   30 Zn         1.9566     153.4528   11965.3398
    20   30 Zn         1.9567     153.4528   11965.3398
    21   30 Zn         1.8203     153.4531   11965.3578
    22   30 Zn         1.8774     153.4529   11965.3458
    23   30 Zn         1.8774     153.4529   11965.3458
    24   30 Zn         1.8203     153.4531   11965.3578
    25   30 Zn         1.9566     153.4528   11965.3398
    26   30 Zn         1.8203     153.4531   11965.3578
    27   30 Zn         1.8203     153.4531   11965.3578
    28   30 Zn         1.8203     153.4531   11965.3578
    29   30 Zn         1.8774     153.4529   11965.3458
    30   30 Zn         1.9567     153.4528   11965.3398
    31   30 Zn         1.9566     153.4528   11965.3398
    32   30 Zn         1.9566     153.4528   11965.3398
    33   30 Zn         1.8774     153.4529   11965.3458
    34   30 Zn         1.8203     153.4531   11965.3578
    35   30 Zn         1.8774     153.4529   11965.3458
    36   30 Zn         1.9566     153.4528   11965.3398
    37   30 Zn         1.8774     153.4529   11965.3458
    38   30 Zn         1.9566     153.4528   11965.3398
    39   30 Zn         1.9566     153.4528   11965.3398
    40   30 Zn         1.9949     153.4528   11965.3387
    41   30 Zn         1.8774     153.4529   11965.3458
    42   30 Zn         1.9566     153.4528   11965.3398
    43   30 Zn         2.3457     153.4528   11965.3374
    44   30 Zn         1.9949     153.4528   11965.3387
    45   30 Zn         1.9949     153.4528   11965.3387
    46   30 Zn         1.9567     153.4528   11965.3398
    47   30 Zn         1.9566     153.4528   11965.3398
    48   30 Zn         2.3456     153.4528   11965.3374
    49   30 Zn         2.3456     153.4528   11965.3374
    50   30 Zn         1.9949     153.4528   11965.3387
--------------------------------------------------------

Atom-resolved dispersion energies:
--------------------------------------------------
     #    Z           [Hartree]      [kcal/mol]
--------------------------------------------------
     1   94 Pu  -0.13352985E-01     -8.37912446
     2   94 Pu  -0.12821634E-01     -8.04569673
     3   94 Pu  -0.12821634E-01     -8.04569673
     4   94 Pu  -0.12821634E-01     -8.04569673
     5   94 Pu  -0.12821634E-01     -8.04569673
     6   94 Pu  -0.13352985E-01     -8.37912446
     7   30 Zn  -0.81259056E-02     -5.09908276
     8   30 Zn  -0.81259116E-02     -5.09908649
     9   30 Zn  -0.81259116E-02     -5.09908649
    10   30 Zn  -0.83641722E-02     -5.24859730
    11   30 Zn  -0.79400712E-02     -4.98246989
    12   30 Zn  -0.76108956E-02     -4.77590913
    13   30 Zn  -0.83641722E-02     -5.24859730
    14   30 Zn  -0.81259056E-02     -5.09908276
    15   30 Zn  -0.78365274E-02     -4.91749519
    16   30 Zn  -0.78365303E-02     -4.91749699
    17   30 Zn  -0.78365210E-02     -4.91749119
    18   30 Zn  -0.78365274E-02     -4.91749519
    19   30 Zn  -0.78365274E-02     -4.91749519
    20   30 Zn  -0.78365210E-02     -4.91749119
    21   30 Zn  -0.83641722E-02     -5.24859730
    22   30 Zn  -0.79400837E-02     -4.98247773
    23   30 Zn  -0.79400712E-02     -4.98246989
    24   30 Zn  -0.83641880E-02     -5.24860723
    25   30 Zn  -0.78365303E-02     -4.91749699
    26   30 Zn  -0.83641880E-02     -5.24860723
    27   30 Zn  -0.83641880E-02     -5.24860723
    28   30 Zn  -0.83641880E-02     -5.24860723
    29   30 Zn  -0.79400837E-02     -4.98247773
    30   30 Zn  -0.78365210E-02     -4.91749119
    31   30 Zn  -0.78365357E-02     -4.91750040
    32   30 Zn  -0.78365357E-02     -4.91750040
    33   30 Zn  -0.79400712E-02     -4.98246989
    34   30 Zn  -0.83641722E-02     -5.24859730
    35   30 Zn  -0.79400837E-02     -4.98247773
    36   30 Zn  -0.78365303E-02     -4.91749699
    37   30 Zn  -0.79400837E-02     -4.98247773
    38   30 Zn  -0.78365274E-02     -4.91749519
    39   30 Zn  -0.78365357E-02     -4.91750040
    40   30 Zn  -0.81259056E-02     -5.09908276
    41   30 Zn  -0.79400712E-02     -4.98246989
    42   30 Zn  -0.78365357E-02     -4.91750040
    43   30 Zn  -0.76108956E-02     -4.77590913
    44   30 Zn  -0.81259056E-02     -5.09908276
    45   30 Zn  -0.81259116E-02     -5.09908649
    46   30 Zn  -0.78365210E-02     -4.91749119
    47   30 Zn  -0.78365303E-02     -4.91749699
    48   30 Zn  -0.76109089E-02     -4.77591744
    49   30 Zn  -0.76109089E-02     -4.77591744
    50   30 Zn  -0.81259116E-02     -5.09908649
--------------------------------------------------

Dispersion energy:      -4.2926190086867E-01 Eh

[Info] Dispersion energy written to .EDISP
