-----------------------------------
 s i m p l e   D F T - D 3  v1.2.1
-----------------------------------

Zero (Chai-Head-Gordon) damping: pbe-D3(0)
--------------------
  s6         1.0000
  s8         0.7220
  s9         0.0000
 rs6         1.2170
 rs8         1.0000
 alp        14.0000
--------------------

Atomic radii (in Angstrom):
-------------------------------------------
   Z          R(cov)     R(vdw)      r4/r2
-------------------------------------------
  94 Pu       2.0667     2.2143     4.6833
  30 Zn       1.4533     1.6155     2.6978
-------------------------------------------

Atomic reference systems (in atomic units):
----------------------------------------------------------------------------
   Z        #      CN    C6(AA)   #      CN    C6(AA)   #      CN    C6(AA)
----------------------------------------------------------------------------
  94 Pu     1  0.0000 2936.9184   2  0.9537 1677.1284   3  1.9439  967.8915
            4  2.9323  567.8665   5  3.9441  601.1152   6  4.9192  901.2161
            7  5.8888 1197.0440
  30 Zn     1  0.0000  340.5213   2  1.9419  153.4528
----------------------------------------------------------------------------

Dispersion properties (in atomic units):
--------------------------------------------------------
     #    Z                CN       C6(AA)       C8(AA)
--------------------------------------------------------
     1   94 Pu         1.2756    1514.9397  355981.4707
     2   94 Pu         1.1983    1581.8015  371692.6949
     3   94 Pu         1.1983    1581.8015  371692.6949
     4   94 Pu         1.1983    1581.8015  371692.6949
     5   94 Pu         1.1983    1581.8015  371692.6949
     6   94 Pu         1.2756    1514.9397  355981.4707
     7   30 Zn         0.7604     332.0281   25889.5742
     8   30 Zn         0.7604     332.0284   25889.6043
     9   30 Zn         0.7604     332.0284   25889.6043
    10   30 Zn         0.6918     337.5101   26317.0283
    11   30 Zn         0.7133     336.3429   26226.0226
    12   30 Zn         0.8898     291.1685   22703.5868
    13   30 Zn         0.6918     337.5101   26317.0283
    14   30 Zn         0.7604     332.0281   25889.5742
    15   30 Zn         0.7398     334.2793   26065.1129
    16   30 Zn         0.7398     334.2792   26065.1028
    17   30 Zn         0.7399     334.2787   26065.0629
    18   30 Zn         0.7398     334.2793   26065.1129
    19   30 Zn         0.7398     334.2793   26065.1129
    20   30 Zn         0.7399     334.2787   26065.0629
    21   30 Zn         0.6918     337.5101   26317.0283
    22   30 Zn         0.7133     336.3435   26226.0637
    23   30 Zn         0.7133     336.3429   26226.0226
    24   30 Zn         0.6918     337.5102   26317.0410
    25   30 Zn         0.7398     334.2792   26065.1028
    26   30 Zn         0.6918     337.5102   26317.0410
    27   30 Zn         0.6918     337.5102   26317.0410
    28   30 Zn         0.6918     337.5102   26317.0410
    29   30 Zn         0.7133     336.3435   26226.0637
    30   30 Zn         0.7399     334.2787   26065.0629
    31   30 Zn         0.7398     334.2791   26065.0974
    32   30 Zn         0.7398     334.2791   26065.0974
    33   30 Zn         0.7133     336.3429   26226.0226
    34   30 Zn         0.6918     337.5101   26317.0283
    35   30 Zn         0.7133     336.3435   26226.0637
    36   30 Zn         0.7398     334.2792   26065.1028
    37   30 Zn         0.7133     336.3435   26226.0637
    38   30 Zn         0.7398     334.2793   26065.1129
    39   30 Zn         0.7398     334.2791   26065.0974
    40   30 Zn         0.7604     332.0281   25889.5742
    41   30 Zn         0.7133     336.3429   26226.0226
    42   30 Zn         0.7398     334.2791   26065.0974
    43   30 Zn         0.8898     291.1685   22703.5868
    44   30 Zn         0.7604     332.0281   25889.5742
    45   30 Zn         0.7604     332.0284   25889.6043
    46   30 Zn         0.7399     334.2787   26065.0629
    47   30 Zn         0.7398     334.2792   26065.1028
    48   30 Zn         0.8898     291.1724   22703.8956
    49   30 Zn         0.8898     291.1724   22703.8956
    50   30 Zn         0.7604     332.0284   25889.6043
--------------------------------------------------------

Atom-resolved dispersion energies:
--------------------------------------------------
     #    Z           [Hartree]      [kcal/mol]
--------------------------------------------------
     1   94 Pu  -0.28990168E-01    -18.19160511
     2   94 Pu  -0.28303031E-01    -17.76042027
     3   94 Pu  -0.28303031E-01    -17.76042027
     4   94 Pu  -0.28303031E-01    -17.76042027
     5   94 Pu  -0.28303031E-01    -17.76042027
     6   94 Pu  -0.28990168E-01    -18.19160511
     7   30 Zn  -0.17224070E-01    -10.80826718
     8   30 Zn  -0.17224104E-01    -10.80828831
     9   30 Zn  -0.17224104E-01    -10.80828831
    10   30 Zn  -0.17579362E-01    -11.03121643
    11   30 Zn  -0.17036058E-01    -10.69028783
    12   30 Zn  -0.15538960E-01     -9.75084472
    13   30 Zn  -0.17579362E-01    -11.03121643
    14   30 Zn  -0.17224070E-01    -10.80826718
    15   30 Zn  -0.16964647E-01    -10.64547690
    16   30 Zn  -0.16964643E-01    -10.64547408
    17   30 Zn  -0.16964604E-01    -10.64544966
    18   30 Zn  -0.16964647E-01    -10.64547690
    19   30 Zn  -0.16964647E-01    -10.64547690
    20   30 Zn  -0.16964604E-01    -10.64544966
    21   30 Zn  -0.17579362E-01    -11.03121643
    22   30 Zn  -0.17036104E-01    -10.69031687
    23   30 Zn  -0.17036058E-01    -10.69028783
    24   30 Zn  -0.17579358E-01    -11.03121355
    25   30 Zn  -0.16964643E-01    -10.64547408
    26   30 Zn  -0.17579358E-01    -11.03121355
    27   30 Zn  -0.17579358E-01    -11.03121355
    28   30 Zn  -0.17579358E-01    -11.03121355
    29   30 Zn  -0.17036104E-01    -10.69031687
    30   30 Zn  -0.16964604E-01    -10.64544966
    31   30 Zn  -0.16964629E-01    -10.64546530
    32   30 Zn  -0.16964629E-01    -10.64546530
    33   30 Zn  -0.17036058E-01    -10.69028783
    34   30 Zn  -0.17579362E-01    -11.03121643
    35   30 Zn  -0.17036104E-01    -10.69031687
    36   30 Zn  -0.16964643E-01    -10.64547408
    37   30 Zn  -0.17036104E-01    -10.69031687
    38   30 Zn  -0.16964647E-01    -10.64547690
    39   30 Zn  -0.16964629E-01    -10.64546530
    40   30 Zn  -0.17224070E-01    -10.80826718
    41   30 Zn  -0.17036058E-01    -10.69028783
    42   30 Zn  -0.16964629E-01    -10.64546530
    43   30 Zn  -0.15538960E-01     -9.75084472
    44   30 Zn  -0.17224070E-01    -10.80826718
    45   30 Zn  -0.17224104E-01    -10.80828831
    46   30 Zn  -0.16964604E-01    -10.64544966
    47   30 Zn  -0.16964643E-01    -10.64547408
    48   30 Zn  -0.15539088E-01     -9.75092496
    49   30 Zn  -0.15539088E-01     -9.75092496
    50   30 Zn  -0.17224104E-01    -10.80828831
--------------------------------------------------

Dispersion energy:      -9.1949887447312E-01 Eh

[Info] Dispersion energy written to .EDISP
