-----------------------------------
 s i m p l e   D F T - D 3  v1.2.1
-----------------------------------

Zero (Chai-Head-Gordon) damping: pbe-D3(0)
--------------------
  s6         1.0000
  s8         0.7220
  s9         0.0000
 rs6         1.2170
 rs8         1.0000
 alp        14.0000
--------------------

Atomic radii (in Angstrom):
-------------------------------------------
   Z          R(cov)     R(vdw)      r4/r2
-------------------------------------------
   3 Li       1.6000     1.7478     2.6564
  12 Mg       1.6667     1.7420     2.8909
-------------------------------------------

Atomic reference systems (in atomic units):
----------------------------------------------------------------------------
   Z        #      CN    C6(AA)   #      CN    C6(AA)   #      CN    C6(AA)
----------------------------------------------------------------------------
   3 Li     1  0.0000 1163.4454   2  0.9865   85.3197
  12 Mg     1  0.0000  683.3758   2  0.9628  451.2708   3  1.9496  175.5616
----------------------------------------------------------------------------

Dispersion properties (in atomic units):
--------------------------------------------------------
     #    Z                CN       C6(AA)       C8(AA)
--------------------------------------------------------
     1    3 Li         0.0152    1124.1756   84984.5971
     2   12 Mg         0.0175     676.3623   60555.9257
     3   12 Mg         0.0175     676.3623   60555.9198
     4   12 Mg         0.0174     676.3660   60556.2558
     5   12 Mg         0.0174     676.3660   60556.2578
     6   12 Mg         0.0174     676.3683   60556.4605
     7   12 Mg         0.0174     676.3685   60556.4778
     8   12 Mg         0.0174     676.3685   60556.4833
     9   12 Mg         0.0175     676.3648   60556.1511
    10   12 Mg         0.0174     676.3683   60556.4593
    11   12 Mg         0.0174     676.3683   60556.4604
    12   12 Mg         0.0174     676.3668   60556.3267
    13   12 Mg         0.0174     676.3668   60556.3262
    14   12 Mg         0.0174     676.3660   60556.2568
    15   12 Mg         0.0174     676.3685   60556.4770
    16   12 Mg         0.0174     676.3685   60556.4770
    17   12 Mg         0.0174     676.3668   60556.3270
    18   12 Mg         0.0175     676.3647   60556.1405
    19   12 Mg         0.0175     676.3646   60556.1304
    20   12 Mg         0.0175     676.3624   60555.9364
    21   12 Mg         0.0175     676.3623   60555.9241
    22   12 Mg         0.0174     676.3684   60556.4730
    23   12 Mg         0.0174     676.3685   60556.4785
    24   12 Mg         0.0175     676.3624   60555.9305
    25   12 Mg         0.0175     676.3623   60555.9239
    26   12 Mg         0.0174     676.3660   60556.2576
    27   12 Mg         0.0174     676.3662   60556.2720
    28   12 Mg         0.0174     676.3660   60556.2522
    29   12 Mg         0.0174     676.3699   60556.6027
    30   12 Mg         0.0174     676.3701   60556.6259
    31   12 Mg         0.0174     676.3701   60556.6203
    32   12 Mg         0.0174     676.3701   60556.6243
    33   12 Mg         0.0174     676.3701   60556.6257
    34   12 Mg         0.0174     676.3702   60556.6288
    35   12 Mg         0.0174     676.3701   60556.6258
    36   12 Mg         0.0174     676.3677   60556.4095
    37   12 Mg         0.0174     676.3675   60556.3910
    38   12 Mg         0.0174     676.3676   60556.3977
    39   12 Mg         0.0174     676.3696   60556.5767
    40   12 Mg         0.0174     676.3697   60556.5887
    41   12 Mg         0.0174     676.3696   60556.5801
    42   12 Mg         0.0174     676.3696   60556.5805
    43   12 Mg         0.0174     676.3697   60556.5840
    44   12 Mg         0.0174     676.3696   60556.5819
    45   12 Mg         0.0173     676.3719   60556.7794
    46   12 Mg         0.0173     676.3716   60556.7562
    47   12 Mg         0.0173     676.3717   60556.7692
    48   12 Mg         0.0174     676.3702   60556.6284
    49   12 Mg         0.0174     676.3701   60556.6256
    50   12 Mg         0.0174     676.3700   60556.6130
    51   12 Mg         0.0175     676.3616   60555.8581
    52   12 Mg         0.0174     676.3678   60556.4125
    53   12 Mg         0.0174     676.3680   60556.4345
    54   12 Mg         0.0174     676.3677   60556.4115
    55   12 Mg         0.0174     676.3677   60556.4060
    56   12 Mg         0.0174     676.3678   60556.4177
    57   12 Mg         0.0174     676.3680   60556.4344
    58   12 Mg         0.0174     676.3703   60556.6388
    59   12 Mg         0.0174     676.3701   60556.6196
    60   12 Mg         0.0174     676.3701   60556.6178
    61   12 Mg         0.0174     676.3701   60556.6239
    62   12 Mg         0.0174     676.3703   60556.6395
    63   12 Mg         0.0174     676.3701   60556.6197
    64   12 Mg         0.0174     676.3678   60556.4180
    65   12 Mg         0.0174     676.3678   60556.4175
    66   12 Mg         0.0174     676.3678   60556.4182
    67   12 Mg         0.0173     676.3716   60556.7590
    68   12 Mg         0.0173     676.3715   60556.7445
    69   12 Mg         0.0173     676.3716   60556.7603
    70   12 Mg         0.0174     676.3673   60556.3737
    71   12 Mg         0.0174     676.3678   60556.4132
    72   12 Mg         0.0174     676.3673   60556.3718
    73   12 Mg         0.0174     676.3677   60556.4095
    74   12 Mg         0.0174     676.3677   60556.4060
    75   12 Mg         0.0174     676.3677   60556.4096
    76   12 Mg         0.0174     676.3659   60556.2423
    77   12 Mg         0.0174     676.3680   60556.4304
    78   12 Mg         0.0174     676.3675   60556.3935
    79   12 Mg         0.0175     676.3605   60555.7587
    80   12 Mg         0.0175     676.3605   60555.7652
    81   12 Mg         0.0175     676.3641   60556.0872
    82   12 Mg         0.0175     676.3642   60556.0905
    83   12 Mg         0.0175     676.3604   60555.7574
    84   12 Mg         0.0175     676.3604   60555.7569
    85   12 Mg         0.0176     676.3584   60555.5778
    86   12 Mg         0.0175     676.3605   60555.7633
    87   12 Mg         0.0175     676.3604   60555.7565
    88   12 Mg         0.0175     676.3617   60555.8734
    89   12 Mg         0.0175     676.3617   60555.8678
    90   12 Mg         0.0175     676.3609   60555.7962
    91   12 Mg         0.0175     676.3610   60555.8036
    92   12 Mg         0.0175     676.3609   60555.7972
    93   12 Mg         0.0174     676.3680   60556.4340
    94   12 Mg         0.0175     676.3642   60556.0948
    95   12 Mg         0.0175     676.3645   60556.1186
    96   12 Mg         0.0174     676.3658   60556.2411
    97   12 Mg         0.0174     676.3658   60556.2385
    98   12 Mg         0.0175     676.3641   60556.0880
    99   12 Mg         0.0175     676.3644   60556.1143
   100   12 Mg         0.0175     676.3617   60555.8745
   101   12 Mg         0.0174     676.3677   60556.4048
   102   12 Mg         0.0174     676.3676   60556.4005
   103   12 Mg         0.0174     676.3677   60556.4050
   104   12 Mg         0.0174     676.3673   60556.3674
   105   12 Mg         0.0174     676.3677   60556.4078
   106   12 Mg         0.0174     676.3672   60556.3661
   107   12 Mg         0.0173     676.3716   60556.7526
   108   12 Mg         0.0173     676.3714   60556.7382
   109   12 Mg         0.0173     676.3716   60556.7542
   110   12 Mg         0.0174     676.3677   60556.4108
   111   12 Mg         0.0174     676.3677   60556.4111
   112   12 Mg         0.0174     676.3677   60556.4096
   113   12 Mg         0.0174     676.3702   60556.6322
   114   12 Mg         0.0174     676.3700   60556.6136
   115   12 Mg         0.0174     676.3700   60556.6129
   116   12 Mg         0.0174     676.3701   60556.6179
   117   12 Mg         0.0174     676.3702   60556.6336
   118   12 Mg         0.0174     676.3700   60556.6147
   119   12 Mg         0.0174     676.3677   60556.4059
   120   12 Mg         0.0174     676.3679   60556.4261
   121   12 Mg         0.0174     676.3677   60556.4044
   122   12 Mg         0.0174     676.3676   60556.3986
   123   12 Mg         0.0174     676.3678   60556.4120
   124   12 Mg         0.0174     676.3679   60556.4265
   125   12 Mg         0.0175     676.3615   60555.8497
   126   12 Mg         0.0174     676.3701   60556.6248
   127   12 Mg         0.0174     676.3701   60556.6221
   128   12 Mg         0.0174     676.3700   60556.6096
   129   12 Mg         0.0173     676.3718   60556.7762
   130   12 Mg         0.0173     676.3716   60556.7530
   131   12 Mg         0.0173     676.3717   60556.7660
   132   12 Mg         0.0174     676.3695   60556.5709
   133   12 Mg         0.0174     676.3697   60556.5851
   134   12 Mg         0.0174     676.3696   60556.5745
   135   12 Mg         0.0174     676.3696   60556.5755
   136   12 Mg         0.0174     676.3696   60556.5799
   137   12 Mg         0.0174     676.3696   60556.5755
   138   12 Mg         0.0174     676.3677   60556.4050
   139   12 Mg         0.0174     676.3674   60556.3823
   140   12 Mg         0.0174     676.3675   60556.3908
   141   12 Mg         0.0174     676.3701   60556.6229
   142   12 Mg         0.0174     676.3700   60556.6170
   143   12 Mg         0.0174     676.3701   60556.6212
   144   12 Mg         0.0174     676.3701   60556.6225
   145   12 Mg         0.0174     676.3701   60556.6255
   146   12 Mg         0.0174     676.3701   60556.6228
   147   12 Mg         0.0174     676.3698   60556.5994
   148   12 Mg         0.0174     676.3659   60556.2460
   149   12 Mg         0.0174     676.3661   60556.2617
   150   12 Mg         0.0174     676.3658   60556.2386
--------------------------------------------------------

Atom-resolved dispersion energies:
--------------------------------------------------
     #    Z           [Hartree]      [kcal/mol]
--------------------------------------------------
     1    3 Li  -0.56062662E-02     -3.51798517
     2   12 Mg  -0.45874710E-02     -2.87868154
     3   12 Mg  -0.45877245E-02     -2.87884061
     4   12 Mg  -0.44684801E-02     -2.80401360
     5   12 Mg  -0.44684165E-02     -2.80397370
     6   12 Mg  -0.44593142E-02     -2.79826190
     7   12 Mg  -0.44594571E-02     -2.79835160
     8   12 Mg  -0.44592487E-02     -2.79822080
     9   12 Mg  -0.44721501E-02     -2.80631658
    10   12 Mg  -0.44593496E-02     -2.79828411
    11   12 Mg  -0.44593301E-02     -2.79827188
    12   12 Mg  -0.44638291E-02     -2.80109502
    13   12 Mg  -0.44638709E-02     -2.80112128
    14   12 Mg  -0.44684249E-02     -2.80397896
    15   12 Mg  -0.44594831E-02     -2.79836792
    16   12 Mg  -0.44594836E-02     -2.79836822
    17   12 Mg  -0.44638460E-02     -2.80110564
    18   12 Mg  -0.44724966E-02     -2.80653397
    19   12 Mg  -0.44728716E-02     -2.80676933
    20   12 Mg  -0.45870901E-02     -2.87844252
    21   12 Mg  -0.45876399E-02     -2.87878753
    22   12 Mg  -0.44595836E-02     -2.79843098
    23   12 Mg  -0.44594412E-02     -2.79834158
    24   12 Mg  -0.45873804E-02     -2.87862466
    25   12 Mg  -0.45876622E-02     -2.87880151
    26   12 Mg  -0.45807886E-02     -2.87448825
    27   12 Mg  -0.45802962E-02     -2.87417926
    28   12 Mg  -0.45808330E-02     -2.87451609
    29   12 Mg  -0.44540621E-02     -2.79496619
    30   12 Mg  -0.44535123E-02     -2.79462118
    31   12 Mg  -0.44536932E-02     -2.79473471
    32   12 Mg  -0.44535826E-02     -2.79466528
    33   12 Mg  -0.44535111E-02     -2.79462043
    34   12 Mg  -0.44534271E-02     -2.79456771
    35   12 Mg  -0.44535108E-02     -2.79462025
    36   12 Mg  -0.44703360E-02     -2.80517817
    37   12 Mg  -0.44709210E-02     -2.80554527
    38   12 Mg  -0.44706865E-02     -2.80539812
    39   12 Mg  -0.44582366E-02     -2.79758571
    40   12 Mg  -0.44578541E-02     -2.79734566
    41   12 Mg  -0.44581148E-02     -2.79750930
    42   12 Mg  -0.44581006E-02     -2.79750036
    43   12 Mg  -0.44580085E-02     -2.79744255
    44   12 Mg  -0.44580621E-02     -2.79747619
    45   12 Mg  -0.44487845E-02     -2.79165444
    46   12 Mg  -0.44495485E-02     -2.79213384
    47   12 Mg  -0.44491326E-02     -2.79187289
    48   12 Mg  -0.44538880E-02     -2.79485692
    49   12 Mg  -0.44539858E-02     -2.79491828
    50   12 Mg  -0.44544019E-02     -2.79517940
    51   12 Mg  -0.44834332E-02     -2.81339683
    52   12 Mg  -0.44623613E-02     -2.80017397
    53   12 Mg  -0.44616060E-02     -2.79970006
    54   12 Mg  -0.44623837E-02     -2.80018803
    55   12 Mg  -0.44625767E-02     -2.80030913
    56   12 Mg  -0.44621637E-02     -2.80005000
    57   12 Mg  -0.44616038E-02     -2.79969864
    58   12 Mg  -0.44535166E-02     -2.79462387
    59   12 Mg  -0.44541722E-02     -2.79503522
    60   12 Mg  -0.44542396E-02     -2.79507754
    61   12 Mg  -0.44540284E-02     -2.79494504
    62   12 Mg  -0.44534877E-02     -2.79460570
    63   12 Mg  -0.44541707E-02     -2.79503434
    64   12 Mg  -0.44608282E-02     -2.79921198
    65   12 Mg  -0.44608492E-02     -2.79922516
    66   12 Mg  -0.44608219E-02     -2.79920802
    67   12 Mg  -0.44496394E-02     -2.79219086
    68   12 Mg  -0.44501336E-02     -2.79250102
    69   12 Mg  -0.44495796E-02     -2.79215334
    70   12 Mg  -0.44624029E-02     -2.80020011
    71   12 Mg  -0.44610716E-02     -2.79936471
    72   12 Mg  -0.44624633E-02     -2.80023798
    73   12 Mg  -0.44610245E-02     -2.79933514
    74   12 Mg  -0.44611688E-02     -2.79942569
    75   12 Mg  -0.44610326E-02     -2.79934021
    76   12 Mg  -0.44678200E-02     -2.80359936
    77   12 Mg  -0.44610523E-02     -2.79935258
    78   12 Mg  -0.44623038E-02     -2.80013793
    79   12 Mg  -0.44823311E-02     -2.81270526
    80   12 Mg  -0.44820746E-02     -2.81254426
    81   12 Mg  -0.44724495E-02     -2.80650444
    82   12 Mg  -0.44723137E-02     -2.80641922
    83   12 Mg  -0.44823723E-02     -2.81273108
    84   12 Mg  -0.44823545E-02     -2.81271993
    85   12 Mg  -0.44889350E-02     -2.81684922
    86   12 Mg  -0.44821301E-02     -2.81257911
    87   12 Mg  -0.44823633E-02     -2.81272547
    88   12 Mg  -0.44791213E-02     -2.81069107
    89   12 Mg  -0.44793201E-02     -2.81081583
    90   12 Mg  -0.44818015E-02     -2.81237292
    91   12 Mg  -0.44815266E-02     -2.81220038
    92   12 Mg  -0.44817681E-02     -2.81235195
    93   12 Mg  -0.44609282E-02     -2.79927473
    94   12 Mg  -0.44721687E-02     -2.80632825
    95   12 Mg  -0.44713345E-02     -2.80580479
    96   12 Mg  -0.44678454E-02     -2.80361535
    97   12 Mg  -0.44678035E-02     -2.80358904
    98   12 Mg  -0.44724182E-02     -2.80648480
    99   12 Mg  -0.44714713E-02     -2.80589058
   100   12 Mg  -0.44790863E-02     -2.81066911
   101   12 Mg  -0.44611877E-02     -2.79943756
   102   12 Mg  -0.44613574E-02     -2.79954404
   103   12 Mg  -0.44611984E-02     -2.79944427
   104   12 Mg  -0.44626187E-02     -2.80033549
   105   12 Mg  -0.44612644E-02     -2.79948567
   106   12 Mg  -0.44626621E-02     -2.80036272
   107   12 Mg  -0.44498604E-02     -2.79232957
   108   12 Mg  -0.44503544E-02     -2.79263954
   109   12 Mg  -0.44497932E-02     -2.79228738
   110   12 Mg  -0.44610771E-02     -2.79936814
   111   12 Mg  -0.44610716E-02     -2.79936467
   112   12 Mg  -0.44611110E-02     -2.79938943
   113   12 Mg  -0.44537447E-02     -2.79476701
   114   12 Mg  -0.44543798E-02     -2.79516555
   115   12 Mg  -0.44544123E-02     -2.79518589
   116   12 Mg  -0.44542376E-02     -2.79507628
   117   12 Mg  -0.44536947E-02     -2.79473560
   118   12 Mg  -0.44543464E-02     -2.79514456
   119   12 Mg  -0.44625935E-02     -2.80031969
   120   12 Mg  -0.44618993E-02     -2.79988410
   121   12 Mg  -0.44626327E-02     -2.80034427
   122   12 Mg  -0.44628310E-02     -2.80046875
   123   12 Mg  -0.44623697E-02     -2.80017927
   124   12 Mg  -0.44618790E-02     -2.79987137
   125   12 Mg  -0.44837311E-02     -2.81358373
   126   12 Mg  -0.44540163E-02     -2.79493742
   127   12 Mg  -0.44541102E-02     -2.79499635
   128   12 Mg  -0.44545250E-02     -2.79525664
   129   12 Mg  -0.44488995E-02     -2.79172659
   130   12 Mg  -0.44496652E-02     -2.79220706
   131   12 Mg  -0.44492452E-02     -2.79194353
   132   12 Mg  -0.44584421E-02     -2.79771465
   133   12 Mg  -0.44579903E-02     -2.79743116
   134   12 Mg  -0.44583141E-02     -2.79763436
   135   12 Mg  -0.44582787E-02     -2.79761213
   136   12 Mg  -0.44581575E-02     -2.79753605
   137   12 Mg  -0.44582870E-02     -2.79761736
   138   12 Mg  -0.44705026E-02     -2.80528273
   139   12 Mg  -0.44712279E-02     -2.80573784
   140   12 Mg  -0.44709315E-02     -2.80555190
   141   12 Mg  -0.44536278E-02     -2.79469361
   142   12 Mg  -0.44538123E-02     -2.79480941
   143   12 Mg  -0.44536957E-02     -2.79473627
   144   12 Mg  -0.44536256E-02     -2.79469223
   145   12 Mg  -0.44535478E-02     -2.79464347
   146   12 Mg  -0.44536249E-02     -2.79469180
   147   12 Mg  -0.44541818E-02     -2.79504127
   148   12 Mg  -0.45812848E-02     -2.87479961
   149   12 Mg  -0.45807437E-02     -2.87446008
   150   12 Mg  -0.45813963E-02     -2.87486959
--------------------------------------------------

Dispersion energy:      -6.7191188570258E-01 Eh

[Info] Dispersion energy written to .EDISP
