-----------------------------------
 s i m p l e   D F T - D 3  v1.2.1
-----------------------------------

Zero (Chai-Head-Gordon) damping: pbe-D3(0)
--------------------
  s6         1.0000
  s8         0.7220
  s9         0.0000
 rs6         1.2170
 rs8         1.0000
 alp        14.0000
--------------------

Atomic radii (in Angstrom):
-------------------------------------------
   Z          R(cov)     R(vdw)      r4/r2
-------------------------------------------
  19 K        2.3467     2.1206     4.2216
   6 C        1.0000     1.4551     1.6431
-------------------------------------------

Atomic reference systems (in atomic units):
----------------------------------------------------------------------------
   Z        #      CN    C6(AA)   #      CN    C6(AA)   #      CN    C6(AA)
----------------------------------------------------------------------------
  19 K      1  0.0000 4983.5009   2  0.9767  338.0207
   6 C      1  0.0000   49.1130   2  0.9868   43.2452   3  1.9985   29.3602
            4  2.9987   25.7809   5  3.9844   18.2067
----------------------------------------------------------------------------

Dispersion properties (in atomic units):
--------------------------------------------------------
     #    Z                CN       C6(AA)       C8(AA)
--------------------------------------------------------
     1   19 K          0.0230    4786.6466  913903.0404
     2   19 K          0.0230    4786.6466  913903.0404
     3    6 C          0.2435      48.3728    1399.0265
     4    6 C          0.2435      48.3728    1399.0265
     5    6 C          0.1180      48.8145    1411.8007
     6    6 C          0.1180      48.8145    1411.8007
     7    6 C          0.1180      48.8145    1411.8007
     8    6 C          0.1180      48.8145    1411.8007
     9    6 C          0.1180      48.8145    1411.8007
    10    6 C          0.1180      48.8145    1411.8007
    11    6 C          0.1180      48.8145    1411.8007
    12    6 C          0.1180      48.8145    1411.8007
    13    6 C          0.2340      48.4201    1400.3921
    14    6 C          0.2340      48.4201    1400.3921
    15    6 C          0.2340      48.4201    1400.3921
    16    6 C          0.2340      48.4201    1400.3921
    17    6 C          0.2340      48.4201    1400.3921
    18    6 C          0.2340      48.4201    1400.3921
    19    6 C          0.2340      48.4201    1400.3921
    20    6 C          0.2340      48.4201    1400.3921
    21    6 C          0.2274      48.4510    1401.2858
    22    6 C          0.2274      48.4510    1401.2858
    23    6 C          0.2274      48.4510    1401.2858
    24    6 C          0.2274      48.4510    1401.2858
    25    6 C          0.2274      48.4510    1401.2858
    26    6 C          0.2274      48.4510    1401.2858
    27    6 C          0.2274      48.4510    1401.2858
    28    6 C          0.2274      48.4510    1401.2858
    29    6 C          0.2427      48.3766    1399.1358
    30    6 C          0.2427      48.3766    1399.1358
    31    6 C          0.2427      48.3766    1399.1358
    32    6 C          0.2427      48.3766    1399.1358
    33    6 C          0.2427      48.3766    1399.1358
    34    6 C          0.2427      48.3766    1399.1358
    35    6 C          0.2427      48.3766    1399.1358
    36    6 C          0.2427      48.3766    1399.1358
    37    6 C          0.2418      48.3816    1399.2799
    38    6 C          0.2418      48.3816    1399.2799
    39    6 C          0.2418      48.3816    1399.2799
    40    6 C          0.2418      48.3816    1399.2799
    41    6 C          0.2411      48.3850    1399.3782
    42    6 C          0.2411      48.3850    1399.3782
    43    6 C          0.2411      48.3850    1399.3782
    44    6 C          0.2411      48.3850    1399.3782
    45    6 C          0.2428      48.3761    1399.1215
    46    6 C          0.2428      48.3761    1399.1215
    47    6 C          0.2428      48.3761    1399.1215
    48    6 C          0.2428      48.3761    1399.1215
    49    6 C          0.2428      48.3761    1399.1215
    50    6 C          0.2428      48.3761    1399.1215
    51    6 C          0.2428      48.3761    1399.1215
    52    6 C          0.2428      48.3761    1399.1215
    53    6 C          0.2384      48.3985    1399.7702
    54    6 C          0.2384      48.3985    1399.7702
    55    6 C          0.2384      48.3985    1399.7702
    56    6 C          0.2384      48.3985    1399.7702
    57    6 C          0.2384      48.3985    1399.7702
    58    6 C          0.2384      48.3985    1399.7702
    59    6 C          0.2384      48.3985    1399.7702
    60    6 C          0.2384      48.3985    1399.7702
    61    6 C          0.2411      48.3850    1399.3788
    62    6 C          0.2411      48.3850    1399.3788
    63    6 C          0.2411      48.3850    1399.3788
    64    6 C          0.2411      48.3850    1399.3788
    65    6 C          0.2411      48.3850    1399.3788
    66    6 C          0.2411      48.3850    1399.3788
    67    6 C          0.2411      48.3850    1399.3788
    68    6 C          0.2411      48.3850    1399.3788
    69    6 C          0.2422      48.3793    1399.2125
    70    6 C          0.2422      48.3793    1399.2125
    71    6 C          0.2422      48.3793    1399.2125
    72    6 C          0.2422      48.3793    1399.2125
    73    6 C          0.2422      48.3793    1399.2125
    74    6 C          0.2422      48.3793    1399.2125
    75    6 C          0.2422      48.3793    1399.2125
    76    6 C          0.2422      48.3793    1399.2125
    77    6 C          0.2426      48.3774    1399.1589
    78    6 C          0.2426      48.3774    1399.1589
    79    6 C          0.2426      48.3774    1399.1589
    80    6 C          0.2426      48.3774    1399.1589
    81    6 C          0.2426      48.3774    1399.1589
    82    6 C          0.2426      48.3774    1399.1589
    83    6 C          0.2426      48.3774    1399.1589
    84    6 C          0.2426      48.3774    1399.1589
    85    6 C          0.2377      48.4019    1399.8684
    86    6 C          0.2377      48.4019    1399.8684
    87    6 C          0.2377      48.4019    1399.8684
    88    6 C          0.2377      48.4019    1399.8684
    89    6 C          0.2377      48.4019    1399.8684
    90    6 C          0.2377      48.4019    1399.8684
    91    6 C          0.2377      48.4019    1399.8684
    92    6 C          0.2377      48.4019    1399.8684
    93    6 C          0.2467      48.3562    1398.5455
    94    6 C          0.2467      48.3562    1398.5455
    95    6 C          0.2467      48.3562    1398.5455
    96    6 C          0.2467      48.3562    1398.5455
    97    6 C          0.2467      48.3562    1398.5455
    98    6 C          0.2467      48.3562    1398.5455
    99    6 C          0.2467      48.3562    1398.5455
   100    6 C          0.2467      48.3562    1398.5455
   101    6 C          0.2419      48.3808    1399.2561
   102    6 C          0.2419      48.3808    1399.2561
   103    6 C          0.2419      48.3808    1399.2561
   104    6 C          0.2419      48.3808    1399.2561
   105    6 C          0.2419      48.3808    1399.2561
   106    6 C          0.2419      48.3808    1399.2561
   107    6 C          0.2419      48.3808    1399.2561
   108    6 C          0.2419      48.3808    1399.2561
   109    6 C          0.2405      48.3880    1399.4654
   110    6 C          0.2405      48.3880    1399.4654
   111    6 C          0.2405      48.3880    1399.4654
   112    6 C          0.2405      48.3880    1399.4654
   113    6 C          0.2405      48.3880    1399.4654
   114    6 C          0.2405      48.3880    1399.4654
   115    6 C          0.2405      48.3880    1399.4654
   116    6 C          0.2405      48.3880    1399.4654
   117    6 C          0.2435      48.3728    1399.0265
   118    6 C          0.2435      48.3728    1399.0265
   119    6 C          0.2435      48.3728    1399.0265
   120    6 C          0.2435      48.3728    1399.0265
   121    6 C          0.2435      48.3728    1399.0265
   122    6 C          0.2435      48.3728    1399.0265
--------------------------------------------------------

Atom-resolved dispersion energies:
--------------------------------------------------
     #    Z           [Hartree]      [kcal/mol]
--------------------------------------------------
     1   19 K   -0.33602040E-02     -2.10855984
     2   19 K   -0.33602040E-02     -2.10855984
     3    6 C   -0.11821956E-02     -0.74183896
     4    6 C   -0.11821956E-02     -0.74183896
     5    6 C   -0.14456872E-02     -0.90718239
     6    6 C   -0.14456872E-02     -0.90718239
     7    6 C   -0.14456872E-02     -0.90718239
     8    6 C   -0.14456872E-02     -0.90718239
     9    6 C   -0.14456872E-02     -0.90718239
    10    6 C   -0.14456872E-02     -0.90718239
    11    6 C   -0.14456872E-02     -0.90718239
    12    6 C   -0.14456872E-02     -0.90718239
    13    6 C   -0.12530268E-02     -0.78628618
    14    6 C   -0.12530268E-02     -0.78628618
    15    6 C   -0.12530268E-02     -0.78628618
    16    6 C   -0.12530268E-02     -0.78628618
    17    6 C   -0.12530268E-02     -0.78628618
    18    6 C   -0.12530268E-02     -0.78628618
    19    6 C   -0.12530268E-02     -0.78628618
    20    6 C   -0.12530268E-02     -0.78628618
    21    6 C   -0.13494645E-02     -0.84680173
    22    6 C   -0.13494645E-02     -0.84680173
    23    6 C   -0.13494645E-02     -0.84680173
    24    6 C   -0.13494645E-02     -0.84680173
    25    6 C   -0.13494645E-02     -0.84680173
    26    6 C   -0.13494645E-02     -0.84680173
    27    6 C   -0.13494645E-02     -0.84680173
    28    6 C   -0.13494645E-02     -0.84680173
    29    6 C   -0.11731689E-02     -0.73617458
    30    6 C   -0.11731689E-02     -0.73617458
    31    6 C   -0.11731689E-02     -0.73617458
    32    6 C   -0.11731689E-02     -0.73617458
    33    6 C   -0.11731689E-02     -0.73617458
    34    6 C   -0.11731689E-02     -0.73617458
    35    6 C   -0.11731689E-02     -0.73617458
    36    6 C   -0.11731689E-02     -0.73617458
    37    6 C   -0.11621420E-02     -0.72925511
    38    6 C   -0.11621420E-02     -0.72925511
    39    6 C   -0.11621420E-02     -0.72925511
    40    6 C   -0.11621420E-02     -0.72925511
    41    6 C   -0.11362296E-02     -0.71299482
    42    6 C   -0.11362296E-02     -0.71299482
    43    6 C   -0.11362296E-02     -0.71299482
    44    6 C   -0.11362296E-02     -0.71299482
    45    6 C   -0.11897120E-02     -0.74655555
    46    6 C   -0.11897120E-02     -0.74655555
    47    6 C   -0.11897120E-02     -0.74655555
    48    6 C   -0.11897120E-02     -0.74655555
    49    6 C   -0.11897120E-02     -0.74655555
    50    6 C   -0.11897120E-02     -0.74655555
    51    6 C   -0.11897120E-02     -0.74655555
    52    6 C   -0.11897120E-02     -0.74655555
    53    6 C   -0.11801154E-02     -0.74053358
    54    6 C   -0.11801154E-02     -0.74053358
    55    6 C   -0.11801154E-02     -0.74053358
    56    6 C   -0.11801154E-02     -0.74053358
    57    6 C   -0.11801154E-02     -0.74053358
    58    6 C   -0.11801154E-02     -0.74053358
    59    6 C   -0.11801154E-02     -0.74053358
    60    6 C   -0.11801154E-02     -0.74053358
    61    6 C   -0.11803581E-02     -0.74068589
    62    6 C   -0.11803581E-02     -0.74068589
    63    6 C   -0.11803581E-02     -0.74068589
    64    6 C   -0.11803581E-02     -0.74068589
    65    6 C   -0.11803581E-02     -0.74068589
    66    6 C   -0.11803581E-02     -0.74068589
    67    6 C   -0.11803581E-02     -0.74068589
    68    6 C   -0.11803581E-02     -0.74068589
    69    6 C   -0.11760637E-02     -0.73799113
    70    6 C   -0.11760637E-02     -0.73799113
    71    6 C   -0.11760637E-02     -0.73799113
    72    6 C   -0.11760637E-02     -0.73799113
    73    6 C   -0.11760637E-02     -0.73799113
    74    6 C   -0.11760637E-02     -0.73799113
    75    6 C   -0.11760637E-02     -0.73799113
    76    6 C   -0.11760637E-02     -0.73799113
    77    6 C   -0.11640486E-02     -0.73045150
    78    6 C   -0.11640486E-02     -0.73045150
    79    6 C   -0.11640486E-02     -0.73045150
    80    6 C   -0.11640486E-02     -0.73045150
    81    6 C   -0.11640486E-02     -0.73045150
    82    6 C   -0.11640486E-02     -0.73045150
    83    6 C   -0.11640486E-02     -0.73045150
    84    6 C   -0.11640486E-02     -0.73045150
    85    6 C   -0.12102035E-02     -0.75941417
    86    6 C   -0.12102035E-02     -0.75941417
    87    6 C   -0.12102035E-02     -0.75941417
    88    6 C   -0.12102035E-02     -0.75941417
    89    6 C   -0.12102035E-02     -0.75941417
    90    6 C   -0.12102035E-02     -0.75941417
    91    6 C   -0.12102035E-02     -0.75941417
    92    6 C   -0.12102035E-02     -0.75941417
    93    6 C   -0.12009538E-02     -0.75360988
    94    6 C   -0.12009538E-02     -0.75360988
    95    6 C   -0.12009538E-02     -0.75360988
    96    6 C   -0.12009538E-02     -0.75360988
    97    6 C   -0.12009538E-02     -0.75360988
    98    6 C   -0.12009538E-02     -0.75360988
    99    6 C   -0.12009538E-02     -0.75360988
   100    6 C   -0.12009538E-02     -0.75360988
   101    6 C   -0.12336201E-02     -0.77410832
   102    6 C   -0.12336201E-02     -0.77410832
   103    6 C   -0.12336201E-02     -0.77410832
   104    6 C   -0.12336201E-02     -0.77410832
   105    6 C   -0.12336201E-02     -0.77410832
   106    6 C   -0.12336201E-02     -0.77410832
   107    6 C   -0.12336201E-02     -0.77410832
   108    6 C   -0.12336201E-02     -0.77410832
   109    6 C   -0.11767783E-02     -0.73843953
   110    6 C   -0.11767783E-02     -0.73843953
   111    6 C   -0.11767783E-02     -0.73843953
   112    6 C   -0.11767783E-02     -0.73843953
   113    6 C   -0.11767783E-02     -0.73843953
   114    6 C   -0.11767783E-02     -0.73843953
   115    6 C   -0.11767783E-02     -0.73843953
   116    6 C   -0.11767783E-02     -0.73843953
   117    6 C   -0.11821956E-02     -0.74183896
   118    6 C   -0.11821956E-02     -0.74183896
   119    6 C   -0.11821956E-02     -0.74183896
   120    6 C   -0.11821956E-02     -0.74183896
   121    6 C   -0.11821956E-02     -0.74183896
   122    6 C   -0.11821956E-02     -0.74183896
--------------------------------------------------

Dispersion energy:      -1.5283706547874E-01 Eh

[Info] Dispersion energy written to .EDISP
