-----------------------------------
 s i m p l e   D F T - D 3  v1.2.1
-----------------------------------

Zero (Chai-Head-Gordon) damping: pbe-D3(0)
--------------------
  s6         1.0000
  s8         0.7220
  s9         0.0000
 rs6         1.2170
 rs8         1.0000
 alp        14.0000
--------------------

Atomic radii (in Angstrom):
-------------------------------------------
   Z          R(cov)     R(vdw)      r4/r2
-------------------------------------------
  19 K        2.3467     2.1206     4.2216
   6 C        1.0000     1.4551     1.6431
-------------------------------------------

Atomic reference systems (in atomic units):
----------------------------------------------------------------------------
   Z        #      CN    C6(AA)   #      CN    C6(AA)   #      CN    C6(AA)
----------------------------------------------------------------------------
  19 K      1  0.0000 4983.5009   2  0.9767  338.0207
   6 C      1  0.0000   49.1130   2  0.9868   43.2452   3  1.9985   29.3602
            4  2.9987   25.7809   5  3.9844   18.2067
----------------------------------------------------------------------------

Dispersion properties (in atomic units):
--------------------------------------------------------
     #    Z                CN       C6(AA)       C8(AA)
--------------------------------------------------------
     1   19 K          0.0520    4738.9684  904799.9572
     2   19 K          0.0520    4738.9684  904799.9572
     3    6 C          0.7602      43.8222    1267.4129
     4    6 C          0.7602      43.8222    1267.4129
     5    6 C          0.3784      47.3804    1370.3238
     6    6 C          0.3784      47.3804    1370.3238
     7    6 C          0.3784      47.3804    1370.3238
     8    6 C          0.3784      47.3804    1370.3238
     9    6 C          0.3784      47.3804    1370.3238
    10    6 C          0.3784      47.3804    1370.3238
    11    6 C          0.3784      47.3804    1370.3238
    12    6 C          0.3784      47.3804    1370.3238
    13    6 C          0.7201      44.0306    1273.4426
    14    6 C          0.7201      44.0306    1273.4426
    15    6 C          0.7201      44.0306    1273.4426
    16    6 C          0.7201      44.0306    1273.4426
    17    6 C          0.7201      44.0306    1273.4426
    18    6 C          0.7201      44.0306    1273.4426
    19    6 C          0.7201      44.0306    1273.4426
    20    6 C          0.7201      44.0306    1273.4426
    21    6 C          0.7027      44.1355    1276.4749
    22    6 C          0.7027      44.1355    1276.4749
    23    6 C          0.7027      44.1355    1276.4749
    24    6 C          0.7027      44.1355    1276.4749
    25    6 C          0.7027      44.1355    1276.4749
    26    6 C          0.7027      44.1355    1276.4749
    27    6 C          0.7027      44.1355    1276.4749
    28    6 C          0.7027      44.1355    1276.4749
    29    6 C          0.7582      43.8314    1267.6796
    30    6 C          0.7582      43.8314    1267.6796
    31    6 C          0.7582      43.8314    1267.6796
    32    6 C          0.7582      43.8314    1267.6796
    33    6 C          0.7582      43.8314    1267.6796
    34    6 C          0.7582      43.8314    1267.6796
    35    6 C          0.7582      43.8314    1267.6796
    36    6 C          0.7582      43.8314    1267.6796
    37    6 C          0.7550      43.8469    1268.1280
    38    6 C          0.7550      43.8469    1268.1280
    39    6 C          0.7550      43.8469    1268.1280
    40    6 C          0.7550      43.8469    1268.1280
    41    6 C          0.7530      43.8564    1268.4037
    42    6 C          0.7530      43.8564    1268.4037
    43    6 C          0.7530      43.8564    1268.4037
    44    6 C          0.7530      43.8564    1268.4037
    45    6 C          0.7591      43.8272    1267.5577
    46    6 C          0.7591      43.8272    1267.5577
    47    6 C          0.7591      43.8272    1267.5577
    48    6 C          0.7591      43.8272    1267.5577
    49    6 C          0.7591      43.8272    1267.5577
    50    6 C          0.7591      43.8272    1267.5577
    51    6 C          0.7591      43.8272    1267.5577
    52    6 C          0.7591      43.8272    1267.5577
    53    6 C          0.7469      43.8866    1269.2760
    54    6 C          0.7469      43.8866    1269.2760
    55    6 C          0.7469      43.8866    1269.2760
    56    6 C          0.7469      43.8866    1269.2760
    57    6 C          0.7469      43.8866    1269.2760
    58    6 C          0.7469      43.8866    1269.2760
    59    6 C          0.7469      43.8866    1269.2760
    60    6 C          0.7469      43.8866    1269.2760
    61    6 C          0.7537      43.8528    1268.3005
    62    6 C          0.7537      43.8528    1268.3005
    63    6 C          0.7537      43.8528    1268.3005
    64    6 C          0.7537      43.8528    1268.3005
    65    6 C          0.7537      43.8528    1268.3005
    66    6 C          0.7537      43.8528    1268.3005
    67    6 C          0.7537      43.8528    1268.3005
    68    6 C          0.7537      43.8528    1268.3005
    69    6 C          0.7565      43.8394    1267.9118
    70    6 C          0.7565      43.8394    1267.9118
    71    6 C          0.7565      43.8394    1267.9118
    72    6 C          0.7565      43.8394    1267.9118
    73    6 C          0.7565      43.8394    1267.9118
    74    6 C          0.7565      43.8394    1267.9118
    75    6 C          0.7565      43.8394    1267.9118
    76    6 C          0.7565      43.8394    1267.9118
    77    6 C          0.7506      43.8682    1268.7439
    78    6 C          0.7506      43.8682    1268.7439
    79    6 C          0.7506      43.8682    1268.7439
    80    6 C          0.7506      43.8682    1268.7439
    81    6 C          0.7506      43.8682    1268.7439
    82    6 C          0.7506      43.8682    1268.7439
    83    6 C          0.7506      43.8682    1268.7439
    84    6 C          0.7506      43.8682    1268.7439
    85    6 C          0.7381      43.9314    1270.5738
    86    6 C          0.7381      43.9314    1270.5738
    87    6 C          0.7381      43.9314    1270.5738
    88    6 C          0.7381      43.9314    1270.5738
    89    6 C          0.7381      43.9314    1270.5738
    90    6 C          0.7381      43.9314    1270.5738
    91    6 C          0.7381      43.9314    1270.5738
    92    6 C          0.7381      43.9314    1270.5738
    93    6 C          0.7700      43.7773    1266.1157
    94    6 C          0.7700      43.7773    1266.1157
    95    6 C          0.7700      43.7773    1266.1157
    96    6 C          0.7700      43.7773    1266.1157
    97    6 C          0.7700      43.7773    1266.1157
    98    6 C          0.7700      43.7773    1266.1157
    99    6 C          0.7700      43.7773    1266.1157
   100    6 C          0.7700      43.7773    1266.1157
   101    6 C          0.7569      43.8377    1267.8630
   102    6 C          0.7569      43.8377    1267.8630
   103    6 C          0.7569      43.8377    1267.8630
   104    6 C          0.7569      43.8377    1267.8630
   105    6 C          0.7569      43.8377    1267.8630
   106    6 C          0.7569      43.8377    1267.8630
   107    6 C          0.7569      43.8377    1267.8630
   108    6 C          0.7569      43.8377    1267.8630
   109    6 C          0.7517      43.8627    1268.5842
   110    6 C          0.7517      43.8627    1268.5842
   111    6 C          0.7517      43.8627    1268.5842
   112    6 C          0.7517      43.8627    1268.5842
   113    6 C          0.7517      43.8627    1268.5842
   114    6 C          0.7517      43.8627    1268.5842
   115    6 C          0.7517      43.8627    1268.5842
   116    6 C          0.7517      43.8627    1268.5842
   117    6 C          0.7602      43.8222    1267.4129
   118    6 C          0.7602      43.8222    1267.4129
   119    6 C          0.7602      43.8222    1267.4129
   120    6 C          0.7602      43.8222    1267.4129
   121    6 C          0.7602      43.8222    1267.4129
   122    6 C          0.7602      43.8222    1267.4129
--------------------------------------------------------

Atom-resolved dispersion energies:
--------------------------------------------------
     #    Z           [Hartree]      [kcal/mol]
--------------------------------------------------
     1   19 K   -0.58214666E-02     -3.65302547
     2   19 K   -0.58214666E-02     -3.65302547
     3    6 C   -0.14991052E-02     -0.94070272
     4    6 C   -0.14991052E-02     -0.94070272
     5    6 C   -0.18195453E-02     -1.14178191
     6    6 C   -0.18195453E-02     -1.14178191
     7    6 C   -0.18195453E-02     -1.14178191
     8    6 C   -0.18195453E-02     -1.14178191
     9    6 C   -0.18195453E-02     -1.14178191
    10    6 C   -0.18195453E-02     -1.14178191
    11    6 C   -0.18195453E-02     -1.14178191
    12    6 C   -0.18195453E-02     -1.14178191
    13    6 C   -0.16020075E-02     -1.00527489
    14    6 C   -0.16020075E-02     -1.00527489
    15    6 C   -0.16020075E-02     -1.00527489
    16    6 C   -0.16020075E-02     -1.00527489
    17    6 C   -0.16020075E-02     -1.00527489
    18    6 C   -0.16020075E-02     -1.00527489
    19    6 C   -0.16020075E-02     -1.00527489
    20    6 C   -0.16020075E-02     -1.00527489
    21    6 C   -0.17631709E-02     -1.10640647
    22    6 C   -0.17631709E-02     -1.10640647
    23    6 C   -0.17631709E-02     -1.10640647
    24    6 C   -0.17631709E-02     -1.10640647
    25    6 C   -0.17631709E-02     -1.10640647
    26    6 C   -0.17631709E-02     -1.10640647
    27    6 C   -0.17631709E-02     -1.10640647
    28    6 C   -0.17631709E-02     -1.10640647
    29    6 C   -0.14797461E-02     -0.92855468
    30    6 C   -0.14797461E-02     -0.92855468
    31    6 C   -0.14797461E-02     -0.92855468
    32    6 C   -0.14797461E-02     -0.92855468
    33    6 C   -0.14797461E-02     -0.92855468
    34    6 C   -0.14797461E-02     -0.92855468
    35    6 C   -0.14797461E-02     -0.92855468
    36    6 C   -0.14797461E-02     -0.92855468
    37    6 C   -0.14637303E-02     -0.91850461
    38    6 C   -0.14637303E-02     -0.91850461
    39    6 C   -0.14637303E-02     -0.91850461
    40    6 C   -0.14637303E-02     -0.91850461
    41    6 C   -0.14236814E-02     -0.89337359
    42    6 C   -0.14236814E-02     -0.89337359
    43    6 C   -0.14236814E-02     -0.89337359
    44    6 C   -0.14236814E-02     -0.89337359
    45    6 C   -0.15085186E-02     -0.94660969
    46    6 C   -0.15085186E-02     -0.94660969
    47    6 C   -0.15085186E-02     -0.94660969
    48    6 C   -0.15085186E-02     -0.94660969
    49    6 C   -0.15085186E-02     -0.94660969
    50    6 C   -0.15085186E-02     -0.94660969
    51    6 C   -0.15085186E-02     -0.94660969
    52    6 C   -0.15085186E-02     -0.94660969
    53    6 C   -0.14990201E-02     -0.94064932
    54    6 C   -0.14990201E-02     -0.94064932
    55    6 C   -0.14990201E-02     -0.94064932
    56    6 C   -0.14990201E-02     -0.94064932
    57    6 C   -0.14990201E-02     -0.94064932
    58    6 C   -0.14990201E-02     -0.94064932
    59    6 C   -0.14990201E-02     -0.94064932
    60    6 C   -0.14990201E-02     -0.94064932
    61    6 C   -0.14906323E-02     -0.93538592
    62    6 C   -0.14906323E-02     -0.93538592
    63    6 C   -0.14906323E-02     -0.93538592
    64    6 C   -0.14906323E-02     -0.93538592
    65    6 C   -0.14906323E-02     -0.93538592
    66    6 C   -0.14906323E-02     -0.93538592
    67    6 C   -0.14906323E-02     -0.93538592
    68    6 C   -0.14906323E-02     -0.93538592
    69    6 C   -0.14877856E-02     -0.93359957
    70    6 C   -0.14877856E-02     -0.93359957
    71    6 C   -0.14877856E-02     -0.93359957
    72    6 C   -0.14877856E-02     -0.93359957
    73    6 C   -0.14877856E-02     -0.93359957
    74    6 C   -0.14877856E-02     -0.93359957
    75    6 C   -0.14877856E-02     -0.93359957
    76    6 C   -0.14877856E-02     -0.93359957
    77    6 C   -0.14892732E-02     -0.93453305
    78    6 C   -0.14892732E-02     -0.93453305
    79    6 C   -0.14892732E-02     -0.93453305
    80    6 C   -0.14892732E-02     -0.93453305
    81    6 C   -0.14892732E-02     -0.93453305
    82    6 C   -0.14892732E-02     -0.93453305
    83    6 C   -0.14892732E-02     -0.93453305
    84    6 C   -0.14892732E-02     -0.93453305
    85    6 C   -0.15710249E-02     -0.98583300
    86    6 C   -0.15710249E-02     -0.98583300
    87    6 C   -0.15710249E-02     -0.98583300
    88    6 C   -0.15710249E-02     -0.98583300
    89    6 C   -0.15710249E-02     -0.98583300
    90    6 C   -0.15710249E-02     -0.98583300
    91    6 C   -0.15710249E-02     -0.98583300
    92    6 C   -0.15710249E-02     -0.98583300
    93    6 C   -0.15306968E-02     -0.96052676
    94    6 C   -0.15306968E-02     -0.96052676
    95    6 C   -0.15306968E-02     -0.96052676
    96    6 C   -0.15306968E-02     -0.96052676
    97    6 C   -0.15306968E-02     -0.96052676
    98    6 C   -0.15306968E-02     -0.96052676
    99    6 C   -0.15306968E-02     -0.96052676
   100    6 C   -0.15306968E-02     -0.96052676
   101    6 C   -0.15916692E-02     -0.99878752
   102    6 C   -0.15916692E-02     -0.99878752
   103    6 C   -0.15916692E-02     -0.99878752
   104    6 C   -0.15916692E-02     -0.99878752
   105    6 C   -0.15916692E-02     -0.99878752
   106    6 C   -0.15916692E-02     -0.99878752
   107    6 C   -0.15916692E-02     -0.99878752
   108    6 C   -0.15916692E-02     -0.99878752
   109    6 C   -0.14936543E-02     -0.93728224
   110    6 C   -0.14936543E-02     -0.93728224
   111    6 C   -0.14936543E-02     -0.93728224
   112    6 C   -0.14936543E-02     -0.93728224
   113    6 C   -0.14936543E-02     -0.93728224
   114    6 C   -0.14936543E-02     -0.93728224
   115    6 C   -0.14936543E-02     -0.93728224
   116    6 C   -0.14936543E-02     -0.93728224
   117    6 C   -0.14991052E-02     -0.94070272
   118    6 C   -0.14991052E-02     -0.94070272
   119    6 C   -0.14991052E-02     -0.94070272
   120    6 C   -0.14991052E-02     -0.94070272
   121    6 C   -0.14991052E-02     -0.94070272
   122    6 C   -0.14991052E-02     -0.94070272
--------------------------------------------------

Dispersion energy:      -1.9779938122393E-01 Eh

[Info] Dispersion energy written to .EDISP
