-----------------------------------
 s i m p l e   D F T - D 3  v1.2.1
-----------------------------------

Zero (Chai-Head-Gordon) damping: pbe-D3(0)
--------------------
  s6         1.0000
  s8         0.7220
  s9         0.0000
 rs6         1.2170
 rs8         1.0000
 alp        14.0000
--------------------

Atomic radii (in Angstrom):
-------------------------------------------
   Z          R(cov)     R(vdw)      r4/r2
-------------------------------------------
  19 K        2.3467     2.1206     4.2216
   6 C        1.0000     1.4551     1.6431
-------------------------------------------

Atomic reference systems (in atomic units):
----------------------------------------------------------------------------
   Z        #      CN    C6(AA)   #      CN    C6(AA)   #      CN    C6(AA)
----------------------------------------------------------------------------
  19 K      1  0.0000 4983.5009   2  0.9767  338.0207
   6 C      1  0.0000   49.1130   2  0.9868   43.2452   3  1.9985   29.3602
            4  2.9987   25.7809   5  3.9844   18.2067
----------------------------------------------------------------------------

Dispersion properties (in atomic units):
--------------------------------------------------------
     #    Z                CN       C6(AA)       C8(AA)
--------------------------------------------------------
     1   19 K          0.0026    4814.8343  919284.8549
     2   19 K          0.0026    4814.8343  919284.8549
     3    6 C          0.0075      48.9844    1416.7141
     4    6 C          0.0075      48.9844    1416.7141
     5    6 C          0.0048      48.9871    1416.7929
     6    6 C          0.0048      48.9871    1416.7929
     7    6 C          0.0048      48.9871    1416.7929
     8    6 C          0.0048      48.9871    1416.7929
     9    6 C          0.0048      48.9871    1416.7929
    10    6 C          0.0048      48.9871    1416.7929
    11    6 C          0.0048      48.9871    1416.7929
    12    6 C          0.0048      48.9871    1416.7929
    13    6 C          0.0073      48.9847    1416.7221
    14    6 C          0.0073      48.9847    1416.7221
    15    6 C          0.0073      48.9847    1416.7221
    16    6 C          0.0073      48.9847    1416.7221
    17    6 C          0.0073      48.9847    1416.7221
    18    6 C          0.0073      48.9847    1416.7221
    19    6 C          0.0073      48.9847    1416.7221
    20    6 C          0.0073      48.9847    1416.7221
    21    6 C          0.0072      48.9848    1416.7251
    22    6 C          0.0072      48.9848    1416.7251
    23    6 C          0.0072      48.9848    1416.7251
    24    6 C          0.0072      48.9848    1416.7251
    25    6 C          0.0072      48.9848    1416.7251
    26    6 C          0.0072      48.9848    1416.7251
    27    6 C          0.0072      48.9848    1416.7251
    28    6 C          0.0072      48.9848    1416.7251
    29    6 C          0.0075      48.9844    1416.7149
    30    6 C          0.0075      48.9844    1416.7149
    31    6 C          0.0075      48.9844    1416.7149
    32    6 C          0.0075      48.9844    1416.7149
    33    6 C          0.0075      48.9844    1416.7149
    34    6 C          0.0075      48.9844    1416.7149
    35    6 C          0.0075      48.9844    1416.7149
    36    6 C          0.0075      48.9844    1416.7149
    37    6 C          0.0075      48.9845    1416.7154
    38    6 C          0.0075      48.9845    1416.7154
    39    6 C          0.0075      48.9845    1416.7154
    40    6 C          0.0075      48.9845    1416.7154
    41    6 C          0.0075      48.9845    1416.7163
    42    6 C          0.0075      48.9845    1416.7163
    43    6 C          0.0075      48.9845    1416.7163
    44    6 C          0.0075      48.9845    1416.7163
    45    6 C          0.0075      48.9844    1416.7144
    46    6 C          0.0075      48.9844    1416.7144
    47    6 C          0.0075      48.9844    1416.7144
    48    6 C          0.0075      48.9844    1416.7144
    49    6 C          0.0075      48.9844    1416.7144
    50    6 C          0.0075      48.9844    1416.7144
    51    6 C          0.0075      48.9844    1416.7144
    52    6 C          0.0075      48.9844    1416.7144
    53    6 C          0.0074      48.9845    1416.7174
    54    6 C          0.0074      48.9845    1416.7174
    55    6 C          0.0074      48.9845    1416.7174
    56    6 C          0.0074      48.9845    1416.7174
    57    6 C          0.0074      48.9845    1416.7174
    58    6 C          0.0074      48.9845    1416.7174
    59    6 C          0.0074      48.9845    1416.7174
    60    6 C          0.0074      48.9845    1416.7174
    61    6 C          0.0075      48.9845    1416.7158
    62    6 C          0.0075      48.9845    1416.7158
    63    6 C          0.0075      48.9845    1416.7158
    64    6 C          0.0075      48.9845    1416.7158
    65    6 C          0.0075      48.9845    1416.7158
    66    6 C          0.0075      48.9845    1416.7158
    67    6 C          0.0075      48.9845    1416.7158
    68    6 C          0.0075      48.9845    1416.7158
    69    6 C          0.0075      48.9844    1416.7150
    70    6 C          0.0075      48.9844    1416.7150
    71    6 C          0.0075      48.9844    1416.7150
    72    6 C          0.0075      48.9844    1416.7150
    73    6 C          0.0075      48.9844    1416.7150
    74    6 C          0.0075      48.9844    1416.7150
    75    6 C          0.0075      48.9844    1416.7150
    76    6 C          0.0075      48.9844    1416.7150
    77    6 C          0.0075      48.9845    1416.7159
    78    6 C          0.0075      48.9845    1416.7159
    79    6 C          0.0075      48.9845    1416.7159
    80    6 C          0.0075      48.9845    1416.7159
    81    6 C          0.0075      48.9845    1416.7159
    82    6 C          0.0075      48.9845    1416.7159
    83    6 C          0.0075      48.9845    1416.7159
    84    6 C          0.0075      48.9845    1416.7159
    85    6 C          0.0074      48.9845    1416.7182
    86    6 C          0.0074      48.9845    1416.7182
    87    6 C          0.0074      48.9845    1416.7182
    88    6 C          0.0074      48.9845    1416.7182
    89    6 C          0.0074      48.9845    1416.7182
    90    6 C          0.0074      48.9845    1416.7182
    91    6 C          0.0074      48.9845    1416.7182
    92    6 C          0.0074      48.9845    1416.7182
    93    6 C          0.0076      48.9843    1416.7121
    94    6 C          0.0076      48.9843    1416.7121
    95    6 C          0.0076      48.9843    1416.7121
    96    6 C          0.0076      48.9843    1416.7121
    97    6 C          0.0076      48.9843    1416.7121
    98    6 C          0.0076      48.9843    1416.7121
    99    6 C          0.0076      48.9843    1416.7121
   100    6 C          0.0076      48.9843    1416.7121
   101    6 C          0.0075      48.9844    1416.7144
   102    6 C          0.0075      48.9844    1416.7144
   103    6 C          0.0075      48.9844    1416.7144
   104    6 C          0.0075      48.9844    1416.7144
   105    6 C          0.0075      48.9844    1416.7144
   106    6 C          0.0075      48.9844    1416.7144
   107    6 C          0.0075      48.9844    1416.7144
   108    6 C          0.0075      48.9844    1416.7144
   109    6 C          0.0075      48.9845    1416.7160
   110    6 C          0.0075      48.9845    1416.7160
   111    6 C          0.0075      48.9845    1416.7160
   112    6 C          0.0075      48.9845    1416.7160
   113    6 C          0.0075      48.9845    1416.7160
   114    6 C          0.0075      48.9845    1416.7160
   115    6 C          0.0075      48.9845    1416.7160
   116    6 C          0.0075      48.9845    1416.7160
   117    6 C          0.0075      48.9844    1416.7141
   118    6 C          0.0075      48.9844    1416.7141
   119    6 C          0.0075      48.9844    1416.7141
   120    6 C          0.0075      48.9844    1416.7141
   121    6 C          0.0075      48.9844    1416.7141
   122    6 C          0.0075      48.9844    1416.7141
--------------------------------------------------------

Atom-resolved dispersion energies:
--------------------------------------------------
     #    Z           [Hartree]      [kcal/mol]
--------------------------------------------------
     1   19 K   -0.47087147E-03     -0.29547631
     2   19 K   -0.47087147E-03     -0.29547631
     3    6 C   -0.64924714E-03     -0.40740873
     4    6 C   -0.64924714E-03     -0.40740873
     5    6 C   -0.80289608E-03     -0.50382490
     6    6 C   -0.80289608E-03     -0.50382490
     7    6 C   -0.80289608E-03     -0.50382490
     8    6 C   -0.80289608E-03     -0.50382490
     9    6 C   -0.80289608E-03     -0.50382490
    10    6 C   -0.80289608E-03     -0.50382490
    11    6 C   -0.80289608E-03     -0.50382490
    12    6 C   -0.80289608E-03     -0.50382490
    13    6 C   -0.64854936E-03     -0.40697087
    14    6 C   -0.64854936E-03     -0.40697087
    15    6 C   -0.64854936E-03     -0.40697087
    16    6 C   -0.64854936E-03     -0.40697087
    17    6 C   -0.64854936E-03     -0.40697087
    18    6 C   -0.64854936E-03     -0.40697087
    19    6 C   -0.64854936E-03     -0.40697087
    20    6 C   -0.64854936E-03     -0.40697087
    21    6 C   -0.66234249E-03     -0.41562619
    22    6 C   -0.66234249E-03     -0.41562619
    23    6 C   -0.66234249E-03     -0.41562619
    24    6 C   -0.66234249E-03     -0.41562619
    25    6 C   -0.66234249E-03     -0.41562619
    26    6 C   -0.66234249E-03     -0.41562619
    27    6 C   -0.66234249E-03     -0.41562619
    28    6 C   -0.66234249E-03     -0.41562619
    29    6 C   -0.64745013E-03     -0.40628109
    30    6 C   -0.64745013E-03     -0.40628109
    31    6 C   -0.64745013E-03     -0.40628109
    32    6 C   -0.64745013E-03     -0.40628109
    33    6 C   -0.64745013E-03     -0.40628109
    34    6 C   -0.64745013E-03     -0.40628109
    35    6 C   -0.64745013E-03     -0.40628109
    36    6 C   -0.64745013E-03     -0.40628109
    37    6 C   -0.64630506E-03     -0.40556255
    38    6 C   -0.64630506E-03     -0.40556255
    39    6 C   -0.64630506E-03     -0.40556255
    40    6 C   -0.64630506E-03     -0.40556255
    41    6 C   -0.64188105E-03     -0.40278644
    42    6 C   -0.64188105E-03     -0.40278644
    43    6 C   -0.64188105E-03     -0.40278644
    44    6 C   -0.64188105E-03     -0.40278644
    45    6 C   -0.65116830E-03     -0.40861428
    46    6 C   -0.65116830E-03     -0.40861428
    47    6 C   -0.65116830E-03     -0.40861428
    48    6 C   -0.65116830E-03     -0.40861428
    49    6 C   -0.65116830E-03     -0.40861428
    50    6 C   -0.65116830E-03     -0.40861428
    51    6 C   -0.65116830E-03     -0.40861428
    52    6 C   -0.65116830E-03     -0.40861428
    53    6 C   -0.65000048E-03     -0.40788146
    54    6 C   -0.65000048E-03     -0.40788146
    55    6 C   -0.65000048E-03     -0.40788146
    56    6 C   -0.65000048E-03     -0.40788146
    57    6 C   -0.65000048E-03     -0.40788146
    58    6 C   -0.65000048E-03     -0.40788146
    59    6 C   -0.65000048E-03     -0.40788146
    60    6 C   -0.65000048E-03     -0.40788146
    61    6 C   -0.64974952E-03     -0.40772398
    62    6 C   -0.64974952E-03     -0.40772398
    63    6 C   -0.64974952E-03     -0.40772398
    64    6 C   -0.64974952E-03     -0.40772398
    65    6 C   -0.64974952E-03     -0.40772398
    66    6 C   -0.64974952E-03     -0.40772398
    67    6 C   -0.64974952E-03     -0.40772398
    68    6 C   -0.64974952E-03     -0.40772398
    69    6 C   -0.64821328E-03     -0.40675997
    70    6 C   -0.64821328E-03     -0.40675997
    71    6 C   -0.64821328E-03     -0.40675997
    72    6 C   -0.64821328E-03     -0.40675997
    73    6 C   -0.64821328E-03     -0.40675997
    74    6 C   -0.64821328E-03     -0.40675997
    75    6 C   -0.64821328E-03     -0.40675997
    76    6 C   -0.64821328E-03     -0.40675997
    77    6 C   -0.63983111E-03     -0.40150008
    78    6 C   -0.63983111E-03     -0.40150008
    79    6 C   -0.63983111E-03     -0.40150008
    80    6 C   -0.63983111E-03     -0.40150008
    81    6 C   -0.63983111E-03     -0.40150008
    82    6 C   -0.63983111E-03     -0.40150008
    83    6 C   -0.63983111E-03     -0.40150008
    84    6 C   -0.63983111E-03     -0.40150008
    85    6 C   -0.64740511E-03     -0.40625284
    86    6 C   -0.64740511E-03     -0.40625284
    87    6 C   -0.64740511E-03     -0.40625284
    88    6 C   -0.64740511E-03     -0.40625284
    89    6 C   -0.64740511E-03     -0.40625284
    90    6 C   -0.64740511E-03     -0.40625284
    91    6 C   -0.64740511E-03     -0.40625284
    92    6 C   -0.64740511E-03     -0.40625284
    93    6 C   -0.64889289E-03     -0.40718644
    94    6 C   -0.64889289E-03     -0.40718644
    95    6 C   -0.64889289E-03     -0.40718644
    96    6 C   -0.64889289E-03     -0.40718644
    97    6 C   -0.64889289E-03     -0.40718644
    98    6 C   -0.64889289E-03     -0.40718644
    99    6 C   -0.64889289E-03     -0.40718644
   100    6 C   -0.64889289E-03     -0.40718644
   101    6 C   -0.65377645E-03     -0.41025092
   102    6 C   -0.65377645E-03     -0.41025092
   103    6 C   -0.65377645E-03     -0.41025092
   104    6 C   -0.65377645E-03     -0.41025092
   105    6 C   -0.65377645E-03     -0.41025092
   106    6 C   -0.65377645E-03     -0.41025092
   107    6 C   -0.65377645E-03     -0.41025092
   108    6 C   -0.65377645E-03     -0.41025092
   109    6 C   -0.64841559E-03     -0.40688693
   110    6 C   -0.64841559E-03     -0.40688693
   111    6 C   -0.64841559E-03     -0.40688693
   112    6 C   -0.64841559E-03     -0.40688693
   113    6 C   -0.64841559E-03     -0.40688693
   114    6 C   -0.64841559E-03     -0.40688693
   115    6 C   -0.64841559E-03     -0.40688693
   116    6 C   -0.64841559E-03     -0.40688693
   117    6 C   -0.64924714E-03     -0.40740873
   118    6 C   -0.64924714E-03     -0.40740873
   119    6 C   -0.64924714E-03     -0.40740873
   120    6 C   -0.64924714E-03     -0.40740873
   121    6 C   -0.64924714E-03     -0.40740873
   122    6 C   -0.64924714E-03     -0.40740873
--------------------------------------------------

Dispersion energy:      -8.0077990954082E-02 Eh

[Info] Dispersion energy written to .EDISP
