-----------------------------------
 s i m p l e   D F T - D 3  v1.2.1
-----------------------------------

Zero (Chai-Head-Gordon) damping: pbe-D3(0)
--------------------
  s6         1.0000
  s8         0.7220
  s9         0.0000
 rs6         1.2170
 rs8         1.0000
 alp        14.0000
--------------------

Atomic radii (in Angstrom):
-------------------------------------------
   Z          R(cov)     R(vdw)      r4/r2
-------------------------------------------
  19 K        2.3467     2.1206     4.2216
   6 C        1.0000     1.4551     1.6431
-------------------------------------------

Atomic reference systems (in atomic units):
----------------------------------------------------------------------------
   Z        #      CN    C6(AA)   #      CN    C6(AA)   #      CN    C6(AA)
----------------------------------------------------------------------------
  19 K      1  0.0000 4983.5009   2  0.9767  338.0207
   6 C      1  0.0000   49.1130   2  0.9868   43.2452   3  1.9985   29.3602
            4  2.9987   25.7809   5  3.9844   18.2067
----------------------------------------------------------------------------

Dispersion properties (in atomic units):
--------------------------------------------------------
     #    Z                CN       C6(AA)       C8(AA)
--------------------------------------------------------
     1   19 K          0.0023    4815.2349  919361.3360
     2   19 K          0.0023    4815.2349  919361.3360
     3    6 C          0.0061      48.9858    1416.7546
     4    6 C          0.0061      48.9858    1416.7546
     5    6 C          0.0039      48.9879    1416.8160
     6    6 C          0.0039      48.9879    1416.8160
     7    6 C          0.0039      48.9879    1416.8160
     8    6 C          0.0039      48.9879    1416.8160
     9    6 C          0.0039      48.9879    1416.8160
    10    6 C          0.0039      48.9879    1416.8160
    11    6 C          0.0039      48.9879    1416.8160
    12    6 C          0.0039      48.9879    1416.8160
    13    6 C          0.0059      48.9860    1416.7610
    14    6 C          0.0059      48.9860    1416.7610
    15    6 C          0.0059      48.9860    1416.7610
    16    6 C          0.0059      48.9860    1416.7610
    17    6 C          0.0059      48.9860    1416.7610
    18    6 C          0.0059      48.9860    1416.7610
    19    6 C          0.0059      48.9860    1416.7610
    20    6 C          0.0059      48.9860    1416.7610
    21    6 C          0.0058      48.9861    1416.7632
    22    6 C          0.0058      48.9861    1416.7632
    23    6 C          0.0058      48.9861    1416.7632
    24    6 C          0.0058      48.9861    1416.7632
    25    6 C          0.0058      48.9861    1416.7632
    26    6 C          0.0058      48.9861    1416.7632
    27    6 C          0.0058      48.9861    1416.7632
    28    6 C          0.0058      48.9861    1416.7632
    29    6 C          0.0061      48.9858    1416.7551
    30    6 C          0.0061      48.9858    1416.7551
    31    6 C          0.0061      48.9858    1416.7551
    32    6 C          0.0061      48.9858    1416.7551
    33    6 C          0.0061      48.9858    1416.7551
    34    6 C          0.0061      48.9858    1416.7551
    35    6 C          0.0061      48.9858    1416.7551
    36    6 C          0.0061      48.9858    1416.7551
    37    6 C          0.0061      48.9858    1416.7558
    38    6 C          0.0061      48.9858    1416.7558
    39    6 C          0.0061      48.9858    1416.7558
    40    6 C          0.0061      48.9858    1416.7558
    41    6 C          0.0061      48.9859    1416.7564
    42    6 C          0.0061      48.9859    1416.7564
    43    6 C          0.0061      48.9859    1416.7564
    44    6 C          0.0061      48.9859    1416.7564
    45    6 C          0.0061      48.9858    1416.7548
    46    6 C          0.0061      48.9858    1416.7548
    47    6 C          0.0061      48.9858    1416.7548
    48    6 C          0.0061      48.9858    1416.7548
    49    6 C          0.0061      48.9858    1416.7548
    50    6 C          0.0061      48.9858    1416.7548
    51    6 C          0.0061      48.9858    1416.7548
    52    6 C          0.0061      48.9858    1416.7548
    53    6 C          0.0060      48.9859    1416.7571
    54    6 C          0.0060      48.9859    1416.7571
    55    6 C          0.0060      48.9859    1416.7571
    56    6 C          0.0060      48.9859    1416.7571
    57    6 C          0.0060      48.9859    1416.7571
    58    6 C          0.0060      48.9859    1416.7571
    59    6 C          0.0060      48.9859    1416.7571
    60    6 C          0.0060      48.9859    1416.7571
    61    6 C          0.0061      48.9858    1416.7559
    62    6 C          0.0061      48.9858    1416.7559
    63    6 C          0.0061      48.9858    1416.7559
    64    6 C          0.0061      48.9858    1416.7559
    65    6 C          0.0061      48.9858    1416.7559
    66    6 C          0.0061      48.9858    1416.7559
    67    6 C          0.0061      48.9858    1416.7559
    68    6 C          0.0061      48.9858    1416.7559
    69    6 C          0.0061      48.9858    1416.7553
    70    6 C          0.0061      48.9858    1416.7553
    71    6 C          0.0061      48.9858    1416.7553
    72    6 C          0.0061      48.9858    1416.7553
    73    6 C          0.0061      48.9858    1416.7553
    74    6 C          0.0061      48.9858    1416.7553
    75    6 C          0.0061      48.9858    1416.7553
    76    6 C          0.0061      48.9858    1416.7553
    77    6 C          0.0061      48.9859    1416.7560
    78    6 C          0.0061      48.9859    1416.7560
    79    6 C          0.0061      48.9859    1416.7560
    80    6 C          0.0061      48.9859    1416.7560
    81    6 C          0.0061      48.9859    1416.7560
    82    6 C          0.0061      48.9859    1416.7560
    83    6 C          0.0061      48.9859    1416.7560
    84    6 C          0.0061      48.9859    1416.7560
    85    6 C          0.0060      48.9859    1416.7579
    86    6 C          0.0060      48.9859    1416.7579
    87    6 C          0.0060      48.9859    1416.7579
    88    6 C          0.0060      48.9859    1416.7579
    89    6 C          0.0060      48.9859    1416.7579
    90    6 C          0.0060      48.9859    1416.7579
    91    6 C          0.0060      48.9859    1416.7579
    92    6 C          0.0060      48.9859    1416.7579
    93    6 C          0.0062      48.9858    1416.7531
    94    6 C          0.0062      48.9858    1416.7531
    95    6 C          0.0062      48.9858    1416.7531
    96    6 C          0.0062      48.9858    1416.7531
    97    6 C          0.0062      48.9858    1416.7531
    98    6 C          0.0062      48.9858    1416.7531
    99    6 C          0.0062      48.9858    1416.7531
   100    6 C          0.0062      48.9858    1416.7531
   101    6 C          0.0061      48.9858    1416.7550
   102    6 C          0.0061      48.9858    1416.7550
   103    6 C          0.0061      48.9858    1416.7550
   104    6 C          0.0061      48.9858    1416.7550
   105    6 C          0.0061      48.9858    1416.7550
   106    6 C          0.0061      48.9858    1416.7550
   107    6 C          0.0061      48.9858    1416.7550
   108    6 C          0.0061      48.9858    1416.7550
   109    6 C          0.0061      48.9859    1416.7561
   110    6 C          0.0061      48.9859    1416.7561
   111    6 C          0.0061      48.9859    1416.7561
   112    6 C          0.0061      48.9859    1416.7561
   113    6 C          0.0061      48.9859    1416.7561
   114    6 C          0.0061      48.9859    1416.7561
   115    6 C          0.0061      48.9859    1416.7561
   116    6 C          0.0061      48.9859    1416.7561
   117    6 C          0.0061      48.9858    1416.7546
   118    6 C          0.0061      48.9858    1416.7546
   119    6 C          0.0061      48.9858    1416.7546
   120    6 C          0.0061      48.9858    1416.7546
   121    6 C          0.0061      48.9858    1416.7546
   122    6 C          0.0061      48.9858    1416.7546
--------------------------------------------------------

Atom-resolved dispersion energies:
--------------------------------------------------
     #    Z           [Hartree]      [kcal/mol]
--------------------------------------------------
     1   19 K   -0.40999838E-03     -0.25727787
     2   19 K   -0.40999838E-03     -0.25727787
     3    6 C   -0.63187880E-03     -0.39650993
     4    6 C   -0.63187880E-03     -0.39650993
     5    6 C   -0.75304893E-03     -0.47254534
     6    6 C   -0.75304893E-03     -0.47254534
     7    6 C   -0.75304893E-03     -0.47254534
     8    6 C   -0.75304893E-03     -0.47254534
     9    6 C   -0.75304893E-03     -0.47254534
    10    6 C   -0.75304893E-03     -0.47254534
    11    6 C   -0.75304893E-03     -0.47254534
    12    6 C   -0.75304893E-03     -0.47254534
    13    6 C   -0.62746412E-03     -0.39373968
    14    6 C   -0.62746412E-03     -0.39373968
    15    6 C   -0.62746412E-03     -0.39373968
    16    6 C   -0.62746412E-03     -0.39373968
    17    6 C   -0.62746412E-03     -0.39373968
    18    6 C   -0.62746412E-03     -0.39373968
    19    6 C   -0.62746412E-03     -0.39373968
    20    6 C   -0.62746412E-03     -0.39373968
    21    6 C   -0.63872591E-03     -0.40080656
    22    6 C   -0.63872591E-03     -0.40080656
    23    6 C   -0.63872591E-03     -0.40080656
    24    6 C   -0.63872591E-03     -0.40080656
    25    6 C   -0.63872591E-03     -0.40080656
    26    6 C   -0.63872591E-03     -0.40080656
    27    6 C   -0.63872591E-03     -0.40080656
    28    6 C   -0.63872591E-03     -0.40080656
    29    6 C   -0.63024896E-03     -0.39548719
    30    6 C   -0.63024896E-03     -0.39548719
    31    6 C   -0.63024896E-03     -0.39548719
    32    6 C   -0.63024896E-03     -0.39548719
    33    6 C   -0.63024896E-03     -0.39548719
    34    6 C   -0.63024896E-03     -0.39548719
    35    6 C   -0.63024896E-03     -0.39548719
    36    6 C   -0.63024896E-03     -0.39548719
    37    6 C   -0.62902877E-03     -0.39472152
    38    6 C   -0.62902877E-03     -0.39472152
    39    6 C   -0.62902877E-03     -0.39472152
    40    6 C   -0.62902877E-03     -0.39472152
    41    6 C   -0.62507847E-03     -0.39224266
    42    6 C   -0.62507847E-03     -0.39224266
    43    6 C   -0.62507847E-03     -0.39224266
    44    6 C   -0.62507847E-03     -0.39224266
    45    6 C   -0.63362959E-03     -0.39760857
    46    6 C   -0.63362959E-03     -0.39760857
    47    6 C   -0.63362959E-03     -0.39760857
    48    6 C   -0.63362959E-03     -0.39760857
    49    6 C   -0.63362959E-03     -0.39760857
    50    6 C   -0.63362959E-03     -0.39760857
    51    6 C   -0.63362959E-03     -0.39760857
    52    6 C   -0.63362959E-03     -0.39760857
    53    6 C   -0.63209872E-03     -0.39664793
    54    6 C   -0.63209872E-03     -0.39664793
    55    6 C   -0.63209872E-03     -0.39664793
    56    6 C   -0.63209872E-03     -0.39664793
    57    6 C   -0.63209872E-03     -0.39664793
    58    6 C   -0.63209872E-03     -0.39664793
    59    6 C   -0.63209872E-03     -0.39664793
    60    6 C   -0.63209872E-03     -0.39664793
    61    6 C   -0.63208075E-03     -0.39663666
    62    6 C   -0.63208075E-03     -0.39663666
    63    6 C   -0.63208075E-03     -0.39663666
    64    6 C   -0.63208075E-03     -0.39663666
    65    6 C   -0.63208075E-03     -0.39663666
    66    6 C   -0.63208075E-03     -0.39663666
    67    6 C   -0.63208075E-03     -0.39663666
    68    6 C   -0.63208075E-03     -0.39663666
    69    6 C   -0.63078002E-03     -0.39582044
    70    6 C   -0.63078002E-03     -0.39582044
    71    6 C   -0.63078002E-03     -0.39582044
    72    6 C   -0.63078002E-03     -0.39582044
    73    6 C   -0.63078002E-03     -0.39582044
    74    6 C   -0.63078002E-03     -0.39582044
    75    6 C   -0.63078002E-03     -0.39582044
    76    6 C   -0.63078002E-03     -0.39582044
    77    6 C   -0.62215714E-03     -0.39040950
    78    6 C   -0.62215714E-03     -0.39040950
    79    6 C   -0.62215714E-03     -0.39040950
    80    6 C   -0.62215714E-03     -0.39040950
    81    6 C   -0.62215714E-03     -0.39040950
    82    6 C   -0.62215714E-03     -0.39040950
    83    6 C   -0.62215714E-03     -0.39040950
    84    6 C   -0.62215714E-03     -0.39040950
    85    6 C   -0.62834625E-03     -0.39429323
    86    6 C   -0.62834625E-03     -0.39429323
    87    6 C   -0.62834625E-03     -0.39429323
    88    6 C   -0.62834625E-03     -0.39429323
    89    6 C   -0.62834625E-03     -0.39429323
    90    6 C   -0.62834625E-03     -0.39429323
    91    6 C   -0.62834625E-03     -0.39429323
    92    6 C   -0.62834625E-03     -0.39429323
    93    6 C   -0.63208735E-03     -0.39664080
    94    6 C   -0.63208735E-03     -0.39664080
    95    6 C   -0.63208735E-03     -0.39664080
    96    6 C   -0.63208735E-03     -0.39664080
    97    6 C   -0.63208735E-03     -0.39664080
    98    6 C   -0.63208735E-03     -0.39664080
    99    6 C   -0.63208735E-03     -0.39664080
   100    6 C   -0.63208735E-03     -0.39664080
   101    6 C   -0.63574544E-03     -0.39893629
   102    6 C   -0.63574544E-03     -0.39893629
   103    6 C   -0.63574544E-03     -0.39893629
   104    6 C   -0.63574544E-03     -0.39893629
   105    6 C   -0.63574544E-03     -0.39893629
   106    6 C   -0.63574544E-03     -0.39893629
   107    6 C   -0.63574544E-03     -0.39893629
   108    6 C   -0.63574544E-03     -0.39893629
   109    6 C   -0.63072396E-03     -0.39578526
   110    6 C   -0.63072396E-03     -0.39578526
   111    6 C   -0.63072396E-03     -0.39578526
   112    6 C   -0.63072396E-03     -0.39578526
   113    6 C   -0.63072396E-03     -0.39578526
   114    6 C   -0.63072396E-03     -0.39578526
   115    6 C   -0.63072396E-03     -0.39578526
   116    6 C   -0.63072396E-03     -0.39578526
   117    6 C   -0.63187880E-03     -0.39650993
   118    6 C   -0.63187880E-03     -0.39650993
   119    6 C   -0.63187880E-03     -0.39650993
   120    6 C   -0.63187880E-03     -0.39650993
   121    6 C   -0.63187880E-03     -0.39650993
   122    6 C   -0.63187880E-03     -0.39650993
--------------------------------------------------

Dispersion energy:      -7.7508553227527E-02 Eh

[Info] Dispersion energy written to .EDISP
