-----------------------------------
 s i m p l e   D F T - D 3  v1.2.1
-----------------------------------

Zero (Chai-Head-Gordon) damping: pbe-D3(0)
--------------------
  s6         1.0000
  s8         0.7220
  s9         0.0000
 rs6         1.2170
 rs8         1.0000
 alp        14.0000
--------------------

Atomic radii (in Angstrom):
-------------------------------------------
   Z          R(cov)     R(vdw)      r4/r2
-------------------------------------------
  19 K        2.3467     2.1206     4.2216
  14 Si       1.3867     1.8959     2.5839
-------------------------------------------

Atomic reference systems (in atomic units):
----------------------------------------------------------------------------
   Z        #      CN    C6(AA)   #      CN    C6(AA)   #      CN    C6(AA)
----------------------------------------------------------------------------
  19 K      1  0.0000 4983.5009   2  0.9767  338.0207
  14 Si     1  0.0000  317.8574   2  0.9507  270.2650   3  1.9435  233.1254
            4  2.9407  221.5046   5  3.8677  149.7734
----------------------------------------------------------------------------

Dispersion properties (in atomic units):
--------------------------------------------------------
     #    Z                CN       C6(AA)       C8(AA)
--------------------------------------------------------
     1   19 K         21.9169     338.0207   64537.4877
     2   19 K         21.9169     338.0207   64537.4877
     3   19 K         21.9323     338.0207   64537.4877
     4   19 K         22.3847     338.0207   64537.4877
     5   19 K         22.3847     338.0207   64537.4877
     6   19 K         22.1757     338.0207   64537.4877
     7   19 K         22.5213     338.0207   64537.4877
     8   19 K         22.5738     338.0207   64537.4877
     9   19 K         22.2085     338.0207   64537.4877
    10   19 K         22.3847     338.0207   64537.4877
    11   19 K         22.3847     338.0207   64537.4877
    12   19 K         22.5213     338.0207   64537.4877
    13   19 K         22.1757     338.0207   64537.4877
    14   19 K         22.5738     338.0207   64537.4877
    15   19 K         22.2085     338.0207   64537.4877
    16   14 Si         7.9671     149.7734   10712.7888
    17   14 Si         7.9924     149.7734   10712.7888
    18   14 Si         7.9770     149.7734   10712.7888
    19   14 Si         7.9770     149.7734   10712.7888
    20   14 Si         7.9873     149.7734   10712.7888
    21   14 Si         7.9628     149.7734   10712.7888
    22   14 Si         7.9924     149.7734   10712.7888
    23   14 Si         7.9671     149.7734   10712.7888
    24   14 Si         7.9770     149.7734   10712.7888
    25   14 Si         7.9770     149.7734   10712.7888
    26   14 Si         7.9873     149.7734   10712.7888
    27   14 Si         7.9628     149.7734   10712.7888
    28   14 Si         7.9257     149.7734   10712.7888
    29   14 Si         7.9338     149.7734   10712.7888
    30   14 Si         7.9245     149.7734   10712.7888
    31   14 Si         7.9245     149.7734   10712.7888
    32   14 Si         7.9166     149.7734   10712.7888
    33   14 Si         7.9263     149.7734   10712.7888
    34   14 Si         7.9338     149.7734   10712.7888
    35   14 Si         7.9257     149.7734   10712.7888
    36   14 Si         7.9245     149.7734   10712.7888
    37   14 Si         7.9245     149.7734   10712.7888
    38   14 Si         7.9263     149.7734   10712.7888
    39   14 Si         7.9166     149.7734   10712.7888
    40   14 Si         7.9245     149.7734   10712.7888
    41   14 Si         7.9245     149.7734   10712.7888
    42   14 Si         7.9263     149.7734   10712.7888
    43   14 Si         7.9166     149.7734   10712.7888
    44   14 Si         7.9245     149.7734   10712.7888
    45   14 Si         7.9245     149.7734   10712.7888
    46   14 Si         7.9166     149.7734   10712.7888
    47   14 Si         7.9263     149.7734   10712.7888
    48   14 Si         7.9257     149.7734   10712.7888
    49   14 Si         7.9338     149.7734   10712.7888
    50   14 Si         7.9338     149.7734   10712.7888
    51   14 Si         7.9257     149.7734   10712.7888
    52   14 Si         6.9646     149.7734   10712.7888
    53   14 Si         7.9288     149.7734   10712.7888
    54   14 Si         6.9712     149.7734   10712.7888
    55   14 Si         7.9332     149.7734   10712.7888
    56   14 Si         7.9313     149.7734   10712.7888
    57   14 Si         6.9665     149.7734   10712.7888
    58   14 Si         7.9288     149.7734   10712.7888
    59   14 Si         6.9646     149.7734   10712.7888
    60   14 Si         7.9332     149.7734   10712.7888
    61   14 Si         6.9712     149.7734   10712.7888
    62   14 Si         7.9313     149.7734   10712.7888
    63   14 Si         6.9665     149.7734   10712.7888
    64   14 Si         7.9332     149.7734   10712.7888
    65   14 Si         6.9712     149.7734   10712.7888
    66   14 Si         7.9313     149.7734   10712.7888
    67   14 Si         6.9665     149.7734   10712.7888
    68   14 Si         6.9712     149.7734   10712.7888
    69   14 Si         7.9332     149.7734   10712.7888
    70   14 Si         7.9313     149.7734   10712.7888
    71   14 Si         6.9665     149.7734   10712.7888
    72   14 Si         7.9288     149.7734   10712.7888
    73   14 Si         6.9646     149.7734   10712.7888
    74   14 Si         6.9646     149.7734   10712.7888
    75   14 Si         7.9288     149.7734   10712.7888
    76   14 Si         7.8473     149.7734   10712.7888
    77   14 Si         7.8602     149.7734   10712.7888
    78   14 Si         7.8602     149.7734   10712.7888
    79   14 Si         7.8473     149.7734   10712.7888
    80   14 Si         7.8602     149.7734   10712.7888
    81   14 Si         7.8473     149.7734   10712.7888
    82   14 Si         7.8473     149.7734   10712.7888
    83   14 Si         7.8602     149.7734   10712.7888
    84   14 Si         7.8473     149.7734   10712.7888
    85   14 Si         7.8602     149.7734   10712.7888
    86   14 Si         7.8602     149.7734   10712.7888
    87   14 Si         7.8473     149.7734   10712.7888
    88   14 Si         7.8602     149.7734   10712.7888
    89   14 Si         7.8473     149.7734   10712.7888
    90   14 Si         7.8473     149.7734   10712.7888
    91   14 Si         7.8602     149.7734   10712.7888
    92   14 Si         6.8759     149.7734   10712.7888
    93   14 Si         7.8615     149.7734   10712.7888
    94   14 Si         7.8615     149.7734   10712.7888
    95   14 Si         6.8759     149.7734   10712.7888
    96   14 Si         7.8615     149.7734   10712.7888
    97   14 Si         6.8759     149.7734   10712.7888
    98   14 Si         6.8759     149.7734   10712.7888
    99   14 Si         7.8615     149.7734   10712.7888
   100   14 Si         7.8615     149.7734   10712.7888
   101   14 Si         6.8759     149.7734   10712.7888
   102   14 Si         6.8759     149.7734   10712.7888
   103   14 Si         7.8615     149.7734   10712.7888
   104   14 Si         6.8759     149.7734   10712.7888
   105   14 Si         7.8615     149.7734   10712.7888
   106   14 Si         7.8615     149.7734   10712.7888
   107   14 Si         6.8759     149.7734   10712.7888
--------------------------------------------------------

Atom-resolved dispersion energies:
--------------------------------------------------
     #    Z           [Hartree]      [kcal/mol]
--------------------------------------------------
     1   19 K   -0.10979761E-01     -6.88990396
     2   19 K   -0.10979761E-01     -6.88990396
     3   19 K   -0.11052582E-01     -6.93559990
     4   19 K   -0.10548807E-01     -6.61947649
     5   19 K   -0.10548807E-01     -6.61947649
     6   19 K   -0.10326986E-01     -6.48028143
     7   19 K   -0.10778102E-01     -6.76336115
     8   19 K   -0.10794951E-01     -6.77393402
     9   19 K   -0.10298987E-01     -6.46271202
    10   19 K   -0.10548807E-01     -6.61947649
    11   19 K   -0.10548807E-01     -6.61947649
    12   19 K   -0.10778102E-01     -6.76336115
    13   19 K   -0.10326986E-01     -6.48028143
    14   19 K   -0.10794951E-01     -6.77393402
    15   19 K   -0.10298987E-01     -6.46271202
    16   14 Si  -0.68964669E-02     -4.32759831
    17   14 Si  -0.71430459E-02     -4.48232901
    18   14 Si  -0.70188656E-02     -4.40440468
    19   14 Si  -0.70188656E-02     -4.40440468
    20   14 Si  -0.71565484E-02     -4.49080190
    21   14 Si  -0.68827259E-02     -4.31897574
    22   14 Si  -0.71430459E-02     -4.48232901
    23   14 Si  -0.68964669E-02     -4.32759831
    24   14 Si  -0.70188656E-02     -4.40440468
    25   14 Si  -0.70188656E-02     -4.40440468
    26   14 Si  -0.71565484E-02     -4.49080190
    27   14 Si  -0.68827259E-02     -4.31897574
    28   14 Si  -0.68679520E-02     -4.30970497
    29   14 Si  -0.69630165E-02     -4.36935884
    30   14 Si  -0.69169222E-02     -4.34043424
    31   14 Si  -0.69169222E-02     -4.34043424
    32   14 Si  -0.68443864E-02     -4.29491730
    33   14 Si  -0.69868547E-02     -4.38431753
    34   14 Si  -0.69630165E-02     -4.36935884
    35   14 Si  -0.68679520E-02     -4.30970497
    36   14 Si  -0.69169222E-02     -4.34043424
    37   14 Si  -0.69169222E-02     -4.34043424
    38   14 Si  -0.69868547E-02     -4.38431753
    39   14 Si  -0.68443864E-02     -4.29491730
    40   14 Si  -0.69169222E-02     -4.34043424
    41   14 Si  -0.69169222E-02     -4.34043424
    42   14 Si  -0.69868547E-02     -4.38431753
    43   14 Si  -0.68443864E-02     -4.29491730
    44   14 Si  -0.69169222E-02     -4.34043424
    45   14 Si  -0.69169222E-02     -4.34043424
    46   14 Si  -0.68443864E-02     -4.29491730
    47   14 Si  -0.69868547E-02     -4.38431753
    48   14 Si  -0.68679520E-02     -4.30970497
    49   14 Si  -0.69630165E-02     -4.36935884
    50   14 Si  -0.69630165E-02     -4.36935884
    51   14 Si  -0.68679520E-02     -4.30970497
    52   14 Si  -0.69661698E-02     -4.37133755
    53   14 Si  -0.69528282E-02     -4.36296560
    54   14 Si  -0.69305737E-02     -4.34900063
    55   14 Si  -0.69872664E-02     -4.38457589
    56   14 Si  -0.69924640E-02     -4.38783743
    57   14 Si  -0.69303744E-02     -4.34887556
    58   14 Si  -0.69528282E-02     -4.36296560
    59   14 Si  -0.69661698E-02     -4.37133755
    60   14 Si  -0.69872664E-02     -4.38457589
    61   14 Si  -0.69305737E-02     -4.34900063
    62   14 Si  -0.69924640E-02     -4.38783743
    63   14 Si  -0.69303744E-02     -4.34887556
    64   14 Si  -0.69872664E-02     -4.38457589
    65   14 Si  -0.69305737E-02     -4.34900063
    66   14 Si  -0.69924640E-02     -4.38783743
    67   14 Si  -0.69303744E-02     -4.34887556
    68   14 Si  -0.69305737E-02     -4.34900063
    69   14 Si  -0.69872664E-02     -4.38457589
    70   14 Si  -0.69924640E-02     -4.38783743
    71   14 Si  -0.69303744E-02     -4.34887556
    72   14 Si  -0.69528282E-02     -4.36296560
    73   14 Si  -0.69661698E-02     -4.37133755
    74   14 Si  -0.69661698E-02     -4.37133755
    75   14 Si  -0.69528282E-02     -4.36296560
    76   14 Si  -0.67282763E-02     -4.22205710
    77   14 Si  -0.68849304E-02     -4.32035905
    78   14 Si  -0.68849304E-02     -4.32035905
    79   14 Si  -0.67282763E-02     -4.22205710
    80   14 Si  -0.68849304E-02     -4.32035905
    81   14 Si  -0.67282763E-02     -4.22205710
    82   14 Si  -0.67282763E-02     -4.22205710
    83   14 Si  -0.68849304E-02     -4.32035905
    84   14 Si  -0.67282763E-02     -4.22205710
    85   14 Si  -0.68849304E-02     -4.32035905
    86   14 Si  -0.68849304E-02     -4.32035905
    87   14 Si  -0.67282763E-02     -4.22205710
    88   14 Si  -0.68849304E-02     -4.32035905
    89   14 Si  -0.67282763E-02     -4.22205710
    90   14 Si  -0.67282763E-02     -4.22205710
    91   14 Si  -0.68849304E-02     -4.32035905
    92   14 Si  -0.68723666E-02     -4.31247512
    93   14 Si  -0.68948740E-02     -4.32659873
    94   14 Si  -0.68948740E-02     -4.32659873
    95   14 Si  -0.68723666E-02     -4.31247512
    96   14 Si  -0.68948740E-02     -4.32659873
    97   14 Si  -0.68723666E-02     -4.31247512
    98   14 Si  -0.68723666E-02     -4.31247512
    99   14 Si  -0.68948740E-02     -4.32659873
   100   14 Si  -0.68948740E-02     -4.32659873
   101   14 Si  -0.68723666E-02     -4.31247512
   102   14 Si  -0.68723666E-02     -4.31247512
   103   14 Si  -0.68948740E-02     -4.32659873
   104   14 Si  -0.68723666E-02     -4.31247512
   105   14 Si  -0.68948740E-02     -4.32659873
   106   14 Si  -0.68948740E-02     -4.32659873
   107   14 Si  -0.68723666E-02     -4.31247512
--------------------------------------------------

Dispersion energy:      -7.9590492166034E-01 Eh

[Info] Dispersion energy written to .EDISP
