-----------------------------------
 s i m p l e   D F T - D 3  v1.2.1
-----------------------------------

Zero (Chai-Head-Gordon) damping: pbe-D3(0)
--------------------
  s6         1.0000
  s8         0.7220
  s9         0.0000
 rs6         1.2170
 rs8         1.0000
 alp        14.0000
--------------------

Atomic radii (in Angstrom):
-------------------------------------------
   Z          R(cov)     R(vdw)      r4/r2
-------------------------------------------
  19 K        2.3467     2.1206     4.2216
  14 Si       1.3867     1.8959     2.5839
-------------------------------------------

Atomic reference systems (in atomic units):
----------------------------------------------------------------------------
   Z        #      CN    C6(AA)   #      CN    C6(AA)   #      CN    C6(AA)
----------------------------------------------------------------------------
  19 K      1  0.0000 4983.5009   2  0.9767  338.0207
  14 Si     1  0.0000  317.8574   2  0.9507  270.2650   3  1.9435  233.1254
            4  2.9407  221.5046   5  3.8677  149.7734
----------------------------------------------------------------------------

Dispersion properties (in atomic units):
--------------------------------------------------------
     #    Z                CN       C6(AA)       C8(AA)
--------------------------------------------------------
     1   19 K         32.3070     338.0207   64537.4877
     2   19 K         32.3070     338.0207   64537.4877
     3   19 K         32.3679     338.0207   64537.4877
     4   19 K         33.5300     338.0207   64537.4877
     5   19 K         33.5300     338.0207   64537.4877
     6   19 K         32.7444     338.0207   64537.4877
     7   19 K         34.2971     338.0207   64537.4877
     8   19 K         34.3173     338.0207   64537.4877
     9   19 K         32.7417     338.0207   64537.4877
    10   19 K         33.5300     338.0207   64537.4877
    11   19 K         33.5300     338.0207   64537.4877
    12   19 K         34.2971     338.0207   64537.4877
    13   19 K         32.7444     338.0207   64537.4877
    14   19 K         34.3173     338.0207   64537.4877
    15   19 K         32.7417     338.0207   64537.4877
    16   14 Si        11.6259     149.7734   10712.7888
    17   14 Si        11.8467     149.7734   10712.7888
    18   14 Si        11.7328     149.7734   10712.7888
    19   14 Si        11.7328     149.7734   10712.7888
    20   14 Si        11.8266     149.7734   10712.7888
    21   14 Si        11.6224     149.7734   10712.7888
    22   14 Si        11.8467     149.7734   10712.7888
    23   14 Si        11.6259     149.7734   10712.7888
    24   14 Si        11.7328     149.7734   10712.7888
    25   14 Si        11.7328     149.7734   10712.7888
    26   14 Si        11.8266     149.7734   10712.7888
    27   14 Si        11.6224     149.7734   10712.7888
    28   14 Si        11.7485     149.7734   10712.7888
    29   14 Si        11.8002     149.7734   10712.7888
    30   14 Si        11.7556     149.7734   10712.7888
    31   14 Si        11.7556     149.7734   10712.7888
    32   14 Si        11.7248     149.7734   10712.7888
    33   14 Si        11.7978     149.7734   10712.7888
    34   14 Si        11.8002     149.7734   10712.7888
    35   14 Si        11.7485     149.7734   10712.7888
    36   14 Si        11.7556     149.7734   10712.7888
    37   14 Si        11.7556     149.7734   10712.7888
    38   14 Si        11.7978     149.7734   10712.7888
    39   14 Si        11.7248     149.7734   10712.7888
    40   14 Si        11.7556     149.7734   10712.7888
    41   14 Si        11.7556     149.7734   10712.7888
    42   14 Si        11.7978     149.7734   10712.7888
    43   14 Si        11.7248     149.7734   10712.7888
    44   14 Si        11.7556     149.7734   10712.7888
    45   14 Si        11.7556     149.7734   10712.7888
    46   14 Si        11.7248     149.7734   10712.7888
    47   14 Si        11.7978     149.7734   10712.7888
    48   14 Si        11.7485     149.7734   10712.7888
    49   14 Si        11.8002     149.7734   10712.7888
    50   14 Si        11.8002     149.7734   10712.7888
    51   14 Si        11.7485     149.7734   10712.7888
    52   14 Si        10.8711     149.7734   10712.7888
    53   14 Si        11.7973     149.7734   10712.7888
    54   14 Si        10.8670     149.7734   10712.7888
    55   14 Si        11.8179     149.7734   10712.7888
    56   14 Si        11.8004     149.7734   10712.7888
    57   14 Si        10.8497     149.7734   10712.7888
    58   14 Si        11.7973     149.7734   10712.7888
    59   14 Si        10.8711     149.7734   10712.7888
    60   14 Si        11.8179     149.7734   10712.7888
    61   14 Si        10.8670     149.7734   10712.7888
    62   14 Si        11.8004     149.7734   10712.7888
    63   14 Si        10.8497     149.7734   10712.7888
    64   14 Si        11.8179     149.7734   10712.7888
    65   14 Si        10.8670     149.7734   10712.7888
    66   14 Si        11.8004     149.7734   10712.7888
    67   14 Si        10.8497     149.7734   10712.7888
    68   14 Si        10.8670     149.7734   10712.7888
    69   14 Si        11.8179     149.7734   10712.7888
    70   14 Si        11.8004     149.7734   10712.7888
    71   14 Si        10.8497     149.7734   10712.7888
    72   14 Si        11.7973     149.7734   10712.7888
    73   14 Si        10.8711     149.7734   10712.7888
    74   14 Si        10.8711     149.7734   10712.7888
    75   14 Si        11.7973     149.7734   10712.7888
    76   14 Si        12.5999     149.7734   10712.7888
    77   14 Si        12.7418     149.7734   10712.7888
    78   14 Si        12.7418     149.7734   10712.7888
    79   14 Si        12.5999     149.7734   10712.7888
    80   14 Si        12.7418     149.7734   10712.7888
    81   14 Si        12.5999     149.7734   10712.7888
    82   14 Si        12.5999     149.7734   10712.7888
    83   14 Si        12.7418     149.7734   10712.7888
    84   14 Si        12.5999     149.7734   10712.7888
    85   14 Si        12.7418     149.7734   10712.7888
    86   14 Si        12.7418     149.7734   10712.7888
    87   14 Si        12.5999     149.7734   10712.7888
    88   14 Si        12.7418     149.7734   10712.7888
    89   14 Si        12.5999     149.7734   10712.7888
    90   14 Si        12.5999     149.7734   10712.7888
    91   14 Si        12.7418     149.7734   10712.7888
    92   14 Si        11.8028     149.7734   10712.7888
    93   14 Si        12.7529     149.7734   10712.7888
    94   14 Si        12.7529     149.7734   10712.7888
    95   14 Si        11.8028     149.7734   10712.7888
    96   14 Si        12.7529     149.7734   10712.7888
    97   14 Si        11.8028     149.7734   10712.7888
    98   14 Si        11.8028     149.7734   10712.7888
    99   14 Si        12.7529     149.7734   10712.7888
   100   14 Si        12.7529     149.7734   10712.7888
   101   14 Si        11.8028     149.7734   10712.7888
   102   14 Si        11.8028     149.7734   10712.7888
   103   14 Si        12.7529     149.7734   10712.7888
   104   14 Si        11.8028     149.7734   10712.7888
   105   14 Si        12.7529     149.7734   10712.7888
   106   14 Si        12.7529     149.7734   10712.7888
   107   14 Si        11.8028     149.7734   10712.7888
--------------------------------------------------------

Atom-resolved dispersion energies:
--------------------------------------------------
     #    Z           [Hartree]      [kcal/mol]
--------------------------------------------------
     1   19 K   -0.20357660E-01    -12.77462472
     2   19 K   -0.20357660E-01    -12.77462472
     3   19 K   -0.20546566E-01    -12.89316466
     4   19 K   -0.20545473E-01    -12.89247900
     5   19 K   -0.20545473E-01    -12.89247900
     6   19 K   -0.20370207E-01    -12.78249771
     7   19 K   -0.20726724E-01    -13.00621555
     8   19 K   -0.20794066E-01    -13.04847317
     9   19 K   -0.20299379E-01    -12.73805271
    10   19 K   -0.20545473E-01    -12.89247900
    11   19 K   -0.20545473E-01    -12.89247900
    12   19 K   -0.20726724E-01    -13.00621555
    13   19 K   -0.20370207E-01    -12.78249771
    14   19 K   -0.20794066E-01    -13.04847317
    15   19 K   -0.20299379E-01    -12.73805271
    16   14 Si  -0.12833782E-01     -8.05331966
    17   14 Si  -0.13178861E-01     -8.26986026
    18   14 Si  -0.13007682E-01     -8.16244339
    19   14 Si  -0.13007682E-01     -8.16244339
    20   14 Si  -0.13216520E-01     -8.29349121
    21   14 Si  -0.12797428E-01     -8.03050735
    22   14 Si  -0.13178861E-01     -8.26986026
    23   14 Si  -0.12833782E-01     -8.05331966
    24   14 Si  -0.13007682E-01     -8.16244339
    25   14 Si  -0.13007682E-01     -8.16244339
    26   14 Si  -0.13216520E-01     -8.29349121
    27   14 Si  -0.12797428E-01     -8.03050735
    28   14 Si  -0.12910316E-01     -8.10134550
    29   14 Si  -0.13104963E-01     -8.22348861
    30   14 Si  -0.13005792E-01     -8.16125749
    31   14 Si  -0.13005792E-01     -8.16125749
    32   14 Si  -0.12835287E-01     -8.05426404
    33   14 Si  -0.13177346E-01     -8.26890936
    34   14 Si  -0.13104963E-01     -8.22348861
    35   14 Si  -0.12910316E-01     -8.10134550
    36   14 Si  -0.13005792E-01     -8.16125749
    37   14 Si  -0.13005792E-01     -8.16125749
    38   14 Si  -0.13177346E-01     -8.26890936
    39   14 Si  -0.12835287E-01     -8.05426404
    40   14 Si  -0.13005792E-01     -8.16125749
    41   14 Si  -0.13005792E-01     -8.16125749
    42   14 Si  -0.13177346E-01     -8.26890936
    43   14 Si  -0.12835287E-01     -8.05426404
    44   14 Si  -0.13005792E-01     -8.16125749
    45   14 Si  -0.13005792E-01     -8.16125749
    46   14 Si  -0.12835287E-01     -8.05426404
    47   14 Si  -0.13177346E-01     -8.26890936
    48   14 Si  -0.12910316E-01     -8.10134550
    49   14 Si  -0.13104963E-01     -8.22348861
    50   14 Si  -0.13104963E-01     -8.22348861
    51   14 Si  -0.12910316E-01     -8.10134550
    52   14 Si  -0.13161244E-01     -8.25880544
    53   14 Si  -0.13090980E-01     -8.21471385
    54   14 Si  -0.13078088E-01     -8.20662408
    55   14 Si  -0.13176785E-01     -8.26855738
    56   14 Si  -0.13188289E-01     -8.27577627
    57   14 Si  -0.13069150E-01     -8.20101562
    58   14 Si  -0.13090980E-01     -8.21471385
    59   14 Si  -0.13161244E-01     -8.25880544
    60   14 Si  -0.13176785E-01     -8.26855738
    61   14 Si  -0.13078088E-01     -8.20662408
    62   14 Si  -0.13188289E-01     -8.27577627
    63   14 Si  -0.13069150E-01     -8.20101562
    64   14 Si  -0.13176785E-01     -8.26855738
    65   14 Si  -0.13078088E-01     -8.20662408
    66   14 Si  -0.13188289E-01     -8.27577627
    67   14 Si  -0.13069150E-01     -8.20101562
    68   14 Si  -0.13078088E-01     -8.20662408
    69   14 Si  -0.13176785E-01     -8.26855738
    70   14 Si  -0.13188289E-01     -8.27577627
    71   14 Si  -0.13069150E-01     -8.20101562
    72   14 Si  -0.13090980E-01     -8.21471385
    73   14 Si  -0.13161244E-01     -8.25880544
    74   14 Si  -0.13161244E-01     -8.25880544
    75   14 Si  -0.13090980E-01     -8.21471385
    76   14 Si  -0.12872610E-01     -8.07768483
    77   14 Si  -0.13087775E-01     -8.21270267
    78   14 Si  -0.13087775E-01     -8.21270267
    79   14 Si  -0.12872610E-01     -8.07768483
    80   14 Si  -0.13087775E-01     -8.21270267
    81   14 Si  -0.12872610E-01     -8.07768483
    82   14 Si  -0.12872610E-01     -8.07768483
    83   14 Si  -0.13087775E-01     -8.21270267
    84   14 Si  -0.12872610E-01     -8.07768483
    85   14 Si  -0.13087775E-01     -8.21270267
    86   14 Si  -0.13087775E-01     -8.21270267
    87   14 Si  -0.12872610E-01     -8.07768483
    88   14 Si  -0.13087775E-01     -8.21270267
    89   14 Si  -0.12872610E-01     -8.07768483
    90   14 Si  -0.12872610E-01     -8.07768483
    91   14 Si  -0.13087775E-01     -8.21270267
    92   14 Si  -0.13072811E-01     -8.20331250
    93   14 Si  -0.13112586E-01     -8.22827169
    94   14 Si  -0.13112586E-01     -8.22827169
    95   14 Si  -0.13072811E-01     -8.20331250
    96   14 Si  -0.13112586E-01     -8.22827169
    97   14 Si  -0.13072811E-01     -8.20331250
    98   14 Si  -0.13072811E-01     -8.20331250
    99   14 Si  -0.13112586E-01     -8.22827169
   100   14 Si  -0.13112586E-01     -8.22827169
   101   14 Si  -0.13072811E-01     -8.20331250
   102   14 Si  -0.13072811E-01     -8.20331250
   103   14 Si  -0.13112586E-01     -8.22827169
   104   14 Si  -0.13072811E-01     -8.20331250
   105   14 Si  -0.13112586E-01     -8.22827169
   106   14 Si  -0.13112586E-01     -8.22827169
   107   14 Si  -0.13072811E-01     -8.20331250
--------------------------------------------------

Dispersion energy:      -1.5082908101350E+00 Eh

[Info] Dispersion energy written to .EDISP
