-----------------------------------
 s i m p l e   D F T - D 3  v1.2.1
-----------------------------------

Zero (Chai-Head-Gordon) damping: pbe-D3(0)
--------------------
  s6         1.0000
  s8         0.7220
  s9         0.0000
 rs6         1.2170
 rs8         1.0000
 alp        14.0000
--------------------

Atomic radii (in Angstrom):
-------------------------------------------
   Z          R(cov)     R(vdw)      r4/r2
-------------------------------------------
  19 K        2.3467     2.1206     4.2216
  14 Si       1.3867     1.8959     2.5839
-------------------------------------------

Atomic reference systems (in atomic units):
----------------------------------------------------------------------------
   Z        #      CN    C6(AA)   #      CN    C6(AA)   #      CN    C6(AA)
----------------------------------------------------------------------------
  19 K      1  0.0000 4983.5009   2  0.9767  338.0207
  14 Si     1  0.0000  317.8574   2  0.9507  270.2650   3  1.9435  233.1254
            4  2.9407  221.5046   5  3.8677  149.7734
----------------------------------------------------------------------------

Dispersion properties (in atomic units):
--------------------------------------------------------
     #    Z                CN       C6(AA)       C8(AA)
--------------------------------------------------------
     1   19 K          0.0460    4749.6008  906829.9756
     2   19 K          0.0460    4749.6008  906829.9756
     3   19 K          0.0464    4748.9681  906709.1696
     4   19 K          0.0259    4782.3198  913076.9373
     5   19 K          0.0259    4782.3198  913076.9373
     6   19 K          0.0257    4782.6401  913138.0980
     7   19 K          0.0261    4782.1096  913036.8051
     8   19 K          0.0262    4781.9306  913002.6247
     9   19 K          0.0258    4782.5633  913123.4191
    10   19 K          0.0259    4782.3198  913076.9373
    11   19 K          0.0259    4782.3198  913076.9373
    12   19 K          0.0261    4782.1096  913036.8051
    13   19 K          0.0257    4782.6401  913138.0980
    14   19 K          0.0262    4781.9306  913002.6247
    15   19 K          0.0258    4782.5633  913123.4191
    16   14 Si         0.0173     316.3788   22629.5176
    17   14 Si         0.0176     316.3755   22629.2756
    18   14 Si         0.0174     316.3772   22629.3979
    19   14 Si         0.0174     316.3772   22629.3979
    20   14 Si         0.0175     316.3764   22629.3426
    21   14 Si         0.0172     316.3799   22629.5948
    22   14 Si         0.0176     316.3755   22629.2756
    23   14 Si         0.0173     316.3788   22629.5176
    24   14 Si         0.0174     316.3772   22629.3979
    25   14 Si         0.0174     316.3772   22629.3979
    26   14 Si         0.0175     316.3764   22629.3426
    27   14 Si         0.0172     316.3799   22629.5948
    28   14 Si         0.0189     316.3608   22628.2281
    29   14 Si         0.0191     316.3589   22628.0941
    30   14 Si         0.0189     316.3609   22628.2346
    31   14 Si         0.0189     316.3609   22628.2346
    32   14 Si         0.0189     316.3614   22628.2729
    33   14 Si         0.0190     316.3600   22628.1710
    34   14 Si         0.0191     316.3589   22628.0941
    35   14 Si         0.0189     316.3608   22628.2281
    36   14 Si         0.0189     316.3609   22628.2346
    37   14 Si         0.0189     316.3609   22628.2346
    38   14 Si         0.0190     316.3600   22628.1710
    39   14 Si         0.0189     316.3614   22628.2729
    40   14 Si         0.0189     316.3609   22628.2346
    41   14 Si         0.0189     316.3609   22628.2346
    42   14 Si         0.0190     316.3600   22628.1710
    43   14 Si         0.0189     316.3614   22628.2729
    44   14 Si         0.0189     316.3609   22628.2346
    45   14 Si         0.0189     316.3609   22628.2346
    46   14 Si         0.0189     316.3614   22628.2729
    47   14 Si         0.0190     316.3600   22628.1710
    48   14 Si         0.0189     316.3608   22628.2281
    49   14 Si         0.0191     316.3589   22628.0941
    50   14 Si         0.0191     316.3589   22628.0941
    51   14 Si         0.0189     316.3608   22628.2281
    52   14 Si         0.0174     316.3773   22629.4062
    53   14 Si         0.0191     316.3592   22628.1156
    54   14 Si         0.0174     316.3773   22629.4101
    55   14 Si         0.0191     316.3589   22628.0887
    56   14 Si         0.0190     316.3596   22628.1430
    57   14 Si         0.0175     316.3772   22629.3961
    58   14 Si         0.0191     316.3592   22628.1156
    59   14 Si         0.0174     316.3773   22629.4062
    60   14 Si         0.0191     316.3589   22628.0887
    61   14 Si         0.0174     316.3773   22629.4101
    62   14 Si         0.0190     316.3596   22628.1430
    63   14 Si         0.0175     316.3772   22629.3961
    64   14 Si         0.0191     316.3589   22628.0887
    65   14 Si         0.0174     316.3773   22629.4101
    66   14 Si         0.0190     316.3596   22628.1430
    67   14 Si         0.0175     316.3772   22629.3961
    68   14 Si         0.0174     316.3773   22629.4101
    69   14 Si         0.0191     316.3589   22628.0887
    70   14 Si         0.0190     316.3596   22628.1430
    71   14 Si         0.0175     316.3772   22629.3961
    72   14 Si         0.0191     316.3592   22628.1156
    73   14 Si         0.0174     316.3773   22629.4062
    74   14 Si         0.0174     316.3773   22629.4062
    75   14 Si         0.0191     316.3592   22628.1156
    76   14 Si         0.0200     316.3492   22627.3988
    77   14 Si         0.0204     316.3447   22627.0761
    78   14 Si         0.0204     316.3447   22627.0761
    79   14 Si         0.0200     316.3492   22627.3988
    80   14 Si         0.0204     316.3447   22627.0761
    81   14 Si         0.0200     316.3492   22627.3988
    82   14 Si         0.0200     316.3492   22627.3988
    83   14 Si         0.0204     316.3447   22627.0761
    84   14 Si         0.0200     316.3492   22627.3988
    85   14 Si         0.0204     316.3447   22627.0761
    86   14 Si         0.0204     316.3447   22627.0761
    87   14 Si         0.0200     316.3492   22627.3988
    88   14 Si         0.0204     316.3447   22627.0761
    89   14 Si         0.0200     316.3492   22627.3988
    90   14 Si         0.0200     316.3492   22627.3988
    91   14 Si         0.0204     316.3447   22627.0761
    92   14 Si         0.0182     316.3691   22628.8172
    93   14 Si         0.0205     316.3440   22627.0236
    94   14 Si         0.0205     316.3440   22627.0236
    95   14 Si         0.0182     316.3691   22628.8172
    96   14 Si         0.0205     316.3440   22627.0236
    97   14 Si         0.0182     316.3691   22628.8172
    98   14 Si         0.0182     316.3691   22628.8172
    99   14 Si         0.0205     316.3440   22627.0236
   100   14 Si         0.0205     316.3440   22627.0236
   101   14 Si         0.0182     316.3691   22628.8172
   102   14 Si         0.0182     316.3691   22628.8172
   103   14 Si         0.0205     316.3440   22627.0236
   104   14 Si         0.0182     316.3691   22628.8172
   105   14 Si         0.0205     316.3440   22627.0236
   106   14 Si         0.0205     316.3440   22627.0236
   107   14 Si         0.0182     316.3691   22628.8172
--------------------------------------------------------

Atom-resolved dispersion energies:
--------------------------------------------------
     #    Z           [Hartree]      [kcal/mol]
--------------------------------------------------
     1   19 K   -0.72112743E-02     -4.52514294
     2   19 K   -0.72112743E-02     -4.52514294
     3   19 K   -0.72483982E-02     -4.54843852
     4   19 K   -0.53835817E-02     -3.37824854
     5   19 K   -0.53835817E-02     -3.37824854
     6   19 K   -0.53203488E-02     -3.33856925
     7   19 K   -0.54322572E-02     -3.40879288
     8   19 K   -0.54525864E-02     -3.42154965
     9   19 K   -0.53247837E-02     -3.34135225
    10   19 K   -0.53835817E-02     -3.37824854
    11   19 K   -0.53835817E-02     -3.37824854
    12   19 K   -0.54322572E-02     -3.40879288
    13   19 K   -0.53203488E-02     -3.33856925
    14   19 K   -0.54525864E-02     -3.42154965
    15   19 K   -0.53247837E-02     -3.34135225
    16   14 Si  -0.24722276E-02     -1.55134626
    17   14 Si  -0.24926537E-02     -1.56416384
    18   14 Si  -0.24803334E-02     -1.55643273
    19   14 Si  -0.24803334E-02     -1.55643273
    20   14 Si  -0.24903678E-02     -1.56272939
    21   14 Si  -0.24689035E-02     -1.54926034
    22   14 Si  -0.24926537E-02     -1.56416384
    23   14 Si  -0.24722276E-02     -1.55134626
    24   14 Si  -0.24803334E-02     -1.55643273
    25   14 Si  -0.24803334E-02     -1.55643273
    26   14 Si  -0.24903678E-02     -1.56272939
    27   14 Si  -0.24689035E-02     -1.54926034
    28   14 Si  -0.26261166E-02     -1.64791304
    29   14 Si  -0.26327227E-02     -1.65205846
    30   14 Si  -0.26281830E-02     -1.64920974
    31   14 Si  -0.26281830E-02     -1.64920974
    32   14 Si  -0.26264169E-02     -1.64810147
    33   14 Si  -0.26385006E-02     -1.65568414
    34   14 Si  -0.26327227E-02     -1.65205846
    35   14 Si  -0.26261166E-02     -1.64791304
    36   14 Si  -0.26281830E-02     -1.64920974
    37   14 Si  -0.26281830E-02     -1.64920974
    38   14 Si  -0.26385006E-02     -1.65568414
    39   14 Si  -0.26264169E-02     -1.64810147
    40   14 Si  -0.26281830E-02     -1.64920974
    41   14 Si  -0.26281830E-02     -1.64920974
    42   14 Si  -0.26385006E-02     -1.65568414
    43   14 Si  -0.26264169E-02     -1.64810147
    44   14 Si  -0.26281830E-02     -1.64920974
    45   14 Si  -0.26281830E-02     -1.64920974
    46   14 Si  -0.26264169E-02     -1.64810147
    47   14 Si  -0.26385006E-02     -1.65568414
    48   14 Si  -0.26261166E-02     -1.64791304
    49   14 Si  -0.26327227E-02     -1.65205846
    50   14 Si  -0.26327227E-02     -1.65205846
    51   14 Si  -0.26261166E-02     -1.64791304
    52   14 Si  -0.23540352E-02     -1.47717940
    53   14 Si  -0.26355022E-02     -1.65380259
    54   14 Si  -0.23523410E-02     -1.47611629
    55   14 Si  -0.26394780E-02     -1.65629746
    56   14 Si  -0.26352126E-02     -1.65362086
    57   14 Si  -0.23496222E-02     -1.47441020
    58   14 Si  -0.26355022E-02     -1.65380259
    59   14 Si  -0.23540352E-02     -1.47717940
    60   14 Si  -0.26394780E-02     -1.65629746
    61   14 Si  -0.23523410E-02     -1.47611629
    62   14 Si  -0.26352126E-02     -1.65362086
    63   14 Si  -0.23496222E-02     -1.47441020
    64   14 Si  -0.26394780E-02     -1.65629746
    65   14 Si  -0.23523410E-02     -1.47611629
    66   14 Si  -0.26352126E-02     -1.65362086
    67   14 Si  -0.23496222E-02     -1.47441020
    68   14 Si  -0.23523410E-02     -1.47611629
    69   14 Si  -0.26394780E-02     -1.65629746
    70   14 Si  -0.26352126E-02     -1.65362086
    71   14 Si  -0.23496222E-02     -1.47441020
    72   14 Si  -0.26355022E-02     -1.65380259
    73   14 Si  -0.23540352E-02     -1.47717940
    74   14 Si  -0.23540352E-02     -1.47717940
    75   14 Si  -0.26355022E-02     -1.65380259
    76   14 Si  -0.25396037E-02     -1.59362538
    77   14 Si  -0.25514790E-02     -1.60107724
    78   14 Si  -0.25514790E-02     -1.60107724
    79   14 Si  -0.25396037E-02     -1.59362538
    80   14 Si  -0.25514790E-02     -1.60107724
    81   14 Si  -0.25396037E-02     -1.59362538
    82   14 Si  -0.25396037E-02     -1.59362538
    83   14 Si  -0.25514790E-02     -1.60107724
    84   14 Si  -0.25396037E-02     -1.59362538
    85   14 Si  -0.25514790E-02     -1.60107724
    86   14 Si  -0.25514790E-02     -1.60107724
    87   14 Si  -0.25396037E-02     -1.59362538
    88   14 Si  -0.25514790E-02     -1.60107724
    89   14 Si  -0.25396037E-02     -1.59362538
    90   14 Si  -0.25396037E-02     -1.59362538
    91   14 Si  -0.25514790E-02     -1.60107724
    92   14 Si  -0.22268284E-02     -1.39735592
    93   14 Si  -0.25535318E-02     -1.60236538
    94   14 Si  -0.25535318E-02     -1.60236538
    95   14 Si  -0.22268284E-02     -1.39735592
    96   14 Si  -0.25535318E-02     -1.60236538
    97   14 Si  -0.22268284E-02     -1.39735592
    98   14 Si  -0.22268284E-02     -1.39735592
    99   14 Si  -0.25535318E-02     -1.60236538
   100   14 Si  -0.25535318E-02     -1.60236538
   101   14 Si  -0.22268284E-02     -1.39735592
   102   14 Si  -0.22268284E-02     -1.39735592
   103   14 Si  -0.25535318E-02     -1.60236538
   104   14 Si  -0.22268284E-02     -1.39735592
   105   14 Si  -0.25535318E-02     -1.60236538
   106   14 Si  -0.25535318E-02     -1.60236538
   107   14 Si  -0.22268284E-02     -1.39735592
--------------------------------------------------

Dispersion energy:      -3.1799166441675E-01 Eh

[Info] Dispersion energy written to .EDISP
