-----------------------------------
 s i m p l e   D F T - D 3  v1.2.1
-----------------------------------

Zero (Chai-Head-Gordon) damping: pbe-D3(0)
--------------------
  s6         1.0000
  s8         0.7220
  s9         0.0000
 rs6         1.2170
 rs8         1.0000
 alp        14.0000
--------------------

Atomic radii (in Angstrom):
-------------------------------------------
   Z          R(cov)     R(vdw)      r4/r2
-------------------------------------------
  19 K        2.3467     2.1206     4.2216
  14 Si       1.3867     1.8959     2.5839
-------------------------------------------

Atomic reference systems (in atomic units):
----------------------------------------------------------------------------
   Z        #      CN    C6(AA)   #      CN    C6(AA)   #      CN    C6(AA)
----------------------------------------------------------------------------
  19 K      1  0.0000 4983.5009   2  0.9767  338.0207
  14 Si     1  0.0000  317.8574   2  0.9507  270.2650   3  1.9435  233.1254
            4  2.9407  221.5046   5  3.8677  149.7734
----------------------------------------------------------------------------

Dispersion properties (in atomic units):
--------------------------------------------------------
     #    Z                CN       C6(AA)       C8(AA)
--------------------------------------------------------
     1   19 K          0.0219    4788.3787  914233.7437
     2   19 K          0.0219    4788.3787  914233.7437
     3   19 K          0.0220    4788.1482  914189.7456
     4   19 K          0.0131    4800.8472  916614.3222
     5   19 K          0.0131    4800.8472  916614.3222
     6   19 K          0.0130    4801.0125  916645.8935
     7   19 K          0.0132    4800.7319  916592.3082
     8   19 K          0.0133    4800.6554  916577.7055
     9   19 K          0.0130    4800.9793  916639.5552
    10   19 K          0.0131    4800.8472  916614.3222
    11   19 K          0.0131    4800.8472  916614.3222
    12   19 K          0.0132    4800.7319  916592.3082
    13   19 K          0.0130    4801.0125  916645.8935
    14   19 K          0.0133    4800.6554  916577.7055
    15   19 K          0.0130    4800.9793  916639.5552
    16   14 Si         0.0083     316.4740   22636.3235
    17   14 Si         0.0084     316.4725   22636.2164
    18   14 Si         0.0084     316.4733   22636.2709
    19   14 Si         0.0084     316.4733   22636.2709
    20   14 Si         0.0084     316.4729   22636.2434
    21   14 Si         0.0082     316.4744   22636.3546
    22   14 Si         0.0084     316.4725   22636.2164
    23   14 Si         0.0083     316.4740   22636.3235
    24   14 Si         0.0084     316.4733   22636.2709
    25   14 Si         0.0084     316.4733   22636.2709
    26   14 Si         0.0084     316.4729   22636.2434
    27   14 Si         0.0082     316.4744   22636.3546
    28   14 Si         0.0090     316.4663   22635.7709
    29   14 Si         0.0091     316.4654   22635.7105
    30   14 Si         0.0090     316.4663   22635.7710
    31   14 Si         0.0090     316.4663   22635.7710
    32   14 Si         0.0090     316.4664   22635.7832
    33   14 Si         0.0091     316.4658   22635.7401
    34   14 Si         0.0091     316.4654   22635.7105
    35   14 Si         0.0090     316.4663   22635.7709
    36   14 Si         0.0090     316.4663   22635.7710
    37   14 Si         0.0090     316.4663   22635.7710
    38   14 Si         0.0091     316.4658   22635.7401
    39   14 Si         0.0090     316.4664   22635.7832
    40   14 Si         0.0090     316.4663   22635.7710
    41   14 Si         0.0090     316.4663   22635.7710
    42   14 Si         0.0091     316.4658   22635.7401
    43   14 Si         0.0090     316.4664   22635.7832
    44   14 Si         0.0090     316.4663   22635.7710
    45   14 Si         0.0090     316.4663   22635.7710
    46   14 Si         0.0090     316.4664   22635.7832
    47   14 Si         0.0091     316.4658   22635.7401
    48   14 Si         0.0090     316.4663   22635.7709
    49   14 Si         0.0091     316.4654   22635.7105
    50   14 Si         0.0091     316.4654   22635.7105
    51   14 Si         0.0090     316.4663   22635.7709
    52   14 Si         0.0083     316.4738   22636.3064
    53   14 Si         0.0091     316.4656   22635.7239
    54   14 Si         0.0083     316.4738   22636.3090
    55   14 Si         0.0091     316.4654   22635.7079
    56   14 Si         0.0091     316.4657   22635.7302
    57   14 Si         0.0083     316.4737   22636.3027
    58   14 Si         0.0091     316.4656   22635.7239
    59   14 Si         0.0083     316.4738   22636.3064
    60   14 Si         0.0091     316.4654   22635.7079
    61   14 Si         0.0083     316.4738   22636.3090
    62   14 Si         0.0091     316.4657   22635.7302
    63   14 Si         0.0083     316.4737   22636.3027
    64   14 Si         0.0091     316.4654   22635.7079
    65   14 Si         0.0083     316.4738   22636.3090
    66   14 Si         0.0091     316.4657   22635.7302
    67   14 Si         0.0083     316.4737   22636.3027
    68   14 Si         0.0083     316.4738   22636.3090
    69   14 Si         0.0091     316.4654   22635.7079
    70   14 Si         0.0091     316.4657   22635.7302
    71   14 Si         0.0083     316.4737   22636.3027
    72   14 Si         0.0091     316.4656   22635.7239
    73   14 Si         0.0083     316.4738   22636.3064
    74   14 Si         0.0083     316.4738   22636.3064
    75   14 Si         0.0091     316.4656   22635.7239
    76   14 Si         0.0094     316.4621   22635.4754
    77   14 Si         0.0096     316.4603   22635.3468
    78   14 Si         0.0096     316.4603   22635.3468
    79   14 Si         0.0094     316.4621   22635.4754
    80   14 Si         0.0096     316.4603   22635.3468
    81   14 Si         0.0094     316.4621   22635.4754
    82   14 Si         0.0094     316.4621   22635.4754
    83   14 Si         0.0096     316.4603   22635.3468
    84   14 Si         0.0094     316.4621   22635.4754
    85   14 Si         0.0096     316.4603   22635.3468
    86   14 Si         0.0096     316.4603   22635.3468
    87   14 Si         0.0094     316.4621   22635.4754
    88   14 Si         0.0096     316.4603   22635.3468
    89   14 Si         0.0094     316.4621   22635.4754
    90   14 Si         0.0094     316.4621   22635.4754
    91   14 Si         0.0096     316.4603   22635.3468
    92   14 Si         0.0086     316.4710   22636.1075
    93   14 Si         0.0096     316.4601   22635.3280
    94   14 Si         0.0096     316.4601   22635.3280
    95   14 Si         0.0086     316.4710   22636.1075
    96   14 Si         0.0096     316.4601   22635.3280
    97   14 Si         0.0086     316.4710   22636.1075
    98   14 Si         0.0086     316.4710   22636.1075
    99   14 Si         0.0096     316.4601   22635.3280
   100   14 Si         0.0096     316.4601   22635.3280
   101   14 Si         0.0086     316.4710   22636.1075
   102   14 Si         0.0086     316.4710   22636.1075
   103   14 Si         0.0096     316.4601   22635.3280
   104   14 Si         0.0086     316.4710   22636.1075
   105   14 Si         0.0096     316.4601   22635.3280
   106   14 Si         0.0096     316.4601   22635.3280
   107   14 Si         0.0086     316.4710   22636.1075
--------------------------------------------------------

Atom-resolved dispersion energies:
--------------------------------------------------
     #    Z           [Hartree]      [kcal/mol]
--------------------------------------------------
     1   19 K   -0.45300513E-02     -2.84265010
     2   19 K   -0.45300513E-02     -2.84265010
     3   19 K   -0.45556129E-02     -2.85869027
     4   19 K   -0.32660398E-02     -2.04947094
     5   19 K   -0.32660398E-02     -2.04947094
     6   19 K   -0.32278193E-02     -2.02548720
     7   19 K   -0.32955986E-02     -2.06801932
     8   19 K   -0.33082256E-02     -2.07594288
     9   19 K   -0.32306560E-02     -2.02726726
    10   19 K   -0.32660398E-02     -2.04947094
    11   19 K   -0.32660398E-02     -2.04947094
    12   19 K   -0.32955986E-02     -2.06801932
    13   19 K   -0.32278193E-02     -2.02548720
    14   19 K   -0.33082256E-02     -2.07594288
    15   19 K   -0.32306560E-02     -2.02726726
    16   14 Si  -0.17706296E-02     -1.11108686
    17   14 Si  -0.17875314E-02     -1.12169290
    18   14 Si  -0.17779703E-02     -1.11569319
    19   14 Si  -0.17779703E-02     -1.11569319
    20   14 Si  -0.17847305E-02     -1.11993533
    21   14 Si  -0.17670260E-02     -1.10882555
    22   14 Si  -0.17875314E-02     -1.12169290
    23   14 Si  -0.17706296E-02     -1.11108686
    24   14 Si  -0.17779703E-02     -1.11569319
    25   14 Si  -0.17779703E-02     -1.11569319
    26   14 Si  -0.17847305E-02     -1.11993533
    27   14 Si  -0.17670260E-02     -1.10882555
    28   14 Si  -0.18783717E-02     -1.17869606
    29   14 Si  -0.18853310E-02     -1.18306307
    30   14 Si  -0.18794285E-02     -1.17935921
    31   14 Si  -0.18794285E-02     -1.17935921
    32   14 Si  -0.18775097E-02     -1.17815513
    33   14 Si  -0.18863516E-02     -1.18370350
    34   14 Si  -0.18853310E-02     -1.18306307
    35   14 Si  -0.18783717E-02     -1.17869606
    36   14 Si  -0.18794285E-02     -1.17935921
    37   14 Si  -0.18794285E-02     -1.17935921
    38   14 Si  -0.18863516E-02     -1.18370350
    39   14 Si  -0.18775097E-02     -1.17815513
    40   14 Si  -0.18794285E-02     -1.17935921
    41   14 Si  -0.18794285E-02     -1.17935921
    42   14 Si  -0.18863516E-02     -1.18370350
    43   14 Si  -0.18775097E-02     -1.17815513
    44   14 Si  -0.18794285E-02     -1.17935921
    45   14 Si  -0.18794285E-02     -1.17935921
    46   14 Si  -0.18775097E-02     -1.17815513
    47   14 Si  -0.18863516E-02     -1.18370350
    48   14 Si  -0.18783717E-02     -1.17869606
    49   14 Si  -0.18853310E-02     -1.18306307
    50   14 Si  -0.18853310E-02     -1.18306307
    51   14 Si  -0.18783717E-02     -1.17869606
    52   14 Si  -0.17139968E-02     -1.07554925
    53   14 Si  -0.18861784E-02     -1.18359481
    54   14 Si  -0.17131168E-02     -1.07499704
    55   14 Si  -0.18888793E-02     -1.18528967
    56   14 Si  -0.18853937E-02     -1.18310238
    57   14 Si  -0.17118660E-02     -1.07421211
    58   14 Si  -0.18861784E-02     -1.18359481
    59   14 Si  -0.17139968E-02     -1.07554925
    60   14 Si  -0.18888793E-02     -1.18528967
    61   14 Si  -0.17131168E-02     -1.07499704
    62   14 Si  -0.18853937E-02     -1.18310238
    63   14 Si  -0.17118660E-02     -1.07421211
    64   14 Si  -0.18888793E-02     -1.18528967
    65   14 Si  -0.17131168E-02     -1.07499704
    66   14 Si  -0.18853937E-02     -1.18310238
    67   14 Si  -0.17118660E-02     -1.07421211
    68   14 Si  -0.17131168E-02     -1.07499704
    69   14 Si  -0.18888793E-02     -1.18528967
    70   14 Si  -0.18853937E-02     -1.18310238
    71   14 Si  -0.17118660E-02     -1.07421211
    72   14 Si  -0.18861784E-02     -1.18359481
    73   14 Si  -0.17139968E-02     -1.07554925
    74   14 Si  -0.17139968E-02     -1.07554925
    75   14 Si  -0.18861784E-02     -1.18359481
    76   14 Si  -0.18586050E-02     -1.16629226
    77   14 Si  -0.18717757E-02     -1.17455697
    78   14 Si  -0.18717757E-02     -1.17455697
    79   14 Si  -0.18586050E-02     -1.16629226
    80   14 Si  -0.18717757E-02     -1.17455697
    81   14 Si  -0.18586050E-02     -1.16629226
    82   14 Si  -0.18586050E-02     -1.16629226
    83   14 Si  -0.18717757E-02     -1.17455697
    84   14 Si  -0.18586050E-02     -1.16629226
    85   14 Si  -0.18717757E-02     -1.17455697
    86   14 Si  -0.18717757E-02     -1.17455697
    87   14 Si  -0.18586050E-02     -1.16629226
    88   14 Si  -0.18717757E-02     -1.17455697
    89   14 Si  -0.18586050E-02     -1.16629226
    90   14 Si  -0.18586050E-02     -1.16629226
    91   14 Si  -0.18717757E-02     -1.17455697
    92   14 Si  -0.16692327E-02     -1.04745931
    93   14 Si  -0.18740356E-02     -1.17597509
    94   14 Si  -0.18740356E-02     -1.17597509
    95   14 Si  -0.16692327E-02     -1.04745931
    96   14 Si  -0.18740356E-02     -1.17597509
    97   14 Si  -0.16692327E-02     -1.04745931
    98   14 Si  -0.16692327E-02     -1.04745931
    99   14 Si  -0.18740356E-02     -1.17597509
   100   14 Si  -0.18740356E-02     -1.17597509
   101   14 Si  -0.16692327E-02     -1.04745931
   102   14 Si  -0.16692327E-02     -1.04745931
   103   14 Si  -0.18740356E-02     -1.17597509
   104   14 Si  -0.16692327E-02     -1.04745931
   105   14 Si  -0.18740356E-02     -1.17597509
   106   14 Si  -0.18740356E-02     -1.17597509
   107   14 Si  -0.16692327E-02     -1.04745931
--------------------------------------------------

Dispersion energy:      -2.2066879012825E-01 Eh

[Info] Dispersion energy written to .EDISP
