-----------------------------------
 s i m p l e   D F T - D 3  v1.2.1
-----------------------------------

Zero (Chai-Head-Gordon) damping: pbe-D3(0)
--------------------
  s6         1.0000
  s8         0.7220
  s9         0.0000
 rs6         1.2170
 rs8         1.0000
 alp        14.0000
--------------------

Atomic radii (in Angstrom):
-------------------------------------------
   Z          R(cov)     R(vdw)      r4/r2
-------------------------------------------
  12 Mg       1.6667     1.7420     2.8909
  79 Au       1.5067     1.6282     3.0198
-------------------------------------------

Atomic reference systems (in atomic units):
----------------------------------------------------------------------------
   Z        #      CN    C6(AA)   #      CN    C6(AA)   #      CN    C6(AA)
----------------------------------------------------------------------------
  12 Mg     1  0.0000  683.3758   2  0.9628  451.2708   3  1.9496  175.5616
  79 Au     1  0.0000  342.3526   2  0.9846  317.1561
----------------------------------------------------------------------------

Dispersion properties (in atomic units):
--------------------------------------------------------
     #    Z                CN       C6(AA)       C8(AA)
--------------------------------------------------------
     1   12 Mg         0.0020     677.1303   60624.6813
     2   12 Mg         0.0020     677.1303   60624.6813
     3   12 Mg         0.0021     677.1262   60624.3205
     4   12 Mg         0.0021     677.1262   60624.3205
     5   12 Mg         0.0021     677.1262   60624.3204
     6   12 Mg         0.0021     677.1262   60624.3204
     7   12 Mg         0.0020     677.1296   60624.6220
     8   12 Mg         0.0020     677.1296   60624.6219
     9   12 Mg         0.0020     677.1298   60624.6385
    10   12 Mg         0.0020     677.1300   60624.6587
    11   12 Mg         0.0020     677.1303   60624.6813
    12   12 Mg         0.0020     677.1303   60624.6813
    13   12 Mg         0.0020     677.1298   60624.6385
    14   12 Mg         0.0020     677.1298   60624.6384
    15   12 Mg         0.0020     677.1301   60624.6696
    16   12 Mg         0.0020     677.1301   60624.6696
    17   12 Mg         0.0020     677.1303   60624.6813
    18   12 Mg         0.0020     677.1303   60624.6813
    19   12 Mg         0.0020     677.1296   60624.6219
    20   12 Mg         0.0020     677.1301   60624.6696
    21   12 Mg         0.0020     677.1300   60624.6587
    22   12 Mg         0.0020     677.1300   60624.6587
    23   12 Mg         0.0021     677.1262   60624.3204
    24   12 Mg         0.0021     677.1262   60624.3205
    25   12 Mg         0.0021     677.1268   60624.3665
    26   12 Mg         0.0021     677.1268   60624.3665
    27   12 Mg         0.0021     677.1268   60624.3665
    28   12 Mg         0.0020     677.1298   60624.6392
    29   12 Mg         0.0020     677.1298   60624.6392
    30   12 Mg         0.0020     677.1298   60624.6392
    31   12 Mg         0.0020     677.1298   60624.6393
    32   12 Mg         0.0020     677.1298   60624.6393
    33   12 Mg         0.0020     677.1298   60624.6393
    34   12 Mg         0.0020     677.1303   60624.6802
    35   12 Mg         0.0020     677.1303   60624.6802
    36   12 Mg         0.0020     677.1303   60624.6802
    37   12 Mg         0.0020     677.1300   60624.6534
    38   12 Mg         0.0020     677.1300   60624.6535
    39   12 Mg         0.0020     677.1300   60624.6535
    40   12 Mg         0.0020     677.1290   60624.5657
    41   12 Mg         0.0020     677.1290   60624.5657
    42   12 Mg         0.0020     677.1290   60624.5657
    43   12 Mg         0.0020     677.1290   60624.5657
    44   12 Mg         0.0020     677.1290   60624.5657
    45   12 Mg         0.0020     677.1290   60624.5657
    46   12 Mg         0.0020     677.1290   60624.5645
    47   12 Mg         0.0021     677.1280   60624.4784
    48   12 Mg         0.0021     677.1280   60624.4785
    49   12 Mg         0.0021     677.1280   60624.4784
    50   12 Mg         0.0020     677.1295   60624.6099
    51   12 Mg         0.0020     677.1297   60624.6335
    52   12 Mg         0.0020     677.1297   60624.6335
    53   12 Mg         0.0020     677.1297   60624.6335
    54   12 Mg         0.0020     677.1297   60624.6335
    55   12 Mg         0.0020     677.1297   60624.6335
    56   12 Mg         0.0020     677.1297   60624.6335
    57   12 Mg         0.0020     677.1298   60624.6379
    58   12 Mg         0.0020     677.1298   60624.6379
    59   12 Mg         0.0020     677.1298   60624.6379
    60   12 Mg         0.0020     677.1298   60624.6378
    61   12 Mg         0.0020     677.1298   60624.6378
    62   12 Mg         0.0020     677.1298   60624.6378
    63   12 Mg         0.0020     677.1297   60624.6302
    64   12 Mg         0.0020     677.1297   60624.6302
    65   12 Mg         0.0020     677.1297   60624.6302
    66   12 Mg         0.0020     677.1297   60624.6330
    67   12 Mg         0.0020     677.1297   60624.6331
    68   12 Mg         0.0020     677.1297   60624.6331
    69   12 Mg         0.0020     677.1293   60624.5942
    70   12 Mg         0.0020     677.1293   60624.5942
    71   12 Mg         0.0020     677.1293   60624.5942
    72   12 Mg         0.0020     677.1292   60624.5871
    73   12 Mg         0.0020     677.1292   60624.5872
    74   12 Mg         0.0020     677.1292   60624.5871
    75   12 Mg         0.0020     677.1298   60624.6355
    76   12 Mg         0.0020     677.1297   60624.6314
    77   12 Mg         0.0020     677.1297   60624.6315
    78   12 Mg         0.0020     677.1293   60624.5969
    79   12 Mg         0.0020     677.1293   60624.5969
    80   12 Mg         0.0020     677.1298   60624.6423
    81   12 Mg         0.0020     677.1298   60624.6422
    82   12 Mg         0.0020     677.1293   60624.5943
    83   12 Mg         0.0020     677.1293   60624.5969
    84   12 Mg         0.0020     677.1293   60624.5969
    85   12 Mg         0.0020     677.1298   60624.6411
    86   12 Mg         0.0020     677.1298   60624.6376
    87   12 Mg         0.0020     677.1298   60624.6377
    88   12 Mg         0.0020     677.1293   60624.5968
    89   12 Mg         0.0020     677.1293   60624.5968
    90   12 Mg         0.0020     677.1298   60624.6412
    91   12 Mg         0.0020     677.1298   60624.6412
    92   12 Mg         0.0020     677.1298   60624.6422
    93   12 Mg         0.0020     677.1298   60624.6422
    94   12 Mg         0.0020     677.1297   60624.6314
    95   12 Mg         0.0020     677.1298   60624.6377
    96   12 Mg         0.0020     677.1298   60624.6355
    97   12 Mg         0.0020     677.1298   60624.6355
    98   12 Mg         0.0020     677.1298   60624.6423
    99   12 Mg         0.0020     677.1298   60624.6422
   100   12 Mg         0.0020     677.1292   60624.5871
   101   12 Mg         0.0020     677.1292   60624.5872
   102   12 Mg         0.0020     677.1292   60624.5871
   103   12 Mg         0.0020     677.1293   60624.5942
   104   12 Mg         0.0020     677.1293   60624.5942
   105   12 Mg         0.0020     677.1293   60624.5942
   106   12 Mg         0.0020     677.1297   60624.6330
   107   12 Mg         0.0020     677.1297   60624.6331
   108   12 Mg         0.0020     677.1297   60624.6331
   109   12 Mg         0.0020     677.1297   60624.6302
   110   12 Mg         0.0020     677.1297   60624.6302
   111   12 Mg         0.0020     677.1297   60624.6302
   112   12 Mg         0.0020     677.1298   60624.6379
   113   12 Mg         0.0020     677.1298   60624.6379
   114   12 Mg         0.0020     677.1298   60624.6379
   115   12 Mg         0.0020     677.1298   60624.6378
   116   12 Mg         0.0020     677.1298   60624.6378
   117   12 Mg         0.0020     677.1298   60624.6378
   118   12 Mg         0.0020     677.1297   60624.6335
   119   12 Mg         0.0020     677.1297   60624.6335
   120   12 Mg         0.0020     677.1297   60624.6335
   121   12 Mg         0.0020     677.1297   60624.6335
   122   12 Mg         0.0020     677.1297   60624.6335
   123   12 Mg         0.0020     677.1297   60624.6335
   124   12 Mg         0.0020     677.1295   60624.6099
   125   12 Mg         0.0021     677.1280   60624.4784
   126   12 Mg         0.0021     677.1280   60624.4785
   127   12 Mg         0.0021     677.1280   60624.4784
   128   12 Mg         0.0020     677.1290   60624.5645
   129   12 Mg         0.0020     677.1290   60624.5657
   130   12 Mg         0.0020     677.1290   60624.5657
   131   12 Mg         0.0020     677.1290   60624.5657
   132   12 Mg         0.0020     677.1290   60624.5657
   133   12 Mg         0.0020     677.1290   60624.5657
   134   12 Mg         0.0020     677.1290   60624.5657
   135   12 Mg         0.0020     677.1300   60624.6534
   136   12 Mg         0.0020     677.1300   60624.6535
   137   12 Mg         0.0020     677.1300   60624.6535
   138   12 Mg         0.0020     677.1303   60624.6802
   139   12 Mg         0.0020     677.1303   60624.6802
   140   12 Mg         0.0020     677.1303   60624.6802
   141   12 Mg         0.0020     677.1298   60624.6392
   142   12 Mg         0.0020     677.1298   60624.6392
   143   12 Mg         0.0020     677.1298   60624.6392
   144   12 Mg         0.0020     677.1298   60624.6393
   145   12 Mg         0.0020     677.1298   60624.6393
   146   12 Mg         0.0020     677.1298   60624.6393
   147   12 Mg         0.0021     677.1268   60624.3665
   148   12 Mg         0.0021     677.1268   60624.3665
   149   12 Mg         0.0021     677.1268   60624.3665
   150   79 Au         0.0017     341.8090   33393.4940
--------------------------------------------------------

Atom-resolved dispersion energies:
--------------------------------------------------
     #    Z           [Hartree]      [kcal/mol]
--------------------------------------------------
     1   12 Mg  -0.78715063E-03     -0.49394448
     2   12 Mg  -0.78715007E-03     -0.49394412
     3   12 Mg  -0.81261562E-03     -0.50992400
     4   12 Mg  -0.81261530E-03     -0.50992380
     5   12 Mg  -0.81261859E-03     -0.50992586
     6   12 Mg  -0.81261817E-03     -0.50992560
     7   12 Mg  -0.79230363E-03     -0.49717804
     8   12 Mg  -0.79231087E-03     -0.49718258
     9   12 Mg  -0.79087164E-03     -0.49627944
    10   12 Mg  -0.78894512E-03     -0.49507054
    11   12 Mg  -0.78715377E-03     -0.49394645
    12   12 Mg  -0.78715232E-03     -0.49394554
    13   12 Mg  -0.79087120E-03     -0.49627917
    14   12 Mg  -0.79087554E-03     -0.49628189
    15   12 Mg  -0.78798169E-03     -0.49446597
    16   12 Mg  -0.78797901E-03     -0.49446429
    17   12 Mg  -0.78715488E-03     -0.49394714
    18   12 Mg  -0.78715193E-03     -0.49394529
    19   12 Mg  -0.79230914E-03     -0.49718149
    20   12 Mg  -0.78798241E-03     -0.49446643
    21   12 Mg  -0.78894341E-03     -0.49506946
    22   12 Mg  -0.78894512E-03     -0.49507054
    23   12 Mg  -0.81262139E-03     -0.50992762
    24   12 Mg  -0.81261719E-03     -0.50992498
    25   12 Mg  -0.80890171E-03     -0.50759349
    26   12 Mg  -0.80890157E-03     -0.50759340
    27   12 Mg  -0.80890091E-03     -0.50759298
    28   12 Mg  -0.79067494E-03     -0.49615602
    29   12 Mg  -0.79067218E-03     -0.49615428
    30   12 Mg  -0.79067492E-03     -0.49615600
    31   12 Mg  -0.79066934E-03     -0.49615250
    32   12 Mg  -0.79066855E-03     -0.49615200
    33   12 Mg  -0.79066994E-03     -0.49615288
    34   12 Mg  -0.78718526E-03     -0.49396621
    35   12 Mg  -0.78718282E-03     -0.49396468
    36   12 Mg  -0.78718521E-03     -0.49396618
    37   12 Mg  -0.78947139E-03     -0.49540078
    38   12 Mg  -0.78946494E-03     -0.49539673
    39   12 Mg  -0.78946643E-03     -0.49539766
    40   12 Mg  -0.79689919E-03     -0.50006179
    41   12 Mg  -0.79689815E-03     -0.50006114
    42   12 Mg  -0.79690311E-03     -0.50006425
    43   12 Mg  -0.79690213E-03     -0.50006363
    44   12 Mg  -0.79690322E-03     -0.50006432
    45   12 Mg  -0.79690130E-03     -0.50006311
    46   12 Mg  -0.79704716E-03     -0.50015464
    47   12 Mg  -0.80400458E-03     -0.50452049
    48   12 Mg  -0.80400247E-03     -0.50451916
    49   12 Mg  -0.80400456E-03     -0.50452048
    50   12 Mg  -0.79299690E-03     -0.49761307
    51   12 Mg  -0.79116058E-03     -0.49646076
    52   12 Mg  -0.79116515E-03     -0.49646363
    53   12 Mg  -0.79116343E-03     -0.49646255
    54   12 Mg  -0.79116352E-03     -0.49646260
    55   12 Mg  -0.79116544E-03     -0.49646381
    56   12 Mg  -0.79116249E-03     -0.49646196
    57   12 Mg  -0.79087953E-03     -0.49628440
    58   12 Mg  -0.79087958E-03     -0.49628443
    59   12 Mg  -0.79087709E-03     -0.49628287
    60   12 Mg  -0.79088464E-03     -0.49628760
    61   12 Mg  -0.79088070E-03     -0.49628513
    62   12 Mg  -0.79088294E-03     -0.49628654
    63   12 Mg  -0.79135028E-03     -0.49657980
    64   12 Mg  -0.79134562E-03     -0.49657688
    65   12 Mg  -0.79134850E-03     -0.49657868
    66   12 Mg  -0.79108404E-03     -0.49641273
    67   12 Mg  -0.79107851E-03     -0.49640926
    68   12 Mg  -0.79108014E-03     -0.49641029
    69   12 Mg  -0.79461695E-03     -0.49862966
    70   12 Mg  -0.79461909E-03     -0.49863101
    71   12 Mg  -0.79461892E-03     -0.49863090
    72   12 Mg  -0.79522060E-03     -0.49900846
    73   12 Mg  -0.79521975E-03     -0.49900793
    74   12 Mg  -0.79522356E-03     -0.49901032
    75   12 Mg  -0.79102600E-03     -0.49637631
    76   12 Mg  -0.79140256E-03     -0.49661261
    77   12 Mg  -0.79139883E-03     -0.49661027
    78   12 Mg  -0.79428180E-03     -0.49841936
    79   12 Mg  -0.79428354E-03     -0.49842045
    80   12 Mg  -0.79047685E-03     -0.49603171
    81   12 Mg  -0.79048241E-03     -0.49603520
    82   12 Mg  -0.79460056E-03     -0.49861938
    83   12 Mg  -0.79428098E-03     -0.49841884
    84   12 Mg  -0.79428320E-03     -0.49842023
    85   12 Mg  -0.79052181E-03     -0.49605992
    86   12 Mg  -0.79084291E-03     -0.49626142
    87   12 Mg  -0.79083541E-03     -0.49625671
    88   12 Mg  -0.79428652E-03     -0.49842232
    89   12 Mg  -0.79428508E-03     -0.49842141
    90   12 Mg  -0.79051714E-03     -0.49605700
    91   12 Mg  -0.79051588E-03     -0.49605620
    92   12 Mg  -0.79048233E-03     -0.49603515
    93   12 Mg  -0.79047782E-03     -0.49603232
    94   12 Mg  -0.79140261E-03     -0.49661264
    95   12 Mg  -0.79083609E-03     -0.49625714
    96   12 Mg  -0.79102648E-03     -0.49637661
    97   12 Mg  -0.79102714E-03     -0.49637703
    98   12 Mg  -0.79047668E-03     -0.49603161
    99   12 Mg  -0.79047889E-03     -0.49603300
   100   12 Mg  -0.79522060E-03     -0.49900846
   101   12 Mg  -0.79521975E-03     -0.49900793
   102   12 Mg  -0.79522356E-03     -0.49901032
   103   12 Mg  -0.79461695E-03     -0.49862966
   104   12 Mg  -0.79461909E-03     -0.49863101
   105   12 Mg  -0.79461892E-03     -0.49863090
   106   12 Mg  -0.79108404E-03     -0.49641273
   107   12 Mg  -0.79107851E-03     -0.49640926
   108   12 Mg  -0.79108014E-03     -0.49641029
   109   12 Mg  -0.79135028E-03     -0.49657980
   110   12 Mg  -0.79134562E-03     -0.49657688
   111   12 Mg  -0.79134850E-03     -0.49657868
   112   12 Mg  -0.79087953E-03     -0.49628440
   113   12 Mg  -0.79087958E-03     -0.49628443
   114   12 Mg  -0.79087709E-03     -0.49628287
   115   12 Mg  -0.79088464E-03     -0.49628760
   116   12 Mg  -0.79088070E-03     -0.49628513
   117   12 Mg  -0.79088294E-03     -0.49628654
   118   12 Mg  -0.79116058E-03     -0.49646076
   119   12 Mg  -0.79116515E-03     -0.49646363
   120   12 Mg  -0.79116343E-03     -0.49646255
   121   12 Mg  -0.79116352E-03     -0.49646260
   122   12 Mg  -0.79116544E-03     -0.49646381
   123   12 Mg  -0.79116249E-03     -0.49646196
   124   12 Mg  -0.79299690E-03     -0.49761307
   125   12 Mg  -0.80400458E-03     -0.50452049
   126   12 Mg  -0.80400247E-03     -0.50451916
   127   12 Mg  -0.80400456E-03     -0.50452048
   128   12 Mg  -0.79704716E-03     -0.50015464
   129   12 Mg  -0.79689919E-03     -0.50006179
   130   12 Mg  -0.79689815E-03     -0.50006114
   131   12 Mg  -0.79690311E-03     -0.50006425
   132   12 Mg  -0.79690213E-03     -0.50006363
   133   12 Mg  -0.79690322E-03     -0.50006432
   134   12 Mg  -0.79690130E-03     -0.50006311
   135   12 Mg  -0.78947139E-03     -0.49540078
   136   12 Mg  -0.78946494E-03     -0.49539673
   137   12 Mg  -0.78946643E-03     -0.49539766
   138   12 Mg  -0.78718526E-03     -0.49396621
   139   12 Mg  -0.78718282E-03     -0.49396468
   140   12 Mg  -0.78718521E-03     -0.49396618
   141   12 Mg  -0.79067494E-03     -0.49615602
   142   12 Mg  -0.79067218E-03     -0.49615428
   143   12 Mg  -0.79067492E-03     -0.49615600
   144   12 Mg  -0.79066934E-03     -0.49615250
   145   12 Mg  -0.79066855E-03     -0.49615200
   146   12 Mg  -0.79066994E-03     -0.49615288
   147   12 Mg  -0.80890171E-03     -0.50759349
   148   12 Mg  -0.80890157E-03     -0.50759340
   149   12 Mg  -0.80890091E-03     -0.50759298
   150   79 Au  -0.61523867E-03     -0.38606810
--------------------------------------------------

Dispersion energy:      -1.1887515462839E-01 Eh

[Info] Dispersion energy written to .EDISP
