-----------------------------------
 s i m p l e   D F T - D 3  v1.2.1
-----------------------------------

Zero (Chai-Head-Gordon) damping: pbe-D3(0)
--------------------
  s6         1.0000
  s8         0.7220
  s9         0.0000
 rs6         1.2170
 rs8         1.0000
 alp        14.0000
--------------------

Atomic radii (in Angstrom):
-------------------------------------------
   Z          R(cov)     R(vdw)      r4/r2
-------------------------------------------
  12 Mg       1.6667     1.7420     2.8909
  35 Br       1.5200     1.6831     2.4294
-------------------------------------------

Atomic reference systems (in atomic units):
----------------------------------------------------------------------------
   Z        #      CN    C6(AA)   #      CN    C6(AA)   #      CN    C6(AA)
----------------------------------------------------------------------------
  12 Mg     1  0.0000  683.3758   2  0.9628  451.2708   3  1.9496  175.5616
  35 Br     1  0.0000  167.1297   2  0.9974  169.2375
----------------------------------------------------------------------------

Dispersion properties (in atomic units):
--------------------------------------------------------
     #    Z                CN       C6(AA)       C8(AA)
--------------------------------------------------------
     1   12 Mg         0.0017     677.1457   60626.0649
     2   12 Mg         0.0017     677.1457   60626.0649
     3   12 Mg         0.0018     677.1419   60625.7203
     4   12 Mg         0.0018     677.1419   60625.7203
     5   12 Mg         0.0018     677.1416   60625.6940
     6   12 Mg         0.0017     677.1457   60626.0649
     7   12 Mg         0.0017     677.1457   60626.0649
     8   12 Mg         0.0018     677.1416   60625.6940
     9   12 Mg         0.0018     677.1416   60625.6941
    10   12 Mg         0.0018     677.1423   60625.7546
    11   12 Mg         0.0018     677.1418   60625.7128
    12   12 Mg         0.0018     677.1418   60625.7128
    13   12 Mg         0.0018     677.1418   60625.7128
    14   12 Mg         0.0018     677.1418   60625.7128
    15   12 Mg         0.0018     677.1419   60625.7204
    16   12 Mg         0.0018     677.1417   60625.7084
    17   12 Mg         0.0018     677.1417   60625.7084
    18   12 Mg         0.0017     677.1457   60626.0649
    19   12 Mg         0.0017     677.1457   60626.0649
    20   12 Mg         0.0018     677.1417   60625.7084
    21   12 Mg         0.0018     677.1423   60625.7547
    22   12 Mg         0.0018     677.1423   60625.7547
    23   12 Mg         0.0018     677.1418   60625.7128
    24   12 Mg         0.0018     677.1418   60625.7128
    25   12 Mg         0.0018     677.1422   60625.7488
    26   12 Mg         0.0018     677.1427   60625.7953
    27   12 Mg         0.0018     677.1427   60625.7953
    28   12 Mg         0.0018     677.1427   60625.7953
    29   12 Mg         0.0018     677.1427   60625.7953
    30   12 Mg         0.0018     677.1427   60625.7954
    31   12 Mg         0.0018     677.1427   60625.7953
    32   12 Mg         0.0018     677.1423   60625.7595
    33   12 Mg         0.0018     677.1423   60625.7595
    34   12 Mg         0.0018     677.1423   60625.7596
    35   12 Mg         0.0018     677.1423   60625.7606
    36   12 Mg         0.0018     677.1423   60625.7605
    37   12 Mg         0.0018     677.1423   60625.7606
    38   12 Mg         0.0018     677.1423   60625.7605
    39   12 Mg         0.0018     677.1423   60625.7606
    40   12 Mg         0.0018     677.1423   60625.7606
    41   12 Mg         0.0017     677.1429   60625.8145
    42   12 Mg         0.0017     677.1429   60625.8145
    43   12 Mg         0.0017     677.1429   60625.8145
    44   12 Mg         0.0018     677.1424   60625.7707
    45   12 Mg         0.0018     677.1424   60625.7707
    46   12 Mg         0.0018     677.1424   60625.7707
    47   12 Mg         0.0017     677.1452   60626.0209
    48   12 Mg         0.0017     677.1452   60626.0209
    49   12 Mg         0.0017     677.1452   60626.0208
    50   12 Mg         0.0018     677.1421   60625.7441
    51   12 Mg         0.0018     677.1426   60625.7874
    52   12 Mg         0.0018     677.1426   60625.7874
    53   12 Mg         0.0018     677.1426   60625.7874
    54   12 Mg         0.0017     677.1428   60625.8050
    55   12 Mg         0.0017     677.1428   60625.8051
    56   12 Mg         0.0017     677.1428   60625.8051
    57   12 Mg         0.0018     677.1425   60625.7805
    58   12 Mg         0.0018     677.1425   60625.7806
    59   12 Mg         0.0018     677.1425   60625.7805
    60   12 Mg         0.0018     677.1426   60625.7864
    61   12 Mg         0.0018     677.1426   60625.7864
    62   12 Mg         0.0018     677.1426   60625.7864
    63   12 Mg         0.0018     677.1426   60625.7892
    64   12 Mg         0.0018     677.1426   60625.7892
    65   12 Mg         0.0018     677.1426   60625.7892
    66   12 Mg         0.0018     677.1426   60625.7892
    67   12 Mg         0.0018     677.1426   60625.7892
    68   12 Mg         0.0018     677.1426   60625.7892
    69   12 Mg         0.0018     677.1422   60625.7471
    70   12 Mg         0.0018     677.1422   60625.7471
    71   12 Mg         0.0018     677.1422   60625.7471
    72   12 Mg         0.0018     677.1422   60625.7471
    73   12 Mg         0.0018     677.1422   60625.7471
    74   12 Mg         0.0018     677.1422   60625.7471
    75   12 Mg         0.0018     677.1426   60625.7830
    76   12 Mg         0.0018     677.1422   60625.7489
    77   12 Mg         0.0018     677.1422   60625.7489
    78   12 Mg         0.0017     677.1429   60625.8142
    79   12 Mg         0.0017     677.1429   60625.8142
    80   12 Mg         0.0017     677.1429   60625.8142
    81   12 Mg         0.0017     677.1429   60625.8142
    82   12 Mg         0.0017     677.1429   60625.8116
    83   12 Mg         0.0018     677.1423   60625.7590
    84   12 Mg         0.0018     677.1423   60625.7590
    85   12 Mg         0.0017     677.1429   60625.8142
    86   12 Mg         0.0017     677.1429   60625.8142
    87   12 Mg         0.0018     677.1425   60625.7808
    88   12 Mg         0.0018     677.1425   60625.7808
    89   12 Mg         0.0018     677.1427   60625.7982
    90   12 Mg         0.0018     677.1422   60625.7488
    91   12 Mg         0.0018     677.1427   60625.7982
    92   12 Mg         0.0018     677.1427   60625.7982
    93   12 Mg         0.0018     677.1423   60625.7590
    94   12 Mg         0.0018     677.1423   60625.7590
    95   12 Mg         0.0018     677.1423   60625.7590
    96   12 Mg         0.0018     677.1423   60625.7590
    97   12 Mg         0.0018     677.1425   60625.7808
    98   12 Mg         0.0018     677.1426   60625.7831
    99   12 Mg         0.0018     677.1426   60625.7830
   100   12 Mg         0.0018     677.1422   60625.7471
   101   12 Mg         0.0018     677.1422   60625.7471
   102   12 Mg         0.0018     677.1422   60625.7471
   103   12 Mg         0.0018     677.1422   60625.7471
   104   12 Mg         0.0018     677.1422   60625.7471
   105   12 Mg         0.0018     677.1422   60625.7471
   106   12 Mg         0.0018     677.1426   60625.7893
   107   12 Mg         0.0018     677.1426   60625.7893
   108   12 Mg         0.0018     677.1426   60625.7893
   109   12 Mg         0.0018     677.1426   60625.7893
   110   12 Mg         0.0018     677.1426   60625.7893
   111   12 Mg         0.0018     677.1426   60625.7893
   112   12 Mg         0.0018     677.1426   60625.7864
   113   12 Mg         0.0018     677.1426   60625.7864
   114   12 Mg         0.0018     677.1426   60625.7864
   115   12 Mg         0.0018     677.1425   60625.7806
   116   12 Mg         0.0018     677.1425   60625.7806
   117   12 Mg         0.0018     677.1425   60625.7806
   118   12 Mg         0.0017     677.1428   60625.8051
   119   12 Mg         0.0017     677.1428   60625.8051
   120   12 Mg         0.0017     677.1428   60625.8051
   121   12 Mg         0.0018     677.1426   60625.7875
   122   12 Mg         0.0018     677.1426   60625.7874
   123   12 Mg         0.0018     677.1426   60625.7875
   124   12 Mg         0.0018     677.1421   60625.7442
   125   12 Mg         0.0017     677.1452   60626.0209
   126   12 Mg         0.0017     677.1452   60626.0209
   127   12 Mg         0.0017     677.1452   60626.0209
   128   12 Mg         0.0018     677.1424   60625.7707
   129   12 Mg         0.0018     677.1424   60625.7707
   130   12 Mg         0.0018     677.1424   60625.7708
   131   12 Mg         0.0017     677.1429   60625.8145
   132   12 Mg         0.0017     677.1429   60625.8145
   133   12 Mg         0.0017     677.1429   60625.8145
   134   12 Mg         0.0018     677.1423   60625.7606
   135   12 Mg         0.0018     677.1423   60625.7605
   136   12 Mg         0.0018     677.1423   60625.7606
   137   12 Mg         0.0018     677.1423   60625.7606
   138   12 Mg         0.0018     677.1423   60625.7606
   139   12 Mg         0.0018     677.1423   60625.7606
   140   12 Mg         0.0018     677.1423   60625.7595
   141   12 Mg         0.0018     677.1423   60625.7595
   142   12 Mg         0.0018     677.1423   60625.7596
   143   12 Mg         0.0018     677.1427   60625.7953
   144   12 Mg         0.0018     677.1427   60625.7953
   145   12 Mg         0.0018     677.1427   60625.7953
   146   12 Mg         0.0018     677.1427   60625.7953
   147   12 Mg         0.0018     677.1427   60625.7954
   148   12 Mg         0.0018     677.1427   60625.7953
   149   12 Mg         0.0018     677.1422   60625.7488
   150   35 Br         0.0012     167.1686   10569.9013
--------------------------------------------------------

Atom-resolved dispersion energies:
--------------------------------------------------
     #    Z           [Hartree]      [kcal/mol]
--------------------------------------------------
     1   12 Mg  -0.64542446E-03     -0.40500996
     2   12 Mg  -0.64542070E-03     -0.40500761
     3   12 Mg  -0.69150597E-03     -0.43392655
     4   12 Mg  -0.69150222E-03     -0.43392420
     5   12 Mg  -0.69420292E-03     -0.43561891
     6   12 Mg  -0.64542220E-03     -0.40500854
     7   12 Mg  -0.64542186E-03     -0.40500833
     8   12 Mg  -0.69420130E-03     -0.43561789
     9   12 Mg  -0.69419832E-03     -0.43561603
    10   12 Mg  -0.68843524E-03     -0.43199964
    11   12 Mg  -0.69239983E-03     -0.43448745
    12   12 Mg  -0.69240189E-03     -0.43448875
    13   12 Mg  -0.69239819E-03     -0.43448643
    14   12 Mg  -0.69239980E-03     -0.43448744
    15   12 Mg  -0.69150113E-03     -0.43392351
    16   12 Mg  -0.69294177E-03     -0.43482752
    17   12 Mg  -0.69294112E-03     -0.43482712
    18   12 Mg  -0.64542208E-03     -0.40500847
    19   12 Mg  -0.64542365E-03     -0.40500945
    20   12 Mg  -0.69293762E-03     -0.43482492
    21   12 Mg  -0.68843043E-03     -0.43199661
    22   12 Mg  -0.68843012E-03     -0.43199642
    23   12 Mg  -0.69239847E-03     -0.43448660
    24   12 Mg  -0.69239985E-03     -0.43448746
    25   12 Mg  -0.68954200E-03     -0.43269414
    26   12 Mg  -0.68524853E-03     -0.42999995
    27   12 Mg  -0.68524738E-03     -0.42999923
    28   12 Mg  -0.68524548E-03     -0.42999803
    29   12 Mg  -0.68524733E-03     -0.42999919
    30   12 Mg  -0.68524235E-03     -0.42999606
    31   12 Mg  -0.68524508E-03     -0.42999778
    32   12 Mg  -0.68846838E-03     -0.43202043
    33   12 Mg  -0.68846740E-03     -0.43201982
    34   12 Mg  -0.68846408E-03     -0.43201773
    35   12 Mg  -0.68788741E-03     -0.43165587
    36   12 Mg  -0.68789087E-03     -0.43165804
    37   12 Mg  -0.68788727E-03     -0.43165578
    38   12 Mg  -0.68788863E-03     -0.43165663
    39   12 Mg  -0.68788760E-03     -0.43165598
    40   12 Mg  -0.68788718E-03     -0.43165572
    41   12 Mg  -0.68155062E-03     -0.42767947
    42   12 Mg  -0.68154917E-03     -0.42767856
    43   12 Mg  -0.68154906E-03     -0.42767849
    44   12 Mg  -0.68741585E-03     -0.43135996
    45   12 Mg  -0.68741725E-03     -0.43136084
    46   12 Mg  -0.68741416E-03     -0.43135890
    47   12 Mg  -0.64931639E-03     -0.40745219
    48   12 Mg  -0.64931624E-03     -0.40745209
    49   12 Mg  -0.64932047E-03     -0.40745474
    50   12 Mg  -0.68901340E-03     -0.43236244
    51   12 Mg  -0.68590500E-03     -0.43041189
    52   12 Mg  -0.68590640E-03     -0.43041276
    53   12 Mg  -0.68590404E-03     -0.43041128
    54   12 Mg  -0.68446887E-03     -0.42951070
    55   12 Mg  -0.68446423E-03     -0.42950779
    56   12 Mg  -0.68446650E-03     -0.42950921
    57   12 Mg  -0.68661229E-03     -0.43085571
    58   12 Mg  -0.68660847E-03     -0.43085332
    59   12 Mg  -0.68661219E-03     -0.43085566
    60   12 Mg  -0.68616395E-03     -0.43057438
    61   12 Mg  -0.68616646E-03     -0.43057595
    62   12 Mg  -0.68616390E-03     -0.43057435
    63   12 Mg  -0.68581834E-03     -0.43035751
    64   12 Mg  -0.68581957E-03     -0.43035827
    65   12 Mg  -0.68581825E-03     -0.43035745
    66   12 Mg  -0.68581891E-03     -0.43035786
    67   12 Mg  -0.68581756E-03     -0.43035702
    68   12 Mg  -0.68581903E-03     -0.43035794
    69   12 Mg  -0.68940889E-03     -0.43261061
    70   12 Mg  -0.68941021E-03     -0.43261144
    71   12 Mg  -0.68940883E-03     -0.43261057
    72   12 Mg  -0.68941130E-03     -0.43261212
    73   12 Mg  -0.68940957E-03     -0.43261104
    74   12 Mg  -0.68941177E-03     -0.43261241
    75   12 Mg  -0.68625303E-03     -0.43063028
    76   12 Mg  -0.68933860E-03     -0.43256650
    77   12 Mg  -0.68933856E-03     -0.43256648
    78   12 Mg  -0.68371371E-03     -0.42903683
    79   12 Mg  -0.68371060E-03     -0.42903488
    80   12 Mg  -0.68371125E-03     -0.42903529
    81   12 Mg  -0.68371042E-03     -0.42903477
    82   12 Mg  -0.68390334E-03     -0.42915582
    83   12 Mg  -0.68852530E-03     -0.43205615
    84   12 Mg  -0.68852442E-03     -0.43205560
    85   12 Mg  -0.68370980E-03     -0.42903438
    86   12 Mg  -0.68371197E-03     -0.42903574
    87   12 Mg  -0.68663052E-03     -0.43086716
    88   12 Mg  -0.68663145E-03     -0.43086774
    89   12 Mg  -0.68509472E-03     -0.42990343
    90   12 Mg  -0.68934010E-03     -0.43256744
    91   12 Mg  -0.68509620E-03     -0.42990436
    92   12 Mg  -0.68509446E-03     -0.42990326
    93   12 Mg  -0.68852454E-03     -0.43205567
    94   12 Mg  -0.68852590E-03     -0.43205653
    95   12 Mg  -0.68852437E-03     -0.43205556
    96   12 Mg  -0.68852298E-03     -0.43205469
    97   12 Mg  -0.68662989E-03     -0.43086676
    98   12 Mg  -0.68625214E-03     -0.43062972
    99   12 Mg  -0.68625369E-03     -0.43063069
   100   12 Mg  -0.68940745E-03     -0.43260970
   101   12 Mg  -0.68940876E-03     -0.43261053
   102   12 Mg  -0.68940738E-03     -0.43260966
   103   12 Mg  -0.68940985E-03     -0.43261121
   104   12 Mg  -0.68940812E-03     -0.43261013
   105   12 Mg  -0.68941032E-03     -0.43261151
   106   12 Mg  -0.68581443E-03     -0.43035505
   107   12 Mg  -0.68581566E-03     -0.43035582
   108   12 Mg  -0.68581435E-03     -0.43035500
   109   12 Mg  -0.68581500E-03     -0.43035541
   110   12 Mg  -0.68581365E-03     -0.43035456
   111   12 Mg  -0.68581512E-03     -0.43035549
   112   12 Mg  -0.68616234E-03     -0.43057337
   113   12 Mg  -0.68616485E-03     -0.43057494
   114   12 Mg  -0.68616230E-03     -0.43057334
   115   12 Mg  -0.68660947E-03     -0.43085395
   116   12 Mg  -0.68660566E-03     -0.43085156
   117   12 Mg  -0.68660938E-03     -0.43085389
   118   12 Mg  -0.68446609E-03     -0.42950896
   119   12 Mg  -0.68446145E-03     -0.42950605
   120   12 Mg  -0.68446372E-03     -0.42950747
   121   12 Mg  -0.68590220E-03     -0.43041013
   122   12 Mg  -0.68590360E-03     -0.43041101
   123   12 Mg  -0.68590124E-03     -0.43040953
   124   12 Mg  -0.68901276E-03     -0.43236203
   125   12 Mg  -0.64931205E-03     -0.40744947
   126   12 Mg  -0.64931190E-03     -0.40744937
   127   12 Mg  -0.64931613E-03     -0.40745202
   128   12 Mg  -0.68741444E-03     -0.43135907
   129   12 Mg  -0.68741584E-03     -0.43135995
   130   12 Mg  -0.68741275E-03     -0.43135801
   131   12 Mg  -0.68154796E-03     -0.42767780
   132   12 Mg  -0.68154651E-03     -0.42767689
   133   12 Mg  -0.68154639E-03     -0.42767682
   134   12 Mg  -0.68788597E-03     -0.43165497
   135   12 Mg  -0.68788943E-03     -0.43165713
   136   12 Mg  -0.68788583E-03     -0.43165488
   137   12 Mg  -0.68788720E-03     -0.43165573
   138   12 Mg  -0.68788616E-03     -0.43165508
   139   12 Mg  -0.68788574E-03     -0.43165482
   140   12 Mg  -0.68846571E-03     -0.43201876
   141   12 Mg  -0.68846473E-03     -0.43201814
   142   12 Mg  -0.68846141E-03     -0.43201606
   143   12 Mg  -0.68524839E-03     -0.42999986
   144   12 Mg  -0.68524724E-03     -0.42999914
   145   12 Mg  -0.68524534E-03     -0.42999794
   146   12 Mg  -0.68524719E-03     -0.42999910
   147   12 Mg  -0.68524221E-03     -0.42999598
   148   12 Mg  -0.68524494E-03     -0.42999769
   149   12 Mg  -0.68954192E-03     -0.43269409
   150   35 Br  -0.25423334E-03     -0.15953383
--------------------------------------------------

Dispersion energy:      -1.0217840908702E-01 Eh

[Info] Dispersion energy written to .EDISP
