-----------------------------------
 s i m p l e   D F T - D 3  v1.2.1
-----------------------------------

Zero (Chai-Head-Gordon) damping: pbe-D3(0)
--------------------
  s6         1.0000
  s8         0.7220
  s9         0.0000
 rs6         1.2170
 rs8         1.0000
 alp        14.0000
--------------------

Atomic radii (in Angstrom):
-------------------------------------------
   Z          R(cov)     R(vdw)      r4/r2
-------------------------------------------
  12 Mg       1.6667     1.7420     2.8909
  35 Br       1.5200     1.6831     2.4294
-------------------------------------------

Atomic reference systems (in atomic units):
----------------------------------------------------------------------------
   Z        #      CN    C6(AA)   #      CN    C6(AA)   #      CN    C6(AA)
----------------------------------------------------------------------------
  12 Mg     1  0.0000  683.3758   2  0.9628  451.2708   3  1.9496  175.5616
  35 Br     1  0.0000  167.1297   2  0.9974  169.2375
----------------------------------------------------------------------------

Dispersion properties (in atomic units):
--------------------------------------------------------
     #    Z                CN       C6(AA)       C8(AA)
--------------------------------------------------------
     1   12 Mg         3.6182     175.5616   15718.3441
     2   12 Mg         3.6182     175.5616   15718.3441
     3   12 Mg         3.9367     175.5616   15718.3434
     4   12 Mg         3.9367     175.5616   15718.3434
     5   12 Mg         3.9541     175.5616   15718.3434
     6   12 Mg         3.6182     175.5616   15718.3441
     7   12 Mg         3.6182     175.5616   15718.3441
     8   12 Mg         3.9541     175.5616   15718.3434
     9   12 Mg         3.9541     175.5616   15718.3434
    10   12 Mg         3.9056     175.5616   15718.3434
    11   12 Mg         3.9400     175.5616   15718.3434
    12   12 Mg         3.9400     175.5616   15718.3434
    13   12 Mg         3.9400     175.5616   15718.3434
    14   12 Mg         3.9400     175.5616   15718.3434
    15   12 Mg         3.9367     175.5616   15718.3434
    16   12 Mg         3.9407     175.5616   15718.3434
    17   12 Mg         3.9407     175.5616   15718.3434
    18   12 Mg         3.6182     175.5616   15718.3441
    19   12 Mg         3.6182     175.5616   15718.3441
    20   12 Mg         3.9407     175.5616   15718.3434
    21   12 Mg         3.9055     175.5616   15718.3434
    22   12 Mg         3.9055     175.5616   15718.3434
    23   12 Mg         3.9400     175.5616   15718.3434
    24   12 Mg         3.9400     175.5616   15718.3434
    25   12 Mg         3.9045     175.5616   15718.3434
    26   12 Mg         3.8585     175.5616   15718.3435
    27   12 Mg         3.8585     175.5616   15718.3435
    28   12 Mg         3.8584     175.5616   15718.3435
    29   12 Mg         3.8585     175.5616   15718.3435
    30   12 Mg         3.8584     175.5616   15718.3435
    31   12 Mg         3.8584     175.5616   15718.3435
    32   12 Mg         3.8933     175.5616   15718.3435
    33   12 Mg         3.8933     175.5616   15718.3435
    34   12 Mg         3.8933     175.5616   15718.3435
    35   12 Mg         3.9011     175.5616   15718.3434
    36   12 Mg         3.9011     175.5616   15718.3434
    37   12 Mg         3.9011     175.5616   15718.3434
    38   12 Mg         3.9011     175.5616   15718.3434
    39   12 Mg         3.9011     175.5616   15718.3434
    40   12 Mg         3.9011     175.5616   15718.3434
    41   12 Mg         3.8602     175.5616   15718.3435
    42   12 Mg         3.8602     175.5616   15718.3435
    43   12 Mg         3.8602     175.5616   15718.3435
    44   12 Mg         3.8836     175.5616   15718.3435
    45   12 Mg         3.8837     175.5616   15718.3435
    46   12 Mg         3.8836     175.5616   15718.3435
    47   12 Mg         3.6618     175.5616   15718.3439
    48   12 Mg         3.6618     175.5616   15718.3439
    49   12 Mg         3.6618     175.5616   15718.3439
    50   12 Mg         3.9151     175.5616   15718.3434
    51   12 Mg         3.8704     175.5616   15718.3435
    52   12 Mg         3.8704     175.5616   15718.3435
    53   12 Mg         3.8704     175.5616   15718.3435
    54   12 Mg         3.8547     175.5616   15718.3435
    55   12 Mg         3.8546     175.5616   15718.3435
    56   12 Mg         3.8547     175.5616   15718.3435
    57   12 Mg         3.8738     175.5616   15718.3435
    58   12 Mg         3.8738     175.5616   15718.3435
    59   12 Mg         3.8738     175.5616   15718.3435
    60   12 Mg         3.8709     175.5616   15718.3435
    61   12 Mg         3.8709     175.5616   15718.3435
    62   12 Mg         3.8709     175.5616   15718.3435
    63   12 Mg         3.8683     175.5616   15718.3435
    64   12 Mg         3.8683     175.5616   15718.3435
    65   12 Mg         3.8683     175.5616   15718.3435
    66   12 Mg         3.8683     175.5616   15718.3435
    67   12 Mg         3.8683     175.5616   15718.3435
    68   12 Mg         3.8683     175.5616   15718.3435
    69   12 Mg         3.9093     175.5616   15718.3434
    70   12 Mg         3.9093     175.5616   15718.3434
    71   12 Mg         3.9093     175.5616   15718.3434
    72   12 Mg         3.9093     175.5616   15718.3434
    73   12 Mg         3.9093     175.5616   15718.3434
    74   12 Mg         3.9093     175.5616   15718.3434
    75   12 Mg         3.8703     175.5616   15718.3435
    76   12 Mg         3.9063     175.5616   15718.3434
    77   12 Mg         3.9063     175.5616   15718.3434
    78   12 Mg         3.8443     175.5616   15718.3435
    79   12 Mg         3.8443     175.5616   15718.3435
    80   12 Mg         3.8443     175.5616   15718.3435
    81   12 Mg         3.8443     175.5616   15718.3435
    82   12 Mg         3.8506     175.5616   15718.3435
    83   12 Mg         3.8960     175.5616   15718.3434
    84   12 Mg         3.8959     175.5616   15718.3434
    85   12 Mg         3.8443     175.5616   15718.3435
    86   12 Mg         3.8443     175.5616   15718.3435
    87   12 Mg         3.8780     175.5616   15718.3435
    88   12 Mg         3.8780     175.5616   15718.3435
    89   12 Mg         3.8595     175.5616   15718.3435
    90   12 Mg         3.9063     175.5616   15718.3434
    91   12 Mg         3.8595     175.5616   15718.3435
    92   12 Mg         3.8595     175.5616   15718.3435
    93   12 Mg         3.8959     175.5616   15718.3434
    94   12 Mg         3.8960     175.5616   15718.3434
    95   12 Mg         3.8959     175.5616   15718.3434
    96   12 Mg         3.8959     175.5616   15718.3434
    97   12 Mg         3.8780     175.5616   15718.3435
    98   12 Mg         3.8703     175.5616   15718.3435
    99   12 Mg         3.8703     175.5616   15718.3435
   100   12 Mg         3.9093     175.5616   15718.3434
   101   12 Mg         3.9093     175.5616   15718.3434
   102   12 Mg         3.9093     175.5616   15718.3434
   103   12 Mg         3.9093     175.5616   15718.3434
   104   12 Mg         3.9093     175.5616   15718.3434
   105   12 Mg         3.9093     175.5616   15718.3434
   106   12 Mg         3.8683     175.5616   15718.3435
   107   12 Mg         3.8683     175.5616   15718.3435
   108   12 Mg         3.8683     175.5616   15718.3435
   109   12 Mg         3.8683     175.5616   15718.3435
   110   12 Mg         3.8682     175.5616   15718.3435
   111   12 Mg         3.8683     175.5616   15718.3435
   112   12 Mg         3.8709     175.5616   15718.3435
   113   12 Mg         3.8709     175.5616   15718.3435
   114   12 Mg         3.8709     175.5616   15718.3435
   115   12 Mg         3.8738     175.5616   15718.3435
   116   12 Mg         3.8737     175.5616   15718.3435
   117   12 Mg         3.8738     175.5616   15718.3435
   118   12 Mg         3.8546     175.5616   15718.3435
   119   12 Mg         3.8546     175.5616   15718.3435
   120   12 Mg         3.8546     175.5616   15718.3435
   121   12 Mg         3.8704     175.5616   15718.3435
   122   12 Mg         3.8704     175.5616   15718.3435
   123   12 Mg         3.8704     175.5616   15718.3435
   124   12 Mg         3.9151     175.5616   15718.3434
   125   12 Mg         3.6617     175.5616   15718.3439
   126   12 Mg         3.6617     175.5616   15718.3439
   127   12 Mg         3.6618     175.5616   15718.3439
   128   12 Mg         3.8836     175.5616   15718.3435
   129   12 Mg         3.8836     175.5616   15718.3435
   130   12 Mg         3.8836     175.5616   15718.3435
   131   12 Mg         3.8602     175.5616   15718.3435
   132   12 Mg         3.8602     175.5616   15718.3435
   133   12 Mg         3.8602     175.5616   15718.3435
   134   12 Mg         3.9011     175.5616   15718.3434
   135   12 Mg         3.9011     175.5616   15718.3434
   136   12 Mg         3.9011     175.5616   15718.3434
   137   12 Mg         3.9011     175.5616   15718.3434
   138   12 Mg         3.9011     175.5616   15718.3434
   139   12 Mg         3.9011     175.5616   15718.3434
   140   12 Mg         3.8933     175.5616   15718.3435
   141   12 Mg         3.8933     175.5616   15718.3435
   142   12 Mg         3.8932     175.5616   15718.3435
   143   12 Mg         3.8585     175.5616   15718.3435
   144   12 Mg         3.8585     175.5616   15718.3435
   145   12 Mg         3.8584     175.5616   15718.3435
   146   12 Mg         3.8585     175.5616   15718.3435
   147   12 Mg         3.8584     175.5616   15718.3435
   148   12 Mg         3.8584     175.5616   15718.3435
   149   12 Mg         3.9045     175.5616   15718.3434
   150   35 Br         1.8913     169.2375   10700.7142
--------------------------------------------------------

Atom-resolved dispersion energies:
--------------------------------------------------
     #    Z           [Hartree]      [kcal/mol]
--------------------------------------------------
     1   12 Mg  -0.64094676E-02     -4.02200166
     2   12 Mg  -0.64094828E-02     -4.02201115
     3   12 Mg  -0.63695926E-02     -3.99697970
     4   12 Mg  -0.63696157E-02     -3.99699420
     5   12 Mg  -0.63796300E-02     -4.00327828
     6   12 Mg  -0.64094745E-02     -4.02200596
     7   12 Mg  -0.64094845E-02     -4.02201223
     8   12 Mg  -0.63796333E-02     -4.00328036
     9   12 Mg  -0.63796554E-02     -4.00329418
    10   12 Mg  -0.63816546E-02     -4.00454870
    11   12 Mg  -0.63766875E-02     -4.00143182
    12   12 Mg  -0.63766829E-02     -4.00142896
    13   12 Mg  -0.63766916E-02     -4.00143437
    14   12 Mg  -0.63766874E-02     -4.00143178
    15   12 Mg  -0.63696111E-02     -3.99699131
    16   12 Mg  -0.63862702E-02     -4.00744505
    17   12 Mg  -0.63862772E-02     -4.00744947
    18   12 Mg  -0.64094690E-02     -4.02200254
    19   12 Mg  -0.64094700E-02     -4.02200316
    20   12 Mg  -0.63862863E-02     -4.00745516
    21   12 Mg  -0.63816725E-02     -4.00455996
    22   12 Mg  -0.63816759E-02     -4.00456207
    23   12 Mg  -0.63766924E-02     -4.00143489
    24   12 Mg  -0.63766875E-02     -4.00143180
    25   12 Mg  -0.63993176E-02     -4.01563240
    26   12 Mg  -0.64248405E-02     -4.03164830
    27   12 Mg  -0.64248429E-02     -4.03164977
    28   12 Mg  -0.64248527E-02     -4.03165595
    29   12 Mg  -0.64248418E-02     -4.03164911
    30   12 Mg  -0.64248665E-02     -4.03166460
    31   12 Mg  -0.64248495E-02     -4.03165392
    32   12 Mg  -0.64070195E-02     -4.02046541
    33   12 Mg  -0.64070182E-02     -4.02046462
    34   12 Mg  -0.64070335E-02     -4.02047423
    35   12 Mg  -0.63789486E-02     -4.00285070
    36   12 Mg  -0.63789335E-02     -4.00284120
    37   12 Mg  -0.63789441E-02     -4.00284787
    38   12 Mg  -0.63789379E-02     -4.00284398
    39   12 Mg  -0.63789440E-02     -4.00284778
    40   12 Mg  -0.63789479E-02     -4.00285024
    41   12 Mg  -0.63671019E-02     -3.99541679
    42   12 Mg  -0.63671118E-02     -3.99542296
    43   12 Mg  -0.63671074E-02     -3.99542022
    44   12 Mg  -0.64081614E-02     -4.02118197
    45   12 Mg  -0.64081523E-02     -4.02117627
    46   12 Mg  -0.64081673E-02     -4.02118570
    47   12 Mg  -0.63805961E-02     -4.00388449
    48   12 Mg  -0.63805931E-02     -4.00388263
    49   12 Mg  -0.63805718E-02     -4.00386926
    50   12 Mg  -0.63746436E-02     -4.00014924
    51   12 Mg  -0.64053797E-02     -4.01943642
    52   12 Mg  -0.64053702E-02     -4.01943046
    53   12 Mg  -0.64053795E-02     -4.01943635
    54   12 Mg  -0.64110545E-02     -4.02299741
    55   12 Mg  -0.64110783E-02     -4.02301237
    56   12 Mg  -0.64110636E-02     -4.02300313
    57   12 Mg  -0.64131476E-02     -4.02431089
    58   12 Mg  -0.64131641E-02     -4.02432125
    59   12 Mg  -0.64131457E-02     -4.02430969
    60   12 Mg  -0.64086620E-02     -4.02149613
    61   12 Mg  -0.64086527E-02     -4.02149030
    62   12 Mg  -0.64086608E-02     -4.02149534
    63   12 Mg  -0.64085348E-02     -4.02141628
    64   12 Mg  -0.64085262E-02     -4.02141089
    65   12 Mg  -0.64085330E-02     -4.02141516
    66   12 Mg  -0.64085333E-02     -4.02141534
    67   12 Mg  -0.64085384E-02     -4.02141855
    68   12 Mg  -0.64085278E-02     -4.02141191
    69   12 Mg  -0.63881136E-02     -4.00860180
    70   12 Mg  -0.63881074E-02     -4.00859789
    71   12 Mg  -0.63881128E-02     -4.00860133
    72   12 Mg  -0.63881026E-02     -4.00859490
    73   12 Mg  -0.63881072E-02     -4.00859776
    74   12 Mg  -0.63880987E-02     -4.00859248
    75   12 Mg  -0.64187081E-02     -4.02780015
    76   12 Mg  -0.63899114E-02     -4.00972996
    77   12 Mg  -0.63899102E-02     -4.00972921
    78   12 Mg  -0.64210197E-02     -4.02925071
    79   12 Mg  -0.64210354E-02     -4.02926055
    80   12 Mg  -0.64210295E-02     -4.02925682
    81   12 Mg  -0.64210313E-02     -4.02925796
    82   12 Mg  -0.64074127E-02     -4.02071216
    83   12 Mg  -0.63974771E-02     -4.01447748
    84   12 Mg  -0.63974795E-02     -4.01447902
    85   12 Mg  -0.64210386E-02     -4.02926253
    86   12 Mg  -0.64210220E-02     -4.02925215
    87   12 Mg  -0.64002066E-02     -4.01619025
    88   12 Mg  -0.64002068E-02     -4.01619038
    89   12 Mg  -0.64142875E-02     -4.02502618
    90   12 Mg  -0.63899023E-02     -4.00972422
    91   12 Mg  -0.64142781E-02     -4.02502030
    92   12 Mg  -0.64142813E-02     -4.02502230
    93   12 Mg  -0.63974809E-02     -4.01447986
    94   12 Mg  -0.63974699E-02     -4.01447297
    95   12 Mg  -0.63974786E-02     -4.01447843
    96   12 Mg  -0.63974887E-02     -4.01448475
    97   12 Mg  -0.64002135E-02     -4.01619460
    98   12 Mg  -0.64187102E-02     -4.02780145
    99   12 Mg  -0.64187030E-02     -4.02779693
   100   12 Mg  -0.63881119E-02     -4.00860072
   101   12 Mg  -0.63881056E-02     -4.00859681
   102   12 Mg  -0.63881111E-02     -4.00860025
   103   12 Mg  -0.63881009E-02     -4.00859382
   104   12 Mg  -0.63881054E-02     -4.00859668
   105   12 Mg  -0.63880970E-02     -4.00859140
   106   12 Mg  -0.64085473E-02     -4.02142412
   107   12 Mg  -0.64085387E-02     -4.02141873
   108   12 Mg  -0.64085455E-02     -4.02142301
   109   12 Mg  -0.64085458E-02     -4.02142319
   110   12 Mg  -0.64085509E-02     -4.02142639
   111   12 Mg  -0.64085403E-02     -4.02141975
   112   12 Mg  -0.64086590E-02     -4.02149425
   113   12 Mg  -0.64086497E-02     -4.02148842
   114   12 Mg  -0.64086578E-02     -4.02149347
   115   12 Mg  -0.64131528E-02     -4.02431414
   116   12 Mg  -0.64131693E-02     -4.02432450
   117   12 Mg  -0.64131509E-02     -4.02431295
   118   12 Mg  -0.64110587E-02     -4.02300005
   119   12 Mg  -0.64110825E-02     -4.02301501
   120   12 Mg  -0.64110678E-02     -4.02300577
   121   12 Mg  -0.64053847E-02     -4.01943962
   122   12 Mg  -0.64053753E-02     -4.01943366
   123   12 Mg  -0.64053846E-02     -4.01943954
   124   12 Mg  -0.63746363E-02     -4.00014465
   125   12 Mg  -0.63806077E-02     -4.00389179
   126   12 Mg  -0.63806048E-02     -4.00388994
   127   12 Mg  -0.63805834E-02     -4.00387656
   128   12 Mg  -0.64081614E-02     -4.02118201
   129   12 Mg  -0.64081524E-02     -4.02117631
   130   12 Mg  -0.64081674E-02     -4.02118574
   131   12 Mg  -0.63671085E-02     -3.99542091
   132   12 Mg  -0.63671183E-02     -3.99542708
   133   12 Mg  -0.63671140E-02     -3.99542434
   134   12 Mg  -0.63789466E-02     -4.00284942
   135   12 Mg  -0.63789314E-02     -4.00283992
   136   12 Mg  -0.63789421E-02     -4.00284659
   137   12 Mg  -0.63789359E-02     -4.00284270
   138   12 Mg  -0.63789419E-02     -4.00284651
   139   12 Mg  -0.63789459E-02     -4.00284896
   140   12 Mg  -0.64070259E-02     -4.02046948
   141   12 Mg  -0.64070247E-02     -4.02046869
   142   12 Mg  -0.64070400E-02     -4.02047829
   143   12 Mg  -0.64248344E-02     -4.03164449
   144   12 Mg  -0.64248368E-02     -4.03164595
   145   12 Mg  -0.64248467E-02     -4.03165214
   146   12 Mg  -0.64248357E-02     -4.03164530
   147   12 Mg  -0.64248604E-02     -4.03166079
   148   12 Mg  -0.64248434E-02     -4.03165011
   149   12 Mg  -0.63993142E-02     -4.01563028
   150   35 Br  -0.58194157E-02     -3.65173850
--------------------------------------------------

Dispersion energy:      -9.5923574430099E-01 Eh

[Info] Dispersion energy written to .EDISP
