-----------------------------------
 s i m p l e   D F T - D 3  v1.2.1
-----------------------------------

Zero (Chai-Head-Gordon) damping: pbe-D3(0)
--------------------
  s6         1.0000
  s8         0.7220
  s9         0.0000
 rs6         1.2170
 rs8         1.0000
 alp        14.0000
--------------------

Atomic radii (in Angstrom):
-------------------------------------------
   Z          R(cov)     R(vdw)      r4/r2
-------------------------------------------
  12 Mg       1.6667     1.7420     2.8909
  78 Pt       1.4933     1.6762     3.1155
-------------------------------------------

Atomic reference systems (in atomic units):
----------------------------------------------------------------------------
   Z        #      CN    C6(AA)   #      CN    C6(AA)   #      CN    C6(AA)
----------------------------------------------------------------------------
  12 Mg     1  0.0000  683.3758   2  0.9628  451.2708   3  1.9496  175.5616
  78 Pt     1  0.0000  391.1448   2  1.9188  346.3610   3  6.6669  336.8727
----------------------------------------------------------------------------

Dispersion properties (in atomic units):
--------------------------------------------------------
     #    Z                CN       C6(AA)       C8(AA)
--------------------------------------------------------
     1   12 Mg         0.2055     656.1837   58749.2973
     2   12 Mg         0.2055     656.1838   58749.3092
     3   12 Mg         0.2488     647.0901   57935.1299
     4   12 Mg         0.2488     647.0900   57935.1265
     5   12 Mg         0.2488     647.0900   57935.1212
     6   12 Mg         0.2488     647.0907   57935.1886
     7   12 Mg         0.2090     655.5244   58690.2725
     8   12 Mg         0.2090     655.5245   58690.2750
     9   12 Mg         0.2086     655.5979   58696.8515
    10   12 Mg         0.2077     655.7758   58712.7782
    11   12 Mg         0.2055     656.1842   58749.3463
    12   12 Mg         0.2055     656.1838   58749.3052
    13   12 Mg         0.2086     655.5976   58696.8251
    14   12 Mg         0.2086     655.5976   58696.8274
    15   12 Mg         0.2073     655.8472   58719.1712
    16   12 Mg         0.2073     655.8473   58719.1792
    17   12 Mg         0.2055     656.1844   58749.3586
    18   12 Mg         0.2055     656.1839   58749.3166
    19   12 Mg         0.2090     655.5243   58690.2571
    20   12 Mg         0.2073     655.8470   58719.1568
    21   12 Mg         0.2077     655.7761   58712.8010
    22   12 Mg         0.2077     655.7759   58712.7827
    23   12 Mg         0.2488     647.0904   57935.1593
    24   12 Mg         0.2488     647.0900   57935.1269
    25   12 Mg         0.2449     648.0083   58017.3402
    26   12 Mg         0.2449     648.0086   58017.3697
    27   12 Mg         0.2449     648.0085   58017.3552
    28   12 Mg         0.2084     655.6477   58701.3122
    29   12 Mg         0.2084     655.6483   58701.3611
    30   12 Mg         0.2084     655.6481   58701.3422
    31   12 Mg         0.2084     655.6483   58701.3609
    32   12 Mg         0.2084     655.6480   58701.3327
    33   12 Mg         0.2084     655.6482   58701.3571
    34   12 Mg         0.2077     655.7735   58712.5684
    35   12 Mg         0.2077     655.7729   58712.5173
    36   12 Mg         0.2077     655.7730   58712.5257
    37   12 Mg         0.2067     655.9638   58729.6122
    38   12 Mg         0.2067     655.9639   58729.6186
    39   12 Mg         0.2067     655.9637   58729.6042
    40   12 Mg         0.2139     654.5815   58605.8528
    41   12 Mg         0.2140     654.5813   58605.8278
    42   12 Mg         0.2140     654.5811   58605.8165
    43   12 Mg         0.2140     654.5811   58605.8180
    44   12 Mg         0.2140     654.5811   58605.8157
    45   12 Mg         0.2140     654.5811   58605.8186
    46   12 Mg         0.2140     654.5654   58604.4096
    47   12 Mg         0.2202     653.3373   58494.4542
    48   12 Mg         0.2202     653.3368   58494.4117
    49   12 Mg         0.2202     653.3371   58494.4345
    50   12 Mg         0.2097     655.3918   58678.4002
    51   12 Mg         0.2089     655.5481   58692.3903
    52   12 Mg         0.2089     655.5478   58692.3622
    53   12 Mg         0.2089     655.5481   58692.3913
    54   12 Mg         0.2089     655.5481   58692.3954
    55   12 Mg         0.2089     655.5482   58692.3980
    56   12 Mg         0.2089     655.5486   58692.4386
    57   12 Mg         0.2090     655.5394   58691.6094
    58   12 Mg         0.2090     655.5396   58691.6339
    59   12 Mg         0.2089     655.5400   58691.6676
    60   12 Mg         0.2090     655.5393   58691.5991
    61   12 Mg         0.2090     655.5395   58691.6173
    62   12 Mg         0.2090     655.5395   58691.6171
    63   12 Mg         0.2099     655.3529   58674.9170
    64   12 Mg         0.2099     655.3527   58674.8990
    65   12 Mg         0.2099     655.3524   58674.8733
    66   12 Mg         0.2100     655.3498   58674.6381
    67   12 Mg         0.2100     655.3493   58674.5958
    68   12 Mg         0.2100     655.3490   58674.5698
    69   12 Mg         0.2119     654.9730   58640.9031
    70   12 Mg         0.2119     654.9727   58640.8773
    71   12 Mg         0.2119     654.9723   58640.8345
    72   12 Mg         0.2124     654.8882   58633.3112
    73   12 Mg         0.2124     654.8881   58633.3034
    74   12 Mg         0.2124     654.8878   58633.2692
    75   12 Mg         0.2088     655.5648   58693.8869
    76   12 Mg         0.2086     655.6042   58697.4157
    77   12 Mg         0.2086     655.6043   58697.4242
    78   12 Mg         0.2119     654.9728   58640.8870
    79   12 Mg         0.2119     654.9726   58640.8699
    80   12 Mg         0.2085     655.6208   58698.8997
    81   12 Mg         0.2085     655.6215   58698.9641
    82   12 Mg         0.2121     654.9327   58637.2944
    83   12 Mg         0.2119     654.9723   58640.8365
    84   12 Mg         0.2119     654.9723   58640.8355
    85   12 Mg         0.2094     655.4612   58684.6115
    86   12 Mg         0.2093     655.4813   58686.4075
    87   12 Mg         0.2093     655.4812   58686.3978
    88   12 Mg         0.2119     654.9726   58640.8689
    89   12 Mg         0.2119     654.9722   58640.8261
    90   12 Mg         0.2094     655.4608   58684.5782
    91   12 Mg         0.2094     655.4608   58684.5778
    92   12 Mg         0.2085     655.6214   58698.9496
    93   12 Mg         0.2085     655.6211   58698.9315
    94   12 Mg         0.2086     655.6044   58697.4346
    95   12 Mg         0.2093     655.4810   58686.3825
    96   12 Mg         0.2088     655.5654   58693.9393
    97   12 Mg         0.2088     655.5649   58693.8942
    98   12 Mg         0.2085     655.6214   58698.9568
    99   12 Mg         0.2085     655.6209   58698.9058
   100   12 Mg         0.2124     654.8882   58633.3110
   101   12 Mg         0.2124     654.8881   58633.3032
   102   12 Mg         0.2124     654.8877   58633.2690
   103   12 Mg         0.2119     654.9732   58640.9167
   104   12 Mg         0.2119     654.9729   58640.8910
   105   12 Mg         0.2119     654.9724   58640.8482
   106   12 Mg         0.2100     655.3494   58674.5979
   107   12 Mg         0.2100     655.3489   58674.5556
   108   12 Mg         0.2100     655.3486   58674.5296
   109   12 Mg         0.2099     655.3525   58674.8775
   110   12 Mg         0.2099     655.3523   58674.8596
   111   12 Mg         0.2099     655.3520   58674.8339
   112   12 Mg         0.2090     655.5391   58691.5836
   113   12 Mg         0.2090     655.5394   58691.6081
   114   12 Mg         0.2090     655.5397   58691.6419
   115   12 Mg         0.2090     655.5390   58691.5734
   116   12 Mg         0.2090     655.5392   58691.5915
   117   12 Mg         0.2090     655.5392   58691.5914
   118   12 Mg         0.2089     655.5479   58692.3756
   119   12 Mg         0.2089     655.5476   58692.3476
   120   12 Mg         0.2089     655.5479   58692.3766
   121   12 Mg         0.2089     655.5480   58692.3807
   122   12 Mg         0.2089     655.5480   58692.3833
   123   12 Mg         0.2089     655.5485   58692.4239
   124   12 Mg         0.2097     655.3918   58678.4001
   125   12 Mg         0.2202     653.3373   58494.4539
   126   12 Mg         0.2202     653.3368   58494.4113
   127   12 Mg         0.2202     653.3371   58494.4341
   128   12 Mg         0.2140     654.5659   58604.4511
   129   12 Mg         0.2139     654.5817   58605.8669
   130   12 Mg         0.2139     654.5814   58605.8419
   131   12 Mg         0.2140     654.5813   58605.8306
   132   12 Mg         0.2139     654.5813   58605.8321
   133   12 Mg         0.2140     654.5813   58605.8298
   134   12 Mg         0.2139     654.5813   58605.8327
   135   12 Mg         0.2067     655.9643   58729.6515
   136   12 Mg         0.2067     655.9643   58729.6579
   137   12 Mg         0.2067     655.9642   58729.6435
   138   12 Mg         0.2077     655.7736   58712.5820
   139   12 Mg         0.2077     655.7730   58712.5309
   140   12 Mg         0.2077     655.7731   58712.5394
   141   12 Mg         0.2084     655.6479   58701.3255
   142   12 Mg         0.2084     655.6484   58701.3744
   143   12 Mg         0.2084     655.6482   58701.3554
   144   12 Mg         0.2084     655.6484   58701.3742
   145   12 Mg         0.2084     655.6481   58701.3460
   146   12 Mg         0.2084     655.6484   58701.3704
   147   12 Mg         0.2449     648.0083   58017.3415
   148   12 Mg         0.2449     648.0086   58017.3709
   149   12 Mg         0.2449     648.0085   58017.3565
   150   78 Pt         0.1994     391.1444   40674.5907
--------------------------------------------------------

Atom-resolved dispersion energies:
--------------------------------------------------
     #    Z           [Hartree]      [kcal/mol]
--------------------------------------------------
     1   12 Mg  -0.14383647E-01     -9.02587482
     2   12 Mg  -0.14383639E-01     -9.02586968
     3   12 Mg  -0.15170576E-01     -9.51968048
     4   12 Mg  -0.15170583E-01     -9.51968435
     5   12 Mg  -0.15170592E-01     -9.51968997
     6   12 Mg  -0.15170561E-01     -9.51967105
     7   12 Mg  -0.14469190E-01     -9.07955398
     8   12 Mg  -0.14469191E-01     -9.07955454
     9   12 Mg  -0.14453126E-01     -9.06947365
    10   12 Mg  -0.14417519E-01     -9.04712976
    11   12 Mg  -0.14383607E-01     -9.02584990
    12   12 Mg  -0.14383649E-01     -9.02587628
    13   12 Mg  -0.14453146E-01     -9.06948591
    14   12 Mg  -0.14453150E-01     -9.06948883
    15   12 Mg  -0.14402476E-01     -9.03769012
    16   12 Mg  -0.14402462E-01     -9.03768132
    17   12 Mg  -0.14383594E-01     -9.02584150
    18   12 Mg  -0.14383637E-01     -9.02586835
    19   12 Mg  -0.14469206E-01     -9.07956370
    20   12 Mg  -0.14402487E-01     -9.03769690
    21   12 Mg  -0.14417501E-01     -9.04711851
    22   12 Mg  -0.14417516E-01     -9.04712760
    23   12 Mg  -0.15170560E-01     -9.51967035
    24   12 Mg  -0.15170577E-01     -9.51968092
    25   12 Mg  -0.15143819E-01     -9.50289014
    26   12 Mg  -0.15143796E-01     -9.50287565
    27   12 Mg  -0.15143805E-01     -9.50288098
    28   12 Mg  -0.14437420E-01     -9.05961765
    29   12 Mg  -0.14437367E-01     -9.05958458
    30   12 Mg  -0.14437395E-01     -9.05960238
    31   12 Mg  -0.14437369E-01     -9.05958580
    32   12 Mg  -0.14437399E-01     -9.05960439
    33   12 Mg  -0.14437376E-01     -9.05959051
    34   12 Mg  -0.14422917E-01     -9.05051709
    35   12 Mg  -0.14422973E-01     -9.05055247
    36   12 Mg  -0.14422965E-01     -9.05054749
    37   12 Mg  -0.14409030E-01     -9.04180276
    38   12 Mg  -0.14409026E-01     -9.04180060
    39   12 Mg  -0.14409044E-01     -9.04181154
    40   12 Mg  -0.14516530E-01     -9.10925996
    41   12 Mg  -0.14516555E-01     -9.10927564
    42   12 Mg  -0.14516561E-01     -9.10927943
    43   12 Mg  -0.14516564E-01     -9.10928136
    44   12 Mg  -0.14516565E-01     -9.10928203
    45   12 Mg  -0.14516568E-01     -9.10928392
    46   12 Mg  -0.14524996E-01     -9.11457288
    47   12 Mg  -0.14626074E-01     -9.17800008
    48   12 Mg  -0.14626107E-01     -9.17802069
    49   12 Mg  -0.14626091E-01     -9.17801085
    50   12 Mg  -0.14449164E-01     -9.06698757
    51   12 Mg  -0.14431000E-01     -9.05558911
    52   12 Mg  -0.14431035E-01     -9.05561117
    53   12 Mg  -0.14430997E-01     -9.05558743
    54   12 Mg  -0.14431002E-01     -9.05559065
    55   12 Mg  -0.14431003E-01     -9.05559081
    56   12 Mg  -0.14430962E-01     -9.05556518
    57   12 Mg  -0.14455289E-01     -9.07083090
    58   12 Mg  -0.14455263E-01     -9.07081419
    59   12 Mg  -0.14455235E-01     -9.07079699
    60   12 Mg  -0.14455302E-01     -9.07083909
    61   12 Mg  -0.14455283E-01     -9.07082685
    62   12 Mg  -0.14455285E-01     -9.07082813
    63   12 Mg  -0.14443578E-01     -9.06348219
    64   12 Mg  -0.14443591E-01     -9.06349031
    65   12 Mg  -0.14443621E-01     -9.06350890
    66   12 Mg  -0.14448975E-01     -9.06686853
    67   12 Mg  -0.14449018E-01     -9.06689556
    68   12 Mg  -0.14449039E-01     -9.06690895
    69   12 Mg  -0.14506245E-01     -9.10280597
    70   12 Mg  -0.14506269E-01     -9.10282116
    71   12 Mg  -0.14506306E-01     -9.10284476
    72   12 Mg  -0.14508665E-01     -9.10432476
    73   12 Mg  -0.14508673E-01     -9.10432957
    74   12 Mg  -0.14508705E-01     -9.10435001
    75   12 Mg  -0.14436769E-01     -9.05920932
    76   12 Mg  -0.14439885E-01     -9.06116475
    77   12 Mg  -0.14439873E-01     -9.06115740
    78   12 Mg  -0.14490576E-01     -9.09297360
    79   12 Mg  -0.14490596E-01     -9.09298643
    80   12 Mg  -0.14439891E-01     -9.06116822
    81   12 Mg  -0.14439827E-01     -9.06112843
    82   12 Mg  -0.14508694E-01     -9.10434276
    83   12 Mg  -0.14490624E-01     -9.09300355
    84   12 Mg  -0.14490623E-01     -9.09300307
    85   12 Mg  -0.14454393E-01     -9.07026882
    86   12 Mg  -0.14453807E-01     -9.06990063
    87   12 Mg  -0.14453804E-01     -9.06989901
    88   12 Mg  -0.14490602E-01     -9.09299001
    89   12 Mg  -0.14490640E-01     -9.09301397
    90   12 Mg  -0.14454428E-01     -9.07029077
    91   12 Mg  -0.14454435E-01     -9.07029460
    92   12 Mg  -0.14439844E-01     -9.06113865
    93   12 Mg  -0.14439861E-01     -9.06114972
    94   12 Mg  -0.14439873E-01     -9.06115726
    95   12 Mg  -0.14453829E-01     -9.06991440
    96   12 Mg  -0.14436714E-01     -9.05917451
    97   12 Mg  -0.14436758E-01     -9.05920272
    98   12 Mg  -0.14439831E-01     -9.06113055
    99   12 Mg  -0.14439881E-01     -9.06116238
   100   12 Mg  -0.14508667E-01     -9.10432612
   101   12 Mg  -0.14508675E-01     -9.10433092
   102   12 Mg  -0.14508707E-01     -9.10435136
   103   12 Mg  -0.14506233E-01     -9.10279868
   104   12 Mg  -0.14506257E-01     -9.10281387
   105   12 Mg  -0.14506295E-01     -9.10283747
   106   12 Mg  -0.14449018E-01     -9.06689576
   107   12 Mg  -0.14449061E-01     -9.06692279
   108   12 Mg  -0.14449083E-01     -9.06693618
   109   12 Mg  -0.14443620E-01     -9.06350827
   110   12 Mg  -0.14443633E-01     -9.06351639
   111   12 Mg  -0.14443662E-01     -9.06353498
   112   12 Mg  -0.14455317E-01     -9.07084806
   113   12 Mg  -0.14455290E-01     -9.07083136
   114   12 Mg  -0.14455262E-01     -9.07081415
   115   12 Mg  -0.14455330E-01     -9.07085625
   116   12 Mg  -0.14455310E-01     -9.07084401
   117   12 Mg  -0.14455312E-01     -9.07084529
   118   12 Mg  -0.14431015E-01     -9.05559888
   119   12 Mg  -0.14431051E-01     -9.05562094
   120   12 Mg  -0.14431013E-01     -9.05559720
   121   12 Mg  -0.14431018E-01     -9.05560042
   122   12 Mg  -0.14431018E-01     -9.05560058
   123   12 Mg  -0.14430977E-01     -9.05557495
   124   12 Mg  -0.14449166E-01     -9.06698856
   125   12 Mg  -0.14626074E-01     -9.17799991
   126   12 Mg  -0.14626107E-01     -9.17802052
   127   12 Mg  -0.14626091E-01     -9.17801067
   128   12 Mg  -0.14524957E-01     -9.11454823
   129   12 Mg  -0.14516515E-01     -9.10925053
   130   12 Mg  -0.14516540E-01     -9.10926622
   131   12 Mg  -0.14516546E-01     -9.10927001
   132   12 Mg  -0.14516549E-01     -9.10927193
   133   12 Mg  -0.14516550E-01     -9.10927260
   134   12 Mg  -0.14516553E-01     -9.10927450
   135   12 Mg  -0.14408991E-01     -9.04177843
   136   12 Mg  -0.14408988E-01     -9.04177628
   137   12 Mg  -0.14409005E-01     -9.04178722
   138   12 Mg  -0.14422900E-01     -9.05050643
   139   12 Mg  -0.14422956E-01     -9.05054181
   140   12 Mg  -0.14422949E-01     -9.05053683
   141   12 Mg  -0.14437406E-01     -9.05960913
   142   12 Mg  -0.14437353E-01     -9.05957606
   143   12 Mg  -0.14437382E-01     -9.05959386
   144   12 Mg  -0.14437355E-01     -9.05957728
   145   12 Mg  -0.14437385E-01     -9.05959587
   146   12 Mg  -0.14437363E-01     -9.05958199
   147   12 Mg  -0.15143817E-01     -9.50288884
   148   12 Mg  -0.15143794E-01     -9.50287435
   149   12 Mg  -0.15143803E-01     -9.50287968
   150   78 Pt  -0.16699695E-01    -10.47921687
--------------------------------------------------

Dispersion energy:      -2.1797856824339E+00 Eh

[Info] Dispersion energy written to .EDISP
