-----------------------------------
 s i m p l e   D F T - D 3  v1.2.1
-----------------------------------

Zero (Chai-Head-Gordon) damping: pbe-D3(0)
--------------------
  s6         1.0000
  s8         0.7220
  s9         0.0000
 rs6         1.2170
 rs8         1.0000
 alp        14.0000
--------------------

Atomic radii (in Angstrom):
-------------------------------------------
   Z          R(cov)     R(vdw)      r4/r2
-------------------------------------------
  66 Dy       2.0000     2.0770     4.4580
  12 Mg       1.6667     1.7420     2.8909
-------------------------------------------

Atomic reference systems (in atomic units):
----------------------------------------------------------------------------
   Z        #      CN    C6(AA)   #      CN    C6(AA)   #      CN    C6(AA)
----------------------------------------------------------------------------
  66 Dy     1  0.0000 2617.3310   2  2.8965  544.4356
  12 Mg     1  0.0000  683.3758   2  0.9628  451.2708   3  1.9496  175.5616
----------------------------------------------------------------------------

Dispersion properties (in atomic units):
--------------------------------------------------------
     #    Z                CN       C6(AA)       C8(AA)
--------------------------------------------------------
     1   66 Dy         9.3933     544.4356  115916.4057
     2   12 Mg         5.7500     175.5616   15718.3434
     3   12 Mg         5.7427     175.5616   15718.3434
     4   12 Mg         5.7427     175.5616   15718.3434
     5   12 Mg         5.9033     175.5616   15718.3434
     6   12 Mg         5.9033     175.5616   15718.3434
     7   12 Mg         5.7609     175.5616   15718.3434
     8   12 Mg         5.7609     175.5616   15718.3434
     9   12 Mg         5.7500     175.5616   15718.3434
    10   12 Mg         5.7500     175.5616   15718.3434
    11   12 Mg         5.8300     175.5616   15718.3434
    12   12 Mg         5.7427     175.5616   15718.3434
    13   12 Mg         5.8013     175.5616   15718.3434
    14   12 Mg         5.8014     175.5616   15718.3434
    15   12 Mg         5.7609     175.5616   15718.3434
    16   12 Mg         5.7609     175.5616   15718.3434
    17   12 Mg         5.8300     175.5616   15718.3434
    18   12 Mg         5.8300     175.5616   15718.3434
    19   12 Mg         5.9033     175.5616   15718.3434
    20   12 Mg         5.9033     175.5616   15718.3434
    21   12 Mg         5.8014     175.5616   15718.3434
    22   12 Mg         5.9033     175.5616   15718.3434
    23   12 Mg         5.9033     175.5616   15718.3434
    24   12 Mg         5.7610     175.5616   15718.3434
    25   12 Mg         5.7609     175.5616   15718.3434
    26   12 Mg         5.6354     175.5616   15718.3434
    27   12 Mg         5.6354     175.5616   15718.3434
    28   12 Mg         5.6354     175.5616   15718.3434
    29   12 Mg         5.6762     175.5616   15718.3434
    30   12 Mg         5.6808     175.5616   15718.3434
    31   12 Mg         5.6808     175.5616   15718.3434
    32   12 Mg         5.6808     175.5616   15718.3434
    33   12 Mg         5.6808     175.5616   15718.3434
    34   12 Mg         5.6808     175.5616   15718.3434
    35   12 Mg         5.6808     175.5616   15718.3434
    36   12 Mg         5.7664     175.5616   15718.3434
    37   12 Mg         5.7664     175.5616   15718.3434
    38   12 Mg         5.7665     175.5616   15718.3434
    39   12 Mg         5.8398     175.5616   15718.3434
    40   12 Mg         5.8398     175.5616   15718.3434
    41   12 Mg         5.8398     175.5616   15718.3434
    42   12 Mg         5.7760     175.5616   15718.3434
    43   12 Mg         5.7759     175.5616   15718.3434
    44   12 Mg         5.7759     175.5616   15718.3434
    45   12 Mg         5.7759     175.5616   15718.3434
    46   12 Mg         5.7759     175.5616   15718.3434
    47   12 Mg         5.7759     175.5616   15718.3434
    48   12 Mg         5.9467     175.5616   15718.3434
    49   12 Mg         5.9467     175.5616   15718.3434
    50   12 Mg         5.9467     175.5616   15718.3434
    51   12 Mg         5.6990     175.5616   15718.3434
    52   12 Mg         5.6990     175.5616   15718.3434
    53   12 Mg         5.6990     175.5616   15718.3434
    54   12 Mg         5.6958     175.5616   15718.3434
    55   12 Mg         5.6958     175.5616   15718.3434
    56   12 Mg         5.6958     175.5616   15718.3434
    57   12 Mg         5.7356     175.5616   15718.3434
    58   12 Mg         5.7356     175.5616   15718.3434
    59   12 Mg         5.7356     175.5616   15718.3434
    60   12 Mg         5.7356     175.5616   15718.3434
    61   12 Mg         5.7357     175.5616   15718.3434
    62   12 Mg         5.7357     175.5616   15718.3434
    63   12 Mg         5.7743     175.5616   15718.3434
    64   12 Mg         5.7743     175.5616   15718.3434
    65   12 Mg         5.7743     175.5616   15718.3434
    66   12 Mg         5.7743     175.5616   15718.3434
    67   12 Mg         5.7744     175.5616   15718.3434
    68   12 Mg         5.7743     175.5616   15718.3434
    69   12 Mg         5.7670     175.5616   15718.3434
    70   12 Mg         5.7669     175.5616   15718.3434
    71   12 Mg         5.7669     175.5616   15718.3434
    72   12 Mg         5.7839     175.5616   15718.3434
    73   12 Mg         5.7839     175.5616   15718.3434
    74   12 Mg         5.7839     175.5616   15718.3434
    75   12 Mg         5.7099     175.5616   15718.3434
    76   12 Mg         5.7169     175.5616   15718.3434
    77   12 Mg         5.7169     175.5616   15718.3434
    78   12 Mg         5.7255     175.5616   15718.3434
    79   12 Mg         5.7278     175.5616   15718.3434
    80   12 Mg         5.7277     175.5616   15718.3434
    81   12 Mg         5.7277     175.5616   15718.3434
    82   12 Mg         5.7278     175.5616   15718.3434
    83   12 Mg         5.7269     175.5616   15718.3434
    84   12 Mg         5.7556     175.5616   15718.3434
    85   12 Mg         5.7557     175.5616   15718.3434
    86   12 Mg         5.7277     175.5616   15718.3434
    87   12 Mg         5.7277     175.5616   15718.3434
    88   12 Mg         5.7547     175.5616   15718.3434
    89   12 Mg         5.7547     175.5616   15718.3434
    90   12 Mg         5.7653     175.5616   15718.3434
    91   12 Mg         5.7170     175.5616   15718.3434
    92   12 Mg         5.7556     175.5616   15718.3434
    93   12 Mg         5.7557     175.5616   15718.3434
    94   12 Mg         5.7653     175.5616   15718.3434
    95   12 Mg         5.7653     175.5616   15718.3434
    96   12 Mg         5.7256     175.5616   15718.3434
    97   12 Mg         5.7255     175.5616   15718.3434
    98   12 Mg         5.7556     175.5616   15718.3434
    99   12 Mg         5.7556     175.5616   15718.3434
   100   12 Mg         5.7547     175.5616   15718.3434
   101   12 Mg         5.7099     175.5616   15718.3434
   102   12 Mg         5.7839     175.5616   15718.3434
   103   12 Mg         5.7839     175.5616   15718.3434
   104   12 Mg         5.7839     175.5616   15718.3434
   105   12 Mg         5.7670     175.5616   15718.3434
   106   12 Mg         5.7669     175.5616   15718.3434
   107   12 Mg         5.7669     175.5616   15718.3434
   108   12 Mg         5.7743     175.5616   15718.3434
   109   12 Mg         5.7743     175.5616   15718.3434
   110   12 Mg         5.7743     175.5616   15718.3434
   111   12 Mg         5.7743     175.5616   15718.3434
   112   12 Mg         5.7744     175.5616   15718.3434
   113   12 Mg         5.7743     175.5616   15718.3434
   114   12 Mg         5.7356     175.5616   15718.3434
   115   12 Mg         5.7356     175.5616   15718.3434
   116   12 Mg         5.7356     175.5616   15718.3434
   117   12 Mg         5.7356     175.5616   15718.3434
   118   12 Mg         5.7357     175.5616   15718.3434
   119   12 Mg         5.7357     175.5616   15718.3434
   120   12 Mg         5.6958     175.5616   15718.3434
   121   12 Mg         5.6958     175.5616   15718.3434
   122   12 Mg         5.6958     175.5616   15718.3434
   123   12 Mg         5.6990     175.5616   15718.3434
   124   12 Mg         5.6990     175.5616   15718.3434
   125   12 Mg         5.6990     175.5616   15718.3434
   126   12 Mg         5.9467     175.5616   15718.3434
   127   12 Mg         5.9467     175.5616   15718.3434
   128   12 Mg         5.9467     175.5616   15718.3434
   129   12 Mg         5.7760     175.5616   15718.3434
   130   12 Mg         5.7759     175.5616   15718.3434
   131   12 Mg         5.7759     175.5616   15718.3434
   132   12 Mg         5.7759     175.5616   15718.3434
   133   12 Mg         5.7759     175.5616   15718.3434
   134   12 Mg         5.7759     175.5616   15718.3434
   135   12 Mg         5.8398     175.5616   15718.3434
   136   12 Mg         5.8398     175.5616   15718.3434
   137   12 Mg         5.8398     175.5616   15718.3434
   138   12 Mg         5.7664     175.5616   15718.3434
   139   12 Mg         5.7664     175.5616   15718.3434
   140   12 Mg         5.7665     175.5616   15718.3434
   141   12 Mg         5.6808     175.5616   15718.3434
   142   12 Mg         5.6808     175.5616   15718.3434
   143   12 Mg         5.6808     175.5616   15718.3434
   144   12 Mg         5.6808     175.5616   15718.3434
   145   12 Mg         5.6808     175.5616   15718.3434
   146   12 Mg         5.6808     175.5616   15718.3434
   147   12 Mg         5.6762     175.5616   15718.3434
   148   12 Mg         5.6354     175.5616   15718.3434
   149   12 Mg         5.6354     175.5616   15718.3434
   150   12 Mg         5.6354     175.5616   15718.3434
--------------------------------------------------------

Atom-resolved dispersion energies:
--------------------------------------------------
     #    Z           [Hartree]      [kcal/mol]
--------------------------------------------------
     1   66 Dy  -0.10178201E-01     -6.38691764
     2   12 Mg  -0.66317269E-02     -4.16147148
     3   12 Mg  -0.66735435E-02     -4.18771174
     4   12 Mg  -0.66735449E-02     -4.18771265
     5   12 Mg  -0.66144176E-02     -4.15060969
     6   12 Mg  -0.66144126E-02     -4.15060660
     7   12 Mg  -0.66575259E-02     -4.17766055
     8   12 Mg  -0.66575302E-02     -4.17766325
     9   12 Mg  -0.66317217E-02     -4.16146821
    10   12 Mg  -0.66317302E-02     -4.16147351
    11   12 Mg  -0.66740665E-02     -4.18803993
    12   12 Mg  -0.66735533E-02     -4.18771790
    13   12 Mg  -0.66583867E-02     -4.17820074
    14   12 Mg  -0.66583564E-02     -4.17818173
    15   12 Mg  -0.66575289E-02     -4.17766243
    16   12 Mg  -0.66575337E-02     -4.17766548
    17   12 Mg  -0.66740534E-02     -4.18803176
    18   12 Mg  -0.66740681E-02     -4.18804097
    19   12 Mg  -0.66144130E-02     -4.15060681
    20   12 Mg  -0.66144091E-02     -4.15060435
    21   12 Mg  -0.66583526E-02     -4.17817934
    22   12 Mg  -0.66144218E-02     -4.15061235
    23   12 Mg  -0.66144294E-02     -4.15061713
    24   12 Mg  -0.66575185E-02     -4.17765596
    25   12 Mg  -0.66575298E-02     -4.17766303
    26   12 Mg  -0.68274845E-02     -4.28431120
    27   12 Mg  -0.68274849E-02     -4.28431147
    28   12 Mg  -0.68274856E-02     -4.28431188
    29   12 Mg  -0.66608837E-02     -4.17976765
    30   12 Mg  -0.66719682E-02     -4.18672326
    31   12 Mg  -0.66719663E-02     -4.18672204
    32   12 Mg  -0.66719610E-02     -4.18671873
    33   12 Mg  -0.66719495E-02     -4.18671152
    34   12 Mg  -0.66719710E-02     -4.18672499
    35   12 Mg  -0.66719617E-02     -4.18671915
    36   12 Mg  -0.66530255E-02     -4.17483653
    37   12 Mg  -0.66530008E-02     -4.17482106
    38   12 Mg  -0.66529949E-02     -4.17481732
    39   12 Mg  -0.66347914E-02     -4.16339447
    40   12 Mg  -0.66348005E-02     -4.16340015
    41   12 Mg  -0.66347945E-02     -4.16339643
    42   12 Mg  -0.66871235E-02     -4.19623335
    43   12 Mg  -0.66871448E-02     -4.19624670
    44   12 Mg  -0.66871481E-02     -4.19624881
    45   12 Mg  -0.66871393E-02     -4.19624326
    46   12 Mg  -0.66871401E-02     -4.19624376
    47   12 Mg  -0.66871417E-02     -4.19624476
    48   12 Mg  -0.65839140E-02     -4.13146841
    49   12 Mg  -0.65839133E-02     -4.13146800
    50   12 Mg  -0.65839156E-02     -4.13146943
    51   12 Mg  -0.66557449E-02     -4.17654299
    52   12 Mg  -0.66557284E-02     -4.17653266
    53   12 Mg  -0.66557264E-02     -4.17653137
    54   12 Mg  -0.66513164E-02     -4.17376406
    55   12 Mg  -0.66513100E-02     -4.17376002
    56   12 Mg  -0.66513039E-02     -4.17375621
    57   12 Mg  -0.66720362E-02     -4.18676591
    58   12 Mg  -0.66720192E-02     -4.18675524
    59   12 Mg  -0.66720273E-02     -4.18676036
    60   12 Mg  -0.66720195E-02     -4.18675545
    61   12 Mg  -0.66720153E-02     -4.18675279
    62   12 Mg  -0.66720064E-02     -4.18674720
    63   12 Mg  -0.66319660E-02     -4.16162149
    64   12 Mg  -0.66319816E-02     -4.16163131
    65   12 Mg  -0.66319684E-02     -4.16162299
    66   12 Mg  -0.66319812E-02     -4.16163103
    67   12 Mg  -0.66319600E-02     -4.16161772
    68   12 Mg  -0.66319799E-02     -4.16163020
    69   12 Mg  -0.66587544E-02     -4.17843144
    70   12 Mg  -0.66587631E-02     -4.17843692
    71   12 Mg  -0.66587556E-02     -4.17843220
    72   12 Mg  -0.66484531E-02     -4.17196734
    73   12 Mg  -0.66484564E-02     -4.17196941
    74   12 Mg  -0.66484586E-02     -4.17197078
    75   12 Mg  -0.67225448E-02     -4.21846057
    76   12 Mg  -0.66513608E-02     -4.17379191
    77   12 Mg  -0.66513653E-02     -4.17379472
    78   12 Mg  -0.66546846E-02     -4.17587766
    79   12 Mg  -0.66449624E-02     -4.16977683
    80   12 Mg  -0.66449756E-02     -4.16978515
    81   12 Mg  -0.66449863E-02     -4.16979187
    82   12 Mg  -0.66449665E-02     -4.16977946
    83   12 Mg  -0.66349439E-02     -4.16349018
    84   12 Mg  -0.66446364E-02     -4.16957230
    85   12 Mg  -0.66446146E-02     -4.16955859
    86   12 Mg  -0.66449865E-02     -4.16979197
    87   12 Mg  -0.66449870E-02     -4.16979227
    88   12 Mg  -0.66483935E-02     -4.17192989
    89   12 Mg  -0.66483849E-02     -4.17192454
    90   12 Mg  -0.66478680E-02     -4.17160013
    91   12 Mg  -0.66513604E-02     -4.17379167
    92   12 Mg  -0.66446297E-02     -4.16956809
    93   12 Mg  -0.66446162E-02     -4.16955964
    94   12 Mg  -0.66478901E-02     -4.17161404
    95   12 Mg  -0.66478830E-02     -4.17160955
    96   12 Mg  -0.66546714E-02     -4.17586937
    97   12 Mg  -0.66546891E-02     -4.17588044
    98   12 Mg  -0.66446260E-02     -4.16956576
    99   12 Mg  -0.66446201E-02     -4.16956206
   100   12 Mg  -0.66483865E-02     -4.17192554
   101   12 Mg  -0.67225448E-02     -4.21846058
   102   12 Mg  -0.66484532E-02     -4.17196736
   103   12 Mg  -0.66484565E-02     -4.17196943
   104   12 Mg  -0.66484587E-02     -4.17197080
   105   12 Mg  -0.66587544E-02     -4.17843146
   106   12 Mg  -0.66587631E-02     -4.17843694
   107   12 Mg  -0.66587556E-02     -4.17843222
   108   12 Mg  -0.66319666E-02     -4.16162186
   109   12 Mg  -0.66319822E-02     -4.16163168
   110   12 Mg  -0.66319690E-02     -4.16162336
   111   12 Mg  -0.66319818E-02     -4.16163140
   112   12 Mg  -0.66319606E-02     -4.16161810
   113   12 Mg  -0.66319805E-02     -4.16163057
   114   12 Mg  -0.66720362E-02     -4.18676596
   115   12 Mg  -0.66720192E-02     -4.18675528
   116   12 Mg  -0.66720274E-02     -4.18676041
   117   12 Mg  -0.66720196E-02     -4.18675550
   118   12 Mg  -0.66720153E-02     -4.18675284
   119   12 Mg  -0.66720064E-02     -4.18674725
   120   12 Mg  -0.66513113E-02     -4.17376086
   121   12 Mg  -0.66513049E-02     -4.17375682
   122   12 Mg  -0.66512988E-02     -4.17375301
   123   12 Mg  -0.66557466E-02     -4.17654402
   124   12 Mg  -0.66557301E-02     -4.17653368
   125   12 Mg  -0.66557280E-02     -4.17653239
   126   12 Mg  -0.65839140E-02     -4.13146842
   127   12 Mg  -0.65839134E-02     -4.13146801
   128   12 Mg  -0.65839156E-02     -4.13146944
   129   12 Mg  -0.66871236E-02     -4.19623338
   130   12 Mg  -0.66871448E-02     -4.19624672
   131   12 Mg  -0.66871482E-02     -4.19624884
   132   12 Mg  -0.66871393E-02     -4.19624329
   133   12 Mg  -0.66871401E-02     -4.19624379
   134   12 Mg  -0.66871417E-02     -4.19624479
   135   12 Mg  -0.66347914E-02     -4.16339448
   136   12 Mg  -0.66348005E-02     -4.16340016
   137   12 Mg  -0.66347946E-02     -4.16339644
   138   12 Mg  -0.66530256E-02     -4.17483658
   139   12 Mg  -0.66530009E-02     -4.17482111
   140   12 Mg  -0.66529950E-02     -4.17481737
   141   12 Mg  -0.66719687E-02     -4.18672359
   142   12 Mg  -0.66719668E-02     -4.18672237
   143   12 Mg  -0.66719615E-02     -4.18671906
   144   12 Mg  -0.66719500E-02     -4.18671185
   145   12 Mg  -0.66719715E-02     -4.18672533
   146   12 Mg  -0.66719622E-02     -4.18671948
   147   12 Mg  -0.66608851E-02     -4.17976851
   148   12 Mg  -0.68274846E-02     -4.28431125
   149   12 Mg  -0.68274850E-02     -4.28431152
   150   12 Mg  -0.68274856E-02     -4.28431192
--------------------------------------------------

Dispersion energy:      -1.0025072263335E+00 Eh

[Info] Dispersion energy written to .EDISP
