-----------------------------------
 s i m p l e   D F T - D 3  v1.2.1
-----------------------------------

Zero (Chai-Head-Gordon) damping: pbe-D3(0)
--------------------
  s6         1.0000
  s8         0.7220
  s9         0.0000
 rs6         1.2170
 rs8         1.0000
 alp        14.0000
--------------------

Atomic radii (in Angstrom):
-------------------------------------------
   Z          R(cov)     R(vdw)      r4/r2
-------------------------------------------
  66 Dy       2.0000     2.0770     4.4580
  12 Mg       1.6667     1.7420     2.8909
-------------------------------------------

Atomic reference systems (in atomic units):
----------------------------------------------------------------------------
   Z        #      CN    C6(AA)   #      CN    C6(AA)   #      CN    C6(AA)
----------------------------------------------------------------------------
  66 Dy     1  0.0000 2617.3310   2  2.8965  544.4356
  12 Mg     1  0.0000  683.3758   2  0.9628  451.2708   3  1.9496  175.5616
----------------------------------------------------------------------------

Dispersion properties (in atomic units):
--------------------------------------------------------
     #    Z                CN       C6(AA)       C8(AA)
--------------------------------------------------------
     1   66 Dy         0.1565    2617.3310  557258.9340
     2   12 Mg         0.0673     673.2224   60274.8008
     3   12 Mg         0.0673     673.2259   60275.1136
     4   12 Mg         0.0673     673.2259   60275.1145
     5   12 Mg         0.0729     672.7958   60236.6075
     6   12 Mg         0.0729     672.7958   60236.6051
     7   12 Mg         0.0676     673.2052   60273.2606
     8   12 Mg         0.0676     673.2052   60273.2594
     9   12 Mg         0.0673     673.2224   60274.7989
    10   12 Mg         0.0673     673.2224   60274.8017
    11   12 Mg         0.0686     673.1279   60266.3458
    12   12 Mg         0.0673     673.2259   60275.1164
    13   12 Mg         0.0682     673.1616   60269.3598
    14   12 Mg         0.0682     673.1615   60269.3523
    15   12 Mg         0.0676     673.2052   60273.2625
    16   12 Mg         0.0676     673.2052   60273.2626
    17   12 Mg         0.0686     673.1279   60266.3451
    18   12 Mg         0.0686     673.1280   60266.3478
    19   12 Mg         0.0729     672.7958   60236.6077
    20   12 Mg         0.0729     672.7958   60236.6064
    21   12 Mg         0.0682     673.1615   60269.3513
    22   12 Mg         0.0729     672.7958   60236.6097
    23   12 Mg         0.0729     672.7958   60236.6105
    24   12 Mg         0.0676     673.2052   60273.2589
    25   12 Mg         0.0676     673.2052   60273.2618
    26   12 Mg         0.0659     673.3325   60284.6604
    27   12 Mg         0.0659     673.3325   60284.6610
    28   12 Mg         0.0659     673.3325   60284.6596
    29   12 Mg         0.0663     673.2986   60281.6277
    30   12 Mg         0.0664     673.2927   60281.0949
    31   12 Mg         0.0664     673.2927   60281.0940
    32   12 Mg         0.0664     673.2927   60281.0931
    33   12 Mg         0.0664     673.2926   60281.0895
    34   12 Mg         0.0664     673.2927   60281.0949
    35   12 Mg         0.0664     673.2926   60281.0921
    36   12 Mg         0.0676     673.2027   60273.0428
    37   12 Mg         0.0676     673.2027   60273.0371
    38   12 Mg         0.0676     673.2027   60273.0362
    39   12 Mg         0.0687     673.1237   60265.9640
    40   12 Mg         0.0687     673.1237   60265.9657
    41   12 Mg         0.0687     673.1237   60265.9649
    42   12 Mg         0.0678     673.1896   60271.8623
    43   12 Mg         0.0678     673.1896   60271.8670
    44   12 Mg         0.0678     673.1896   60271.8690
    45   12 Mg         0.0678     673.1896   60271.8672
    46   12 Mg         0.0678     673.1896   60271.8666
    47   12 Mg         0.0678     673.1896   60271.8680
    48   12 Mg         0.0736     672.7442   60231.9872
    49   12 Mg         0.0736     672.7442   60231.9872
    50   12 Mg         0.0736     672.7442   60231.9883
    51   12 Mg         0.0666     673.2747   60279.4846
    52   12 Mg         0.0666     673.2746   60279.4790
    53   12 Mg         0.0666     673.2746   60279.4780
    54   12 Mg         0.0666     673.2808   60280.0280
    55   12 Mg         0.0666     673.2807   60280.0271
    56   12 Mg         0.0666     673.2807   60280.0233
    57   12 Mg         0.0672     673.2320   60275.6604
    58   12 Mg         0.0672     673.2319   60275.6568
    59   12 Mg         0.0672     673.2319   60275.6578
    60   12 Mg         0.0672     673.2319   60275.6567
    61   12 Mg         0.0672     673.2319   60275.6551
    62   12 Mg         0.0672     673.2319   60275.6533
    63   12 Mg         0.0677     673.1964   60272.4779
    64   12 Mg         0.0677     673.1965   60272.4807
    65   12 Mg         0.0677     673.1964   60272.4759
    66   12 Mg         0.0677     673.1965   60272.4797
    67   12 Mg         0.0677     673.1964   60272.4752
    68   12 Mg         0.0677     673.1965   60272.4798
    69   12 Mg         0.0676     673.2030   60273.0626
    70   12 Mg         0.0676     673.2030   60273.0647
    71   12 Mg         0.0676     673.2030   60273.0636
    72   12 Mg         0.0679     673.1839   60271.3538
    73   12 Mg         0.0679     673.1839   60271.3558
    74   12 Mg         0.0679     673.1839   60271.3567
    75   12 Mg         0.0668     673.2603   60278.1962
    76   12 Mg         0.0669     673.2579   60277.9784
    77   12 Mg         0.0669     673.2579   60277.9772
    78   12 Mg         0.0670     673.2469   60277.0003
    79   12 Mg         0.0670     673.2462   60276.9304
    80   12 Mg         0.0670     673.2462   60276.9311
    81   12 Mg         0.0670     673.2462   60276.9349
    82   12 Mg         0.0670     673.2461   60276.9273
    83   12 Mg         0.0670     673.2479   60277.0885
    84   12 Mg         0.0674     673.2157   60274.2038
    85   12 Mg         0.0674     673.2157   60274.2010
    86   12 Mg         0.0670     673.2462   60276.9329
    87   12 Mg         0.0670     673.2462   60276.9310
    88   12 Mg         0.0674     673.2162   60274.2512
    89   12 Mg         0.0674     673.2162   60274.2513
    90   12 Mg         0.0676     673.2050   60273.2487
    91   12 Mg         0.0669     673.2578   60277.9745
    92   12 Mg         0.0674     673.2157   60274.2028
    93   12 Mg         0.0674     673.2157   60274.2010
    94   12 Mg         0.0676     673.2051   60273.2544
    95   12 Mg         0.0676     673.2051   60273.2525
    96   12 Mg         0.0670     673.2469   60276.9976
    97   12 Mg         0.0670     673.2469   60277.0002
    98   12 Mg         0.0674     673.2157   60274.2039
    99   12 Mg         0.0674     673.2157   60274.2028
   100   12 Mg         0.0674     673.2162   60274.2521
   101   12 Mg         0.0668     673.2603   60278.1962
   102   12 Mg         0.0679     673.1839   60271.3538
   103   12 Mg         0.0679     673.1839   60271.3558
   104   12 Mg         0.0679     673.1839   60271.3567
   105   12 Mg         0.0676     673.2030   60273.0626
   106   12 Mg         0.0676     673.2030   60273.0647
   107   12 Mg         0.0676     673.2030   60273.0636
   108   12 Mg         0.0677     673.1964   60272.4779
   109   12 Mg         0.0677     673.1965   60272.4807
   110   12 Mg         0.0677     673.1964   60272.4759
   111   12 Mg         0.0677     673.1965   60272.4797
   112   12 Mg         0.0677     673.1964   60272.4752
   113   12 Mg         0.0677     673.1965   60272.4798
   114   12 Mg         0.0672     673.2320   60275.6604
   115   12 Mg         0.0672     673.2319   60275.6568
   116   12 Mg         0.0672     673.2319   60275.6578
   117   12 Mg         0.0672     673.2319   60275.6567
   118   12 Mg         0.0672     673.2319   60275.6551
   119   12 Mg         0.0672     673.2319   60275.6533
   120   12 Mg         0.0666     673.2807   60280.0265
   121   12 Mg         0.0666     673.2807   60280.0256
   122   12 Mg         0.0666     673.2807   60280.0217
   123   12 Mg         0.0666     673.2747   60279.4846
   124   12 Mg         0.0666     673.2746   60279.4790
   125   12 Mg         0.0666     673.2746   60279.4780
   126   12 Mg         0.0736     672.7442   60231.9872
   127   12 Mg         0.0736     672.7442   60231.9872
   128   12 Mg         0.0736     672.7442   60231.9883
   129   12 Mg         0.0678     673.1896   60271.8623
   130   12 Mg         0.0678     673.1896   60271.8670
   131   12 Mg         0.0678     673.1896   60271.8690
   132   12 Mg         0.0678     673.1896   60271.8672
   133   12 Mg         0.0678     673.1896   60271.8666
   134   12 Mg         0.0678     673.1896   60271.8680
   135   12 Mg         0.0687     673.1237   60265.9640
   136   12 Mg         0.0687     673.1237   60265.9657
   137   12 Mg         0.0687     673.1237   60265.9649
   138   12 Mg         0.0676     673.2027   60273.0428
   139   12 Mg         0.0676     673.2027   60273.0371
   140   12 Mg         0.0676     673.2027   60273.0362
   141   12 Mg         0.0664     673.2927   60281.0949
   142   12 Mg         0.0664     673.2927   60281.0940
   143   12 Mg         0.0664     673.2927   60281.0931
   144   12 Mg         0.0664     673.2926   60281.0895
   145   12 Mg         0.0664     673.2927   60281.0949
   146   12 Mg         0.0664     673.2926   60281.0921
   147   12 Mg         0.0663     673.2986   60281.6278
   148   12 Mg         0.0659     673.3325   60284.6604
   149   12 Mg         0.0659     673.3325   60284.6610
   150   12 Mg         0.0659     673.3325   60284.6596
--------------------------------------------------------

Atom-resolved dispersion energies:
--------------------------------------------------
     #    Z           [Hartree]      [kcal/mol]
--------------------------------------------------
     1   66 Dy  -0.17422930E-01    -10.93305358
     2   12 Mg  -0.93951393E-02     -5.89553893
     3   12 Mg  -0.94005561E-02     -5.89893804
     4   12 Mg  -0.94005464E-02     -5.89893192
     5   12 Mg  -0.98017114E-02     -6.15066677
     6   12 Mg  -0.98017285E-02     -6.15067749
     7   12 Mg  -0.94110500E-02     -5.90552305
     8   12 Mg  -0.94110625E-02     -5.90553090
     9   12 Mg  -0.93951700E-02     -5.89555821
    10   12 Mg  -0.93951468E-02     -5.89554365
    11   12 Mg  -0.94746283E-02     -5.94541900
    12   12 Mg  -0.94005344E-02     -5.89892442
    13   12 Mg  -0.94490275E-02     -5.92935426
    14   12 Mg  -0.94490827E-02     -5.92938895
    15   12 Mg  -0.94110333E-02     -5.90551256
    16   12 Mg  -0.94110367E-02     -5.90551467
    17   12 Mg  -0.94746307E-02     -5.94542055
    18   12 Mg  -0.94746116E-02     -5.94540855
    19   12 Mg  -0.98017091E-02     -6.15066530
    20   12 Mg  -0.98017177E-02     -6.15067069
    21   12 Mg  -0.94490893E-02     -5.92939308
    22   12 Mg  -0.98016968E-02     -6.15065762
    23   12 Mg  -0.98016923E-02     -6.15065479
    24   12 Mg  -0.94110635E-02     -5.90553148
    25   12 Mg  -0.94110429E-02     -5.90551857
    26   12 Mg  -0.93954577E-02     -5.89573870
    27   12 Mg  -0.93954575E-02     -5.89573862
    28   12 Mg  -0.93954668E-02     -5.89574441
    29   12 Mg  -0.93469553E-02     -5.86530298
    30   12 Mg  -0.93534927E-02     -5.86940528
    31   12 Mg  -0.93535009E-02     -5.86941043
    32   12 Mg  -0.93535071E-02     -5.86941430
    33   12 Mg  -0.93535366E-02     -5.86943281
    34   12 Mg  -0.93534949E-02     -5.86940668
    35   12 Mg  -0.93535170E-02     -5.86942050
    36   12 Mg  -0.94170175E-02     -5.90926770
    37   12 Mg  -0.94170582E-02     -5.90929323
    38   12 Mg  -0.94170637E-02     -5.90929670
    39   12 Mg  -0.94693678E-02     -5.94211799
    40   12 Mg  -0.94693405E-02     -5.94210088
    41   12 Mg  -0.94693466E-02     -5.94210468
    42   12 Mg  -0.94367385E-02     -5.92164281
    43   12 Mg  -0.94367059E-02     -5.92162233
    44   12 Mg  -0.94366897E-02     -5.92161220
    45   12 Mg  -0.94367026E-02     -5.92162029
    46   12 Mg  -0.94367038E-02     -5.92162106
    47   12 Mg  -0.94366949E-02     -5.92161543
    48   12 Mg  -0.98300787E-02     -6.16846752
    49   12 Mg  -0.98300788E-02     -6.16846759
    50   12 Mg  -0.98300699E-02     -6.16846202
    51   12 Mg  -0.93604331E-02     -5.87376046
    52   12 Mg  -0.93604775E-02     -5.87378833
    53   12 Mg  -0.93604846E-02     -5.87379278
    54   12 Mg  -0.93587003E-02     -5.87267313
    55   12 Mg  -0.93587047E-02     -5.87267585
    56   12 Mg  -0.93587377E-02     -5.87269658
    57   12 Mg  -0.93972473E-02     -5.89686169
    58   12 Mg  -0.93972730E-02     -5.89687786
    59   12 Mg  -0.93972677E-02     -5.89687452
    60   12 Mg  -0.93972738E-02     -5.89687837
    61   12 Mg  -0.93972879E-02     -5.89688718
    62   12 Mg  -0.93973006E-02     -5.89689517
    63   12 Mg  -0.94136641E-02     -5.90716338
    64   12 Mg  -0.94136464E-02     -5.90715231
    65   12 Mg  -0.94136825E-02     -5.90717496
    66   12 Mg  -0.94136556E-02     -5.90715806
    67   12 Mg  -0.94136856E-02     -5.90717693
    68   12 Mg  -0.94136536E-02     -5.90715682
    69   12 Mg  -0.94222568E-02     -5.91255538
    70   12 Mg  -0.94222418E-02     -5.91254602
    71   12 Mg  -0.94222479E-02     -5.91254982
    72   12 Mg  -0.94315757E-02     -5.91840312
    73   12 Mg  -0.94315600E-02     -5.91839326
    74   12 Mg  -0.94315516E-02     -5.91838798
    75   12 Mg  -0.93978205E-02     -5.89722139
    76   12 Mg  -0.93760548E-02     -5.88356319
    77   12 Mg  -0.93760659E-02     -5.88357019
    78   12 Mg  -0.93827182E-02     -5.88774456
    79   12 Mg  -0.93828398E-02     -5.88782089
    80   12 Mg  -0.93828375E-02     -5.88781940
    81   12 Mg  -0.93828080E-02     -5.88780091
    82   12 Mg  -0.93828685E-02     -5.88783890
    83   12 Mg  -0.93756466E-02     -5.88330708
    84   12 Mg  -0.94045495E-02     -5.90144388
    85   12 Mg  -0.94045645E-02     -5.90145330
    86   12 Mg  -0.93828259E-02     -5.88781212
    87   12 Mg  -0.93828440E-02     -5.88782352
    88   12 Mg  -0.94058801E-02     -5.90227890
    89   12 Mg  -0.94058761E-02     -5.90227637
    90   12 Mg  -0.94133917E-02     -5.90699245
    91   12 Mg  -0.93760900E-02     -5.88358531
    92   12 Mg  -0.94045544E-02     -5.90144699
    93   12 Mg  -0.94045649E-02     -5.90145358
    94   12 Mg  -0.94133500E-02     -5.90696632
    95   12 Mg  -0.94133638E-02     -5.90697499
    96   12 Mg  -0.93827371E-02     -5.88775640
    97   12 Mg  -0.93827196E-02     -5.88774545
    98   12 Mg  -0.94045450E-02     -5.90144107
    99   12 Mg  -0.94045486E-02     -5.90144335
   100   12 Mg  -0.94058683E-02     -5.90227147
   101   12 Mg  -0.93978205E-02     -5.89722139
   102   12 Mg  -0.94315757E-02     -5.91840313
   103   12 Mg  -0.94315600E-02     -5.91839327
   104   12 Mg  -0.94315516E-02     -5.91838799
   105   12 Mg  -0.94222568E-02     -5.91255539
   106   12 Mg  -0.94222419E-02     -5.91254603
   107   12 Mg  -0.94222479E-02     -5.91254983
   108   12 Mg  -0.94136642E-02     -5.90716350
   109   12 Mg  -0.94136466E-02     -5.90715243
   110   12 Mg  -0.94136827E-02     -5.90717507
   111   12 Mg  -0.94136558E-02     -5.90715817
   112   12 Mg  -0.94136858E-02     -5.90717705
   113   12 Mg  -0.94136538E-02     -5.90715694
   114   12 Mg  -0.93972473E-02     -5.89686171
   115   12 Mg  -0.93972731E-02     -5.89687787
   116   12 Mg  -0.93972677E-02     -5.89687454
   117   12 Mg  -0.93972739E-02     -5.89687838
   118   12 Mg  -0.93972879E-02     -5.89688719
   119   12 Mg  -0.93973006E-02     -5.89689519
   120   12 Mg  -0.93587117E-02     -5.87268023
   121   12 Mg  -0.93587160E-02     -5.87268295
   122   12 Mg  -0.93587490E-02     -5.87270368
   123   12 Mg  -0.93604342E-02     -5.87376113
   124   12 Mg  -0.93604786E-02     -5.87378900
   125   12 Mg  -0.93604857E-02     -5.87379345
   126   12 Mg  -0.98300787E-02     -6.16846753
   127   12 Mg  -0.98300788E-02     -6.16846760
   128   12 Mg  -0.98300700E-02     -6.16846203
   129   12 Mg  -0.94367385E-02     -5.92164282
   130   12 Mg  -0.94367059E-02     -5.92162234
   131   12 Mg  -0.94366897E-02     -5.92161221
   132   12 Mg  -0.94367026E-02     -5.92162030
   133   12 Mg  -0.94367038E-02     -5.92162107
   134   12 Mg  -0.94366949E-02     -5.92161543
   135   12 Mg  -0.94693678E-02     -5.94211799
   136   12 Mg  -0.94693405E-02     -5.94210089
   137   12 Mg  -0.94693466E-02     -5.94210469
   138   12 Mg  -0.94170175E-02     -5.90926772
   139   12 Mg  -0.94170582E-02     -5.90929324
   140   12 Mg  -0.94170637E-02     -5.90929672
   141   12 Mg  -0.93534929E-02     -5.86940540
   142   12 Mg  -0.93535011E-02     -5.86941055
   143   12 Mg  -0.93535072E-02     -5.86941441
   144   12 Mg  -0.93535368E-02     -5.86943293
   145   12 Mg  -0.93534951E-02     -5.86940680
   146   12 Mg  -0.93535171E-02     -5.86942062
   147   12 Mg  -0.93469557E-02     -5.86530323
   148   12 Mg  -0.93954577E-02     -5.89573872
   149   12 Mg  -0.93954576E-02     -5.89573863
   150   12 Mg  -0.93954668E-02     -5.89574442
--------------------------------------------------

Dispersion energy:      -1.4235047387745E+00 Eh

[Info] Dispersion energy written to .EDISP
