-----------------------------------
 s i m p l e   D F T - D 3  v1.2.1
-----------------------------------

Zero (Chai-Head-Gordon) damping: pbe-D3(0)
--------------------
  s6         1.0000
  s8         0.7220
  s9         0.0000
 rs6         1.2170
 rs8         1.0000
 alp        14.0000
--------------------

Atomic radii (in Angstrom):
-------------------------------------------
   Z          R(cov)     R(vdw)      r4/r2
-------------------------------------------
  66 Dy       2.0000     2.0770     4.4580
  12 Mg       1.6667     1.7420     2.8909
-------------------------------------------

Atomic reference systems (in atomic units):
----------------------------------------------------------------------------
   Z        #      CN    C6(AA)   #      CN    C6(AA)   #      CN    C6(AA)
----------------------------------------------------------------------------
  66 Dy     1  0.0000 2617.3310   2  2.8965  544.4356
  12 Mg     1  0.0000  683.3758   2  0.9628  451.2708   3  1.9496  175.5616
----------------------------------------------------------------------------

Dispersion properties (in atomic units):
--------------------------------------------------------
     #    Z                CN       C6(AA)       C8(AA)
--------------------------------------------------------
     1   66 Dy         0.0578    2617.3310  557258.9340
     2   12 Mg         0.0268     675.8593   60510.8893
     3   12 Mg         0.0268     675.8602   60510.9716
     4   12 Mg         0.0268     675.8602   60510.9719
     5   12 Mg         0.0287     675.7539   60501.4526
     6   12 Mg         0.0287     675.7539   60501.4520
     7   12 Mg         0.0269     675.8547   60510.4810
     8   12 Mg         0.0269     675.8547   60510.4806
     9   12 Mg         0.0268     675.8593   60510.8888
    10   12 Mg         0.0268     675.8593   60510.8895
    11   12 Mg         0.0272     675.8340   60508.6284
    12   12 Mg         0.0268     675.8602   60510.9723
    13   12 Mg         0.0271     675.8428   60509.4151
    14   12 Mg         0.0271     675.8428   60509.4132
    15   12 Mg         0.0269     675.8547   60510.4815
    16   12 Mg         0.0269     675.8547   60510.4815
    17   12 Mg         0.0272     675.8340   60508.6282
    18   12 Mg         0.0272     675.8341   60508.6289
    19   12 Mg         0.0287     675.7539   60501.4526
    20   12 Mg         0.0287     675.7539   60501.4523
    21   12 Mg         0.0271     675.8428   60509.4129
    22   12 Mg         0.0287     675.7539   60501.4531
    23   12 Mg         0.0287     675.7539   60501.4533
    24   12 Mg         0.0269     675.8547   60510.4805
    25   12 Mg         0.0269     675.8547   60510.4813
    26   12 Mg         0.0263     675.8879   60513.4477
    27   12 Mg         0.0263     675.8879   60513.4479
    28   12 Mg         0.0263     675.8879   60513.4475
    29   12 Mg         0.0264     675.8797   60512.7202
    30   12 Mg         0.0265     675.8780   60512.5622
    31   12 Mg         0.0265     675.8780   60512.5620
    32   12 Mg         0.0265     675.8780   60512.5617
    33   12 Mg         0.0265     675.8780   60512.5607
    34   12 Mg         0.0265     675.8780   60512.5622
    35   12 Mg         0.0265     675.8780   60512.5614
    36   12 Mg         0.0269     675.8538   60510.4013
    37   12 Mg         0.0269     675.8538   60510.3998
    38   12 Mg         0.0269     675.8538   60510.3996
    39   12 Mg         0.0273     675.8329   60508.5279
    40   12 Mg         0.0273     675.8329   60508.5284
    41   12 Mg         0.0273     675.8329   60508.5281
    42   12 Mg         0.0270     675.8503   60510.0871
    43   12 Mg         0.0270     675.8504   60510.0884
    44   12 Mg         0.0270     675.8504   60510.0889
    45   12 Mg         0.0270     675.8504   60510.0884
    46   12 Mg         0.0270     675.8504   60510.0883
    47   12 Mg         0.0270     675.8504   60510.0886
    48   12 Mg         0.0289     675.7409   60500.2890
    49   12 Mg         0.0289     675.7409   60500.2890
    50   12 Mg         0.0289     675.7409   60500.2893
    51   12 Mg         0.0265     675.8733   60512.1392
    52   12 Mg         0.0265     675.8732   60512.1377
    53   12 Mg         0.0265     675.8732   60512.1375
    54   12 Mg         0.0265     675.8749   60512.2859
    55   12 Mg         0.0265     675.8749   60512.2856
    56   12 Mg         0.0265     675.8749   60512.2846
    57   12 Mg         0.0267     675.8618   60511.1154
    58   12 Mg         0.0267     675.8618   60511.1144
    59   12 Mg         0.0267     675.8618   60511.1147
    60   12 Mg         0.0267     675.8618   60511.1144
    61   12 Mg         0.0267     675.8618   60511.1140
    62   12 Mg         0.0267     675.8618   60511.1135
    63   12 Mg         0.0269     675.8524   60510.2697
    64   12 Mg         0.0269     675.8524   60510.2704
    65   12 Mg         0.0269     675.8524   60510.2691
    66   12 Mg         0.0269     675.8524   60510.2701
    67   12 Mg         0.0269     675.8524   60510.2689
    68   12 Mg         0.0269     675.8524   60510.2702
    69   12 Mg         0.0269     675.8540   60510.4153
    70   12 Mg         0.0269     675.8540   60510.4159
    71   12 Mg         0.0269     675.8540   60510.4156
    72   12 Mg         0.0270     675.8490   60509.9632
    73   12 Mg         0.0270     675.8490   60509.9638
    74   12 Mg         0.0270     675.8490   60509.9640
    75   12 Mg         0.0266     675.8690   60511.7571
    76   12 Mg         0.0266     675.8686   60511.7246
    77   12 Mg         0.0266     675.8686   60511.7242
    78   12 Mg         0.0267     675.8657   60511.4665
    79   12 Mg         0.0267     675.8656   60511.4530
    80   12 Mg         0.0267     675.8656   60511.4532
    81   12 Mg         0.0267     675.8656   60511.4542
    82   12 Mg         0.0267     675.8656   60511.4522
    83   12 Mg         0.0267     675.8662   60511.5081
    84   12 Mg         0.0268     675.8574   60510.7185
    85   12 Mg         0.0268     675.8574   60510.7177
    86   12 Mg         0.0267     675.8656   60511.4537
    87   12 Mg         0.0267     675.8656   60511.4532
    88   12 Mg         0.0268     675.8575   60510.7318
    89   12 Mg         0.0268     675.8575   60510.7319
    90   12 Mg         0.0269     675.8545   60510.4640
    91   12 Mg         0.0266     675.8686   60511.7235
    92   12 Mg         0.0268     675.8574   60510.7182
    93   12 Mg         0.0268     675.8574   60510.7177
    94   12 Mg         0.0269     675.8546   60510.4655
    95   12 Mg         0.0269     675.8546   60510.4649
    96   12 Mg         0.0267     675.8657   60511.4658
    97   12 Mg         0.0267     675.8657   60511.4665
    98   12 Mg         0.0268     675.8574   60510.7185
    99   12 Mg         0.0268     675.8574   60510.7182
   100   12 Mg         0.0268     675.8575   60510.7321
   101   12 Mg         0.0266     675.8690   60511.7571
   102   12 Mg         0.0270     675.8490   60509.9632
   103   12 Mg         0.0270     675.8490   60509.9638
   104   12 Mg         0.0270     675.8490   60509.9640
   105   12 Mg         0.0269     675.8540   60510.4153
   106   12 Mg         0.0269     675.8540   60510.4159
   107   12 Mg         0.0269     675.8540   60510.4156
   108   12 Mg         0.0269     675.8524   60510.2697
   109   12 Mg         0.0269     675.8524   60510.2704
   110   12 Mg         0.0269     675.8524   60510.2691
   111   12 Mg         0.0269     675.8524   60510.2701
   112   12 Mg         0.0269     675.8524   60510.2689
   113   12 Mg         0.0269     675.8524   60510.2702
   114   12 Mg         0.0267     675.8618   60511.1154
   115   12 Mg         0.0267     675.8618   60511.1144
   116   12 Mg         0.0267     675.8618   60511.1147
   117   12 Mg         0.0267     675.8618   60511.1144
   118   12 Mg         0.0267     675.8618   60511.1140
   119   12 Mg         0.0267     675.8618   60511.1135
   120   12 Mg         0.0265     675.8749   60512.2855
   121   12 Mg         0.0265     675.8749   60512.2852
   122   12 Mg         0.0265     675.8749   60512.2842
   123   12 Mg         0.0265     675.8733   60512.1392
   124   12 Mg         0.0265     675.8732   60512.1377
   125   12 Mg         0.0265     675.8732   60512.1375
   126   12 Mg         0.0289     675.7409   60500.2890
   127   12 Mg         0.0289     675.7409   60500.2890
   128   12 Mg         0.0289     675.7409   60500.2893
   129   12 Mg         0.0270     675.8503   60510.0871
   130   12 Mg         0.0270     675.8504   60510.0884
   131   12 Mg         0.0270     675.8504   60510.0889
   132   12 Mg         0.0270     675.8504   60510.0884
   133   12 Mg         0.0270     675.8504   60510.0883
   134   12 Mg         0.0270     675.8504   60510.0886
   135   12 Mg         0.0273     675.8329   60508.5279
   136   12 Mg         0.0273     675.8329   60508.5284
   137   12 Mg         0.0273     675.8329   60508.5281
   138   12 Mg         0.0269     675.8538   60510.4013
   139   12 Mg         0.0269     675.8538   60510.3998
   140   12 Mg         0.0269     675.8538   60510.3996
   141   12 Mg         0.0265     675.8780   60512.5622
   142   12 Mg         0.0265     675.8780   60512.5620
   143   12 Mg         0.0265     675.8780   60512.5617
   144   12 Mg         0.0265     675.8780   60512.5607
   145   12 Mg         0.0265     675.8780   60512.5622
   146   12 Mg         0.0265     675.8780   60512.5614
   147   12 Mg         0.0264     675.8797   60512.7202
   148   12 Mg         0.0263     675.8879   60513.4477
   149   12 Mg         0.0263     675.8879   60513.4479
   150   12 Mg         0.0263     675.8879   60513.4475
--------------------------------------------------------

Atom-resolved dispersion energies:
--------------------------------------------------
     #    Z           [Hartree]      [kcal/mol]
--------------------------------------------------
     1   66 Dy  -0.10993758E-01     -6.89868706
     2   12 Mg  -0.58552473E-02     -3.67422318
     3   12 Mg  -0.58570962E-02     -3.67538334
     4   12 Mg  -0.58570889E-02     -3.67537877
     5   12 Mg  -0.61199417E-02     -3.84032141
     6   12 Mg  -0.61199552E-02     -3.84032985
     7   12 Mg  -0.58665809E-02     -3.68133509
     8   12 Mg  -0.58665898E-02     -3.68134070
     9   12 Mg  -0.58552599E-02     -3.67423107
    10   12 Mg  -0.58552415E-02     -3.67421953
    11   12 Mg  -0.59145368E-02     -3.71142788
    12   12 Mg  -0.58570786E-02     -3.67537229
    13   12 Mg  -0.58948105E-02     -3.69904942
    14   12 Mg  -0.58948558E-02     -3.69907786
    15   12 Mg  -0.58665680E-02     -3.68132697
    16   12 Mg  -0.58665697E-02     -3.68132809
    17   12 Mg  -0.59145398E-02     -3.71142975
    18   12 Mg  -0.59145239E-02     -3.71141980
    19   12 Mg  -0.61199402E-02     -3.84032045
    20   12 Mg  -0.61199471E-02     -3.84032479
    21   12 Mg  -0.58948612E-02     -3.69908128
    22   12 Mg  -0.61199296E-02     -3.84031383
    23   12 Mg  -0.61199253E-02     -3.84031111
    24   12 Mg  -0.58665918E-02     -3.68134191
    25   12 Mg  -0.58665748E-02     -3.68133126
    26   12 Mg  -0.58304836E-02     -3.65868371
    27   12 Mg  -0.58304830E-02     -3.65868330
    28   12 Mg  -0.58304903E-02     -3.65868787
    29   12 Mg  -0.58146876E-02     -3.64877157
    30   12 Mg  -0.58192665E-02     -3.65164489
    31   12 Mg  -0.58192729E-02     -3.65164891
    32   12 Mg  -0.58192781E-02     -3.65165217
    33   12 Mg  -0.58193017E-02     -3.65166693
    34   12 Mg  -0.58192677E-02     -3.65164564
    35   12 Mg  -0.58192855E-02     -3.65165677
    36   12 Mg  -0.58704034E-02     -3.68373373
    37   12 Mg  -0.58704371E-02     -3.68375489
    38   12 Mg  -0.58704419E-02     -3.68375791
    39   12 Mg  -0.59132824E-02     -3.71064074
    40   12 Mg  -0.59132718E-02     -3.71063410
    41   12 Mg  -0.59132770E-02     -3.71063731
    42   12 Mg  -0.58829778E-02     -3.69162432
    43   12 Mg  -0.58829505E-02     -3.69160716
    44   12 Mg  -0.58829378E-02     -3.69159919
    45   12 Mg  -0.58829485E-02     -3.69160590
    46   12 Mg  -0.58829499E-02     -3.69160678
    47   12 Mg  -0.58829425E-02     -3.69160217
    48   12 Mg  -0.61437525E-02     -3.85526291
    49   12 Mg  -0.61437525E-02     -3.85526292
    50   12 Mg  -0.61437457E-02     -3.85525862
    51   12 Mg  -0.58266528E-02     -3.65627986
    52   12 Mg  -0.58266885E-02     -3.65630221
    53   12 Mg  -0.58266943E-02     -3.65630587
    54   12 Mg  -0.58247022E-02     -3.65505579
    55   12 Mg  -0.58247064E-02     -3.65505844
    56   12 Mg  -0.58247322E-02     -3.65507461
    57   12 Mg  -0.58539419E-02     -3.67340403
    58   12 Mg  -0.58539636E-02     -3.67341759
    59   12 Mg  -0.58539586E-02     -3.67341446
    60   12 Mg  -0.58539640E-02     -3.67341787
    61   12 Mg  -0.58539752E-02     -3.67342490
    62   12 Mg  -0.58539859E-02     -3.67343160
    63   12 Mg  -0.58701562E-02     -3.68357863
    64   12 Mg  -0.58701409E-02     -3.68356901
    65   12 Mg  -0.58701702E-02     -3.68358739
    66   12 Mg  -0.58701478E-02     -3.68357336
    67   12 Mg  -0.58701736E-02     -3.68358955
    68   12 Mg  -0.58701467E-02     -3.68357265
    69   12 Mg  -0.58730388E-02     -3.68538748
    70   12 Mg  -0.58730265E-02     -3.68537979
    71   12 Mg  -0.58730319E-02     -3.68538317
    72   12 Mg  -0.58815880E-02     -3.69075219
    73   12 Mg  -0.58815754E-02     -3.69074430
    74   12 Mg  -0.58815690E-02     -3.69074026
    75   12 Mg  -0.58486672E-02     -3.67009406
    76   12 Mg  -0.58383320E-02     -3.66360865
    77   12 Mg  -0.58383404E-02     -3.66361392
    78   12 Mg  -0.58438596E-02     -3.66707725
    79   12 Mg  -0.58441154E-02     -3.66723778
    80   12 Mg  -0.58441125E-02     -3.66723596
    81   12 Mg  -0.58440887E-02     -3.66722100
    82   12 Mg  -0.58441371E-02     -3.66725139
    83   12 Mg  -0.58401450E-02     -3.66474633
    84   12 Mg  -0.58614879E-02     -3.67813920
    85   12 Mg  -0.58615019E-02     -3.67814800
    86   12 Mg  -0.58441023E-02     -3.66722958
    87   12 Mg  -0.58441161E-02     -3.66723821
    88   12 Mg  -0.58620007E-02     -3.67846099
    89   12 Mg  -0.58619984E-02     -3.67845954
    90   12 Mg  -0.58682098E-02     -3.68235722
    91   12 Mg  -0.58383590E-02     -3.66362560
    92   12 Mg  -0.58614927E-02     -3.67814220
    93   12 Mg  -0.58615022E-02     -3.67814815
    94   12 Mg  -0.58681756E-02     -3.68233578
    95   12 Mg  -0.58681870E-02     -3.68234292
    96   12 Mg  -0.58438754E-02     -3.66708720
    97   12 Mg  -0.58438604E-02     -3.66707776
    98   12 Mg  -0.58614855E-02     -3.67813765
    99   12 Mg  -0.58614896E-02     -3.67814023
   100   12 Mg  -0.58619924E-02     -3.67845578
   101   12 Mg  -0.58486672E-02     -3.67009406
   102   12 Mg  -0.58815880E-02     -3.69075219
   103   12 Mg  -0.58815754E-02     -3.69074431
   104   12 Mg  -0.58815690E-02     -3.69074027
   105   12 Mg  -0.58730388E-02     -3.68538748
   106   12 Mg  -0.58730265E-02     -3.68537980
   107   12 Mg  -0.58730319E-02     -3.68538318
   108   12 Mg  -0.58701563E-02     -3.68357869
   109   12 Mg  -0.58701410E-02     -3.68356907
   110   12 Mg  -0.58701703E-02     -3.68358746
   111   12 Mg  -0.58701479E-02     -3.68357343
   112   12 Mg  -0.58701737E-02     -3.68358962
   113   12 Mg  -0.58701468E-02     -3.68357271
   114   12 Mg  -0.58539420E-02     -3.67340404
   115   12 Mg  -0.58539636E-02     -3.67341760
   116   12 Mg  -0.58539586E-02     -3.67341447
   117   12 Mg  -0.58539640E-02     -3.67341788
   118   12 Mg  -0.58539752E-02     -3.67342490
   119   12 Mg  -0.58539859E-02     -3.67343160
   120   12 Mg  -0.58247114E-02     -3.65506158
   121   12 Mg  -0.58247156E-02     -3.65506423
   122   12 Mg  -0.58247414E-02     -3.65508040
   123   12 Mg  -0.58266534E-02     -3.65628023
   124   12 Mg  -0.58266891E-02     -3.65630258
   125   12 Mg  -0.58266949E-02     -3.65630624
   126   12 Mg  -0.61437525E-02     -3.85526291
   127   12 Mg  -0.61437525E-02     -3.85526292
   128   12 Mg  -0.61437457E-02     -3.85525862
   129   12 Mg  -0.58829778E-02     -3.69162433
   130   12 Mg  -0.58829505E-02     -3.69160716
   131   12 Mg  -0.58829378E-02     -3.69159919
   132   12 Mg  -0.58829485E-02     -3.69160590
   133   12 Mg  -0.58829499E-02     -3.69160678
   134   12 Mg  -0.58829425E-02     -3.69160218
   135   12 Mg  -0.59132824E-02     -3.71064074
   136   12 Mg  -0.59132718E-02     -3.71063410
   137   12 Mg  -0.59132770E-02     -3.71063731
   138   12 Mg  -0.58704034E-02     -3.68373374
   139   12 Mg  -0.58704371E-02     -3.68375490
   140   12 Mg  -0.58704419E-02     -3.68375792
   141   12 Mg  -0.58192667E-02     -3.65164496
   142   12 Mg  -0.58192731E-02     -3.65164898
   143   12 Mg  -0.58192783E-02     -3.65165224
   144   12 Mg  -0.58193018E-02     -3.65166700
   145   12 Mg  -0.58192679E-02     -3.65164571
   146   12 Mg  -0.58192856E-02     -3.65165685
   147   12 Mg  -0.58146877E-02     -3.64877161
   148   12 Mg  -0.58304836E-02     -3.65868372
   149   12 Mg  -0.58304830E-02     -3.65868331
   150   12 Mg  -0.58304903E-02     -3.65868788
--------------------------------------------------

Dispersion energy:      -8.8721558234343E-01 Eh

[Info] Dispersion energy written to .EDISP
