-----------------------------------
 s i m p l e   D F T - D 3  v1.2.1
-----------------------------------

Zero (Chai-Head-Gordon) damping: pbe-D3(0)
--------------------
  s6         1.0000
  s8         0.7220
  s9         0.0000
 rs6         1.2170
 rs8         1.0000
 alp        14.0000
--------------------

Atomic radii (in Angstrom):
-------------------------------------------
   Z          R(cov)     R(vdw)      r4/r2
-------------------------------------------
  66 Dy       2.0000     2.0770     4.4580
  12 Mg       1.6667     1.7420     2.8909
-------------------------------------------

Atomic reference systems (in atomic units):
----------------------------------------------------------------------------
   Z        #      CN    C6(AA)   #      CN    C6(AA)   #      CN    C6(AA)
----------------------------------------------------------------------------
  66 Dy     1  0.0000 2617.3310   2  2.8965  544.4356
  12 Mg     1  0.0000  683.3758   2  0.9628  451.2708   3  1.9496  175.5616
----------------------------------------------------------------------------

Dispersion properties (in atomic units):
--------------------------------------------------------
     #    Z                CN       C6(AA)       C8(AA)
--------------------------------------------------------
     1   66 Dy         0.1099    2617.3310  557258.9340
     2   12 Mg         0.0485     674.5422   60392.9670
     3   12 Mg         0.0485     674.5443   60393.1572
     4   12 Mg         0.0485     674.5443   60393.1578
     5   12 Mg         0.0523     674.2876   60370.1746
     6   12 Mg         0.0523     674.2876   60370.1732
     7   12 Mg         0.0487     674.5317   60392.0299
     8   12 Mg         0.0487     674.5317   60392.0291
     9   12 Mg         0.0485     674.5422   60392.9658
    10   12 Mg         0.0485     674.5422   60392.9676
    11   12 Mg         0.0494     674.4831   60387.6717
    12   12 Mg         0.0485     674.5443   60393.1589
    13   12 Mg         0.0491     674.5051   60389.6441
    14   12 Mg         0.0491     674.5050   60389.6396
    15   12 Mg         0.0487     674.5317   60392.0310
    16   12 Mg         0.0487     674.5317   60392.0311
    17   12 Mg         0.0494     674.4831   60387.6713
    18   12 Mg         0.0494     674.4831   60387.6729
    19   12 Mg         0.0523     674.2876   60370.1747
    20   12 Mg         0.0523     674.2876   60370.1740
    21   12 Mg         0.0491     674.5050   60389.6390
    22   12 Mg         0.0523     674.2876   60370.1759
    23   12 Mg         0.0523     674.2876   60370.1764
    24   12 Mg         0.0487     674.5317   60392.0289
    25   12 Mg         0.0487     674.5317   60392.0306
    26   12 Mg         0.0475     674.6084   60398.8925
    27   12 Mg         0.0475     674.6084   60398.8929
    28   12 Mg         0.0475     674.6084   60398.8920
    29   12 Mg         0.0478     674.5885   60397.1148
    30   12 Mg         0.0479     674.5847   60396.7758
    31   12 Mg         0.0479     674.5847   60396.7753
    32   12 Mg         0.0479     674.5847   60396.7747
    33   12 Mg         0.0479     674.5847   60396.7726
    34   12 Mg         0.0479     674.5847   60396.7759
    35   12 Mg         0.0479     674.5847   60396.7741
    36   12 Mg         0.0487     674.5301   60391.8848
    37   12 Mg         0.0487     674.5301   60391.8814
    38   12 Mg         0.0487     674.5301   60391.8808
    39   12 Mg         0.0494     674.4822   60387.5938
    40   12 Mg         0.0494     674.4822   60387.5949
    41   12 Mg         0.0494     674.4822   60387.5943
    42   12 Mg         0.0488     674.5209   60391.0626
    43   12 Mg         0.0488     674.5210   60391.0655
    44   12 Mg         0.0488     674.5210   60391.0667
    45   12 Mg         0.0488     674.5210   60391.0656
    46   12 Mg         0.0488     674.5210   60391.0652
    47   12 Mg         0.0488     674.5210   60391.0661
    48   12 Mg         0.0528     674.2580   60367.5252
    49   12 Mg         0.0528     674.2580   60367.5252
    50   12 Mg         0.0528     674.2580   60367.5259
    51   12 Mg         0.0480     674.5736   60395.7789
    52   12 Mg         0.0480     674.5736   60395.7755
    53   12 Mg         0.0480     674.5736   60395.7749
    54   12 Mg         0.0480     674.5774   60396.1186
    55   12 Mg         0.0480     674.5774   60396.1180
    56   12 Mg         0.0480     674.5774   60396.1157
    57   12 Mg         0.0484     674.5479   60393.4784
    58   12 Mg         0.0484     674.5479   60393.4762
    59   12 Mg         0.0484     674.5479   60393.4768
    60   12 Mg         0.0484     674.5479   60393.4762
    61   12 Mg         0.0484     674.5479   60393.4752
    62   12 Mg         0.0484     674.5479   60393.4741
    63   12 Mg         0.0488     674.5260   60391.5171
    64   12 Mg         0.0488     674.5260   60391.5188
    65   12 Mg         0.0488     674.5260   60391.5159
    66   12 Mg         0.0488     674.5260   60391.5181
    67   12 Mg         0.0488     674.5260   60391.5154
    68   12 Mg         0.0488     674.5260   60391.5182
    69   12 Mg         0.0487     674.5302   60391.8905
    70   12 Mg         0.0487     674.5302   60391.8918
    71   12 Mg         0.0487     674.5302   60391.8911
    72   12 Mg         0.0489     674.5185   60390.8472
    73   12 Mg         0.0489     674.5185   60390.8484
    74   12 Mg         0.0489     674.5185   60390.8490
    75   12 Mg         0.0482     674.5650   60395.0043
    76   12 Mg         0.0482     674.5628   60394.8155
    77   12 Mg         0.0482     674.5628   60394.8147
    78   12 Mg         0.0483     674.5571   60394.2988
    79   12 Mg         0.0483     674.5562   60394.2213
    80   12 Mg         0.0483     674.5562   60394.2217
    81   12 Mg         0.0483     674.5562   60394.2241
    82   12 Mg         0.0483     674.5562   60394.2194
    83   12 Mg         0.0483     674.5553   60394.1377
    84   12 Mg         0.0486     674.5372   60392.5200
    85   12 Mg         0.0486     674.5372   60392.5183
    86   12 Mg         0.0483     674.5562   60394.2228
    87   12 Mg         0.0483     674.5562   60394.2217
    88   12 Mg         0.0486     674.5375   60392.5497
    89   12 Mg         0.0486     674.5375   60392.5498
    90   12 Mg         0.0487     674.5307   60391.9392
    91   12 Mg         0.0482     674.5628   60394.8131
    92   12 Mg         0.0486     674.5372   60392.5194
    93   12 Mg         0.0486     674.5372   60392.5183
    94   12 Mg         0.0487     674.5308   60391.9426
    95   12 Mg         0.0487     674.5307   60391.9414
    96   12 Mg         0.0483     674.5571   60394.2972
    97   12 Mg         0.0483     674.5571   60394.2987
    98   12 Mg         0.0486     674.5372   60392.5201
    99   12 Mg         0.0486     674.5372   60392.5195
   100   12 Mg         0.0486     674.5375   60392.5503
   101   12 Mg         0.0482     674.5650   60395.0043
   102   12 Mg         0.0489     674.5185   60390.8472
   103   12 Mg         0.0489     674.5185   60390.8484
   104   12 Mg         0.0489     674.5185   60390.8490
   105   12 Mg         0.0487     674.5302   60391.8905
   106   12 Mg         0.0487     674.5302   60391.8918
   107   12 Mg         0.0487     674.5302   60391.8911
   108   12 Mg         0.0488     674.5260   60391.5171
   109   12 Mg         0.0488     674.5260   60391.5188
   110   12 Mg         0.0488     674.5260   60391.5159
   111   12 Mg         0.0488     674.5260   60391.5181
   112   12 Mg         0.0488     674.5260   60391.5154
   113   12 Mg         0.0488     674.5260   60391.5182
   114   12 Mg         0.0484     674.5479   60393.4784
   115   12 Mg         0.0484     674.5479   60393.4762
   116   12 Mg         0.0484     674.5479   60393.4768
   117   12 Mg         0.0484     674.5479   60393.4762
   118   12 Mg         0.0484     674.5479   60393.4752
   119   12 Mg         0.0484     674.5479   60393.4741
   120   12 Mg         0.0480     674.5774   60396.1177
   121   12 Mg         0.0480     674.5774   60396.1171
   122   12 Mg         0.0480     674.5774   60396.1148
   123   12 Mg         0.0480     674.5736   60395.7789
   124   12 Mg         0.0480     674.5736   60395.7755
   125   12 Mg         0.0480     674.5736   60395.7749
   126   12 Mg         0.0528     674.2580   60367.5252
   127   12 Mg         0.0528     674.2580   60367.5252
   128   12 Mg         0.0528     674.2580   60367.5259
   129   12 Mg         0.0488     674.5209   60391.0626
   130   12 Mg         0.0488     674.5210   60391.0655
   131   12 Mg         0.0488     674.5210   60391.0667
   132   12 Mg         0.0488     674.5210   60391.0656
   133   12 Mg         0.0488     674.5210   60391.0652
   134   12 Mg         0.0488     674.5210   60391.0661
   135   12 Mg         0.0494     674.4822   60387.5938
   136   12 Mg         0.0494     674.4822   60387.5949
   137   12 Mg         0.0494     674.4822   60387.5943
   138   12 Mg         0.0487     674.5301   60391.8848
   139   12 Mg         0.0487     674.5301   60391.8814
   140   12 Mg         0.0487     674.5301   60391.8808
   141   12 Mg         0.0479     674.5847   60396.7758
   142   12 Mg         0.0479     674.5847   60396.7753
   143   12 Mg         0.0479     674.5847   60396.7747
   144   12 Mg         0.0479     674.5847   60396.7725
   145   12 Mg         0.0479     674.5847   60396.7759
   146   12 Mg         0.0479     674.5847   60396.7741
   147   12 Mg         0.0478     674.5885   60397.1149
   148   12 Mg         0.0475     674.6084   60398.8925
   149   12 Mg         0.0475     674.6084   60398.8929
   150   12 Mg         0.0475     674.6084   60398.8920
--------------------------------------------------------

Atom-resolved dispersion energies:
--------------------------------------------------
     #    Z           [Hartree]      [kcal/mol]
--------------------------------------------------
     1   66 Dy  -0.14943435E-01     -9.37714701
     2   12 Mg  -0.80741353E-02     -5.06659640
     3   12 Mg  -0.80778215E-02     -5.06890950
     4   12 Mg  -0.80778125E-02     -5.06890385
     5   12 Mg  -0.84220096E-02     -5.28489082
     6   12 Mg  -0.84220255E-02     -5.28490080
     7   12 Mg  -0.80882543E-02     -5.07545621
     8   12 Mg  -0.80882655E-02     -5.07546325
     9   12 Mg  -0.80741503E-02     -5.06660582
    10   12 Mg  -0.80741285E-02     -5.06659213
    11   12 Mg  -0.81466251E-02     -5.11208444
    12   12 Mg  -0.80778008E-02     -5.06889656
    13   12 Mg  -0.81230224E-02     -5.09727351
    14   12 Mg  -0.81230751E-02     -5.09730658
    15   12 Mg  -0.80882388E-02     -5.07544645
    16   12 Mg  -0.80882415E-02     -5.07544819
    17   12 Mg  -0.81466280E-02     -5.11208625
    18   12 Mg  -0.81466096E-02     -5.11207473
    19   12 Mg  -0.84220076E-02     -5.28488954
    20   12 Mg  -0.84220157E-02     -5.28489463
    21   12 Mg  -0.81230814E-02     -5.09731053
    22   12 Mg  -0.84219957E-02     -5.28488211
    23   12 Mg  -0.84219911E-02     -5.28487919
    24   12 Mg  -0.80882671E-02     -5.07546424
    25   12 Mg  -0.80882475E-02     -5.07545193
    26   12 Mg  -0.80613047E-02     -5.05854509
    27   12 Mg  -0.80613046E-02     -5.05854500
    28   12 Mg  -0.80613130E-02     -5.05855030
    29   12 Mg  -0.80275457E-02     -5.03736098
    30   12 Mg  -0.80333853E-02     -5.04102538
    31   12 Mg  -0.80333930E-02     -5.04103022
    32   12 Mg  -0.80333989E-02     -5.04103394
    33   12 Mg  -0.80334268E-02     -5.04105143
    34   12 Mg  -0.80333872E-02     -5.04102655
    35   12 Mg  -0.80334080E-02     -5.04103962
    36   12 Mg  -0.80935174E-02     -5.07875886
    37   12 Mg  -0.80935564E-02     -5.07878331
    38   12 Mg  -0.80935618E-02     -5.07878669
    39   12 Mg  -0.81433901E-02     -5.11005445
    40   12 Mg  -0.81433780E-02     -5.11004683
    41   12 Mg  -0.81433838E-02     -5.11005050
    42   12 Mg  -0.81104060E-02     -5.08935659
    43   12 Mg  -0.81103746E-02     -5.08933688
    44   12 Mg  -0.81103595E-02     -5.08932740
    45   12 Mg  -0.81103719E-02     -5.08933518
    46   12 Mg  -0.81103730E-02     -5.08933589
    47   12 Mg  -0.81103646E-02     -5.08933065
    48   12 Mg  -0.84494743E-02     -5.30212519
    49   12 Mg  -0.84494744E-02     -5.30212523
    50   12 Mg  -0.84494661E-02     -5.30212006
    51   12 Mg  -0.80408584E-02     -5.04571485
    52   12 Mg  -0.80409004E-02     -5.04574120
    53   12 Mg  -0.80409071E-02     -5.04574541
    54   12 Mg  -0.80390780E-02     -5.04459758
    55   12 Mg  -0.80390824E-02     -5.04460037
    56   12 Mg  -0.80391132E-02     -5.04461972
    57   12 Mg  -0.80744052E-02     -5.06676575
    58   12 Mg  -0.80744300E-02     -5.06678134
    59   12 Mg  -0.80744247E-02     -5.06677799
    60   12 Mg  -0.80744307E-02     -5.06678175
    61   12 Mg  -0.80744440E-02     -5.06679008
    62   12 Mg  -0.80744562E-02     -5.06679779
    63   12 Mg  -0.80916459E-02     -5.07758447
    64   12 Mg  -0.80916287E-02     -5.07757367
    65   12 Mg  -0.80916629E-02     -5.07759514
    66   12 Mg  -0.80916371E-02     -5.07757895
    67   12 Mg  -0.80916664E-02     -5.07759732
    68   12 Mg  -0.80916355E-02     -5.07757794
    69   12 Mg  -0.80977304E-02     -5.08140256
    70   12 Mg  -0.80977163E-02     -5.08139368
    71   12 Mg  -0.80977222E-02     -5.08139739
    72   12 Mg  -0.81070155E-02     -5.08722904
    73   12 Mg  -0.81070007E-02     -5.08721975
    74   12 Mg  -0.81069929E-02     -5.08721487
    75   12 Mg  -0.80721417E-02     -5.06534540
    76   12 Mg  -0.80552744E-02     -5.05476102
    77   12 Mg  -0.80552846E-02     -5.05476740
    78   12 Mg  -0.80616215E-02     -5.05874390
    79   12 Mg  -0.80618581E-02     -5.05889236
    80   12 Mg  -0.80618553E-02     -5.05889059
    81   12 Mg  -0.80618274E-02     -5.05887307
    82   12 Mg  -0.80618845E-02     -5.05890891
    83   12 Mg  -0.80559562E-02     -5.05518884
    84   12 Mg  -0.80823325E-02     -5.07174019
    85   12 Mg  -0.80823476E-02     -5.07174969
    86   12 Mg  -0.80618439E-02     -5.05888344
    87   12 Mg  -0.80618607E-02     -5.05889397
    88   12 Mg  -0.80832954E-02     -5.07234441
    89   12 Mg  -0.80832920E-02     -5.07234233
    90   12 Mg  -0.80905020E-02     -5.07686665
    91   12 Mg  -0.80553071E-02     -5.05478151
    92   12 Mg  -0.80823375E-02     -5.07174336
    93   12 Mg  -0.80823480E-02     -5.07174992
    94   12 Mg  -0.80904623E-02     -5.07684174
    95   12 Mg  -0.80904755E-02     -5.07685000
    96   12 Mg  -0.80616398E-02     -5.05875535
    97   12 Mg  -0.80616227E-02     -5.05874464
    98   12 Mg  -0.80823288E-02     -5.07173789
    99   12 Mg  -0.80823328E-02     -5.07174038
   100   12 Mg  -0.80832847E-02     -5.07233774
   101   12 Mg  -0.80721417E-02     -5.06534540
   102   12 Mg  -0.81070155E-02     -5.08722905
   103   12 Mg  -0.81070007E-02     -5.08721976
   104   12 Mg  -0.81069929E-02     -5.08721487
   105   12 Mg  -0.80977304E-02     -5.08140257
   106   12 Mg  -0.80977163E-02     -5.08139368
   107   12 Mg  -0.80977222E-02     -5.08139740
   108   12 Mg  -0.80916461E-02     -5.07758457
   109   12 Mg  -0.80916289E-02     -5.07757377
   110   12 Mg  -0.80916631E-02     -5.07759524
   111   12 Mg  -0.80916373E-02     -5.07757905
   112   12 Mg  -0.80916665E-02     -5.07759742
   113   12 Mg  -0.80916357E-02     -5.07757803
   114   12 Mg  -0.80744052E-02     -5.06676577
   115   12 Mg  -0.80744301E-02     -5.06678135
   116   12 Mg  -0.80744247E-02     -5.06677800
   117   12 Mg  -0.80744307E-02     -5.06678176
   118   12 Mg  -0.80744440E-02     -5.06679010
   119   12 Mg  -0.80744563E-02     -5.06679780
   120   12 Mg  -0.80390887E-02     -5.04460433
   121   12 Mg  -0.80390932E-02     -5.04460712
   122   12 Mg  -0.80391240E-02     -5.04462647
   123   12 Mg  -0.80408593E-02     -5.04571540
   124   12 Mg  -0.80409013E-02     -5.04574175
   125   12 Mg  -0.80409080E-02     -5.04574596
   126   12 Mg  -0.84494743E-02     -5.30212519
   127   12 Mg  -0.84494744E-02     -5.30212524
   128   12 Mg  -0.84494661E-02     -5.30212006
   129   12 Mg  -0.81104060E-02     -5.08935659
   130   12 Mg  -0.81103746E-02     -5.08933688
   131   12 Mg  -0.81103595E-02     -5.08932741
   132   12 Mg  -0.81103719E-02     -5.08933519
   133   12 Mg  -0.81103730E-02     -5.08933590
   134   12 Mg  -0.81103646E-02     -5.08933065
   135   12 Mg  -0.81433901E-02     -5.11005446
   136   12 Mg  -0.81433780E-02     -5.11004683
   137   12 Mg  -0.81433838E-02     -5.11005050
   138   12 Mg  -0.80935174E-02     -5.07875887
   139   12 Mg  -0.80935564E-02     -5.07878332
   140   12 Mg  -0.80935618E-02     -5.07878670
   141   12 Mg  -0.80333854E-02     -5.04102548
   142   12 Mg  -0.80333932E-02     -5.04103032
   143   12 Mg  -0.80333991E-02     -5.04103404
   144   12 Mg  -0.80334270E-02     -5.04105153
   145   12 Mg  -0.80333873E-02     -5.04102665
   146   12 Mg  -0.80334081E-02     -5.04103972
   147   12 Mg  -0.80275460E-02     -5.03736118
   148   12 Mg  -0.80613048E-02     -5.05854511
   149   12 Mg  -0.80613046E-02     -5.05854501
   150   12 Mg  -0.80613130E-02     -5.05855031
--------------------------------------------------

Dispersion energy:      -1.2231751896516E+00 Eh

[Info] Dispersion energy written to .EDISP
