-----------------------------------
 s i m p l e   D F T - D 3  v1.2.1
-----------------------------------

Zero (Chai-Head-Gordon) damping: pbe-D3(0)
--------------------
  s6         1.0000
  s8         0.7220
  s9         0.0000
 rs6         1.2170
 rs8         1.0000
 alp        14.0000
--------------------

Atomic radii (in Angstrom):
-------------------------------------------
   Z          R(cov)     R(vdw)      r4/r2
-------------------------------------------
  66 Dy       2.0000     2.0770     4.4580
  12 Mg       1.6667     1.7420     2.8909
-------------------------------------------

Atomic reference systems (in atomic units):
----------------------------------------------------------------------------
   Z        #      CN    C6(AA)   #      CN    C6(AA)   #      CN    C6(AA)
----------------------------------------------------------------------------
  66 Dy     1  0.0000 2617.3310   2  2.8965  544.4356
  12 Mg     1  0.0000  683.3758   2  0.9628  451.2708   3  1.9496  175.5616
----------------------------------------------------------------------------

Dispersion properties (in atomic units):
--------------------------------------------------------
     #    Z                CN       C6(AA)       C8(AA)
--------------------------------------------------------
     1   66 Dy         3.3243     544.4356  115916.4057
     2   12 Mg         1.3370     358.3078   32079.9350
     3   12 Mg         1.3357     358.9323   32135.8504
     4   12 Mg         1.3357     358.9339   32135.9969
     5   12 Mg         1.4640     289.6270   25930.8200
     6   12 Mg         1.4640     289.6227   25930.4379
     7   12 Mg         1.3422     355.6854   31845.1474
     8   12 Mg         1.3422     355.6834   31844.9671
     9   12 Mg         1.3370     358.3044   32079.6353
    10   12 Mg         1.3370     358.3094   32080.0836
    11   12 Mg         1.3664     343.2065   30727.8924
    12   12 Mg         1.3357     358.9373   32136.2991
    13   12 Mg         1.3556     348.8353   31231.8498
    14   12 Mg         1.3556     348.8215   31230.6093
    15   12 Mg         1.3422     355.6888   31845.4523
    16   12 Mg         1.3422     355.6890   31845.4706
    17   12 Mg         1.3664     343.2051   30727.7693
    18   12 Mg         1.3663     343.2101   30728.2156
    19   12 Mg         1.4640     289.6272   25930.8405
    20   12 Mg         1.4640     289.6249   25930.6381
    21   12 Mg         1.3556     348.8197   31230.4539
    22   12 Mg         1.4640     289.6310   25931.1832
    23   12 Mg         1.4640     289.6327   25931.3293
    24   12 Mg         1.3422     355.6824   31844.8809
    25   12 Mg         1.3422     355.6877   31845.3505
    26   12 Mg         1.2990     376.1603   33678.3073
    27   12 Mg         1.2990     376.1613   33678.3927
    28   12 Mg         1.2990     376.1591   33678.1942
    29   12 Mg         1.3123     370.1361   33138.9498
    30   12 Mg         1.3142     369.2838   33062.6332
    31   12 Mg         1.3142     369.2823   33062.5023
    32   12 Mg         1.3142     369.2807   33062.3640
    33   12 Mg         1.3142     369.2748   33061.8285
    34   12 Mg         1.3142     369.2839   33062.6449
    35   12 Mg         1.3142     369.2791   33062.2205
    36   12 Mg         1.3428     355.3863   31818.3665
    37   12 Mg         1.3428     355.3760   31817.4490
    38   12 Mg         1.3428     355.3744   31817.3007
    39   12 Mg         1.3680     342.3377   30650.1051
    40   12 Mg         1.3680     342.3411   30650.4090
    41   12 Mg         1.3680     342.3394   30650.2573
    42   12 Mg         1.3467     353.4341   31643.5839
    43   12 Mg         1.3466     353.4426   31644.3511
    44   12 Mg         1.3466     353.4462   31644.6690
    45   12 Mg         1.3466     353.4430   31644.3835
    46   12 Mg         1.3467     353.4418   31644.2795
    47   12 Mg         1.3466     353.4445   31644.5131
    48   12 Mg         1.4793     281.4539   25199.0696
    49   12 Mg         1.4793     281.4539   25199.0697
    50   12 Mg         1.4793     281.4558   25199.2415
    51   12 Mg         1.3202     366.4470   32808.6582
    52   12 Mg         1.3202     366.4376   32807.8132
    53   12 Mg         1.3202     366.4359   32807.6605
    54   12 Mg         1.3182     367.4144   32895.2690
    55   12 Mg         1.3182     367.4129   32895.1310
    56   12 Mg         1.3182     367.4064   32894.5523
    57   12 Mg         1.3335     360.0439   32235.3750
    58   12 Mg         1.3335     360.0375   32234.7973
    59   12 Mg         1.3335     360.0394   32234.9668
    60   12 Mg         1.3335     360.0374   32234.7933
    61   12 Mg         1.3335     360.0345   32234.5314
    62   12 Mg         1.3335     360.0313   32234.2465
    63   12 Mg         1.3452     354.1616   31708.7201
    64   12 Mg         1.3452     354.1668   31709.1857
    65   12 Mg         1.3452     354.1581   31708.4089
    66   12 Mg         1.3452     354.1650   31709.0212
    67   12 Mg         1.3452     354.1567   31708.2824
    68   12 Mg         1.3452     354.1651   31709.0337
    69   12 Mg         1.3423     355.6198   31839.2735
    70   12 Mg         1.3423     355.6236   31839.6144
    71   12 Mg         1.3423     355.6216   31839.4355
    72   12 Mg         1.3486     352.4452   31555.0517
    73   12 Mg         1.3486     352.4489   31555.3753
    74   12 Mg         1.3486     352.4506   31555.5295
    75   12 Mg         1.3239     364.6874   32651.1101
    76   12 Mg         1.3254     363.9634   32586.2902
    77   12 Mg         1.3254     363.9612   32586.0963
    78   12 Mg         1.3289     362.2635   32434.0939
    79   12 Mg         1.3293     362.0965   32419.1470
    80   12 Mg         1.3293     362.0977   32419.2554
    81   12 Mg         1.3292     362.1044   32419.8553
    82   12 Mg         1.3293     362.0912   32418.6694
    83   12 Mg         1.3290     362.2376   32431.7792
    84   12 Mg         1.3389     357.3653   31995.5574
    85   12 Mg         1.3389     357.3602   31995.0957
    86   12 Mg         1.3293     362.1010   32419.5493
    87   12 Mg         1.3293     362.0978   32419.2597
    88   12 Mg         1.3387     357.4661   32004.5789
    89   12 Mg         1.3387     357.4662   32004.5898
    90   12 Mg         1.3422     355.6732   31844.0600
    91   12 Mg         1.3254     363.9567   32585.6928
    92   12 Mg         1.3389     357.3635   31995.3901
    93   12 Mg         1.3389     357.3602   31995.0966
    94   12 Mg         1.3422     355.6834   31844.9701
    95   12 Mg         1.3422     355.6799   31844.6603
    96   12 Mg         1.3289     362.2588   32433.6800
    97   12 Mg         1.3289     362.2634   32434.0910
    98   12 Mg         1.3389     357.3654   31995.5601
    99   12 Mg         1.3389     357.3635   31995.3883
   100   12 Mg         1.3387     357.4676   32004.7142
   101   12 Mg         1.3239     364.6874   32651.1101
   102   12 Mg         1.3486     352.4452   31555.0517
   103   12 Mg         1.3486     352.4489   31555.3753
   104   12 Mg         1.3486     352.4506   31555.5295
   105   12 Mg         1.3423     355.6198   31839.2735
   106   12 Mg         1.3423     355.6236   31839.6144
   107   12 Mg         1.3423     355.6216   31839.4355
   108   12 Mg         1.3452     354.1616   31708.7199
   109   12 Mg         1.3452     354.1668   31709.1856
   110   12 Mg         1.3452     354.1581   31708.4087
   111   12 Mg         1.3452     354.1650   31709.0211
   112   12 Mg         1.3452     354.1567   31708.2822
   113   12 Mg         1.3452     354.1651   31709.0336
   114   12 Mg         1.3335     360.0439   32235.3749
   115   12 Mg         1.3335     360.0375   32234.7973
   116   12 Mg         1.3335     360.0394   32234.9668
   117   12 Mg         1.3335     360.0374   32234.7933
   118   12 Mg         1.3335     360.0345   32234.5314
   119   12 Mg         1.3335     360.0313   32234.2465
   120   12 Mg         1.3182     367.4119   32895.0410
   121   12 Mg         1.3182     367.4103   32894.9030
   122   12 Mg         1.3182     367.4039   32894.3244
   123   12 Mg         1.3202     366.4470   32808.6565
   124   12 Mg         1.3202     366.4376   32807.8115
   125   12 Mg         1.3202     366.4359   32807.6588
   126   12 Mg         1.4793     281.4539   25199.0696
   127   12 Mg         1.4793     281.4539   25199.0697
   128   12 Mg         1.4793     281.4558   25199.2415
   129   12 Mg         1.3467     353.4341   31643.5839
   130   12 Mg         1.3466     353.4426   31644.3511
   131   12 Mg         1.3466     353.4462   31644.6690
   132   12 Mg         1.3466     353.4430   31644.3835
   133   12 Mg         1.3467     353.4418   31644.2795
   134   12 Mg         1.3466     353.4445   31644.5131
   135   12 Mg         1.3680     342.3377   30650.1051
   136   12 Mg         1.3680     342.3411   30650.4090
   137   12 Mg         1.3680     342.3394   30650.2573
   138   12 Mg         1.3428     355.3863   31818.3665
   139   12 Mg         1.3428     355.3760   31817.4490
   140   12 Mg         1.3428     355.3744   31817.3007
   141   12 Mg         1.3142     369.2837   33062.6325
   142   12 Mg         1.3142     369.2823   33062.5017
   143   12 Mg         1.3142     369.2807   33062.3633
   144   12 Mg         1.3142     369.2748   33061.8279
   145   12 Mg         1.3142     369.2839   33062.6442
   146   12 Mg         1.3142     369.2791   33062.2198
   147   12 Mg         1.3123     370.1364   33138.9712
   148   12 Mg         1.2990     376.1603   33678.3073
   149   12 Mg         1.2990     376.1613   33678.3927
   150   12 Mg         1.2990     376.1591   33678.1941
--------------------------------------------------------

Atom-resolved dispersion energies:
--------------------------------------------------
     #    Z           [Hartree]      [kcal/mol]
--------------------------------------------------
     1   66 Dy  -0.11127746E-01     -6.98276626
     2   12 Mg  -0.12642793E-01     -7.93347267
     3   12 Mg  -0.12483073E-01     -7.83324676
     4   12 Mg  -0.12483102E-01     -7.83326474
     5   12 Mg  -0.10778042E-01     -6.76332320
     6   12 Mg  -0.10777955E-01     -6.76326911
     7   12 Mg  -0.12422154E-01     -7.79501963
     8   12 Mg  -0.12422099E-01     -7.79498453
     9   12 Mg  -0.12642731E-01     -7.93343339
    10   12 Mg  -0.12642829E-01     -7.93349499
    11   12 Mg  -0.12042026E-01     -7.55648571
    12   12 Mg  -0.12483174E-01     -7.83330998
    13   12 Mg  -0.12280870E-01     -7.70636224
    14   12 Mg  -0.12280600E-01     -7.70619263
    15   12 Mg  -0.12422227E-01     -7.79506499
    16   12 Mg  -0.12422219E-01     -7.79505994
    17   12 Mg  -0.12042028E-01     -7.55648690
    18   12 Mg  -0.12042111E-01     -7.55653847
    19   12 Mg  -0.10778063E-01     -6.76333691
    20   12 Mg  -0.10778017E-01     -6.76330747
    21   12 Mg  -0.12280571E-01     -7.70617494
    22   12 Mg  -0.10778134E-01     -6.76338132
    23   12 Mg  -0.10778165E-01     -6.76340055
    24   12 Mg  -0.12422092E-01     -7.79498035
    25   12 Mg  -0.12422191E-01     -7.79504280
    26   12 Mg  -0.12645519E-01     -7.93518311
    27   12 Mg  -0.12645533E-01     -7.93519172
    28   12 Mg  -0.12645492E-01     -7.93516578
    29   12 Mg  -0.12918816E-01     -8.10667917
    30   12 Mg  -0.12821291E-01     -8.04548180
    31   12 Mg  -0.12821259E-01     -8.04546135
    32   12 Mg  -0.12821233E-01     -8.04544515
    33   12 Mg  -0.12821111E-01     -8.04536877
    34   12 Mg  -0.12821291E-01     -8.04548171
    35   12 Mg  -0.12821199E-01     -8.04542365
    36   12 Mg  -0.12476885E-01     -7.82936350
    37   12 Mg  -0.12476687E-01     -7.82923930
    38   12 Mg  -0.12476664E-01     -7.82922491
    39   12 Mg  -0.12175816E-01     -7.64044014
    40   12 Mg  -0.12175883E-01     -7.64048197
    41   12 Mg  -0.12175862E-01     -7.64046845
    42   12 Mg  -0.12298728E-01     -7.71756830
    43   12 Mg  -0.12298892E-01     -7.71767106
    44   12 Mg  -0.12298973E-01     -7.71772202
    45   12 Mg  -0.12298911E-01     -7.71768307
    46   12 Mg  -0.12298895E-01     -7.71767314
    47   12 Mg  -0.12298942E-01     -7.71770237
    48   12 Mg  -0.10620975E-01     -6.66476217
    49   12 Mg  -0.10620982E-01     -6.66476695
    50   12 Mg  -0.10621023E-01     -6.66479263
    51   12 Mg  -0.12790911E-01     -8.02641782
    52   12 Mg  -0.12790706E-01     -8.02628911
    53   12 Mg  -0.12790666E-01     -8.02626437
    54   12 Mg  -0.12849009E-01     -8.06287503
    55   12 Mg  -0.12848983E-01     -8.06285830
    56   12 Mg  -0.12848833E-01     -8.06276439
    57   12 Mg  -0.12534905E-01     -7.86577182
    58   12 Mg  -0.12534772E-01     -7.86568846
    59   12 Mg  -0.12534799E-01     -7.86570510
    60   12 Mg  -0.12534777E-01     -7.86569158
    61   12 Mg  -0.12534706E-01     -7.86564679
    62   12 Mg  -0.12534647E-01     -7.86560972
    63   12 Mg  -0.12512954E-01     -7.85199687
    64   12 Mg  -0.12513044E-01     -7.85205341
    65   12 Mg  -0.12512856E-01     -7.85193539
    66   12 Mg  -0.12513008E-01     -7.85203086
    67   12 Mg  -0.12512829E-01     -7.85191889
    68   12 Mg  -0.12513003E-01     -7.85202817
    69   12 Mg  -0.12492614E-01     -7.83923342
    70   12 Mg  -0.12492677E-01     -7.83927327
    71   12 Mg  -0.12492656E-01     -7.83925984
    72   12 Mg  -0.12425810E-01     -7.79731369
    73   12 Mg  -0.12425897E-01     -7.79736812
    74   12 Mg  -0.12425924E-01     -7.79738516
    75   12 Mg  -0.12508093E-01     -7.84894690
    76   12 Mg  -0.12729379E-01     -7.98780596
    77   12 Mg  -0.12729311E-01     -7.98776299
    78   12 Mg  -0.12671007E-01     -7.95117681
    79   12 Mg  -0.12720175E-01     -7.98203018
    80   12 Mg  -0.12720174E-01     -7.98202996
    81   12 Mg  -0.12720322E-01     -7.98212239
    82   12 Mg  -0.12720030E-01     -7.98193929
    83   12 Mg  -0.12753335E-01     -8.00283875
    84   12 Mg  -0.12570838E-01     -7.88832015
    85   12 Mg  -0.12570758E-01     -7.88826951
    86   12 Mg  -0.12720235E-01     -7.98206790
    87   12 Mg  -0.12720149E-01     -7.98201398
    88   12 Mg  -0.12568705E-01     -7.88698119
    89   12 Mg  -0.12568734E-01     -7.88699990
    90   12 Mg  -0.12509780E-01     -7.85000528
    91   12 Mg  -0.12729210E-01     -7.98770000
    92   12 Mg  -0.12570804E-01     -7.88829830
    93   12 Mg  -0.12570751E-01     -7.88826523
    94   12 Mg  -0.12509979E-01     -7.85013014
    95   12 Mg  -0.12509915E-01     -7.85009002
    96   12 Mg  -0.12670918E-01     -7.95112112
    97   12 Mg  -0.12670989E-01     -7.95116560
    98   12 Mg  -0.12570869E-01     -7.88833946
    99   12 Mg  -0.12570820E-01     -7.88830890
   100   12 Mg  -0.12568767E-01     -7.88702049
   101   12 Mg  -0.12508093E-01     -7.84894687
   102   12 Mg  -0.12425810E-01     -7.79731360
   103   12 Mg  -0.12425897E-01     -7.79736803
   104   12 Mg  -0.12425924E-01     -7.79738508
   105   12 Mg  -0.12492613E-01     -7.83923329
   106   12 Mg  -0.12492677E-01     -7.83927314
   107   12 Mg  -0.12492656E-01     -7.83925971
   108   12 Mg  -0.12512951E-01     -7.85199554
   109   12 Mg  -0.12513041E-01     -7.85205207
   110   12 Mg  -0.12512853E-01     -7.85193405
   111   12 Mg  -0.12513006E-01     -7.85202953
   112   12 Mg  -0.12512827E-01     -7.85191756
   113   12 Mg  -0.12513001E-01     -7.85202683
   114   12 Mg  -0.12534905E-01     -7.86577167
   115   12 Mg  -0.12534772E-01     -7.86568831
   116   12 Mg  -0.12534799E-01     -7.86570495
   117   12 Mg  -0.12534777E-01     -7.86569142
   118   12 Mg  -0.12534706E-01     -7.86564663
   119   12 Mg  -0.12534647E-01     -7.86560957
   120   12 Mg  -0.12848956E-01     -8.06284160
   121   12 Mg  -0.12848929E-01     -8.06282488
   122   12 Mg  -0.12848780E-01     -8.06273096
   123   12 Mg  -0.12790908E-01     -8.02641605
   124   12 Mg  -0.12790703E-01     -8.02628734
   125   12 Mg  -0.12790664E-01     -8.02626260
   126   12 Mg  -0.10620975E-01     -6.66476214
   127   12 Mg  -0.10620982E-01     -6.66476692
   128   12 Mg  -0.10621023E-01     -6.66479260
   129   12 Mg  -0.12298728E-01     -7.71756815
   130   12 Mg  -0.12298891E-01     -7.71767091
   131   12 Mg  -0.12298973E-01     -7.71772187
   132   12 Mg  -0.12298911E-01     -7.71768292
   133   12 Mg  -0.12298895E-01     -7.71767299
   134   12 Mg  -0.12298941E-01     -7.71770222
   135   12 Mg  -0.12175816E-01     -7.64044009
   136   12 Mg  -0.12175883E-01     -7.64048192
   137   12 Mg  -0.12175861E-01     -7.64046841
   138   12 Mg  -0.12476884E-01     -7.82936302
   139   12 Mg  -0.12476686E-01     -7.82923882
   140   12 Mg  -0.12476663E-01     -7.82922443
   141   12 Mg  -0.12821288E-01     -8.04547994
   142   12 Mg  -0.12821256E-01     -8.04545949
   143   12 Mg  -0.12821230E-01     -8.04544329
   144   12 Mg  -0.12821108E-01     -8.04536691
   145   12 Mg  -0.12821288E-01     -8.04547985
   146   12 Mg  -0.12821196E-01     -8.04542178
   147   12 Mg  -0.12918815E-01     -8.10667881
   148   12 Mg  -0.12645519E-01     -7.93518287
   149   12 Mg  -0.12645533E-01     -7.93519148
   150   12 Mg  -0.12645491E-01     -7.93516554
--------------------------------------------------

Dispersion energy:      -1.8583426378255E+00 Eh

[Info] Dispersion energy written to .EDISP
