-----------------------------------
 s i m p l e   D F T - D 3  v1.2.1
-----------------------------------

Zero (Chai-Head-Gordon) damping: pbe-D3(0)
--------------------
  s6         1.0000
  s8         0.7220
  s9         0.0000
 rs6         1.2170
 rs8         1.0000
 alp        14.0000
--------------------

Atomic radii (in Angstrom):
-------------------------------------------
   Z          R(cov)     R(vdw)      r4/r2
-------------------------------------------
  61 Pm       2.0800     2.2448     4.6884
  12 Mg       1.6667     1.7420     2.8909
-------------------------------------------

Atomic reference systems (in atomic units):
----------------------------------------------------------------------------
   Z        #      CN    C6(AA)   #      CN    C6(AA)   #      CN    C6(AA)
----------------------------------------------------------------------------
  61 Pm     1  0.0000 3710.9375   2  2.9413  581.7435
  12 Mg     1  0.0000  683.3758   2  0.9628  451.2708   3  1.9496  175.5616
----------------------------------------------------------------------------

Dispersion properties (in atomic units):
--------------------------------------------------------
     #    Z                CN       C6(AA)       C8(AA)
--------------------------------------------------------
     1   61 Pm         2.6128     581.7435  136995.2091
     2   12 Mg         0.8250     462.6890   41425.3707
     3   12 Mg         0.8246     462.7411   41430.0363
     4   12 Mg         0.8246     462.7401   41429.9448
     5   12 Mg         0.9500     450.3957   40324.7311
     6   12 Mg         0.9500     450.3968   40324.8299
     7   12 Mg         0.8250     462.6902   41425.4763
     8   12 Mg         0.8250     462.6892   41425.3886
     9   12 Mg         0.8345     461.5813   41326.2010
    10   12 Mg         0.8345     461.5814   41326.2073
    11   12 Mg         0.8493     459.9427   41179.4916
    12   12 Mg         0.8246     462.7387   41429.8210
    13   12 Mg         0.8345     461.5818   41326.2403
    14   12 Mg         0.8345     461.5810   41326.1724
    15   12 Mg         0.8404     460.9234   41267.2944
    16   12 Mg         0.8404     460.9226   41267.2212
    17   12 Mg         0.9499     450.3997   40325.0930
    18   12 Mg         0.9499     450.3993   40325.0572
    19   12 Mg         0.8493     459.9433   41179.5446
    20   12 Mg         0.8493     459.9436   41179.5698
    21   12 Mg         0.8403     460.9240   41267.3503
    22   12 Mg         0.9499     450.3985   40324.9786
    23   12 Mg         0.9499     450.3987   40325.0020
    24   12 Mg         0.8345     461.5791   41325.9990
    25   12 Mg         0.8345     461.5793   41326.0195
    26   12 Mg         0.8005     465.7777   41701.9100
    27   12 Mg         0.8005     465.7764   41701.7935
    28   12 Mg         0.8005     465.7773   41701.8773
    29   12 Mg         0.8067     464.9573   41628.4551
    30   12 Mg         0.8097     464.5689   41593.6871
    31   12 Mg         0.8097     464.5686   41593.6580
    32   12 Mg         0.8097     464.5702   41593.7953
    33   12 Mg         0.8097     464.5699   41593.7733
    34   12 Mg         0.8097     464.5694   41593.7261
    35   12 Mg         0.8097     464.5697   41593.7501
    36   12 Mg         0.8330     461.7507   41341.3609
    37   12 Mg         0.8330     461.7499   41341.2946
    38   12 Mg         0.8331     461.7487   41341.1890
    39   12 Mg         0.8486     460.0239   41186.7601
    40   12 Mg         0.8486     460.0260   41186.9449
    41   12 Mg         0.8486     460.0255   41186.9019
    42   12 Mg         0.8348     461.5486   41323.2677
    43   12 Mg         0.8348     461.5495   41323.3465
    44   12 Mg         0.8348     461.5502   41323.4103
    45   12 Mg         0.8348     461.5493   41323.3306
    46   12 Mg         0.8348     461.5487   41323.2820
    47   12 Mg         0.8348     461.5498   41323.3764
    48   12 Mg         0.9624     449.2624   40223.2607
    49   12 Mg         0.9624     449.2653   40223.5234
    50   12 Mg         0.9624     449.2653   40223.5238
    51   12 Mg         0.8143     463.9942   41542.2247
    52   12 Mg         0.8143     463.9932   41542.1349
    53   12 Mg         0.8143     463.9938   41542.1965
    54   12 Mg         0.8153     463.8717   41531.2578
    55   12 Mg         0.8153     463.8706   41531.1603
    56   12 Mg         0.8153     463.8703   41531.1374
    57   12 Mg         0.8258     462.5885   41416.3709
    58   12 Mg         0.8259     462.5878   41416.3150
    59   12 Mg         0.8259     462.5877   41416.3033
    60   12 Mg         0.8259     462.5871   41416.2483
    61   12 Mg         0.8258     462.5894   41416.4567
    62   12 Mg         0.8259     462.5881   41416.3398
    63   12 Mg         0.8325     461.8142   41347.0503
    64   12 Mg         0.8325     461.8145   41347.0734
    65   12 Mg         0.8325     461.8143   41347.0567
    66   12 Mg         0.8325     461.8149   41347.1162
    67   12 Mg         0.8325     461.8150   41347.1236
    68   12 Mg         0.8325     461.8153   41347.1436
    69   12 Mg         0.8325     461.8119   41346.8397
    70   12 Mg         0.8325     461.8121   41346.8621
    71   12 Mg         0.8325     461.8127   41346.9169
    72   12 Mg         0.8346     461.5742   41325.5598
    73   12 Mg         0.8346     461.5751   41325.6381
    74   12 Mg         0.8346     461.5736   41325.5104
    75   12 Mg         0.8204     463.2467   41475.2999
    76   12 Mg         0.8202     463.2677   41477.1863
    77   12 Mg         0.8202     463.2682   41477.2275
    78   12 Mg         0.8205     463.2275   41473.5813
    79   12 Mg         0.8221     463.0337   41456.2372
    80   12 Mg         0.8221     463.0330   41456.1695
    81   12 Mg         0.8221     463.0320   41456.0835
    82   12 Mg         0.8221     463.0313   41456.0183
    83   12 Mg         0.8266     462.4981   41408.2811
    84   12 Mg         0.8278     462.3536   41395.3423
    85   12 Mg         0.8279     462.3524   41395.2317
    86   12 Mg         0.8221     463.0331   41456.1760
    87   12 Mg         0.8221     463.0323   41456.1088
    88   12 Mg         0.8281     462.3224   41392.5456
    89   12 Mg         0.8281     462.3223   41392.5451
    90   12 Mg         0.8339     461.6541   41332.7183
    91   12 Mg         0.8202     463.2703   41477.4145
    92   12 Mg         0.8278     462.3530   41395.2864
    93   12 Mg         0.8278     462.3540   41395.3758
    94   12 Mg         0.8339     461.6547   41332.7735
    95   12 Mg         0.8339     461.6550   41332.7962
    96   12 Mg         0.8205     463.2274   41473.5730
    97   12 Mg         0.8205     463.2266   41473.5078
    98   12 Mg         0.8278     462.3528   41395.2674
    99   12 Mg         0.8278     462.3540   41395.3802
   100   12 Mg         0.8281     462.3230   41392.6019
   101   12 Mg         0.8204     463.2455   41475.1933
   102   12 Mg         0.8346     461.5754   41325.6657
   103   12 Mg         0.8346     461.5762   41325.7440
   104   12 Mg         0.8346     461.5748   41325.6162
   105   12 Mg         0.8325     461.8127   41346.9123
   106   12 Mg         0.8325     461.8129   41346.9347
   107   12 Mg         0.8325     461.8135   41346.9895
   108   12 Mg         0.8325     461.8146   41347.0875
   109   12 Mg         0.8325     461.8149   41347.1106
   110   12 Mg         0.8325     461.8147   41347.0939
   111   12 Mg         0.8325     461.8154   41347.1534
   112   12 Mg         0.8325     461.8154   41347.1608
   113   12 Mg         0.8325     461.8157   41347.1807
   114   12 Mg         0.8258     462.5884   41416.3614
   115   12 Mg         0.8259     462.5877   41416.3055
   116   12 Mg         0.8259     462.5876   41416.2938
   117   12 Mg         0.8259     462.5870   41416.2388
   118   12 Mg         0.8258     462.5893   41416.4472
   119   12 Mg         0.8259     462.5880   41416.3303
   120   12 Mg         0.8153     463.8717   41531.2579
   121   12 Mg         0.8153     463.8706   41531.1604
   122   12 Mg         0.8153     463.8703   41531.1374
   123   12 Mg         0.8143     463.9942   41542.2252
   124   12 Mg         0.8143     463.9932   41542.1354
   125   12 Mg         0.8143     463.9938   41542.1970
   126   12 Mg         0.9624     449.2624   40223.2636
   127   12 Mg         0.9624     449.2653   40223.5263
   128   12 Mg         0.9624     449.2653   40223.5267
   129   12 Mg         0.8348     461.5486   41323.2722
   130   12 Mg         0.8348     461.5495   41323.3510
   131   12 Mg         0.8348     461.5502   41323.4147
   132   12 Mg         0.8348     461.5493   41323.3351
   133   12 Mg         0.8348     461.5488   41323.2865
   134   12 Mg         0.8348     461.5498   41323.3809
   135   12 Mg         0.8486     460.0239   41186.7605
   136   12 Mg         0.8486     460.0260   41186.9454
   137   12 Mg         0.8486     460.0255   41186.9024
   138   12 Mg         0.8330     461.7507   41341.3607
   139   12 Mg         0.8330     461.7499   41341.2944
   140   12 Mg         0.8331     461.7487   41341.1888
   141   12 Mg         0.8097     464.5689   41593.6868
   142   12 Mg         0.8097     464.5686   41593.6578
   143   12 Mg         0.8097     464.5702   41593.7950
   144   12 Mg         0.8097     464.5699   41593.7730
   145   12 Mg         0.8097     464.5694   41593.7258
   146   12 Mg         0.8097     464.5696   41593.7498
   147   12 Mg         0.8067     464.9573   41628.4551
   148   12 Mg         0.8005     465.7777   41701.9116
   149   12 Mg         0.8005     465.7764   41701.7952
   150   12 Mg         0.8005     465.7774   41701.8790
--------------------------------------------------------

Atom-resolved dispersion energies:
--------------------------------------------------
     #    Z           [Hartree]      [kcal/mol]
--------------------------------------------------
     1   61 Pm  -0.98721178E-02     -6.19484747
     2   12 Mg  -0.15305021E-01     -9.60404577
     3   12 Mg  -0.15255369E-01     -9.57288839
     4   12 Mg  -0.15255357E-01     -9.57288131
     5   12 Mg  -0.14400824E-01     -9.03665363
     6   12 Mg  -0.14400836E-01     -9.03666105
     7   12 Mg  -0.15305026E-01     -9.60404900
     8   12 Mg  -0.15305015E-01     -9.60404219
     9   12 Mg  -0.15262817E-01     -9.57756250
    10   12 Mg  -0.15262817E-01     -9.57756215
    11   12 Mg  -0.15230477E-01     -9.55726854
    12   12 Mg  -0.15255352E-01     -9.57287789
    13   12 Mg  -0.15262830E-01     -9.57757017
    14   12 Mg  -0.15262813E-01     -9.57755983
    15   12 Mg  -0.15302568E-01     -9.60250633
    16   12 Mg  -0.15302562E-01     -9.60250250
    17   12 Mg  -0.14400918E-01     -9.03671268
    18   12 Mg  -0.14400918E-01     -9.03671236
    19   12 Mg  -0.15230479E-01     -9.55727017
    20   12 Mg  -0.15230491E-01     -9.55727759
    21   12 Mg  -0.15302580E-01     -9.60251377
    22   12 Mg  -0.14400905E-01     -9.03670417
    23   12 Mg  -0.14400900E-01     -9.03670097
    24   12 Mg  -0.15262800E-01     -9.57755178
    25   12 Mg  -0.15262798E-01     -9.57755026
    26   12 Mg  -0.15244394E-01     -9.56600160
    27   12 Mg  -0.15244381E-01     -9.56599325
    28   12 Mg  -0.15244386E-01     -9.56599665
    29   12 Mg  -0.15348446E-01     -9.63129507
    30   12 Mg  -0.15332735E-01     -9.62143634
    31   12 Mg  -0.15332731E-01     -9.62143421
    32   12 Mg  -0.15332745E-01     -9.62144257
    33   12 Mg  -0.15332747E-01     -9.62144373
    34   12 Mg  -0.15332744E-01     -9.62144186
    35   12 Mg  -0.15332746E-01     -9.62144347
    36   12 Mg  -0.15304671E-01     -9.60382600
    37   12 Mg  -0.15304658E-01     -9.60381811
    38   12 Mg  -0.15304644E-01     -9.60380909
    39   12 Mg  -0.15282219E-01     -9.58973696
    40   12 Mg  -0.15282250E-01     -9.58975639
    41   12 Mg  -0.15282243E-01     -9.58975224
    42   12 Mg  -0.15263695E-01     -9.57811348
    43   12 Mg  -0.15263705E-01     -9.57811963
    44   12 Mg  -0.15263714E-01     -9.57812509
    45   12 Mg  -0.15263707E-01     -9.57812066
    46   12 Mg  -0.15263698E-01     -9.57811509
    47   12 Mg  -0.15263711E-01     -9.57812343
    48   12 Mg  -0.14381828E-01     -9.02473360
    49   12 Mg  -0.14381889E-01     -9.02477151
    50   12 Mg  -0.14381893E-01     -9.02477418
    51   12 Mg  -0.15319327E-01     -9.61302284
    52   12 Mg  -0.15319317E-01     -9.61301670
    53   12 Mg  -0.15319316E-01     -9.61301609
    54   12 Mg  -0.15333137E-01     -9.62168861
    55   12 Mg  -0.15333124E-01     -9.62168048
    56   12 Mg  -0.15333120E-01     -9.62167821
    57   12 Mg  -0.15285581E-01     -9.59184696
    58   12 Mg  -0.15285577E-01     -9.59184430
    59   12 Mg  -0.15285567E-01     -9.59183839
    60   12 Mg  -0.15285559E-01     -9.59183329
    61   12 Mg  -0.15285583E-01     -9.59184788
    62   12 Mg  -0.15285567E-01     -9.59183789
    63   12 Mg  -0.15294391E-01     -9.59737555
    64   12 Mg  -0.15294392E-01     -9.59737598
    65   12 Mg  -0.15294401E-01     -9.59738165
    66   12 Mg  -0.15294406E-01     -9.59738441
    67   12 Mg  -0.15294405E-01     -9.59738426
    68   12 Mg  -0.15294411E-01     -9.59738795
    69   12 Mg  -0.15329229E-01     -9.61923621
    70   12 Mg  -0.15329236E-01     -9.61924095
    71   12 Mg  -0.15329243E-01     -9.61924495
    72   12 Mg  -0.15312271E-01     -9.60859511
    73   12 Mg  -0.15312272E-01     -9.60859549
    74   12 Mg  -0.15312261E-01     -9.60858882
    75   12 Mg  -0.15279701E-01     -9.58815730
    76   12 Mg  -0.15319936E-01     -9.61340499
    77   12 Mg  -0.15319949E-01     -9.61341314
    78   12 Mg  -0.15316214E-01     -9.61106918
    79   12 Mg  -0.15325179E-01     -9.61669525
    80   12 Mg  -0.15325175E-01     -9.61669241
    81   12 Mg  -0.15325159E-01     -9.61668227
    82   12 Mg  -0.15325148E-01     -9.61667575
    83   12 Mg  -0.15308133E-01     -9.60599869
    84   12 Mg  -0.15311627E-01     -9.60819111
    85   12 Mg  -0.15311608E-01     -9.60817917
    86   12 Mg  -0.15325167E-01     -9.61668750
    87   12 Mg  -0.15325158E-01     -9.61668160
    88   12 Mg  -0.15317837E-01     -9.61208814
    89   12 Mg  -0.15317836E-01     -9.61208734
    90   12 Mg  -0.15308444E-01     -9.60619371
    91   12 Mg  -0.15319968E-01     -9.61342504
    92   12 Mg  -0.15311617E-01     -9.60818503
    93   12 Mg  -0.15311625E-01     -9.60818944
    94   12 Mg  -0.15308446E-01     -9.60619460
    95   12 Mg  -0.15308460E-01     -9.60620366
    96   12 Mg  -0.15316199E-01     -9.61105967
    97   12 Mg  -0.15316202E-01     -9.61106171
    98   12 Mg  -0.15311619E-01     -9.60818618
    99   12 Mg  -0.15311630E-01     -9.60819266
   100   12 Mg  -0.15317833E-01     -9.61208545
   101   12 Mg  -0.15279689E-01     -9.58814930
   102   12 Mg  -0.15312288E-01     -9.60860573
   103   12 Mg  -0.15312289E-01     -9.60860611
   104   12 Mg  -0.15312278E-01     -9.60859945
   105   12 Mg  -0.15329233E-01     -9.61923892
   106   12 Mg  -0.15329241E-01     -9.61924366
   107   12 Mg  -0.15329247E-01     -9.61924766
   108   12 Mg  -0.15294395E-01     -9.59737785
   109   12 Mg  -0.15294396E-01     -9.59737829
   110   12 Mg  -0.15294405E-01     -9.59738395
   111   12 Mg  -0.15294409E-01     -9.59738671
   112   12 Mg  -0.15294409E-01     -9.59738656
   113   12 Mg  -0.15294415E-01     -9.59739026
   114   12 Mg  -0.15285576E-01     -9.59184383
   115   12 Mg  -0.15285572E-01     -9.59184117
   116   12 Mg  -0.15285562E-01     -9.59183526
   117   12 Mg  -0.15285554E-01     -9.59183015
   118   12 Mg  -0.15285578E-01     -9.59184474
   119   12 Mg  -0.15285562E-01     -9.59183476
   120   12 Mg  -0.15333136E-01     -9.62168839
   121   12 Mg  -0.15333123E-01     -9.62168026
   122   12 Mg  -0.15333120E-01     -9.62167799
   123   12 Mg  -0.15319323E-01     -9.61302058
   124   12 Mg  -0.15319314E-01     -9.61301444
   125   12 Mg  -0.15319313E-01     -9.61301384
   126   12 Mg  -0.14381832E-01     -9.02473572
   127   12 Mg  -0.14381892E-01     -9.02477363
   128   12 Mg  -0.14381896E-01     -9.02477630
   129   12 Mg  -0.15263698E-01     -9.57811512
   130   12 Mg  -0.15263708E-01     -9.57812127
   131   12 Mg  -0.15263717E-01     -9.57812673
   132   12 Mg  -0.15263709E-01     -9.57812230
   133   12 Mg  -0.15263701E-01     -9.57811674
   134   12 Mg  -0.15263714E-01     -9.57812508
   135   12 Mg  -0.15282219E-01     -9.58973711
   136   12 Mg  -0.15282250E-01     -9.58975654
   137   12 Mg  -0.15282243E-01     -9.58975238
   138   12 Mg  -0.15304671E-01     -9.60382627
   139   12 Mg  -0.15304659E-01     -9.60381838
   140   12 Mg  -0.15304644E-01     -9.60380937
   141   12 Mg  -0.15332735E-01     -9.62143640
   142   12 Mg  -0.15332731E-01     -9.62143427
   143   12 Mg  -0.15332745E-01     -9.62144263
   144   12 Mg  -0.15332747E-01     -9.62144379
   145   12 Mg  -0.15332744E-01     -9.62144192
   146   12 Mg  -0.15332746E-01     -9.62144353
   147   12 Mg  -0.15348446E-01     -9.63129506
   148   12 Mg  -0.15244397E-01     -9.56600355
   149   12 Mg  -0.15244384E-01     -9.56599519
   150   12 Mg  -0.15244389E-01     -9.56599860
--------------------------------------------------

Dispersion energy:      -2.2784667761927E+00 Eh

[Info] Dispersion energy written to .EDISP
