-----------------------------------
 s i m p l e   D F T - D 3  v1.2.1
-----------------------------------

Zero (Chai-Head-Gordon) damping: pbe-D3(0)
--------------------
  s6         1.0000
  s8         0.7220
  s9         0.0000
 rs6         1.2170
 rs8         1.0000
 alp        14.0000
--------------------

Atomic radii (in Angstrom):
-------------------------------------------
   Z          R(cov)     R(vdw)      r4/r2
-------------------------------------------
  12 Mg       1.6667     1.7420     2.8909
   8 O        0.8400     1.2408     1.3725
-------------------------------------------

Atomic reference systems (in atomic units):
----------------------------------------------------------------------------
   Z        #      CN    C6(AA)   #      CN    C6(AA)   #      CN    C6(AA)
----------------------------------------------------------------------------
  12 Mg     1  0.0000  683.3758   2  0.9628  451.2708   3  1.9496  175.5616
   8 O      1  0.0000   15.5059   2  0.9925   12.8161   3  1.9887   10.3708
----------------------------------------------------------------------------

Dispersion properties (in atomic units):
--------------------------------------------------------
     #    Z                CN       C6(AA)       C8(AA)
--------------------------------------------------------
     1   12 Mg         0.1481     665.1487   59551.9511
     2   12 Mg         0.1913     658.7071   58975.2184
     3   12 Mg         0.1398     666.1939   59645.5320
     4   12 Mg         0.1540     664.3716   59482.3776
     5   12 Mg         0.1593     663.6350   59416.4234
     6   12 Mg         0.1331     667.0008   59717.7723
     7   12 Mg         0.1456     665.4622   59580.0208
     8   12 Mg         0.1014     670.3434   60017.0419
     9   12 Mg         0.1069     669.8184   59970.0380
    10   12 Mg         0.1174     668.7467   59874.0830
    11   12 Mg         0.1098     669.5240   59943.6798
    12   12 Mg         0.1444     665.6159   59593.7835
    13   12 Mg         0.1139     669.1144   59907.0069
    14   12 Mg         0.1383     666.3770   59661.9188
    15   12 Mg         0.1642     662.9434   59354.5091
    16   12 Mg         0.1662     662.6642   59329.5074
    17   12 Mg         0.1172     668.7631   59875.5565
    18   12 Mg         0.0949     670.9497   60071.3245
    19   12 Mg         0.0926     671.1575   60089.9327
    20   12 Mg         0.1645     662.8986   59350.4946
    21   12 Mg         0.1873     659.3851   59035.9262
    22   12 Mg         0.1124     669.2688   59920.8342
    23   12 Mg         0.1126     669.2403   59918.2744
    24   12 Mg         0.1192     668.5580   59857.1922
    25   12 Mg         0.2051     656.2521   58755.4219
    26   12 Mg         0.1490     665.0290   59541.2369
    27   12 Mg         0.1997     657.2407   58843.9299
    28   12 Mg         0.1054     669.9671   59983.3485
    29   12 Mg         0.1377     666.4422   59667.7559
    30   12 Mg         0.0772     672.4599   60206.5309
    31   12 Mg         0.1335     666.9512   59713.3348
    32   12 Mg         0.1290     667.4677   59759.5717
    33   12 Mg         0.1521     664.6220   59504.7930
    34   12 Mg         0.1314     667.1920   59734.8885
    35   12 Mg         0.1695     662.1777   59285.9506
    36   12 Mg         0.1309     667.2533   59740.3750
    37   12 Mg         0.2005     657.1030   58831.6063
    38   12 Mg         0.1322     667.0978   59726.4573
    39   12 Mg         0.1172     668.7615   59875.4091
    40   12 Mg         0.1208     668.3797   59841.2299
    41    8 O          0.0588      15.4200     311.1845
    42    8 O          0.0755      15.4083     310.9482
    43    8 O          0.0667      15.4147     311.0772
    44    8 O          0.0758      15.4081     310.9432
    45    8 O          0.0600      15.4193     311.1691
    46    8 O          0.0730      15.4102     310.9861
    47    8 O          0.0799      15.4050     310.8813
    48    8 O          0.0493      15.4261     311.3067
    49    8 O          0.0811      15.4041     310.8627
    50    8 O          0.0551      15.4225     311.2337
    51    8 O          0.0750      15.4087     310.9562
    52    8 O          0.0582      15.4204     311.1931
    53    8 O          0.0563      15.4217     311.2182
    54    8 O          0.1124      15.3767     310.3105
    55    8 O          0.0890      15.3977     310.7349
    56    8 O          0.1154      15.3737     310.2498
    57    8 O          0.0755      15.4083     310.9486
    58    8 O          0.0711      15.4115     311.0129
    59    8 O          0.1202      15.3689     310.1520
    60    8 O          0.0792      15.4055     310.8916
    61    8 O          0.1169      15.3723     310.2205
    62    8 O          0.0686      15.4134     311.0503
    63    8 O          0.0714      15.4114     311.0099
    64    8 O          0.0759      15.4080     310.9421
    65    8 O          0.0652      15.4157     311.0972
    66    8 O          0.0526      15.4241     311.2661
    67    8 O          0.0984      15.3897     310.5731
    68    8 O          0.0696      15.4126     311.0352
    69    8 O          0.0957      15.3921     310.6209
    70    8 O          0.0577      15.4208     311.1998
    71    8 O          0.0747      15.4089     310.9598
    72    8 O          0.0819      15.4034     310.8492
    73    8 O          0.0547      15.4227     311.2390
    74    8 O          0.0825      15.4030     310.8407
    75    8 O          0.0969      15.3910     310.5984
    76    8 O          0.0802      15.4047     310.8756
    77    8 O          0.0729      15.4103     310.9873
    78    8 O          0.0978      15.3903     310.5841
    79    8 O          0.0742      15.4093     310.9685
    80    8 O          0.0880      15.3985     310.7509
--------------------------------------------------------

Atom-resolved dispersion energies:
--------------------------------------------------
     #    Z           [Hartree]      [kcal/mol]
--------------------------------------------------
     1   12 Mg  -0.81197402E-02     -5.09521392
     2   12 Mg  -0.77861685E-02     -4.88589453
     3   12 Mg  -0.79951920E-02     -5.01705873
     4   12 Mg  -0.85856303E-02     -5.38756438
     5   12 Mg  -0.70939503E-02     -4.45152102
     6   12 Mg  -0.80530307E-02     -5.05335308
     7   12 Mg  -0.76241619E-02     -4.78423382
     8   12 Mg  -0.76888813E-02     -4.82484589
     9   12 Mg  -0.85600073E-02     -5.37148565
    10   12 Mg  -0.74772138E-02     -4.69202250
    11   12 Mg  -0.71521389E-02     -4.48803491
    12   12 Mg  -0.79133997E-02     -4.96573329
    13   12 Mg  -0.80673624E-02     -5.06234633
    14   12 Mg  -0.71193130E-02     -4.46743633
    15   12 Mg  -0.78619127E-02     -4.93342469
    16   12 Mg  -0.82942971E-02     -5.20474999
    17   12 Mg  -0.71606330E-02     -4.49336505
    18   12 Mg  -0.68098771E-02     -4.27326243
    19   12 Mg  -0.64858074E-02     -4.06990557
    20   12 Mg  -0.78438583E-02     -4.92209537
    21   12 Mg  -0.82728844E-02     -5.19131334
    22   12 Mg  -0.79613611E-02     -4.99582950
    23   12 Mg  -0.66465349E-02     -4.17076360
    24   12 Mg  -0.77757602E-02     -4.87936322
    25   12 Mg  -0.83174800E-02     -5.21929748
    26   12 Mg  -0.75508028E-02     -4.73820030
    27   12 Mg  -0.73436565E-02     -4.60821404
    28   12 Mg  -0.69469528E-02     -4.35927868
    29   12 Mg  -0.80286020E-02     -5.03802384
    30   12 Mg  -0.62896333E-02     -3.94680446
    31   12 Mg  -0.84918000E-02     -5.32868492
    32   12 Mg  -0.72745487E-02     -4.56484823
    33   12 Mg  -0.85469341E-02     -5.36328211
    34   12 Mg  -0.77515104E-02     -4.86414622
    35   12 Mg  -0.76828969E-02     -4.82109060
    36   12 Mg  -0.85589579E-02     -5.37082719
    37   12 Mg  -0.91508335E-02     -5.74223470
    38   12 Mg  -0.86505798E-02     -5.42832079
    39   12 Mg  -0.76875892E-02     -4.82403505
    40   12 Mg  -0.81136279E-02     -5.09137835
    41    8 O   -0.14274382E-02     -0.89573098
    42    8 O   -0.13471097E-02     -0.84532413
    43    8 O   -0.14392812E-02     -0.90316256
    44    8 O   -0.13636051E-02     -0.85567510
    45    8 O   -0.12647241E-02     -0.79362637
    46    8 O   -0.13506171E-02     -0.84752506
    47    8 O   -0.11282544E-02     -0.70799031
    48    8 O   -0.13689820E-02     -0.85904917
    49    8 O   -0.11801603E-02     -0.74056174
    50    8 O   -0.13954180E-02     -0.87563799
    51    8 O   -0.13754635E-02     -0.86311635
    52    8 O   -0.13532369E-02     -0.84916897
    53    8 O   -0.12406607E-02     -0.77852634
    54    8 O   -0.11035229E-02     -0.69247106
    55    8 O   -0.12732993E-02     -0.79900737
    56    8 O   -0.11727337E-02     -0.73590154
    57    8 O   -0.11561966E-02     -0.72552432
    58    8 O   -0.13310128E-02     -0.83522316
    59    8 O   -0.10987899E-02     -0.68950106
    60    8 O   -0.12040662E-02     -0.75556298
    61    8 O   -0.11266273E-02     -0.70696929
    62    8 O   -0.12655173E-02     -0.79412407
    63    8 O   -0.13552008E-02     -0.85040134
    64    8 O   -0.13580725E-02     -0.85220336
    65    8 O   -0.11114682E-02     -0.69745685
    66    8 O   -0.12203675E-02     -0.76579220
    67    8 O   -0.11682711E-02     -0.73310120
    68    8 O   -0.14229498E-02     -0.89291450
    69    8 O   -0.12120846E-02     -0.76059458
    70    8 O   -0.12946875E-02     -0.81242869
    71    8 O   -0.14297826E-02     -0.89720212
    72    8 O   -0.11996081E-02     -0.75276546
    73    8 O   -0.13388190E-02     -0.84012160
    74    8 O   -0.13275752E-02     -0.83306603
    75    8 O   -0.12702800E-02     -0.79711272
    76    8 O   -0.13377019E-02     -0.83942061
    77    8 O   -0.11616631E-02     -0.72895463
    78    8 O   -0.12600767E-02     -0.79071005
    79    8 O   -0.12437856E-02     -0.78048723
    80    8 O   -0.13478559E-02     -0.84579233
--------------------------------------------------

Dispersion energy:      -3.6176248944917E-01 Eh

[Info] Dispersion energy written to .EDISP
