-----------------------------------
 s i m p l e   D F T - D 3  v1.2.1
-----------------------------------

Zero (Chai-Head-Gordon) damping: pbe-D3(0)
--------------------
  s6         1.0000
  s8         0.7220
  s9         0.0000
 rs6         1.2170
 rs8         1.0000
 alp        14.0000
--------------------

Atomic radii (in Angstrom):
-------------------------------------------
   Z          R(cov)     R(vdw)      r4/r2
-------------------------------------------
  12 Mg       1.6667     1.7420     2.8909
   8 O        0.8400     1.2408     1.3725
-------------------------------------------

Atomic reference systems (in atomic units):
----------------------------------------------------------------------------
   Z        #      CN    C6(AA)   #      CN    C6(AA)   #      CN    C6(AA)
----------------------------------------------------------------------------
  12 Mg     1  0.0000  683.3758   2  0.9628  451.2708   3  1.9496  175.5616
   8 O      1  0.0000   15.5059   2  0.9925   12.8161   3  1.9887   10.3708
----------------------------------------------------------------------------

Dispersion properties (in atomic units):
--------------------------------------------------------
     #    Z                CN       C6(AA)       C8(AA)
--------------------------------------------------------
     1   12 Mg        15.7723     175.5616   15718.3434
     2   12 Mg        16.7784     175.5616   15718.3434
     3   12 Mg        12.9898     175.5616   15718.3434
     4   12 Mg        15.5668     175.5616   15718.3434
     5   12 Mg        14.5543     175.5616   15718.3434
     6   12 Mg        17.0158     175.5616   15718.3434
     7   12 Mg        15.8070     175.5616   15718.3434
     8   12 Mg        15.0103     175.5616   15718.3434
     9   12 Mg        13.4008     175.5616   15718.3434
    10   12 Mg        13.0536     175.5616   15718.3434
    11   12 Mg        14.5524     175.5616   15718.3434
    12   12 Mg        14.7842     175.5616   15718.3434
    13   12 Mg        13.1928     175.5616   15718.3434
    14   12 Mg        13.5096     175.5616   15718.3434
    15   12 Mg        15.0686     175.5616   15718.3434
    16   12 Mg        13.8125     175.5616   15718.3434
    17   12 Mg        11.8763     175.5616   15718.3434
    18   12 Mg        12.5780     175.5616   15718.3434
    19   12 Mg        13.2499     175.5616   15718.3434
    20   12 Mg        15.0394     175.5616   15718.3434
    21   12 Mg        12.1259     175.5616   15718.3434
    22   12 Mg        12.9788     175.5616   15718.3434
    23   12 Mg        13.1269     175.5616   15718.3434
    24   12 Mg        16.7589     175.5616   15718.3434
    25   12 Mg        13.2950     175.5616   15718.3434
    26   12 Mg        12.1729     175.5616   15718.3434
    27   12 Mg        14.5856     175.5616   15718.3434
    28   12 Mg        16.6822     175.5616   15718.3434
    29   12 Mg        14.2342     175.5616   15718.3434
    30   12 Mg        12.4846     175.5616   15718.3434
    31   12 Mg        13.1453     175.5616   15718.3434
    32   12 Mg        14.0715     175.5616   15718.3434
    33   12 Mg        11.6102     175.5616   15718.3434
    34   12 Mg        12.7798     175.5616   15718.3434
    35   12 Mg        15.5181     175.5616   15718.3434
    36   12 Mg        14.7703     175.5616   15718.3434
    37   12 Mg        16.0541     175.5616   15718.3434
    38   12 Mg        14.1540     175.5616   15718.3434
    39   12 Mg        14.2878     175.5616   15718.3434
    40   12 Mg        12.2326     175.5616   15718.3434
    41    8 O          4.0850      10.3708     209.2884
    42    8 O          4.9385      10.3708     209.2884
    43    8 O          5.0664      10.3708     209.2884
    44    8 O          4.0607      10.3708     209.2884
    45    8 O          5.9744      10.3708     209.2884
    46    8 O          5.0495      10.3708     209.2884
    47    8 O          5.2888      10.3708     209.2884
    48    8 O          5.1533      10.3708     209.2884
    49    8 O          5.9566      10.3708     209.2884
    50    8 O          5.2652      10.3708     209.2884
    51    8 O          5.0975      10.3708     209.2884
    52    8 O          4.1369      10.3708     209.2884
    53    8 O          5.7530      10.3708     209.2884
    54    8 O          5.1152      10.3708     209.2884
    55    8 O          5.3070      10.3708     209.2884
    56    8 O          4.8933      10.3708     209.2884
    57    8 O          5.0284      10.3708     209.2884
    58    8 O          4.9881      10.3708     209.2884
    59    8 O          5.9447      10.3708     209.2884
    60    8 O          5.7302      10.3708     209.2884
    61    8 O          5.0244      10.3708     209.2884
    62    8 O          4.5067      10.3708     209.2884
    63    8 O          5.6705      10.3708     209.2884
    64    8 O          4.3486      10.3708     209.2884
    65    8 O          5.0662      10.3708     209.2884
    66    8 O          4.3145      10.3708     209.2884
    67    8 O          4.1469      10.3708     209.2884
    68    8 O          5.0075      10.3708     209.2884
    69    8 O          5.9206      10.3708     209.2884
    70    8 O          5.0901      10.3708     209.2884
    71    8 O          4.6134      10.3708     209.2884
    72    8 O          4.9701      10.3708     209.2884
    73    8 O          4.1397      10.3708     209.2884
    74    8 O          4.6041      10.3708     209.2884
    75    8 O          4.4652      10.3708     209.2884
    76    8 O          4.1761      10.3708     209.2884
    77    8 O          5.8850      10.3708     209.2884
    78    8 O          5.0309      10.3708     209.2884
    79    8 O          4.5044      10.3708     209.2884
    80    8 O          4.9823      10.3708     209.2884
--------------------------------------------------------

Atom-resolved dispersion energies:
--------------------------------------------------
     #    Z           [Hartree]      [kcal/mol]
--------------------------------------------------
     1   12 Mg  -0.11511750E-01     -7.22373200
     2   12 Mg  -0.11223499E-01     -7.04285214
     3   12 Mg  -0.11345839E-01     -7.11962139
     4   12 Mg  -0.11441942E-01     -7.17992675
     5   12 Mg  -0.11366755E-01     -7.13274617
     6   12 Mg  -0.10946082E-01     -6.86877034
     7   12 Mg  -0.11007054E-01     -6.90703078
     8   12 Mg  -0.11979762E-01     -7.51741438
     9   12 Mg  -0.11327717E-01     -7.10824961
    10   12 Mg  -0.11517628E-01     -7.22742057
    11   12 Mg  -0.11429641E-01     -7.17220772
    12   12 Mg  -0.11599476E-01     -7.27878087
    13   12 Mg  -0.12049093E-01     -7.56092014
    14   12 Mg  -0.11305409E-01     -7.09425105
    15   12 Mg  -0.11467653E-01     -7.19606093
    16   12 Mg  -0.11409993E-01     -7.15987861
    17   12 Mg  -0.11575622E-01     -7.26381273
    18   12 Mg  -0.11689921E-01     -7.33553613
    19   12 Mg  -0.12209605E-01     -7.66164302
    20   12 Mg  -0.11279109E-01     -7.07774791
    21   12 Mg  -0.11186252E-01     -7.01947920
    22   12 Mg  -0.11509809E-01     -7.22251422
    23   12 Mg  -0.11785673E-01     -7.39562166
    24   12 Mg  -0.11228173E-01     -7.04578509
    25   12 Mg  -0.11377036E-01     -7.13919805
    26   12 Mg  -0.11674658E-01     -7.32595825
    27   12 Mg  -0.11921328E-01     -7.48074650
    28   12 Mg  -0.11280294E-01     -7.07849138
    29   12 Mg  -0.11337910E-01     -7.11464606
    30   12 Mg  -0.11676035E-01     -7.32682276
    31   12 Mg  -0.11917556E-01     -7.47837951
    32   12 Mg  -0.11830210E-01     -7.42356862
    33   12 Mg  -0.11921389E-01     -7.48078483
    34   12 Mg  -0.11448586E-01     -7.18409632
    35   12 Mg  -0.11160582E-01     -7.00337097
    36   12 Mg  -0.11730474E-01     -7.36098364
    37   12 Mg  -0.11191788E-01     -7.02295270
    38   12 Mg  -0.11134645E-01     -6.98709516
    39   12 Mg  -0.11514110E-01     -7.22521341
    40   12 Mg  -0.11369466E-01     -7.13444741
    41    8 O   -0.36270293E-02     -2.27599528
    42    8 O   -0.35783555E-02     -2.24545199
    43    8 O   -0.35952536E-02     -2.25605569
    44    8 O   -0.33952370E-02     -2.13054340
    45    8 O   -0.37067475E-02     -2.32601918
    46    8 O   -0.36870354E-02     -2.31364965
    47    8 O   -0.35321074E-02     -2.21643089
    48    8 O   -0.35334477E-02     -2.21727193
    49    8 O   -0.35835557E-02     -2.24871518
    50    8 O   -0.33663818E-02     -2.11243650
    51    8 O   -0.35800077E-02     -2.24648872
    52    8 O   -0.36348381E-02     -2.28089536
    53    8 O   -0.34794348E-02     -2.18337832
    54    8 O   -0.35703857E-02     -2.24045083
    55    8 O   -0.33120712E-02     -2.07835605
    56    8 O   -0.35307991E-02     -2.21560986
    57    8 O   -0.36766111E-02     -2.30710827
    58    8 O   -0.36044285E-02     -2.26181305
    59    8 O   -0.36222095E-02     -2.27297077
    60    8 O   -0.34819164E-02     -2.18493555
    61    8 O   -0.35608863E-02     -2.23448986
    62    8 O   -0.34183148E-02     -2.14502490
    63    8 O   -0.36174276E-02     -2.26997007
    64    8 O   -0.34797210E-02     -2.18355792
    65    8 O   -0.38142331E-02     -2.39346741
    66    8 O   -0.32747459E-02     -2.05493405
    67    8 O   -0.34440685E-02     -2.16118560
    68    8 O   -0.34489374E-02     -2.16424089
    69    8 O   -0.36775006E-02     -2.30766645
    70    8 O   -0.35985897E-02     -2.25814911
    71    8 O   -0.34818262E-02     -2.18487896
    72    8 O   -0.35243194E-02     -2.21154380
    73    8 O   -0.33833282E-02     -2.12307053
    74    8 O   -0.36129137E-02     -2.26713757
    75    8 O   -0.35451978E-02     -2.22464522
    76    8 O   -0.35205132E-02     -2.20915541
    77    8 O   -0.37419386E-02     -2.34810192
    78    8 O   -0.35715127E-02     -2.24115809
    79    8 O   -0.33955268E-02     -2.13072522
    80    8 O   -0.33398871E-02     -2.09581080
--------------------------------------------------

Dispersion energy:      -6.0142876690071E-01 Eh

[Info] Dispersion energy written to .EDISP
