-----------------------------------
 s i m p l e   D F T - D 3  v1.2.1
-----------------------------------

Zero (Chai-Head-Gordon) damping: pbe-D3(0)
--------------------
  s6         1.0000
  s8         0.7220
  s9         0.0000
 rs6         1.2170
 rs8         1.0000
 alp        14.0000
--------------------

Atomic radii (in Angstrom):
-------------------------------------------
   Z          R(cov)     R(vdw)      r4/r2
-------------------------------------------
  12 Mg       1.6667     1.7420     2.8909
   8 O        0.8400     1.2408     1.3725
-------------------------------------------

Atomic reference systems (in atomic units):
----------------------------------------------------------------------------
   Z        #      CN    C6(AA)   #      CN    C6(AA)   #      CN    C6(AA)
----------------------------------------------------------------------------
  12 Mg     1  0.0000  683.3758   2  0.9628  451.2708   3  1.9496  175.5616
   8 O      1  0.0000   15.5059   2  0.9925   12.8161   3  1.9887   10.3708
----------------------------------------------------------------------------

Dispersion properties (in atomic units):
--------------------------------------------------------
     #    Z                CN       C6(AA)       C8(AA)
--------------------------------------------------------
     1   12 Mg         0.0294     675.7109   60497.6020
     2   12 Mg         0.0302     675.6657   60493.5597
     3   12 Mg         0.0347     675.4046   60470.1785
     4   12 Mg         0.0354     675.3633   60466.4812
     5   12 Mg         0.0251     675.9508   60519.0833
     6   12 Mg         0.0298     675.6886   60495.6088
     7   12 Mg         0.0284     675.7692   60502.8195
     8   12 Mg         0.0301     675.6703   60493.9645
     9   12 Mg         0.0241     676.0081   60524.2137
    10   12 Mg         0.0332     675.4918   60477.9868
    11   12 Mg         0.0347     675.4039   60470.1191
    12   12 Mg         0.0297     675.6959   60496.2612
    13   12 Mg         0.0276     675.8123   60506.6776
    14   12 Mg         0.0295     675.7066   60497.2144
    15   12 Mg         0.0309     675.6237   60489.7920
    16   12 Mg         0.0345     675.4172   60471.3084
    17   12 Mg         0.0218     676.1353   60535.6013
    18   12 Mg         0.0290     675.7329   60499.5722
    19   12 Mg         0.0328     675.5126   60479.8479
    20   12 Mg         0.0280     675.7908   60504.7591
    21   12 Mg         0.0266     675.8684   60511.7082
    22   12 Mg         0.0283     675.7750   60503.3459
    23   12 Mg         0.0251     675.9562   60519.5687
    24   12 Mg         0.0297     675.6954   60496.2192
    25   12 Mg         0.0376     675.2306   60454.5977
    26   12 Mg         0.0319     675.5679   60484.8018
    27   12 Mg         0.0331     675.4974   60478.4874
    28   12 Mg         0.0288     675.7445   60500.6135
    29   12 Mg         0.0286     675.7577   60501.7941
    30   12 Mg         0.0300     675.6789   60494.7370
    31   12 Mg         0.0316     675.5839   60486.2315
    32   12 Mg         0.0326     675.5274   60481.1702
    33   12 Mg         0.0332     675.4936   60478.1453
    34   12 Mg         0.0256     675.9242   60516.7025
    35   12 Mg         0.0273     675.8283   60508.1149
    36   12 Mg         0.0307     675.6378   60491.0601
    37   12 Mg         0.0323     675.5427   60482.5479
    38   12 Mg         0.0368     675.2780   60458.8452
    39   12 Mg         0.0262     675.8902   60513.6579
    40   12 Mg         0.0330     675.5038   60479.0649
    41    8 O          0.0163      15.4441     311.6695
    42    8 O          0.0153      15.4446     311.6796
    43    8 O          0.0162      15.4441     311.6705
    44    8 O          0.0140      15.4452     311.6923
    45    8 O          0.0155      15.4445     311.6779
    46    8 O          0.0155      15.4445     311.6778
    47    8 O          0.0151      15.4446     311.6812
    48    8 O          0.0162      15.4441     311.6708
    49    8 O          0.0166      15.4439     311.6665
    50    8 O          0.0158      15.4443     311.6748
    51    8 O          0.0195      15.4425     311.6388
    52    8 O          0.0283      15.4381     311.5483
    53    8 O          0.0129      15.4457     311.7026
    54    8 O          0.0171      15.4437     311.6622
    55    8 O          0.0134      15.4455     311.6981
    56    8 O          0.0115      15.4463     311.7154
    57    8 O          0.0157      15.4444     311.6759
    58    8 O          0.0126      15.4458     311.7054
    59    8 O          0.0133      15.4455     311.6990
    60    8 O          0.0114      15.4464     311.7163
    61    8 O          0.0142      15.4451     311.6897
    62    8 O          0.0167      15.4439     311.6659
    63    8 O          0.0136      15.4454     311.6958
    64    8 O          0.0147      15.4448     311.6853
    65    8 O          0.0161      15.4442     311.6717
    66    8 O          0.0188      15.4428     311.6451
    67    8 O          0.0221      15.4412     311.6122
    68    8 O          0.0162      15.4441     311.6705
    69    8 O          0.0160      15.4442     311.6723
    70    8 O          0.0158      15.4443     311.6747
    71    8 O          0.0185      15.4430     311.6487
    72    8 O          0.0140      15.4452     311.6916
    73    8 O          0.0187      15.4429     311.6465
    74    8 O          0.0152      15.4446     311.6806
    75    8 O          0.0181      15.4432     311.6519
    76    8 O          0.0174      15.4435     311.6587
    77    8 O          0.0131      15.4456     311.7008
    78    8 O          0.0167      15.4439     311.6663
    79    8 O          0.0132      15.4455     311.6993
    80    8 O          0.0173      15.4436     311.6598
--------------------------------------------------------

Atom-resolved dispersion energies:
--------------------------------------------------
     #    Z           [Hartree]      [kcal/mol]
--------------------------------------------------
     1   12 Mg  -0.46908965E-02     -2.94358202
     2   12 Mg  -0.50349925E-02     -3.15950550
     3   12 Mg  -0.43610130E-02     -2.73657699
     4   12 Mg  -0.51112473E-02     -3.20735610
     5   12 Mg  -0.41720182E-02     -2.61798094
     6   12 Mg  -0.50823096E-02     -3.18919743
     7   12 Mg  -0.46947329E-02     -2.94598937
     8   12 Mg  -0.47789510E-02     -2.99883703
     9   12 Mg  -0.38342693E-02     -2.40604028
    10   12 Mg  -0.42369586E-02     -2.65873163
    11   12 Mg  -0.50256814E-02     -3.15366266
    12   12 Mg  -0.47563774E-02     -2.98467191
    13   12 Mg  -0.43640113E-02     -2.73845843
    14   12 Mg  -0.40801703E-02     -2.56034553
    15   12 Mg  -0.46112271E-02     -2.89358872
    16   12 Mg  -0.43863573E-02     -2.75248075
    17   12 Mg  -0.35113077E-02     -2.20337887
    18   12 Mg  -0.40624374E-02     -2.54921793
    19   12 Mg  -0.43659199E-02     -2.73965609
    20   12 Mg  -0.44595762E-02     -2.79842631
    21   12 Mg  -0.36043636E-02     -2.26177234
    22   12 Mg  -0.39190084E-02     -2.45921492
    23   12 Mg  -0.36712726E-02     -2.30375834
    24   12 Mg  -0.51174889E-02     -3.21127277
    25   12 Mg  -0.45025474E-02     -2.82539115
    26   12 Mg  -0.38336738E-02     -2.40566666
    27   12 Mg  -0.49485971E-02     -3.10529155
    28   12 Mg  -0.49742013E-02     -3.12135843
    29   12 Mg  -0.41769519E-02     -2.62107688
    30   12 Mg  -0.40753497E-02     -2.55732056
    31   12 Mg  -0.43045957E-02     -2.70117458
    32   12 Mg  -0.45818095E-02     -2.87512887
    33   12 Mg  -0.38645366E-02     -2.42503333
    34   12 Mg  -0.41435693E-02     -2.60012901
    35   12 Mg  -0.46106136E-02     -2.89320373
    36   12 Mg  -0.46506790E-02     -2.91834512
    37   12 Mg  -0.50697127E-02     -3.18129275
    38   12 Mg  -0.46686803E-02     -2.92964113
    39   12 Mg  -0.42463972E-02     -2.66465446
    40   12 Mg  -0.37698528E-02     -2.36561835
    41    8 O   -0.88977227E-03     -0.55834053
    42    8 O   -0.98578395E-03     -0.61858877
    43    8 O   -0.10264457E-02     -0.64410439
    44    8 O   -0.84507009E-03     -0.53028949
    45    8 O   -0.11404281E-02     -0.71562944
    46    8 O   -0.10269785E-02     -0.64443876
    47    8 O   -0.10580009E-02     -0.66390556
    48    8 O   -0.10121306E-02     -0.63512151
    49    8 O   -0.11425906E-02     -0.71698645
    50    8 O   -0.10559379E-02     -0.66261105
    51    8 O   -0.10869486E-02     -0.68207052
    52    8 O   -0.10089046E-02     -0.63309720
    53    8 O   -0.10390574E-02     -0.65201838
    54    8 O   -0.10563092E-02     -0.66284403
    55    8 O   -0.10013783E-02     -0.62837437
    56    8 O   -0.91010849E-03     -0.57110170
    57    8 O   -0.10146963E-02     -0.63673153
    58    8 O   -0.95930052E-03     -0.60197016
    59    8 O   -0.10952666E-02     -0.68729019
    60    8 O   -0.10163194E-02     -0.63775006
    61    8 O   -0.99047737E-03     -0.62153393
    62    8 O   -0.94366218E-03     -0.59215696
    63    8 O   -0.10540493E-02     -0.66142594
    64    8 O   -0.91421075E-03     -0.57367591
    65    8 O   -0.10396958E-02     -0.65241897
    66    8 O   -0.92408058E-03     -0.57986932
    67    8 O   -0.91514113E-03     -0.57425973
    68    8 O   -0.10039046E-02     -0.62995966
    69    8 O   -0.11302220E-02     -0.70922503
    70    8 O   -0.10346730E-02     -0.64926711
    71    8 O   -0.10092094E-02     -0.63328844
    72    8 O   -0.96004332E-03     -0.60243628
    73    8 O   -0.93193409E-03     -0.58479747
    74    8 O   -0.95191267E-03     -0.59733422
    75    8 O   -0.94832504E-03     -0.59508295
    76    8 O   -0.93253888E-03     -0.58517698
    77    8 O   -0.10884140E-02     -0.68299011
    78    8 O   -0.10165337E-02     -0.63788451
    79    8 O   -0.89652362E-03     -0.56257707
    80    8 O   -0.99023922E-03     -0.62138449
--------------------------------------------------

Dispersion energy:      -2.1640157513653E-01 Eh

[Info] Dispersion energy written to .EDISP
