-----------------------------------
 s i m p l e   D F T - D 3  v1.2.1
-----------------------------------

Zero (Chai-Head-Gordon) damping: pbe-D3(0)
--------------------
  s6         1.0000
  s8         0.7220
  s9         0.0000
 rs6         1.2170
 rs8         1.0000
 alp        14.0000
--------------------

Atomic radii (in Angstrom):
-------------------------------------------
   Z          R(cov)     R(vdw)      r4/r2
-------------------------------------------
  25 Mn       1.4267     1.7731     3.0718
   8 O        0.8400     1.2408     1.3725
-------------------------------------------

Atomic reference systems (in atomic units):
----------------------------------------------------------------------------
   Z        #      CN    C6(AA)   #      CN    C6(AA)   #      CN    C6(AA)
----------------------------------------------------------------------------
  25 Mn     1  0.0000  802.7484   2  1.6406  239.5554   3  9.8849  113.8463
   8 O      1  0.0000   15.5059   2  0.9925   12.8161   3  1.9887   10.3708
----------------------------------------------------------------------------

Dispersion properties (in atomic units):
--------------------------------------------------------
     #    Z                CN       C6(AA)       C8(AA)
--------------------------------------------------------
     1   25 Mn        12.6087     113.8463   11508.8363
     2   25 Mn        12.6087     113.8463   11508.8363
     3   25 Mn        12.6087     113.8463   11508.8363
     4   25 Mn        12.6087     113.8463   11508.8363
     5   25 Mn        12.6077     113.8463   11508.8363
     6   25 Mn        12.6077     113.8463   11508.8363
     7   25 Mn        12.6077     113.8463   11508.8363
     8   25 Mn        12.6077     113.8463   11508.8363
     9   25 Mn        12.3963     113.8463   11508.8363
    10   25 Mn        12.3963     113.8463   11508.8363
    11   25 Mn        12.3963     113.8463   11508.8363
    12   25 Mn        12.3963     113.8463   11508.8363
    13   25 Mn        12.3963     113.8463   11508.8363
    14   25 Mn        12.3963     113.8463   11508.8363
    15   25 Mn        12.3963     113.8463   11508.8363
    16   25 Mn        12.3963     113.8463   11508.8363
    17   25 Mn        12.3956     113.8463   11508.8363
    18   25 Mn        12.3956     113.8463   11508.8363
    19   25 Mn        12.3956     113.8463   11508.8363
    20   25 Mn        12.3956     113.8463   11508.8363
    21   25 Mn        12.3956     113.8463   11508.8363
    22   25 Mn        12.3956     113.8463   11508.8363
    23   25 Mn        12.3956     113.8463   11508.8363
    24   25 Mn        12.3956     113.8463   11508.8363
    25   25 Mn        12.3960     113.8463   11508.8363
    26   25 Mn        12.3960     113.8463   11508.8363
    27   25 Mn        12.3960     113.8463   11508.8363
    28   25 Mn        12.3960     113.8463   11508.8363
    29   25 Mn        12.3960     113.8463   11508.8363
    30   25 Mn        12.3960     113.8463   11508.8363
    31   25 Mn        12.3960     113.8463   11508.8363
    32   25 Mn        12.3960     113.8463   11508.8363
    33    8 O          4.1545      10.3708     209.2884
    34    8 O          4.1545      10.3708     209.2884
    35    8 O          4.1545      10.3708     209.2884
    36    8 O          4.1545      10.3708     209.2884
    37    8 O          4.1545      10.3708     209.2884
    38    8 O          4.1545      10.3708     209.2884
    39    8 O          4.1545      10.3708     209.2884
    40    8 O          4.1545      10.3708     209.2884
    41    8 O          4.1548      10.3708     209.2884
    42    8 O          4.1548      10.3708     209.2884
    43    8 O          4.1548      10.3708     209.2884
    44    8 O          4.1548      10.3708     209.2884
    45    8 O          4.1548      10.3708     209.2884
    46    8 O          4.1548      10.3708     209.2884
    47    8 O          4.1548      10.3708     209.2884
    48    8 O          4.1548      10.3708     209.2884
    49    8 O          4.1486      10.3708     209.2884
    50    8 O          4.1486      10.3708     209.2884
    51    8 O          4.1486      10.3708     209.2884
    52    8 O          4.1486      10.3708     209.2884
    53    8 O          4.1486      10.3708     209.2884
    54    8 O          4.1486      10.3708     209.2884
    55    8 O          4.1486      10.3708     209.2884
    56    8 O          4.1486      10.3708     209.2884
    57    8 O          4.1509      10.3708     209.2884
    58    8 O          4.1509      10.3708     209.2884
    59    8 O          4.1509      10.3708     209.2884
    60    8 O          4.1509      10.3708     209.2884
    61    8 O          4.1509      10.3708     209.2884
    62    8 O          4.1509      10.3708     209.2884
    63    8 O          4.1509      10.3708     209.2884
    64    8 O          4.1509      10.3708     209.2884
    65    8 O          4.1496      10.3708     209.2884
    66    8 O          4.1496      10.3708     209.2884
    67    8 O          4.1496      10.3708     209.2884
    68    8 O          4.1496      10.3708     209.2884
    69    8 O          4.1496      10.3708     209.2884
    70    8 O          4.1496      10.3708     209.2884
    71    8 O          4.1496      10.3708     209.2884
    72    8 O          4.1496      10.3708     209.2884
    73    8 O          4.1565      10.3708     209.2884
    74    8 O          4.1565      10.3708     209.2884
    75    8 O          4.1565      10.3708     209.2884
    76    8 O          4.1565      10.3708     209.2884
    77    8 O          4.1565      10.3708     209.2884
    78    8 O          4.1565      10.3708     209.2884
    79    8 O          4.1565      10.3708     209.2884
    80    8 O          4.1565      10.3708     209.2884
--------------------------------------------------------

Atom-resolved dispersion energies:
--------------------------------------------------
     #    Z           [Hartree]      [kcal/mol]
--------------------------------------------------
     1   25 Mn  -0.11041848E-01     -6.92886440
     2   25 Mn  -0.11041848E-01     -6.92886440
     3   25 Mn  -0.11041848E-01     -6.92886440
     4   25 Mn  -0.11041848E-01     -6.92886440
     5   25 Mn  -0.11043808E-01     -6.93009405
     6   25 Mn  -0.11043808E-01     -6.93009405
     7   25 Mn  -0.11043808E-01     -6.93009405
     8   25 Mn  -0.11043808E-01     -6.93009405
     9   25 Mn  -0.11242992E-01     -7.05508394
    10   25 Mn  -0.11242992E-01     -7.05508394
    11   25 Mn  -0.11242992E-01     -7.05508394
    12   25 Mn  -0.11242992E-01     -7.05508394
    13   25 Mn  -0.11242992E-01     -7.05508394
    14   25 Mn  -0.11242992E-01     -7.05508394
    15   25 Mn  -0.11242992E-01     -7.05508394
    16   25 Mn  -0.11242992E-01     -7.05508394
    17   25 Mn  -0.11242757E-01     -7.05493679
    18   25 Mn  -0.11242757E-01     -7.05493679
    19   25 Mn  -0.11242757E-01     -7.05493679
    20   25 Mn  -0.11242757E-01     -7.05493679
    21   25 Mn  -0.11242757E-01     -7.05493679
    22   25 Mn  -0.11242757E-01     -7.05493679
    23   25 Mn  -0.11242757E-01     -7.05493679
    24   25 Mn  -0.11242757E-01     -7.05493679
    25   25 Mn  -0.11242105E-01     -7.05452737
    26   25 Mn  -0.11242105E-01     -7.05452737
    27   25 Mn  -0.11242105E-01     -7.05452737
    28   25 Mn  -0.11242105E-01     -7.05452737
    29   25 Mn  -0.11242105E-01     -7.05452737
    30   25 Mn  -0.11242105E-01     -7.05452737
    31   25 Mn  -0.11242105E-01     -7.05452737
    32   25 Mn  -0.11242105E-01     -7.05452737
    33    8 O   -0.44700466E-02     -2.80499660
    34    8 O   -0.44700466E-02     -2.80499660
    35    8 O   -0.44700466E-02     -2.80499660
    36    8 O   -0.44700466E-02     -2.80499660
    37    8 O   -0.44700466E-02     -2.80499660
    38    8 O   -0.44700466E-02     -2.80499660
    39    8 O   -0.44700466E-02     -2.80499660
    40    8 O   -0.44700466E-02     -2.80499660
    41    8 O   -0.44701265E-02     -2.80504670
    42    8 O   -0.44701265E-02     -2.80504670
    43    8 O   -0.44701265E-02     -2.80504670
    44    8 O   -0.44701265E-02     -2.80504670
    45    8 O   -0.44701265E-02     -2.80504670
    46    8 O   -0.44701265E-02     -2.80504670
    47    8 O   -0.44701265E-02     -2.80504670
    48    8 O   -0.44701265E-02     -2.80504670
    49    8 O   -0.44717281E-02     -2.80605175
    50    8 O   -0.44717281E-02     -2.80605175
    51    8 O   -0.44717281E-02     -2.80605175
    52    8 O   -0.44717281E-02     -2.80605175
    53    8 O   -0.44717281E-02     -2.80605175
    54    8 O   -0.44717281E-02     -2.80605175
    55    8 O   -0.44717281E-02     -2.80605175
    56    8 O   -0.44717281E-02     -2.80605175
    57    8 O   -0.44739954E-02     -2.80747450
    58    8 O   -0.44739954E-02     -2.80747450
    59    8 O   -0.44739954E-02     -2.80747450
    60    8 O   -0.44739954E-02     -2.80747450
    61    8 O   -0.44739954E-02     -2.80747450
    62    8 O   -0.44739954E-02     -2.80747450
    63    8 O   -0.44739954E-02     -2.80747450
    64    8 O   -0.44739954E-02     -2.80747450
    65    8 O   -0.44733302E-02     -2.80705708
    66    8 O   -0.44733302E-02     -2.80705708
    67    8 O   -0.44733302E-02     -2.80705708
    68    8 O   -0.44733302E-02     -2.80705708
    69    8 O   -0.44733302E-02     -2.80705708
    70    8 O   -0.44733302E-02     -2.80705708
    71    8 O   -0.44733302E-02     -2.80705708
    72    8 O   -0.44733302E-02     -2.80705708
    73    8 O   -0.44726525E-02     -2.80663183
    74    8 O   -0.44726525E-02     -2.80663183
    75    8 O   -0.44726525E-02     -2.80663183
    76    8 O   -0.44726525E-02     -2.80663183
    77    8 O   -0.44726525E-02     -2.80663183
    78    8 O   -0.44726525E-02     -2.80663183
    79    8 O   -0.44726525E-02     -2.80663183
    80    8 O   -0.44726525E-02     -2.80663183
--------------------------------------------------

Dispersion energy:      -5.7282049299927E-01 Eh

[Info] Dispersion energy written to .EDISP
