-----------------------------------
 s i m p l e   D F T - D 3  v1.2.1
-----------------------------------

Zero (Chai-Head-Gordon) damping: pbe-D3(0)
--------------------
  s6         1.0000
  s8         0.7220
  s9         0.0000
 rs6         1.2170
 rs8         1.0000
 alp        14.0000
--------------------

Atomic radii (in Angstrom):
-------------------------------------------
   Z          R(cov)     R(vdw)      r4/r2
-------------------------------------------
  25 Mn       1.4267     1.7731     3.0718
   8 O        0.8400     1.2408     1.3725
-------------------------------------------

Atomic reference systems (in atomic units):
----------------------------------------------------------------------------
   Z        #      CN    C6(AA)   #      CN    C6(AA)   #      CN    C6(AA)
----------------------------------------------------------------------------
  25 Mn     1  0.0000  802.7484   2  1.6406  239.5554   3  9.8849  113.8463
   8 O      1  0.0000   15.5059   2  0.9925   12.8161   3  1.9887   10.3708
----------------------------------------------------------------------------

Dispersion properties (in atomic units):
--------------------------------------------------------
     #    Z                CN       C6(AA)       C8(AA)
--------------------------------------------------------
     1   25 Mn         0.1034     802.6857   81144.3037
     2   25 Mn         0.1034     802.6857   81144.3037
     3   25 Mn         0.1034     802.6857   81144.3037
     4   25 Mn         0.1034     802.6857   81144.3037
     5   25 Mn         0.1017     802.6871   81144.4450
     6   25 Mn         0.1017     802.6871   81144.4450
     7   25 Mn         0.1017     802.6871   81144.4450
     8   25 Mn         0.1017     802.6871   81144.4450
     9   25 Mn         0.0931     802.6937   81145.1072
    10   25 Mn         0.0931     802.6937   81145.1072
    11   25 Mn         0.0931     802.6937   81145.1072
    12   25 Mn         0.0931     802.6937   81145.1072
    13   25 Mn         0.0931     802.6937   81145.1072
    14   25 Mn         0.0931     802.6937   81145.1072
    15   25 Mn         0.0931     802.6937   81145.1072
    16   25 Mn         0.0931     802.6937   81145.1072
    17   25 Mn         0.0933     802.6935   81145.0896
    18   25 Mn         0.0933     802.6935   81145.0896
    19   25 Mn         0.0933     802.6935   81145.0896
    20   25 Mn         0.0933     802.6935   81145.0896
    21   25 Mn         0.0933     802.6935   81145.0896
    22   25 Mn         0.0933     802.6935   81145.0896
    23   25 Mn         0.0933     802.6935   81145.0896
    24   25 Mn         0.0933     802.6935   81145.0896
    25   25 Mn         0.0931     802.6936   81145.1007
    26   25 Mn         0.0931     802.6936   81145.1007
    27   25 Mn         0.0931     802.6936   81145.1007
    28   25 Mn         0.0931     802.6936   81145.1007
    29   25 Mn         0.0931     802.6936   81145.1007
    30   25 Mn         0.0931     802.6936   81145.1007
    31   25 Mn         0.0931     802.6936   81145.1007
    32   25 Mn         0.0931     802.6936   81145.1007
    33    8 O          0.0562      15.4217     311.2191
    34    8 O          0.0562      15.4217     311.2191
    35    8 O          0.0562      15.4217     311.2191
    36    8 O          0.0562      15.4217     311.2191
    37    8 O          0.0562      15.4217     311.2191
    38    8 O          0.0562      15.4217     311.2191
    39    8 O          0.0562      15.4217     311.2191
    40    8 O          0.0562      15.4217     311.2191
    41    8 O          0.0564      15.4216     311.2163
    42    8 O          0.0564      15.4216     311.2163
    43    8 O          0.0564      15.4216     311.2163
    44    8 O          0.0564      15.4216     311.2163
    45    8 O          0.0564      15.4216     311.2163
    46    8 O          0.0564      15.4216     311.2163
    47    8 O          0.0564      15.4216     311.2163
    48    8 O          0.0564      15.4216     311.2163
    49    8 O          0.0561      15.4218     311.2200
    50    8 O          0.0561      15.4218     311.2200
    51    8 O          0.0561      15.4218     311.2200
    52    8 O          0.0561      15.4218     311.2200
    53    8 O          0.0561      15.4218     311.2200
    54    8 O          0.0561      15.4218     311.2200
    55    8 O          0.0561      15.4218     311.2200
    56    8 O          0.0561      15.4218     311.2200
    57    8 O          0.0562      15.4217     311.2191
    58    8 O          0.0562      15.4217     311.2191
    59    8 O          0.0562      15.4217     311.2191
    60    8 O          0.0562      15.4217     311.2191
    61    8 O          0.0562      15.4217     311.2191
    62    8 O          0.0562      15.4217     311.2191
    63    8 O          0.0562      15.4217     311.2191
    64    8 O          0.0562      15.4217     311.2191
    65    8 O          0.0562      15.4218     311.2197
    66    8 O          0.0562      15.4218     311.2197
    67    8 O          0.0562      15.4218     311.2197
    68    8 O          0.0562      15.4218     311.2197
    69    8 O          0.0562      15.4218     311.2197
    70    8 O          0.0562      15.4218     311.2197
    71    8 O          0.0562      15.4218     311.2197
    72    8 O          0.0562      15.4218     311.2197
    73    8 O          0.0565      15.4216     311.2155
    74    8 O          0.0565      15.4216     311.2155
    75    8 O          0.0565      15.4216     311.2155
    76    8 O          0.0565      15.4216     311.2155
    77    8 O          0.0565      15.4216     311.2155
    78    8 O          0.0565      15.4216     311.2155
    79    8 O          0.0565      15.4216     311.2155
    80    8 O          0.0565      15.4216     311.2155
--------------------------------------------------------

Atom-resolved dispersion energies:
--------------------------------------------------
     #    Z           [Hartree]      [kcal/mol]
--------------------------------------------------
     1   25 Mn  -0.11099663E-01     -6.96514393
     2   25 Mn  -0.11099663E-01     -6.96514393
     3   25 Mn  -0.11099663E-01     -6.96514393
     4   25 Mn  -0.11099663E-01     -6.96514393
     5   25 Mn  -0.11108496E-01     -6.97068644
     6   25 Mn  -0.11108496E-01     -6.97068644
     7   25 Mn  -0.11108496E-01     -6.97068644
     8   25 Mn  -0.11108496E-01     -6.97068644
     9   25 Mn  -0.11087293E-01     -6.95738160
    10   25 Mn  -0.11087293E-01     -6.95738160
    11   25 Mn  -0.11087293E-01     -6.95738160
    12   25 Mn  -0.11087293E-01     -6.95738160
    13   25 Mn  -0.11087293E-01     -6.95738160
    14   25 Mn  -0.11087293E-01     -6.95738160
    15   25 Mn  -0.11087293E-01     -6.95738160
    16   25 Mn  -0.11087293E-01     -6.95738160
    17   25 Mn  -0.11086582E-01     -6.95693552
    18   25 Mn  -0.11086582E-01     -6.95693552
    19   25 Mn  -0.11086582E-01     -6.95693552
    20   25 Mn  -0.11086582E-01     -6.95693552
    21   25 Mn  -0.11086582E-01     -6.95693552
    22   25 Mn  -0.11086582E-01     -6.95693552
    23   25 Mn  -0.11086582E-01     -6.95693552
    24   25 Mn  -0.11086582E-01     -6.95693552
    25   25 Mn  -0.11085964E-01     -6.95654733
    26   25 Mn  -0.11085964E-01     -6.95654733
    27   25 Mn  -0.11085964E-01     -6.95654733
    28   25 Mn  -0.11085964E-01     -6.95654733
    29   25 Mn  -0.11085964E-01     -6.95654733
    30   25 Mn  -0.11085964E-01     -6.95654733
    31   25 Mn  -0.11085964E-01     -6.95654733
    32   25 Mn  -0.11085964E-01     -6.95654733
    33    8 O   -0.14048615E-02     -0.88156391
    34    8 O   -0.14048615E-02     -0.88156391
    35    8 O   -0.14048615E-02     -0.88156391
    36    8 O   -0.14048615E-02     -0.88156391
    37    8 O   -0.14048615E-02     -0.88156391
    38    8 O   -0.14048615E-02     -0.88156391
    39    8 O   -0.14048615E-02     -0.88156391
    40    8 O   -0.14048615E-02     -0.88156391
    41    8 O   -0.14049766E-02     -0.88163616
    42    8 O   -0.14049766E-02     -0.88163616
    43    8 O   -0.14049766E-02     -0.88163616
    44    8 O   -0.14049766E-02     -0.88163616
    45    8 O   -0.14049766E-02     -0.88163616
    46    8 O   -0.14049766E-02     -0.88163616
    47    8 O   -0.14049766E-02     -0.88163616
    48    8 O   -0.14049766E-02     -0.88163616
    49    8 O   -0.14041352E-02     -0.88110815
    50    8 O   -0.14041352E-02     -0.88110815
    51    8 O   -0.14041352E-02     -0.88110815
    52    8 O   -0.14041352E-02     -0.88110815
    53    8 O   -0.14041352E-02     -0.88110815
    54    8 O   -0.14041352E-02     -0.88110815
    55    8 O   -0.14041352E-02     -0.88110815
    56    8 O   -0.14041352E-02     -0.88110815
    57    8 O   -0.14032469E-02     -0.88055071
    58    8 O   -0.14032469E-02     -0.88055071
    59    8 O   -0.14032469E-02     -0.88055071
    60    8 O   -0.14032469E-02     -0.88055071
    61    8 O   -0.14032469E-02     -0.88055071
    62    8 O   -0.14032469E-02     -0.88055071
    63    8 O   -0.14032469E-02     -0.88055071
    64    8 O   -0.14032469E-02     -0.88055071
    65    8 O   -0.14032918E-02     -0.88057892
    66    8 O   -0.14032918E-02     -0.88057892
    67    8 O   -0.14032918E-02     -0.88057892
    68    8 O   -0.14032918E-02     -0.88057892
    69    8 O   -0.14032918E-02     -0.88057892
    70    8 O   -0.14032918E-02     -0.88057892
    71    8 O   -0.14032918E-02     -0.88057892
    72    8 O   -0.14032918E-02     -0.88057892
    73    8 O   -0.14042933E-02     -0.88120734
    74    8 O   -0.14042933E-02     -0.88120734
    75    8 O   -0.14042933E-02     -0.88120734
    76    8 O   -0.14042933E-02     -0.88120734
    77    8 O   -0.14042933E-02     -0.88120734
    78    8 O   -0.14042933E-02     -0.88120734
    79    8 O   -0.14042933E-02     -0.88120734
    80    8 O   -0.14042933E-02     -0.88120734
--------------------------------------------------

Dispersion energy:      -4.2230979685578E-01 Eh

[Info] Dispersion energy written to .EDISP
