-----------------------------------
 s i m p l e   D F T - D 3  v1.2.1
-----------------------------------

Zero (Chai-Head-Gordon) damping: pbe-D3(0)
--------------------
  s6         1.0000
  s8         0.7220
  s9         0.0000
 rs6         1.2170
 rs8         1.0000
 alp        14.0000
--------------------

Atomic radii (in Angstrom):
-------------------------------------------
   Z          R(cov)     R(vdw)      r4/r2
-------------------------------------------
  25 Mn       1.4267     1.7731     3.0718
   8 O        0.8400     1.2408     1.3725
-------------------------------------------

Atomic reference systems (in atomic units):
----------------------------------------------------------------------------
   Z        #      CN    C6(AA)   #      CN    C6(AA)   #      CN    C6(AA)
----------------------------------------------------------------------------
  25 Mn     1  0.0000  802.7484   2  1.6406  239.5554   3  9.8849  113.8463
   8 O      1  0.0000   15.5059   2  0.9925   12.8161   3  1.9887   10.3708
----------------------------------------------------------------------------

Dispersion properties (in atomic units):
--------------------------------------------------------
     #    Z                CN       C6(AA)       C8(AA)
--------------------------------------------------------
     1   25 Mn         1.3376     239.9625   24258.0519
     2   25 Mn         1.3376     239.9625   24258.0519
     3   25 Mn         1.3376     239.9625   24258.0519
     4   25 Mn         1.3376     239.9625   24258.0519
     5   25 Mn         1.3139     240.1110   24273.0613
     6   25 Mn         1.3139     240.1110   24273.0613
     7   25 Mn         1.3139     240.1110   24273.0613
     8   25 Mn         1.3139     240.1110   24273.0613
     9   25 Mn         1.1695     243.2340   24588.7721
    10   25 Mn         1.1695     243.2340   24588.7721
    11   25 Mn         1.1695     243.2340   24588.7721
    12   25 Mn         1.1695     243.2340   24588.7721
    13   25 Mn         1.1695     243.2340   24588.7721
    14   25 Mn         1.1695     243.2340   24588.7721
    15   25 Mn         1.1695     243.2340   24588.7721
    16   25 Mn         1.1695     243.2340   24588.7721
    17   25 Mn         1.1724     243.0976   24574.9776
    18   25 Mn         1.1724     243.0976   24574.9776
    19   25 Mn         1.1724     243.0976   24574.9776
    20   25 Mn         1.1724     243.0976   24574.9776
    21   25 Mn         1.1724     243.0976   24574.9776
    22   25 Mn         1.1724     243.0976   24574.9776
    23   25 Mn         1.1724     243.0976   24574.9776
    24   25 Mn         1.1724     243.0976   24574.9776
    25   25 Mn         1.1711     243.1619   24581.4788
    26   25 Mn         1.1711     243.1619   24581.4788
    27   25 Mn         1.1711     243.1619   24581.4788
    28   25 Mn         1.1711     243.1619   24581.4788
    29   25 Mn         1.1711     243.1619   24581.4788
    30   25 Mn         1.1711     243.1619   24581.4788
    31   25 Mn         1.1711     243.1619   24581.4788
    32   25 Mn         1.1711     243.1619   24581.4788
    33    8 O          0.7388      13.1330     265.0305
    34    8 O          0.7388      13.1330     265.0305
    35    8 O          0.7388      13.1330     265.0305
    36    8 O          0.7388      13.1330     265.0305
    37    8 O          0.7388      13.1330     265.0305
    38    8 O          0.7388      13.1330     265.0305
    39    8 O          0.7388      13.1330     265.0305
    40    8 O          0.7388      13.1330     265.0305
    41    8 O          0.7407      13.1286     264.9429
    42    8 O          0.7407      13.1286     264.9429
    43    8 O          0.7407      13.1286     264.9429
    44    8 O          0.7407      13.1286     264.9429
    45    8 O          0.7407      13.1286     264.9429
    46    8 O          0.7407      13.1286     264.9429
    47    8 O          0.7407      13.1286     264.9429
    48    8 O          0.7407      13.1286     264.9429
    49    8 O          0.7391      13.1323     265.0160
    50    8 O          0.7391      13.1323     265.0160
    51    8 O          0.7391      13.1323     265.0160
    52    8 O          0.7391      13.1323     265.0160
    53    8 O          0.7391      13.1323     265.0160
    54    8 O          0.7391      13.1323     265.0160
    55    8 O          0.7391      13.1323     265.0160
    56    8 O          0.7391      13.1323     265.0160
    57    8 O          0.7392      13.1320     265.0107
    58    8 O          0.7392      13.1320     265.0107
    59    8 O          0.7392      13.1320     265.0107
    60    8 O          0.7392      13.1320     265.0107
    61    8 O          0.7392      13.1320     265.0107
    62    8 O          0.7392      13.1320     265.0107
    63    8 O          0.7392      13.1320     265.0107
    64    8 O          0.7392      13.1320     265.0107
    65    8 O          0.7392      13.1321     265.0125
    66    8 O          0.7392      13.1321     265.0125
    67    8 O          0.7392      13.1321     265.0125
    68    8 O          0.7392      13.1321     265.0125
    69    8 O          0.7392      13.1321     265.0125
    70    8 O          0.7392      13.1321     265.0125
    71    8 O          0.7392      13.1321     265.0125
    72    8 O          0.7392      13.1321     265.0125
    73    8 O          0.7407      13.1286     264.9415
    74    8 O          0.7407      13.1286     264.9415
    75    8 O          0.7407      13.1286     264.9415
    76    8 O          0.7407      13.1286     264.9415
    77    8 O          0.7407      13.1286     264.9415
    78    8 O          0.7407      13.1286     264.9415
    79    8 O          0.7407      13.1286     264.9415
    80    8 O          0.7407      13.1286     264.9415
--------------------------------------------------------

Atom-resolved dispersion energies:
--------------------------------------------------
     #    Z           [Hartree]      [kcal/mol]
--------------------------------------------------
     1   25 Mn  -0.81097078E-02     -5.08891846
     2   25 Mn  -0.81097078E-02     -5.08891846
     3   25 Mn  -0.81097078E-02     -5.08891846
     4   25 Mn  -0.81097078E-02     -5.08891846
     5   25 Mn  -0.81127751E-02     -5.09084323
     6   25 Mn  -0.81127751E-02     -5.09084323
     7   25 Mn  -0.81127751E-02     -5.09084323
     8   25 Mn  -0.81127751E-02     -5.09084323
     9   25 Mn  -0.81779279E-02     -5.13172725
    10   25 Mn  -0.81779279E-02     -5.13172725
    11   25 Mn  -0.81779279E-02     -5.13172725
    12   25 Mn  -0.81779279E-02     -5.13172725
    13   25 Mn  -0.81779279E-02     -5.13172725
    14   25 Mn  -0.81779279E-02     -5.13172725
    15   25 Mn  -0.81779279E-02     -5.13172725
    16   25 Mn  -0.81779279E-02     -5.13172725
    17   25 Mn  -0.81774681E-02     -5.13143869
    18   25 Mn  -0.81774681E-02     -5.13143869
    19   25 Mn  -0.81774681E-02     -5.13143869
    20   25 Mn  -0.81774681E-02     -5.13143869
    21   25 Mn  -0.81774681E-02     -5.13143869
    22   25 Mn  -0.81774681E-02     -5.13143869
    23   25 Mn  -0.81774681E-02     -5.13143869
    24   25 Mn  -0.81774681E-02     -5.13143869
    25   25 Mn  -0.81781915E-02     -5.13189264
    26   25 Mn  -0.81781915E-02     -5.13189264
    27   25 Mn  -0.81781915E-02     -5.13189264
    28   25 Mn  -0.81781915E-02     -5.13189264
    29   25 Mn  -0.81781915E-02     -5.13189264
    30   25 Mn  -0.81781915E-02     -5.13189264
    31   25 Mn  -0.81781915E-02     -5.13189264
    32   25 Mn  -0.81781915E-02     -5.13189264
    33    8 O   -0.18437144E-02     -1.15694824
    34    8 O   -0.18437144E-02     -1.15694824
    35    8 O   -0.18437144E-02     -1.15694824
    36    8 O   -0.18437144E-02     -1.15694824
    37    8 O   -0.18437144E-02     -1.15694824
    38    8 O   -0.18437144E-02     -1.15694824
    39    8 O   -0.18437144E-02     -1.15694824
    40    8 O   -0.18437144E-02     -1.15694824
    41    8 O   -0.18432103E-02     -1.15663195
    42    8 O   -0.18432103E-02     -1.15663195
    43    8 O   -0.18432103E-02     -1.15663195
    44    8 O   -0.18432103E-02     -1.15663195
    45    8 O   -0.18432103E-02     -1.15663195
    46    8 O   -0.18432103E-02     -1.15663195
    47    8 O   -0.18432103E-02     -1.15663195
    48    8 O   -0.18432103E-02     -1.15663195
    49    8 O   -0.18454667E-02     -1.15804783
    50    8 O   -0.18454667E-02     -1.15804783
    51    8 O   -0.18454667E-02     -1.15804783
    52    8 O   -0.18454667E-02     -1.15804783
    53    8 O   -0.18454667E-02     -1.15804783
    54    8 O   -0.18454667E-02     -1.15804783
    55    8 O   -0.18454667E-02     -1.15804783
    56    8 O   -0.18454667E-02     -1.15804783
    57    8 O   -0.18433455E-02     -1.15671678
    58    8 O   -0.18433455E-02     -1.15671678
    59    8 O   -0.18433455E-02     -1.15671678
    60    8 O   -0.18433455E-02     -1.15671678
    61    8 O   -0.18433455E-02     -1.15671678
    62    8 O   -0.18433455E-02     -1.15671678
    63    8 O   -0.18433455E-02     -1.15671678
    64    8 O   -0.18433455E-02     -1.15671678
    65    8 O   -0.18442370E-02     -1.15727619
    66    8 O   -0.18442370E-02     -1.15727619
    67    8 O   -0.18442370E-02     -1.15727619
    68    8 O   -0.18442370E-02     -1.15727619
    69    8 O   -0.18442370E-02     -1.15727619
    70    8 O   -0.18442370E-02     -1.15727619
    71    8 O   -0.18442370E-02     -1.15727619
    72    8 O   -0.18442370E-02     -1.15727619
    73    8 O   -0.18412706E-02     -1.15541478
    74    8 O   -0.18412706E-02     -1.15541478
    75    8 O   -0.18412706E-02     -1.15541478
    76    8 O   -0.18412706E-02     -1.15541478
    77    8 O   -0.18412706E-02     -1.15541478
    78    8 O   -0.18412706E-02     -1.15541478
    79    8 O   -0.18412706E-02     -1.15541478
    80    8 O   -0.18412706E-02     -1.15541478
--------------------------------------------------

Dispersion energy:      -3.4964858773292E-01 Eh

[Info] Dispersion energy written to .EDISP
