-----------------------------------
 s i m p l e   D F T - D 3  v1.2.1
-----------------------------------

Zero (Chai-Head-Gordon) damping: pbe-D3(0)
--------------------
  s6         1.0000
  s8         0.7220
  s9         0.0000
 rs6         1.2170
 rs8         1.0000
 alp        14.0000
--------------------

Atomic radii (in Angstrom):
-------------------------------------------
   Z          R(cov)     R(vdw)      r4/r2
-------------------------------------------
  25 Mn       1.4267     1.7731     3.0718
   8 O        0.8400     1.2408     1.3725
-------------------------------------------

Atomic reference systems (in atomic units):
----------------------------------------------------------------------------
   Z        #      CN    C6(AA)   #      CN    C6(AA)   #      CN    C6(AA)
----------------------------------------------------------------------------
  25 Mn     1  0.0000  802.7484   2  1.6406  239.5554   3  9.8849  113.8463
   8 O      1  0.0000   15.5059   2  0.9925   12.8161   3  1.9887   10.3708
----------------------------------------------------------------------------

Dispersion properties (in atomic units):
--------------------------------------------------------
     #    Z                CN       C6(AA)       C8(AA)
--------------------------------------------------------
     1   25 Mn         0.2232     802.4467   81120.1358
     2   25 Mn         0.2232     802.4467   81120.1358
     3   25 Mn         0.2232     802.4467   81120.1358
     4   25 Mn         0.2232     802.4467   81120.1358
     5   25 Mn         0.2192     802.4621   81121.6921
     6   25 Mn         0.2192     802.4621   81121.6921
     7   25 Mn         0.2192     802.4621   81121.6921
     8   25 Mn         0.2192     802.4621   81121.6921
     9   25 Mn         0.2005     802.5244   81127.9897
    10   25 Mn         0.2005     802.5244   81127.9897
    11   25 Mn         0.2005     802.5244   81127.9897
    12   25 Mn         0.2005     802.5244   81127.9897
    13   25 Mn         0.2005     802.5244   81127.9897
    14   25 Mn         0.2005     802.5244   81127.9897
    15   25 Mn         0.2005     802.5244   81127.9897
    16   25 Mn         0.2005     802.5244   81127.9897
    17   25 Mn         0.2011     802.5226   81127.8168
    18   25 Mn         0.2011     802.5226   81127.8168
    19   25 Mn         0.2011     802.5226   81127.8168
    20   25 Mn         0.2011     802.5226   81127.8168
    21   25 Mn         0.2011     802.5226   81127.8168
    22   25 Mn         0.2011     802.5226   81127.8168
    23   25 Mn         0.2011     802.5226   81127.8168
    24   25 Mn         0.2011     802.5226   81127.8168
    25   25 Mn         0.2007     802.5237   81127.9277
    26   25 Mn         0.2007     802.5237   81127.9277
    27   25 Mn         0.2007     802.5237   81127.9277
    28   25 Mn         0.2007     802.5237   81127.9277
    29   25 Mn         0.2007     802.5237   81127.9277
    30   25 Mn         0.2007     802.5237   81127.9277
    31   25 Mn         0.2007     802.5237   81127.9277
    32   25 Mn         0.2007     802.5237   81127.9277
    33    8 O          0.1232      15.3658     310.0894
    34    8 O          0.1232      15.3658     310.0894
    35    8 O          0.1232      15.3658     310.0894
    36    8 O          0.1232      15.3658     310.0894
    37    8 O          0.1232      15.3658     310.0894
    38    8 O          0.1232      15.3658     310.0894
    39    8 O          0.1232      15.3658     310.0894
    40    8 O          0.1232      15.3658     310.0894
    41    8 O          0.1237      15.3652     310.0788
    42    8 O          0.1237      15.3652     310.0788
    43    8 O          0.1237      15.3652     310.0788
    44    8 O          0.1237      15.3652     310.0788
    45    8 O          0.1237      15.3652     310.0788
    46    8 O          0.1237      15.3652     310.0788
    47    8 O          0.1237      15.3652     310.0788
    48    8 O          0.1237      15.3652     310.0788
    49    8 O          0.1230      15.3659     310.0923
    50    8 O          0.1230      15.3659     310.0923
    51    8 O          0.1230      15.3659     310.0923
    52    8 O          0.1230      15.3659     310.0923
    53    8 O          0.1230      15.3659     310.0923
    54    8 O          0.1230      15.3659     310.0923
    55    8 O          0.1230      15.3659     310.0923
    56    8 O          0.1230      15.3659     310.0923
    57    8 O          0.1232      15.3657     310.0890
    58    8 O          0.1232      15.3657     310.0890
    59    8 O          0.1232      15.3657     310.0890
    60    8 O          0.1232      15.3657     310.0890
    61    8 O          0.1232      15.3657     310.0890
    62    8 O          0.1232      15.3657     310.0890
    63    8 O          0.1232      15.3657     310.0890
    64    8 O          0.1232      15.3657     310.0890
    65    8 O          0.1231      15.3658     310.0912
    66    8 O          0.1231      15.3658     310.0912
    67    8 O          0.1231      15.3658     310.0912
    68    8 O          0.1231      15.3658     310.0912
    69    8 O          0.1231      15.3658     310.0912
    70    8 O          0.1231      15.3658     310.0912
    71    8 O          0.1231      15.3658     310.0912
    72    8 O          0.1231      15.3658     310.0912
    73    8 O          0.1238      15.3651     310.0760
    74    8 O          0.1238      15.3651     310.0760
    75    8 O          0.1238      15.3651     310.0760
    76    8 O          0.1238      15.3651     310.0760
    77    8 O          0.1238      15.3651     310.0760
    78    8 O          0.1238      15.3651     310.0760
    79    8 O          0.1238      15.3651     310.0760
    80    8 O          0.1238      15.3651     310.0760
--------------------------------------------------------

Atom-resolved dispersion energies:
--------------------------------------------------
     #    Z           [Hartree]      [kcal/mol]
--------------------------------------------------
     1   25 Mn  -0.14722903E-01     -9.23876097
     2   25 Mn  -0.14722903E-01     -9.23876097
     3   25 Mn  -0.14722903E-01     -9.23876097
     4   25 Mn  -0.14722903E-01     -9.23876097
     5   25 Mn  -0.14729549E-01     -9.24293137
     6   25 Mn  -0.14729549E-01     -9.24293137
     7   25 Mn  -0.14729549E-01     -9.24293137
     8   25 Mn  -0.14729549E-01     -9.24293137
     9   25 Mn  -0.14707600E-01     -9.22915810
    10   25 Mn  -0.14707600E-01     -9.22915810
    11   25 Mn  -0.14707600E-01     -9.22915810
    12   25 Mn  -0.14707600E-01     -9.22915810
    13   25 Mn  -0.14707600E-01     -9.22915810
    14   25 Mn  -0.14707600E-01     -9.22915810
    15   25 Mn  -0.14707600E-01     -9.22915810
    16   25 Mn  -0.14707600E-01     -9.22915810
    17   25 Mn  -0.14708207E-01     -9.22953952
    18   25 Mn  -0.14708207E-01     -9.22953952
    19   25 Mn  -0.14708207E-01     -9.22953952
    20   25 Mn  -0.14708207E-01     -9.22953952
    21   25 Mn  -0.14708207E-01     -9.22953952
    22   25 Mn  -0.14708207E-01     -9.22953952
    23   25 Mn  -0.14708207E-01     -9.22953952
    24   25 Mn  -0.14708207E-01     -9.22953952
    25   25 Mn  -0.14706705E-01     -9.22859655
    26   25 Mn  -0.14706705E-01     -9.22859655
    27   25 Mn  -0.14706705E-01     -9.22859655
    28   25 Mn  -0.14706705E-01     -9.22859655
    29   25 Mn  -0.14706705E-01     -9.22859655
    30   25 Mn  -0.14706705E-01     -9.22859655
    31   25 Mn  -0.14706705E-01     -9.22859655
    32   25 Mn  -0.14706705E-01     -9.22859655
    33    8 O   -0.15937425E-02     -1.00008853
    34    8 O   -0.15937425E-02     -1.00008853
    35    8 O   -0.15937425E-02     -1.00008853
    36    8 O   -0.15937425E-02     -1.00008853
    37    8 O   -0.15937425E-02     -1.00008853
    38    8 O   -0.15937425E-02     -1.00008853
    39    8 O   -0.15937425E-02     -1.00008853
    40    8 O   -0.15937425E-02     -1.00008853
    41    8 O   -0.15938332E-02     -1.00014544
    42    8 O   -0.15938332E-02     -1.00014544
    43    8 O   -0.15938332E-02     -1.00014544
    44    8 O   -0.15938332E-02     -1.00014544
    45    8 O   -0.15938332E-02     -1.00014544
    46    8 O   -0.15938332E-02     -1.00014544
    47    8 O   -0.15938332E-02     -1.00014544
    48    8 O   -0.15938332E-02     -1.00014544
    49    8 O   -0.15980351E-02     -1.00278219
    50    8 O   -0.15980351E-02     -1.00278219
    51    8 O   -0.15980351E-02     -1.00278219
    52    8 O   -0.15980351E-02     -1.00278219
    53    8 O   -0.15980351E-02     -1.00278219
    54    8 O   -0.15980351E-02     -1.00278219
    55    8 O   -0.15980351E-02     -1.00278219
    56    8 O   -0.15980351E-02     -1.00278219
    57    8 O   -0.15941421E-02     -1.00033925
    58    8 O   -0.15941421E-02     -1.00033925
    59    8 O   -0.15941421E-02     -1.00033925
    60    8 O   -0.15941421E-02     -1.00033925
    61    8 O   -0.15941421E-02     -1.00033925
    62    8 O   -0.15941421E-02     -1.00033925
    63    8 O   -0.15941421E-02     -1.00033925
    64    8 O   -0.15941421E-02     -1.00033925
    65    8 O   -0.15955066E-02     -1.00119549
    66    8 O   -0.15955066E-02     -1.00119549
    67    8 O   -0.15955066E-02     -1.00119549
    68    8 O   -0.15955066E-02     -1.00119549
    69    8 O   -0.15955066E-02     -1.00119549
    70    8 O   -0.15955066E-02     -1.00119549
    71    8 O   -0.15955066E-02     -1.00119549
    72    8 O   -0.15955066E-02     -1.00119549
    73    8 O   -0.15905762E-02     -0.99810163
    74    8 O   -0.15905762E-02     -0.99810163
    75    8 O   -0.15905762E-02     -0.99810163
    76    8 O   -0.15905762E-02     -0.99810163
    77    8 O   -0.15905762E-02     -0.99810163
    78    8 O   -0.15905762E-02     -0.99810163
    79    8 O   -0.15905762E-02     -0.99810163
    80    8 O   -0.15905762E-02     -0.99810163
--------------------------------------------------

Dispersion energy:      -5.4731658597464E-01 Eh

[Info] Dispersion energy written to .EDISP
