-----------------------------------
 s i m p l e   D F T - D 3  v1.2.1
-----------------------------------

Zero (Chai-Head-Gordon) damping: pbe-D3(0)
--------------------
  s6         1.0000
  s8         0.7220
  s9         0.0000
 rs6         1.2170
 rs8         1.0000
 alp        14.0000
--------------------

Atomic radii (in Angstrom):
-------------------------------------------
   Z          R(cov)     R(vdw)      r4/r2
-------------------------------------------
  12 Mg       1.6667     1.7420     2.8909
  22 Ti       1.6267     1.8821     3.3274
-------------------------------------------

Atomic reference systems (in atomic units):
----------------------------------------------------------------------------
   Z        #      CN    C6(AA)   #      CN    C6(AA)   #      CN    C6(AA)
----------------------------------------------------------------------------
  12 Mg     1  0.0000  683.3758   2  0.9628  451.2708   3  1.9496  175.5616
  22 Ti     1  0.0000 1361.9185   2  1.8299  301.9988   3  3.8675  321.5890
----------------------------------------------------------------------------

Dispersion properties (in atomic units):
--------------------------------------------------------
     #    Z                CN       C6(AA)       C8(AA)
--------------------------------------------------------
     1   12 Mg         0.5193     544.1105   48715.1865
     2   12 Mg         0.5192     544.1491   48718.6356
     3   12 Mg         0.5636     525.7481   47071.1614
     4   12 Mg         0.5635     525.7578   47072.0379
     5   12 Mg         0.5253     541.5228   48483.5037
     6   12 Mg         0.5292     539.8674   48335.2911
     7   12 Mg         0.5292     539.8525   48333.9617
     8   12 Mg         0.5193     544.1126   48715.3736
     9   12 Mg         0.5191     544.1676   48720.2935
    10   12 Mg         0.5285     540.1593   48361.4293
    11   12 Mg         0.5253     541.5246   48483.6675
    12   12 Mg         0.5253     541.5231   48483.5294
    13   12 Mg         0.5246     541.8339   48511.3532
    14   12 Mg         0.5246     541.8379   48511.7129
    15   12 Mg         0.5292     539.8616   48334.7684
    16   12 Mg         0.5192     544.1562   48719.2740
    17   12 Mg         0.5192     544.1436   48718.1494
    18   12 Mg         0.5246     541.8297   48510.9793
    19   12 Mg         0.5285     540.1523   48360.7994
    20   12 Mg         0.5284     540.1799   48363.2738
    21   12 Mg         0.5637     525.7149   47068.1926
    22   12 Mg         0.5636     525.7500   47071.3346
    23   12 Mg         0.5636     525.7208   47068.7225
    24   12 Mg         0.5636     525.7460   47070.9787
    25   12 Mg         0.5628     526.0651   47099.5513
    26   12 Mg         0.5629     526.0174   47095.2783
    27   12 Mg         0.5628     526.0627   47099.3351
    28   12 Mg         0.5348     537.5063   48123.8971
    29   12 Mg         0.5348     537.4984   48123.1952
    30   12 Mg         0.5348     537.4911   48122.5400
    31   12 Mg         0.5247     541.7846   48506.9423
    32   12 Mg         0.5247     541.7840   48506.8860
    33   12 Mg         0.5247     541.7807   48506.5896
    34   12 Mg         0.5258     541.2971   48463.2953
    35   12 Mg         0.5270     540.7756   48416.6088
    36   12 Mg         0.5271     540.7328   48412.7709
    37   12 Mg         0.5271     540.7568   48414.9169
    38   12 Mg         0.5271     540.7693   48416.0369
    39   12 Mg         0.5271     540.7393   48413.3562
    40   12 Mg         0.5271     540.7554   48414.7991
    41   12 Mg         0.5298     539.6164   48312.8158
    42   12 Mg         0.5297     539.6321   48314.2261
    43   12 Mg         0.5297     539.6564   48316.4025
    44   12 Mg         0.5298     539.6167   48312.8483
    45   12 Mg         0.5297     539.6431   48315.2089
    46   12 Mg         0.5297     539.6300   48314.0350
    47   12 Mg         0.5305     539.2927   48283.8410
    48   12 Mg         0.5305     539.2912   48283.7055
    49   12 Mg         0.5304     539.3440   48288.4353
    50   12 Mg         0.5223     542.7970   48597.5881
    51   12 Mg         0.5223     542.8021   48598.0450
    52   12 Mg         0.5223     542.7933   48597.2568
    53   12 Mg         0.5224     542.7738   48595.5033
    54   12 Mg         0.5223     542.8059   48598.3775
    55   12 Mg         0.5224     542.7827   48596.3051
    56   12 Mg         0.5275     540.5661   48397.8499
    57   12 Mg         0.5275     540.5872   48399.7390
    58   12 Mg         0.5275     540.5683   48398.0478
    59   12 Mg         0.5275     540.5871   48399.7305
    60   12 Mg         0.5275     540.5833   48399.3840
    61   12 Mg         0.5275     540.5852   48399.5598
    62   12 Mg         0.5273     540.6816   48408.1870
    63   12 Mg         0.5273     540.6788   48407.9364
    64   12 Mg         0.5272     540.6869   48408.6653
    65   12 Mg         0.5260     541.2271   48457.0268
    66   12 Mg         0.5280     540.3712   48380.4023
    67   12 Mg         0.5280     540.3692   48380.2210
    68   12 Mg         0.5280     540.3608   48379.4652
    69   12 Mg         0.5311     539.0515   48262.2436
    70   12 Mg         0.5311     539.0658   48263.5243
    71   12 Mg         0.5310     539.0829   48265.0574
    72   12 Mg         0.5291     539.9028   48338.4587
    73   12 Mg         0.5291     539.9016   48338.3514
    74   12 Mg         0.5291     539.9033   48338.5022
    75   12 Mg         0.5215     543.1402   48628.3111
    76   12 Mg         0.5215     543.1377   48628.0851
    77   12 Mg         0.5271     540.7664   48415.7837
    78   12 Mg         0.5305     539.3119   48285.5530
    79   12 Mg         0.5305     539.3203   48286.3088
    80   12 Mg         0.5241     542.0418   48529.9702
    81   12 Mg         0.5241     542.0391   48529.7319
    82   12 Mg         0.5305     539.3218   48286.4438
    83   12 Mg         0.5305     539.3158   48285.9069
    84   12 Mg         0.5320     538.6885   48229.7455
    85   12 Mg         0.5241     542.0493   48530.6417
    86   12 Mg         0.5241     542.0433   48530.1034
    87   12 Mg         0.5267     540.9351   48430.8873
    88   12 Mg         0.5305     539.3233   48286.5738
    89   12 Mg         0.5304     539.3259   48286.8146
    90   12 Mg         0.5267     540.9401   48431.3304
    91   12 Mg         0.5266     540.9498   48432.2001
    92   12 Mg         0.5241     542.0423   48530.0147
    93   12 Mg         0.5241     542.0537   48531.0347
    94   12 Mg         0.5215     543.1376   48628.0789
    95   12 Mg         0.5271     540.7713   48416.2239
    96   12 Mg         0.5271     540.7592   48415.1382
    97   12 Mg         0.5241     542.0464   48530.3824
    98   12 Mg         0.5241     542.0500   48530.7054
    99   12 Mg         0.5241     542.0485   48530.5717
   100   12 Mg         0.5291     539.9028   48338.4582
   101   12 Mg         0.5291     539.9016   48338.3509
   102   12 Mg         0.5291     539.9033   48338.5017
   103   12 Mg         0.5311     539.0515   48262.2428
   104   12 Mg         0.5311     539.0658   48263.5235
   105   12 Mg         0.5310     539.0829   48265.0566
   106   12 Mg         0.5280     540.3724   48380.5035
   107   12 Mg         0.5280     540.3703   48380.3164
   108   12 Mg         0.5280     540.3618   48379.5565
   109   12 Mg         0.5260     541.2271   48457.0257
   110   12 Mg         0.5273     540.6814   48408.1702
   111   12 Mg         0.5273     540.6786   48407.9198
   112   12 Mg         0.5273     540.6867   48408.6490
   113   12 Mg         0.5275     540.5660   48397.8407
   114   12 Mg         0.5275     540.5871   48399.7292
   115   12 Mg         0.5275     540.5682   48398.0385
   116   12 Mg         0.5275     540.5870   48399.7208
   117   12 Mg         0.5275     540.5832   48399.3749
   118   12 Mg         0.5275     540.5851   48399.5508
   119   12 Mg         0.5223     542.7966   48597.5510
   120   12 Mg         0.5223     542.8018   48598.0099
   121   12 Mg         0.5223     542.7930   48597.2224
   122   12 Mg         0.5224     542.7734   48595.4689
   123   12 Mg         0.5223     542.8055   48598.3423
   124   12 Mg         0.5224     542.7823   48596.2680
   125   12 Mg         0.5305     539.2927   48283.8402
   126   12 Mg         0.5305     539.2912   48283.7047
   127   12 Mg         0.5304     539.3440   48288.4345
   128   12 Mg         0.5299     539.5708   48308.7326
   129   12 Mg         0.5298     539.5840   48309.9170
   130   12 Mg         0.5298     539.6083   48312.0929
   131   12 Mg         0.5299     539.5711   48308.7656
   132   12 Mg         0.5298     539.5985   48311.2154
   133   12 Mg         0.5298     539.5854   48310.0433
   134   12 Mg         0.5270     540.7752   48416.5709
   135   12 Mg         0.5271     540.7324   48412.7349
   136   12 Mg         0.5271     540.7564   48414.8818
   137   12 Mg         0.5271     540.7689   48416.0017
   138   12 Mg         0.5271     540.7389   48413.3202
   139   12 Mg         0.5271     540.7550   48414.7612
   140   12 Mg         0.5258     541.2959   48463.1874
   141   12 Mg         0.5247     541.7845   48506.9349
   142   12 Mg         0.5247     541.7839   48506.8784
   143   12 Mg         0.5247     541.7806   48506.5820
   144   12 Mg         0.5349     537.4610   48119.8426
   145   12 Mg         0.5349     537.4555   48119.3535
   146   12 Mg         0.5349     537.4492   48118.7836
   147   12 Mg         0.5628     526.0651   47099.5445
   148   12 Mg         0.5629     526.0173   47095.2715
   149   12 Mg         0.5628     526.0627   47099.3284
   150   22 Ti         0.5850    1350.0745  160137.1741
--------------------------------------------------------

Atom-resolved dispersion energies:
--------------------------------------------------
     #    Z           [Hartree]      [kcal/mol]
--------------------------------------------------
     1   12 Mg  -0.16200247E-01    -10.16580848
     2   12 Mg  -0.16200516E-01    -10.16597736
     3   12 Mg  -0.16473019E-01    -10.33697547
     4   12 Mg  -0.16472862E-01    -10.33687678
     5   12 Mg  -0.16193809E-01    -10.16176882
     6   12 Mg  -0.16190889E-01    -10.15993637
     7   12 Mg  -0.16190871E-01    -10.15992494
     8   12 Mg  -0.16200261E-01    -10.16581740
     9   12 Mg  -0.16200665E-01    -10.16607061
    10   12 Mg  -0.16205169E-01    -10.16889716
    11   12 Mg  -0.16193814E-01    -10.16177187
    12   12 Mg  -0.16193891E-01    -10.16181982
    13   12 Mg  -0.16198358E-01    -10.16462339
    14   12 Mg  -0.16198508E-01    -10.16471703
    15   12 Mg  -0.16190853E-01    -10.15991394
    16   12 Mg  -0.16200601E-01    -10.16603091
    17   12 Mg  -0.16200475E-01    -10.16595135
    18   12 Mg  -0.16198352E-01    -10.16461931
    19   12 Mg  -0.16205130E-01    -10.16887267
    20   12 Mg  -0.16205327E-01    -10.16899616
    21   12 Mg  -0.16472915E-01    -10.33691021
    22   12 Mg  -0.16472818E-01    -10.33684922
    23   12 Mg  -0.16472883E-01    -10.33689032
    24   12 Mg  -0.16473048E-01    -10.33699396
    25   12 Mg  -0.16465364E-01    -10.33217175
    26   12 Mg  -0.16465239E-01    -10.33209331
    27   12 Mg  -0.16465334E-01    -10.33215334
    28   12 Mg  -0.16289433E-01    -10.22177330
    29   12 Mg  -0.16289378E-01    -10.22173874
    30   12 Mg  -0.16289324E-01    -10.22170513
    31   12 Mg  -0.16195621E-01    -10.16290555
    32   12 Mg  -0.16195681E-01    -10.16294318
    33   12 Mg  -0.16195590E-01    -10.16288621
    34   12 Mg  -0.16189019E-01    -10.15876288
    35   12 Mg  -0.16205137E-01    -10.16887679
    36   12 Mg  -0.16204866E-01    -10.16870682
    37   12 Mg  -0.16205153E-01    -10.16888673
    38   12 Mg  -0.16205115E-01    -10.16886347
    39   12 Mg  -0.16204910E-01    -10.16873453
    40   12 Mg  -0.16205139E-01    -10.16887829
    41   12 Mg  -0.16172987E-01    -10.14870235
    42   12 Mg  -0.16173115E-01    -10.14878284
    43   12 Mg  -0.16173284E-01    -10.14888908
    44   12 Mg  -0.16172986E-01    -10.14870199
    45   12 Mg  -0.16173191E-01    -10.14883069
    46   12 Mg  -0.16173105E-01    -10.14877649
    47   12 Mg  -0.16180210E-01    -10.15323494
    48   12 Mg  -0.16180200E-01    -10.15322909
    49   12 Mg  -0.16180495E-01    -10.15341405
    50   12 Mg  -0.16199861E-01    -10.16556615
    51   12 Mg  -0.16199951E-01    -10.16562265
    52   12 Mg  -0.16199835E-01    -10.16554979
    53   12 Mg  -0.16199775E-01    -10.16551246
    54   12 Mg  -0.16199962E-01    -10.16562942
    55   12 Mg  -0.16199833E-01    -10.16554876
    56   12 Mg  -0.16183855E-01    -10.15552219
    57   12 Mg  -0.16183984E-01    -10.15560338
    58   12 Mg  -0.16183865E-01    -10.15552891
    59   12 Mg  -0.16184010E-01    -10.15561946
    60   12 Mg  -0.16183977E-01    -10.15559895
    61   12 Mg  -0.16183970E-01    -10.15559443
    62   12 Mg  -0.16186349E-01    -10.15708740
    63   12 Mg  -0.16186366E-01    -10.15709817
    64   12 Mg  -0.16186376E-01    -10.15710451
    65   12 Mg  -0.16220267E-01    -10.17837115
    66   12 Mg  -0.16183964E-01    -10.15559050
    67   12 Mg  -0.16183971E-01    -10.15559509
    68   12 Mg  -0.16183894E-01    -10.15554670
    69   12 Mg  -0.16168360E-01    -10.14579907
    70   12 Mg  -0.16168444E-01    -10.14585171
    71   12 Mg  -0.16168546E-01    -10.14591575
    72   12 Mg  -0.16177844E-01    -10.15175035
    73   12 Mg  -0.16177888E-01    -10.15177809
    74   12 Mg  -0.16177849E-01    -10.15175340
    75   12 Mg  -0.16202585E-01    -10.16727570
    76   12 Mg  -0.16202531E-01    -10.16724189
    77   12 Mg  -0.16188702E-01    -10.15856403
    78   12 Mg  -0.16168531E-01    -10.14590643
    79   12 Mg  -0.16168612E-01    -10.14595706
    80   12 Mg  -0.16193501E-01    -10.16157547
    81   12 Mg  -0.16193504E-01    -10.16157746
    82   12 Mg  -0.16168598E-01    -10.14594834
    83   12 Mg  -0.16168585E-01    -10.14594000
    84   12 Mg  -0.16169820E-01    -10.14671516
    85   12 Mg  -0.16194215E-01    -10.16202356
    86   12 Mg  -0.16194172E-01    -10.16199655
    87   12 Mg  -0.16184281E-01    -10.15578944
    88   12 Mg  -0.16168622E-01    -10.14596341
    89   12 Mg  -0.16168663E-01    -10.14598946
    90   12 Mg  -0.16184318E-01    -10.15581299
    91   12 Mg  -0.16184400E-01    -10.15586443
    92   12 Mg  -0.16193505E-01    -10.16157800
    93   12 Mg  -0.16193579E-01    -10.16162415
    94   12 Mg  -0.16202545E-01    -10.16725024
    95   12 Mg  -0.16188739E-01    -10.15858683
    96   12 Mg  -0.16188621E-01    -10.15851307
    97   12 Mg  -0.16193528E-01    -10.16159212
    98   12 Mg  -0.16193546E-01    -10.16160360
    99   12 Mg  -0.16194201E-01    -10.16201469
   100   12 Mg  -0.16177841E-01    -10.15174844
   101   12 Mg  -0.16177885E-01    -10.15177614
   102   12 Mg  -0.16177846E-01    -10.15175143
   103   12 Mg  -0.16168355E-01    -10.14579590
   104   12 Mg  -0.16168439E-01    -10.14584863
   105   12 Mg  -0.16168541E-01    -10.14591260
   106   12 Mg  -0.16183959E-01    -10.15558760
   107   12 Mg  -0.16183966E-01    -10.15559213
   108   12 Mg  -0.16183889E-01    -10.15554336
   109   12 Mg  -0.16220247E-01    -10.17835843
   110   12 Mg  -0.16186279E-01    -10.15704359
   111   12 Mg  -0.16186297E-01    -10.15705478
   112   12 Mg  -0.16186309E-01    -10.15706220
   113   12 Mg  -0.16183815E-01    -10.15549704
   114   12 Mg  -0.16183943E-01    -10.15557731
   115   12 Mg  -0.16183826E-01    -10.15550408
   116   12 Mg  -0.16183968E-01    -10.15559349
   117   12 Mg  -0.16183938E-01    -10.15557424
   118   12 Mg  -0.16183931E-01    -10.15556996
   119   12 Mg  -0.16199824E-01    -10.16554311
   120   12 Mg  -0.16199916E-01    -10.16560070
   121   12 Mg  -0.16199801E-01    -10.16552832
   122   12 Mg  -0.16199741E-01    -10.16549095
   123   12 Mg  -0.16199927E-01    -10.16560753
   124   12 Mg  -0.16199796E-01    -10.16552574
   125   12 Mg  -0.16180208E-01    -10.15323378
   126   12 Mg  -0.16180199E-01    -10.15322794
   127   12 Mg  -0.16180493E-01    -10.15341290
   128   12 Mg  -0.16172681E-01    -10.14851055
   129   12 Mg  -0.16172795E-01    -10.14858190
   130   12 Mg  -0.16172964E-01    -10.14868837
   131   12 Mg  -0.16172682E-01    -10.14851119
   132   12 Mg  -0.16172892E-01    -10.14864266
   133   12 Mg  -0.16172807E-01    -10.14858938
   134   12 Mg  -0.16205180E-01    -10.16890424
   135   12 Mg  -0.16204907E-01    -10.16873278
   136   12 Mg  -0.16205193E-01    -10.16891205
   137   12 Mg  -0.16205156E-01    -10.16888875
   138   12 Mg  -0.16204951E-01    -10.16876046
   139   12 Mg  -0.16205183E-01    -10.16890576
   140   12 Mg  -0.16189145E-01    -10.15884173
   141   12 Mg  -0.16195581E-01    -10.16288024
   142   12 Mg  -0.16195639E-01    -10.16291715
   143   12 Mg  -0.16195548E-01    -10.16285991
   144   12 Mg  -0.16289186E-01    -10.22161835
   145   12 Mg  -0.16289143E-01    -10.22159185
   146   12 Mg  -0.16289095E-01    -10.22156138
   147   12 Mg  -0.16465324E-01    -10.33214681
   148   12 Mg  -0.16465199E-01    -10.33206861
   149   12 Mg  -0.16465296E-01    -10.33212926
   150   22 Ti  -0.23719649E-01    -14.88430443
--------------------------------------------------

Dispersion energy:      -2.4398194307649E+00 Eh

[Info] Dispersion energy written to .EDISP
