-----------------------------------
 s i m p l e   D F T - D 3  v1.2.1
-----------------------------------

Zero (Chai-Head-Gordon) damping: pbe-D3(0)
--------------------
  s6         1.0000
  s8         0.7220
  s9         0.0000
 rs6         1.2170
 rs8         1.0000
 alp        14.0000
--------------------

Atomic radii (in Angstrom):
-------------------------------------------
   Z          R(cov)     R(vdw)      r4/r2
-------------------------------------------
   3 Li       1.6000     1.7478     2.6564
  82 Pb       1.7333     2.1382     3.8442
-------------------------------------------

Atomic reference systems (in atomic units):
----------------------------------------------------------------------------
   Z        #      CN    C6(AA)   #      CN    C6(AA)   #      CN    C6(AA)
----------------------------------------------------------------------------
   3 Li     1  0.0000 1163.4454   2  0.9865   85.3197
  82 Pb     1  0.0000  738.8156   2  0.9383  632.9991   3  1.9356  544.4563
            4  2.9081  524.1840   5  3.9098  455.2854
----------------------------------------------------------------------------

Dispersion properties (in atomic units):
--------------------------------------------------------
     #    Z                CN       C6(AA)       C8(AA)
--------------------------------------------------------
     1    3 Li         0.0086    1126.1221   85131.7465
     2    3 Li         0.0119    1125.1622   85059.1800
     3    3 Li         0.0099    1125.7386   85102.7533
     4    3 Li         0.0086    1126.1288   85132.2525
     5    3 Li         0.0083    1126.1980   85137.4868
     6    3 Li         0.0086    1126.1288   85132.2525
     7    3 Li         0.0119    1125.1622   85059.1801
     8    3 Li         0.0096    1125.8358   85110.1078
     9    3 Li         0.0093    1125.9119   85115.8556
    10    3 Li         0.0096    1125.8358   85110.1078
    11    3 Li         0.0093    1125.9119   85115.8556
    12    3 Li         0.0099    1125.7386   85102.7533
    13    3 Li         0.0086    1126.1221   85131.7465
    14    3 Li         0.0114    1125.3107   85070.4073
    15    3 Li         0.0096    1125.8358   85110.1078
    16    3 Li         0.0091    1125.9832   85121.2503
    17    3 Li         0.0096    1125.8358   85110.1078
    18    3 Li         0.0099    1125.7386   85102.7533
    19    3 Li         0.0086    1126.1288   85132.2525
    20    3 Li         0.0083    1126.1980   85137.4868
    21    3 Li         0.0091    1125.9832   85121.2504
    22    3 Li         0.0093    1125.9302   85117.2396
    23    3 Li         0.0114    1125.3107   85070.4073
    24    3 Li         0.0093    1125.9302   85117.2396
    25    3 Li         0.0083    1126.1980   85137.4868
    26    3 Li         0.0119    1125.1622   85059.1801
    27    3 Li         0.0093    1125.9119   85115.8556
    28    3 Li         0.0099    1125.7386   85102.7533
    29    3 Li         0.0093    1125.9119   85115.8557
    30    3 Li         0.0096    1125.8358   85110.1078
    31    3 Li         0.0099    1125.7417   85102.9904
    32    3 Li         0.0093    1125.9302   85117.2396
    33    3 Li         0.0083    1126.1980   85137.4868
    34    3 Li         0.0114    1125.3107   85070.4074
    35    3 Li         0.0096    1125.8358   85110.1078
    36    3 Li         0.0083    1126.1980   85137.4868
    37    3 Li         0.0099    1125.7417   85102.9904
    38    3 Li         0.0099    1125.7386   85102.7533
    39    3 Li         0.0086    1126.1221   85131.7465
    40    3 Li         0.0086    1126.1288   85132.2525
    41    3 Li         0.0114    1125.3107   85070.4073
    42    3 Li         0.0086    1126.1288   85132.2525
    43    3 Li         0.0099    1125.7417   85102.9904
    44    3 Li         0.0083    1126.1980   85137.4868
    45    3 Li         0.0099    1125.7386   85102.7533
    46    3 Li         0.0096    1125.8358   85110.1078
    47    3 Li         0.0083    1126.1980   85137.4868
    48    3 Li         0.0086    1126.1288   85132.2525
    49    3 Li         0.0096    1125.8358   85110.1078
    50    3 Li         0.0083    1126.1980   85137.4868
    51    3 Li         0.0102    1125.6486   85095.9553
    52    3 Li         0.0099    1125.7386   85102.7533
    53    3 Li         0.0086    1126.1288   85132.2525
    54    3 Li         0.0083    1126.1980   85137.4868
    55    3 Li         0.0091    1125.9832   85121.2503
    56    3 Li         0.0099    1125.7386   85102.7533
    57    3 Li         0.0096    1125.8358   85110.1078
    58    3 Li         0.0119    1125.1622   85059.1801
    59    3 Li         0.0099    1125.7417   85102.9904
    60    3 Li         0.0086    1126.1221   85131.7465
    61    3 Li         0.0099    1125.7386   85102.7533
    62    3 Li         0.0091    1125.9832   85121.2504
    63    3 Li         0.0083    1126.1980   85137.4868
    64    3 Li         0.0102    1125.6486   85095.9553
    65    3 Li         0.0096    1125.8358   85110.1078
    66    3 Li         0.0099    1125.7386   85102.7533
    67    3 Li         0.0083    1126.1980   85137.4868
    68    3 Li         0.0091    1125.9832   85121.2503
    69    3 Li         0.0102    1125.6486   85095.9553
    70    3 Li         0.0086    1126.1288   85132.2525
    71    3 Li         0.0083    1126.1980   85137.4868
    72    3 Li         0.0099    1125.7386   85102.7533
    73    3 Li         0.0160    1123.9495   84967.5034
    74    3 Li         0.0093    1125.9302   85117.2396
    75    3 Li         0.0093    1125.9302   85117.2396
    76    3 Li         0.0096    1125.8358   85110.1078
    77    3 Li         0.0093    1125.9302   85117.2396
    78    3 Li         0.0091    1125.9832   85121.2503
    79    3 Li         0.0096    1125.8358   85110.1078
    80    3 Li         0.0086    1126.1288   85132.2525
    81    3 Li         0.0086    1126.1288   85132.2525
    82    3 Li         0.0102    1125.6486   85095.9553
    83    3 Li         0.0086    1126.1288   85132.2525
    84    3 Li         0.0099    1125.7386   85102.7533
    85    3 Li         0.0086    1126.1288   85132.2525
    86   82 Pb         0.0127     735.2983  116409.6406
    87   82 Pb         0.0121     735.3136  116412.0525
    88   82 Pb         0.0127     735.2983  116409.6406
    89   82 Pb         0.0121     735.3136  116412.0525
    90   82 Pb         0.0127     735.2983  116409.6406
    91   82 Pb         0.0126     735.3016  116410.1643
    92   82 Pb         0.0121     735.3136  116412.0525
    93   82 Pb         0.0127     735.2983  116409.6406
    94   82 Pb         0.0121     735.3136  116412.0525
    95   82 Pb         0.0119     735.3179  116412.7439
    96   82 Pb         0.0119     735.3179  116412.7439
    97   82 Pb         0.0121     735.3136  116412.0525
    98   82 Pb         0.0119     735.3179  116412.7439
    99   82 Pb         0.0121     735.3136  116412.0525
   100   82 Pb         0.0126     735.3016  116410.1643
   101   82 Pb         0.0126     735.3016  116410.1643
   102   82 Pb         0.0119     735.3179  116412.7439
   103   82 Pb         0.0126     735.3016  116410.1643
   104   82 Pb         0.0119     735.3179  116412.7439
   105   82 Pb         0.0119     735.3179  116412.7439
--------------------------------------------------------

Atom-resolved dispersion energies:
--------------------------------------------------
     #    Z           [Hartree]      [kcal/mol]
--------------------------------------------------
     1    3 Li  -0.44059859E-02     -2.76479792
     2    3 Li  -0.54174712E-02     -3.39951449
     3    3 Li  -0.50778930E-02     -3.18642599
     4    3 Li  -0.45965962E-02     -2.88440769
     5    3 Li  -0.43890349E-02     -2.75416101
     6    3 Li  -0.45965962E-02     -2.88440765
     7    3 Li  -0.54174711E-02     -3.39951446
     8    3 Li  -0.48308001E-02     -3.03137283
     9    3 Li  -0.50521985E-02     -3.17030241
    10    3 Li  -0.48308001E-02     -3.03137283
    11    3 Li  -0.50521984E-02     -3.17030239
    12    3 Li  -0.50778930E-02     -3.18642596
    13    3 Li  -0.44059863E-02     -2.76479812
    14    3 Li  -0.54877037E-02     -3.44358609
    15    3 Li  -0.48308001E-02     -3.03137285
    16    3 Li  -0.47267121E-02     -2.96605665
    17    3 Li  -0.48308001E-02     -3.03137284
    18    3 Li  -0.50778930E-02     -3.18642600
    19    3 Li  -0.45965962E-02     -2.88440765
    20    3 Li  -0.43890349E-02     -2.75416098
    21    3 Li  -0.47267120E-02     -2.96605656
    22    3 Li  -0.48594280E-02     -3.04933709
    23    3 Li  -0.54877039E-02     -3.44358622
    24    3 Li  -0.48594280E-02     -3.04933711
    25    3 Li  -0.43890349E-02     -2.75416099
    26    3 Li  -0.54174706E-02     -3.39951414
    27    3 Li  -0.50521985E-02     -3.17030240
    28    3 Li  -0.50778930E-02     -3.18642596
    29    3 Li  -0.50521984E-02     -3.17030239
    30    3 Li  -0.48308002E-02     -3.03137288
    31    3 Li  -0.52844186E-02     -3.31602275
    32    3 Li  -0.48594280E-02     -3.04933709
    33    3 Li  -0.43890350E-02     -2.75416103
    34    3 Li  -0.54877040E-02     -3.44358622
    35    3 Li  -0.48308001E-02     -3.03137285
    36    3 Li  -0.43890350E-02     -2.75416104
    37    3 Li  -0.52844187E-02     -3.31602280
    38    3 Li  -0.50778930E-02     -3.18642596
    39    3 Li  -0.44059860E-02     -2.76479795
    40    3 Li  -0.45965962E-02     -2.88440763
    41    3 Li  -0.54877039E-02     -3.44358621
    42    3 Li  -0.45965962E-02     -2.88440764
    43    3 Li  -0.52844187E-02     -3.31602281
    44    3 Li  -0.43890349E-02     -2.75416098
    45    3 Li  -0.50778934E-02     -3.18642619
    46    3 Li  -0.48308001E-02     -3.03137285
    47    3 Li  -0.43890349E-02     -2.75416101
    48    3 Li  -0.45965961E-02     -2.88440758
    49    3 Li  -0.48308001E-02     -3.03137283
    50    3 Li  -0.43890350E-02     -2.75416102
    51    3 Li  -0.51538074E-02     -3.23406295
    52    3 Li  -0.50778930E-02     -3.18642599
    53    3 Li  -0.45965962E-02     -2.88440767
    54    3 Li  -0.43890350E-02     -2.75416103
    55    3 Li  -0.47267121E-02     -2.96605665
    56    3 Li  -0.50778934E-02     -3.18642619
    57    3 Li  -0.48308001E-02     -3.03137285
    58    3 Li  -0.54174712E-02     -3.39951448
    59    3 Li  -0.52844187E-02     -3.31602281
    60    3 Li  -0.44059860E-02     -2.76479797
    61    3 Li  -0.50778930E-02     -3.18642599
    62    3 Li  -0.47267120E-02     -2.96605655
    63    3 Li  -0.43890349E-02     -2.75416098
    64    3 Li  -0.51538076E-02     -3.23406309
    65    3 Li  -0.48308002E-02     -3.03137288
    66    3 Li  -0.50778930E-02     -3.18642600
    67    3 Li  -0.43890349E-02     -2.75416099
    68    3 Li  -0.47267121E-02     -2.96605664
    69    3 Li  -0.51538076E-02     -3.23406309
    70    3 Li  -0.45965961E-02     -2.88440760
    71    3 Li  -0.43890349E-02     -2.75416099
    72    3 Li  -0.50778931E-02     -3.18642600
    73    3 Li  -0.60412256E-02     -3.79092629
    74    3 Li  -0.48594280E-02     -3.04933710
    75    3 Li  -0.48594280E-02     -3.04933713
    76    3 Li  -0.48308001E-02     -3.03137284
    77    3 Li  -0.48594280E-02     -3.04933711
    78    3 Li  -0.47267120E-02     -2.96605655
    79    3 Li  -0.48308002E-02     -3.03137287
    80    3 Li  -0.45965962E-02     -2.88440768
    81    3 Li  -0.45965962E-02     -2.88440768
    82    3 Li  -0.51538076E-02     -3.23406308
    83    3 Li  -0.45965961E-02     -2.88440760
    84    3 Li  -0.50778934E-02     -3.18642619
    85    3 Li  -0.45965961E-02     -2.88440763
    86   82 Pb  -0.36472541E-02     -2.28868650
    87   82 Pb  -0.34430059E-02     -2.16051884
    88   82 Pb  -0.36472542E-02     -2.28868655
    89   82 Pb  -0.34430059E-02     -2.16051884
    90   82 Pb  -0.36472541E-02     -2.28868650
    91   82 Pb  -0.35404654E-02     -2.22167561
    92   82 Pb  -0.34430059E-02     -2.16051884
    93   82 Pb  -0.36472541E-02     -2.28868651
    94   82 Pb  -0.34430058E-02     -2.16051874
    95   82 Pb  -0.34443526E-02     -2.16136392
    96   82 Pb  -0.34443527E-02     -2.16136394
    97   82 Pb  -0.34430058E-02     -2.16051874
    98   82 Pb  -0.34443526E-02     -2.16136392
    99   82 Pb  -0.34430058E-02     -2.16051873
   100   82 Pb  -0.35404654E-02     -2.22167560
   101   82 Pb  -0.35404654E-02     -2.22167561
   102   82 Pb  -0.34443527E-02     -2.16136394
   103   82 Pb  -0.35404654E-02     -2.22167561
   104   82 Pb  -0.34443527E-02     -2.16136394
   105   82 Pb  -0.34443527E-02     -2.16136392
--------------------------------------------------

Dispersion energy:      -4.8357133004827E-01 Eh

[Info] Dispersion energy written to .EDISP
