-----------------------------------
 s i m p l e   D F T - D 3  v1.2.1
-----------------------------------

Zero (Chai-Head-Gordon) damping: pbe-D3(0)
--------------------
  s6         1.0000
  s8         0.7220
  s9         0.0000
 rs6         1.2170
 rs8         1.0000
 alp        14.0000
--------------------

Atomic radii (in Angstrom):
-------------------------------------------
   Z          R(cov)     R(vdw)      r4/r2
-------------------------------------------
  12 Mg       1.6667     1.7420     2.8909
   4 Be       1.2533     1.5491     2.0393
-------------------------------------------

Atomic reference systems (in atomic units):
----------------------------------------------------------------------------
   Z        #      CN    C6(AA)   #      CN    C6(AA)   #      CN    C6(AA)
----------------------------------------------------------------------------
  12 Mg     1  0.0000  683.3758   2  0.9628  451.2708   3  1.9496  175.5616
   4 Be     1  0.0000  257.4863   2  0.9808  135.8445   3  1.9697   55.1364
----------------------------------------------------------------------------

Dispersion properties (in atomic units):
--------------------------------------------------------
     #    Z                CN       C6(AA)       C8(AA)
--------------------------------------------------------
     1   12 Mg        14.0754     175.5616   15718.3434
     2   12 Mg        14.0754     175.5616   15718.3434
     3   12 Mg        14.0754     175.5616   15718.3434
     4   12 Mg        14.0754     175.5616   15718.3434
     5   12 Mg        13.9786     175.5616   15718.3434
     6   12 Mg        13.9786     175.5616   15718.3434
     7   12 Mg        13.9556     175.5616   15718.3434
     8   12 Mg        13.9434     175.5616   15718.3434
     9   12 Mg        13.9569     175.5616   15718.3434
    10   12 Mg        13.9569     175.5616   15718.3434
    11   12 Mg        13.9556     175.5616   15718.3434
    12   12 Mg        13.9556     175.5616   15718.3434
    13   12 Mg        13.9096     175.5616   15718.3434
    14   12 Mg        13.9096     175.5616   15718.3434
    15   12 Mg        13.9569     175.5616   15718.3434
    16   12 Mg        13.9569     175.5616   15718.3434
    17   12 Mg        13.9786     175.5616   15718.3434
    18   12 Mg        13.9096     175.5616   15718.3434
    19   12 Mg        13.9434     175.5616   15718.3434
    20   12 Mg        13.9434     175.5616   15718.3434
    21   12 Mg        14.0754     175.5616   15718.3434
    22   12 Mg        14.0754     175.5616   15718.3434
    23   12 Mg        13.9569     175.5616   15718.3434
    24   12 Mg        13.9569     175.5616   15718.3434
    25   12 Mg        14.0956     175.5616   15718.3434
    26   12 Mg        14.0956     175.5616   15718.3434
    27   12 Mg        14.0956     175.5616   15718.3434
    28   12 Mg        13.9471     175.5616   15718.3434
    29   12 Mg        13.9471     175.5616   15718.3434
    30   12 Mg        13.9471     175.5616   15718.3434
    31   12 Mg        13.9471     175.5616   15718.3434
    32   12 Mg        13.9471     175.5616   15718.3434
    33   12 Mg        13.9471     175.5616   15718.3434
    34   12 Mg        13.9424     175.5616   15718.3434
    35   12 Mg        13.9424     175.5616   15718.3434
    36   12 Mg        13.9424     175.5616   15718.3434
    37   12 Mg        13.9333     175.5616   15718.3434
    38   12 Mg        13.9333     175.5616   15718.3434
    39   12 Mg        13.9333     175.5616   15718.3434
    40   12 Mg        13.9077     175.5616   15718.3434
    41   12 Mg        13.9077     175.5616   15718.3434
    42   12 Mg        13.9077     175.5616   15718.3434
    43   12 Mg        13.9077     175.5616   15718.3434
    44   12 Mg        13.9077     175.5616   15718.3434
    45   12 Mg        13.9077     175.5616   15718.3434
    46   12 Mg        13.9161     175.5616   15718.3434
    47   12 Mg        13.8159     175.5616   15718.3434
    48   12 Mg        13.8159     175.5616   15718.3434
    49   12 Mg        13.8159     175.5616   15718.3434
    50   12 Mg        13.9235     175.5616   15718.3434
    51   12 Mg        13.9379     175.5616   15718.3434
    52   12 Mg        13.9383     175.5616   15718.3434
    53   12 Mg        13.9379     175.5616   15718.3434
    54   12 Mg        13.9379     175.5616   15718.3434
    55   12 Mg        13.9379     175.5616   15718.3434
    56   12 Mg        13.9379     175.5616   15718.3434
    57   12 Mg        13.9489     175.5616   15718.3434
    58   12 Mg        13.9485     175.5616   15718.3434
    59   12 Mg        13.9485     175.5616   15718.3434
    60   12 Mg        13.9489     175.5616   15718.3434
    61   12 Mg        13.9489     175.5616   15718.3434
    62   12 Mg        13.9489     175.5616   15718.3434
    63   12 Mg        13.8902     175.5616   15718.3434
    64   12 Mg        13.8902     175.5616   15718.3434
    65   12 Mg        13.8902     175.5616   15718.3434
    66   12 Mg        13.9003     175.5616   15718.3434
    67   12 Mg        13.9004     175.5616   15718.3434
    68   12 Mg        13.9003     175.5616   15718.3434
    69   12 Mg        13.9454     175.5616   15718.3434
    70   12 Mg        13.9458     175.5616   15718.3434
    71   12 Mg        13.9454     175.5616   15718.3434
    72   12 Mg        13.9489     175.5616   15718.3434
    73   12 Mg        13.9488     175.5616   15718.3434
    74   12 Mg        13.9489     175.5616   15718.3434
    75   12 Mg        13.9379     175.5616   15718.3434
    76   12 Mg        13.9344     175.5616   15718.3434
    77   12 Mg        13.9344     175.5616   15718.3434
    78   12 Mg        13.9161     175.5616   15718.3434
    79   12 Mg        13.9161     175.5616   15718.3434
    80   12 Mg        13.9387     175.5616   15718.3434
    81   12 Mg        13.9388     175.5616   15718.3434
    82   12 Mg        13.9379     175.5616   15718.3434
    83   12 Mg        13.9162     175.5616   15718.3434
    84   12 Mg        13.9161     175.5616   15718.3434
    85   12 Mg        13.9346     175.5616   15718.3434
    86   12 Mg        13.9315     175.5616   15718.3434
    87   12 Mg        13.9316     175.5616   15718.3434
    88   12 Mg        13.9162     175.5616   15718.3434
    89   12 Mg        13.9161     175.5616   15718.3434
    90   12 Mg        13.9346     175.5616   15718.3434
    91   12 Mg        13.9346     175.5616   15718.3434
    92   12 Mg        13.9388     175.5616   15718.3434
    93   12 Mg        13.9387     175.5616   15718.3434
    94   12 Mg        13.9344     175.5616   15718.3434
    95   12 Mg        13.9379     175.5616   15718.3434
    96   12 Mg        13.9380     175.5616   15718.3434
    97   12 Mg        13.9316     175.5616   15718.3434
    98   12 Mg        13.9387     175.5616   15718.3434
    99   12 Mg        13.9387     175.5616   15718.3434
   100   12 Mg        13.9490     175.5616   15718.3434
   101   12 Mg        13.9489     175.5616   15718.3434
   102   12 Mg        13.9490     175.5616   15718.3434
   103   12 Mg        13.9454     175.5616   15718.3434
   104   12 Mg        13.9458     175.5616   15718.3434
   105   12 Mg        13.9454     175.5616   15718.3434
   106   12 Mg        13.9003     175.5616   15718.3434
   107   12 Mg        13.9003     175.5616   15718.3434
   108   12 Mg        13.9003     175.5616   15718.3434
   109   12 Mg        13.8902     175.5616   15718.3434
   110   12 Mg        13.8903     175.5616   15718.3434
   111   12 Mg        13.8902     175.5616   15718.3434
   112   12 Mg        13.9489     175.5616   15718.3434
   113   12 Mg        13.9485     175.5616   15718.3434
   114   12 Mg        13.9485     175.5616   15718.3434
   115   12 Mg        13.9489     175.5616   15718.3434
   116   12 Mg        13.9489     175.5616   15718.3434
   117   12 Mg        13.9489     175.5616   15718.3434
   118   12 Mg        13.9379     175.5616   15718.3434
   119   12 Mg        13.9383     175.5616   15718.3434
   120   12 Mg        13.9379     175.5616   15718.3434
   121   12 Mg        13.9379     175.5616   15718.3434
   122   12 Mg        13.9379     175.5616   15718.3434
   123   12 Mg        13.9379     175.5616   15718.3434
   124   12 Mg        13.9235     175.5616   15718.3434
   125   12 Mg        13.8159     175.5616   15718.3434
   126   12 Mg        13.8159     175.5616   15718.3434
   127   12 Mg        13.8159     175.5616   15718.3434
   128   12 Mg        13.9168     175.5616   15718.3434
   129   12 Mg        13.9078     175.5616   15718.3434
   130   12 Mg        13.9078     175.5616   15718.3434
   131   12 Mg        13.9078     175.5616   15718.3434
   132   12 Mg        13.9078     175.5616   15718.3434
   133   12 Mg        13.9078     175.5616   15718.3434
   134   12 Mg        13.9078     175.5616   15718.3434
   135   12 Mg        13.9333     175.5616   15718.3434
   136   12 Mg        13.9333     175.5616   15718.3434
   137   12 Mg        13.9334     175.5616   15718.3434
   138   12 Mg        13.9424     175.5616   15718.3434
   139   12 Mg        13.9424     175.5616   15718.3434
   140   12 Mg        13.9424     175.5616   15718.3434
   141   12 Mg        13.9473     175.5616   15718.3434
   142   12 Mg        13.9473     175.5616   15718.3434
   143   12 Mg        13.9474     175.5616   15718.3434
   144   12 Mg        13.9474     175.5616   15718.3434
   145   12 Mg        13.9474     175.5616   15718.3434
   146   12 Mg        13.9473     175.5616   15718.3434
   147   12 Mg        14.0956     175.5616   15718.3434
   148   12 Mg        14.0956     175.5616   15718.3434
   149   12 Mg        14.0956     175.5616   15718.3434
   150    4 Be        11.8228      55.1364    2456.6078
--------------------------------------------------------

Atom-resolved dispersion energies:
--------------------------------------------------
     #    Z           [Hartree]      [kcal/mol]
--------------------------------------------------
     1   12 Mg  -0.16425232E-01    -10.30698850
     2   12 Mg  -0.16425259E-01    -10.30700588
     3   12 Mg  -0.16425249E-01    -10.30699911
     4   12 Mg  -0.16425240E-01    -10.30699381
     5   12 Mg  -0.16274739E-01    -10.21255278
     6   12 Mg  -0.16274725E-01    -10.21254416
     7   12 Mg  -0.16315495E-01    -10.23812749
     8   12 Mg  -0.16268804E-01    -10.20882843
     9   12 Mg  -0.16298768E-01    -10.22763113
    10   12 Mg  -0.16298790E-01    -10.22764522
    11   12 Mg  -0.16315508E-01    -10.23813555
    12   12 Mg  -0.16315483E-01    -10.23812014
    13   12 Mg  -0.16307338E-01    -10.23300884
    14   12 Mg  -0.16307346E-01    -10.23301399
    15   12 Mg  -0.16298809E-01    -10.22765734
    16   12 Mg  -0.16298781E-01    -10.22763949
    17   12 Mg  -0.16274743E-01    -10.21255517
    18   12 Mg  -0.16307353E-01    -10.23301821
    19   12 Mg  -0.16268801E-01    -10.20882706
    20   12 Mg  -0.16268797E-01    -10.20882402
    21   12 Mg  -0.16425257E-01    -10.30700440
    22   12 Mg  -0.16425255E-01    -10.30700329
    23   12 Mg  -0.16298788E-01    -10.22764390
    24   12 Mg  -0.16298780E-01    -10.22763916
    25   12 Mg  -0.16409480E-01    -10.29710390
    26   12 Mg  -0.16409469E-01    -10.29709748
    27   12 Mg  -0.16409488E-01    -10.29710903
    28   12 Mg  -0.16282941E-01    -10.21769953
    29   12 Mg  -0.16282994E-01    -10.21773313
    30   12 Mg  -0.16283000E-01    -10.21773683
    31   12 Mg  -0.16282951E-01    -10.21770598
    32   12 Mg  -0.16282949E-01    -10.21770483
    33   12 Mg  -0.16283000E-01    -10.21773687
    34   12 Mg  -0.16280365E-01    -10.21608331
    35   12 Mg  -0.16280377E-01    -10.21609112
    36   12 Mg  -0.16280363E-01    -10.21608214
    37   12 Mg  -0.16303848E-01    -10.23081887
    38   12 Mg  -0.16303950E-01    -10.23088290
    39   12 Mg  -0.16303875E-01    -10.23083620
    40   12 Mg  -0.16342585E-01    -10.25512669
    41   12 Mg  -0.16342653E-01    -10.25516964
    42   12 Mg  -0.16342577E-01    -10.25512199
    43   12 Mg  -0.16342692E-01    -10.25519387
    44   12 Mg  -0.16342625E-01    -10.25515181
    45   12 Mg  -0.16342701E-01    -10.25519988
    46   12 Mg  -0.16350129E-01    -10.25986068
    47   12 Mg  -0.16365228E-01    -10.26933586
    48   12 Mg  -0.16365319E-01    -10.26939247
    49   12 Mg  -0.16365292E-01    -10.26937566
    50   12 Mg  -0.16287257E-01    -10.22040828
    51   12 Mg  -0.16316761E-01    -10.23892213
    52   12 Mg  -0.16316600E-01    -10.23882120
    53   12 Mg  -0.16316966E-01    -10.23905048
    54   12 Mg  -0.16316773E-01    -10.23892939
    55   12 Mg  -0.16316875E-01    -10.23899344
    56   12 Mg  -0.16316928E-01    -10.23902685
    57   12 Mg  -0.16305330E-01    -10.23174931
    58   12 Mg  -0.16305562E-01    -10.23189490
    59   12 Mg  -0.16305513E-01    -10.23186390
    60   12 Mg  -0.16305504E-01    -10.23185817
    61   12 Mg  -0.16305366E-01    -10.23177165
    62   12 Mg  -0.16305519E-01    -10.23186779
    63   12 Mg  -0.16347307E-01    -10.25809023
    64   12 Mg  -0.16347313E-01    -10.25809381
    65   12 Mg  -0.16347285E-01    -10.25807647
    66   12 Mg  -0.16328763E-01    -10.24645329
    67   12 Mg  -0.16328919E-01    -10.24655154
    68   12 Mg  -0.16328846E-01    -10.24650569
    69   12 Mg  -0.16326107E-01    -10.24478666
    70   12 Mg  -0.16325796E-01    -10.24459197
    71   12 Mg  -0.16325904E-01    -10.24465936
    72   12 Mg  -0.16311242E-01    -10.23545858
    73   12 Mg  -0.16311033E-01    -10.23532805
    74   12 Mg  -0.16311192E-01    -10.23542732
    75   12 Mg  -0.16310250E-01    -10.23483619
    76   12 Mg  -0.16328205E-01    -10.24610363
    77   12 Mg  -0.16328104E-01    -10.24603990
    78   12 Mg  -0.16343324E-01    -10.25559082
    79   12 Mg  -0.16343301E-01    -10.25557592
    80   12 Mg  -0.16311295E-01    -10.23549230
    81   12 Mg  -0.16311622E-01    -10.23569755
    82   12 Mg  -0.16332715E-01    -10.24893360
    83   12 Mg  -0.16343374E-01    -10.25562219
    84   12 Mg  -0.16343119E-01    -10.25546218
    85   12 Mg  -0.16303784E-01    -10.23077902
    86   12 Mg  -0.16315448E-01    -10.23809815
    87   12 Mg  -0.16315561E-01    -10.23816934
    88   12 Mg  -0.16343183E-01    -10.25550243
    89   12 Mg  -0.16343189E-01    -10.25550575
    90   12 Mg  -0.16303825E-01    -10.23080440
    91   12 Mg  -0.16303724E-01    -10.23074150
    92   12 Mg  -0.16311609E-01    -10.23568930
    93   12 Mg  -0.16311552E-01    -10.23565312
    94   12 Mg  -0.16328237E-01    -10.24612333
    95   12 Mg  -0.16310211E-01    -10.23481203
    96   12 Mg  -0.16310313E-01    -10.23487586
    97   12 Mg  -0.16315415E-01    -10.23807762
    98   12 Mg  -0.16311381E-01    -10.23554584
    99   12 Mg  -0.16311317E-01    -10.23550601
   100   12 Mg  -0.16311380E-01    -10.23554566
   101   12 Mg  -0.16311172E-01    -10.23541519
   102   12 Mg  -0.16311330E-01    -10.23551441
   103   12 Mg  -0.16326278E-01    -10.24489409
   104   12 Mg  -0.16325968E-01    -10.24469939
   105   12 Mg  -0.16326075E-01    -10.24476678
   106   12 Mg  -0.16328798E-01    -10.24647522
   107   12 Mg  -0.16328954E-01    -10.24657347
   108   12 Mg  -0.16328881E-01    -10.24652762
   109   12 Mg  -0.16347354E-01    -10.25811958
   110   12 Mg  -0.16347360E-01    -10.25812317
   111   12 Mg  -0.16347332E-01    -10.25810582
   112   12 Mg  -0.16305432E-01    -10.23181334
   113   12 Mg  -0.16305664E-01    -10.23195893
   114   12 Mg  -0.16305615E-01    -10.23192793
   115   12 Mg  -0.16305606E-01    -10.23192220
   116   12 Mg  -0.16305468E-01    -10.23183568
   117   12 Mg  -0.16305621E-01    -10.23193182
   118   12 Mg  -0.16316858E-01    -10.23898293
   119   12 Mg  -0.16316697E-01    -10.23888200
   120   12 Mg  -0.16317062E-01    -10.23911128
   121   12 Mg  -0.16316869E-01    -10.23899020
   122   12 Mg  -0.16316972E-01    -10.23905424
   123   12 Mg  -0.16317025E-01    -10.23908765
   124   12 Mg  -0.16287321E-01    -10.22044793
   125   12 Mg  -0.16365217E-01    -10.26932860
   126   12 Mg  -0.16365307E-01    -10.26938521
   127   12 Mg  -0.16365280E-01    -10.26936840
   128   12 Mg  -0.16349736E-01    -10.25961428
   129   12 Mg  -0.16342636E-01    -10.25515921
   130   12 Mg  -0.16342705E-01    -10.25520215
   131   12 Mg  -0.16342629E-01    -10.25515451
   132   12 Mg  -0.16342744E-01    -10.25522639
   133   12 Mg  -0.16342676E-01    -10.25518433
   134   12 Mg  -0.16342753E-01    -10.25523240
   135   12 Mg  -0.16303983E-01    -10.23090411
   136   12 Mg  -0.16304086E-01    -10.23096813
   137   12 Mg  -0.16304011E-01    -10.23092144
   138   12 Mg  -0.16280413E-01    -10.21611313
   139   12 Mg  -0.16280425E-01    -10.21612094
   140   12 Mg  -0.16280411E-01    -10.21611196
   141   12 Mg  -0.16282836E-01    -10.21763358
   142   12 Mg  -0.16282889E-01    -10.21766718
   143   12 Mg  -0.16282895E-01    -10.21767087
   144   12 Mg  -0.16282846E-01    -10.21764002
   145   12 Mg  -0.16282844E-01    -10.21763888
   146   12 Mg  -0.16282895E-01    -10.21767092
   147   12 Mg  -0.16409612E-01    -10.29718721
   148   12 Mg  -0.16409602E-01    -10.29718078
   149   12 Mg  -0.16409621E-01    -10.29719234
   150    4 Be  -0.92118824E-02     -5.78054348
--------------------------------------------------

Dispersion energy:      -2.4413749376869E+00 Eh

[Info] Dispersion energy written to .EDISP
