-----------------------------------
 s i m p l e   D F T - D 3  v1.2.1
-----------------------------------

Zero (Chai-Head-Gordon) damping: pbe-D3(0)
--------------------
  s6         1.0000
  s8         0.7220
  s9         0.0000
 rs6         1.2170
 rs8         1.0000
 alp        14.0000
--------------------

Atomic radii (in Angstrom):
-------------------------------------------
   Z          R(cov)     R(vdw)      r4/r2
-------------------------------------------
  12 Mg       1.6667     1.7420     2.8909
   4 Be       1.2533     1.5491     2.0393
-------------------------------------------

Atomic reference systems (in atomic units):
----------------------------------------------------------------------------
   Z        #      CN    C6(AA)   #      CN    C6(AA)   #      CN    C6(AA)
----------------------------------------------------------------------------
  12 Mg     1  0.0000  683.3758   2  0.9628  451.2708   3  1.9496  175.5616
   4 Be     1  0.0000  257.4863   2  0.9808  135.8445   3  1.9697   55.1364
----------------------------------------------------------------------------

Dispersion properties (in atomic units):
--------------------------------------------------------
     #    Z                CN       C6(AA)       C8(AA)
--------------------------------------------------------
     1   12 Mg         0.0289     675.7396   60500.1742
     2   12 Mg         0.0289     675.7396   60500.1744
     3   12 Mg         0.0289     675.7396   60500.1752
     4   12 Mg         0.0289     675.7396   60500.1748
     5   12 Mg         0.0281     675.7858   60504.3127
     6   12 Mg         0.0281     675.7859   60504.3136
     7   12 Mg         0.0281     675.7883   60504.5324
     8   12 Mg         0.0280     675.7910   60504.7780
     9   12 Mg         0.0279     675.7976   60505.3697
    10   12 Mg         0.0279     675.7977   60505.3711
    11   12 Mg         0.0281     675.7883   60504.5331
    12   12 Mg         0.0281     675.7883   60504.5318
    13   12 Mg         0.0280     675.7928   60504.9361
    14   12 Mg         0.0280     675.7928   60504.9363
    15   12 Mg         0.0279     675.7977   60505.3706
    16   12 Mg         0.0279     675.7977   60505.3703
    17   12 Mg         0.0281     675.7858   60504.3122
    18   12 Mg         0.0280     675.7928   60504.9353
    19   12 Mg         0.0280     675.7910   60504.7785
    20   12 Mg         0.0280     675.7910   60504.7785
    21   12 Mg         0.0289     675.7396   60500.1737
    22   12 Mg         0.0289     675.7396   60500.1730
    23   12 Mg         0.0279     675.7976   60505.3697
    24   12 Mg         0.0279     675.7977   60505.3702
    25   12 Mg         0.0287     675.7501   60501.1150
    26   12 Mg         0.0287     675.7501   60501.1138
    27   12 Mg         0.0287     675.7501   60501.1145
    28   12 Mg         0.0280     675.7890   60504.5994
    29   12 Mg         0.0280     675.7891   60504.6006
    30   12 Mg         0.0280     675.7891   60504.5999
    31   12 Mg         0.0280     675.7891   60504.6004
    32   12 Mg         0.0280     675.7890   60504.5990
    33   12 Mg         0.0280     675.7890   60504.5991
    34   12 Mg         0.0279     675.7955   60505.1766
    35   12 Mg         0.0279     675.7955   60505.1766
    36   12 Mg         0.0279     675.7955   60505.1769
    37   12 Mg         0.0280     675.7899   60504.6790
    38   12 Mg         0.0280     675.7899   60504.6790
    39   12 Mg         0.0280     675.7899   60504.6787
    40   12 Mg         0.0284     675.7686   60502.7715
    41   12 Mg         0.0284     675.7686   60502.7709
    42   12 Mg         0.0284     675.7686   60502.7709
    43   12 Mg         0.0284     675.7686   60502.7714
    44   12 Mg         0.0284     675.7686   60502.7706
    45   12 Mg         0.0284     675.7686   60502.7714
    46   12 Mg         0.0284     675.7697   60502.8635
    47   12 Mg         0.0288     675.7438   60500.5486
    48   12 Mg         0.0288     675.7438   60500.5485
    49   12 Mg         0.0288     675.7438   60500.5480
    50   12 Mg         0.0283     675.7768   60503.4991
    51   12 Mg         0.0281     675.7856   60504.2893
    52   12 Mg         0.0281     675.7856   60504.2889
    53   12 Mg         0.0281     675.7856   60504.2907
    54   12 Mg         0.0281     675.7856   60504.2898
    55   12 Mg         0.0281     675.7856   60504.2900
    56   12 Mg         0.0281     675.7856   60504.2896
    57   12 Mg         0.0281     675.7873   60504.4425
    58   12 Mg         0.0281     675.7873   60504.4432
    59   12 Mg         0.0281     675.7873   60504.4432
    60   12 Mg         0.0281     675.7873   60504.4441
    61   12 Mg         0.0281     675.7875   60504.4603
    62   12 Mg         0.0281     675.7873   60504.4427
    63   12 Mg         0.0281     675.7833   60504.0883
    64   12 Mg         0.0281     675.7833   60504.0877
    65   12 Mg         0.0281     675.7833   60504.0891
    66   12 Mg         0.0281     675.7850   60504.2352
    67   12 Mg         0.0281     675.7850   60504.2343
    68   12 Mg         0.0281     675.7850   60504.2333
    69   12 Mg         0.0282     675.7791   60503.7068
    70   12 Mg         0.0282     675.7789   60503.6891
    71   12 Mg         0.0282     675.7789   60503.6893
    72   12 Mg         0.0283     675.7754   60503.3759
    73   12 Mg         0.0283     675.7756   60503.3939
    74   12 Mg         0.0283     675.7754   60503.3756
    75   12 Mg         0.0282     675.7795   60503.7406
    76   12 Mg         0.0282     675.7827   60504.0289
    77   12 Mg         0.0281     675.7831   60504.0630
    78   12 Mg         0.0282     675.7788   60503.6797
    79   12 Mg         0.0282     675.7784   60503.6442
    80   12 Mg         0.0281     675.7866   60504.3789
    81   12 Mg         0.0281     675.7866   60504.3812
    82   12 Mg         0.0282     675.7812   60503.8927
    83   12 Mg         0.0282     675.7782   60503.6282
    84   12 Mg         0.0282     675.7786   60503.6620
    85   12 Mg         0.0280     675.7904   60504.7182
    86   12 Mg         0.0281     675.7877   60504.4790
    87   12 Mg         0.0281     675.7873   60504.4448
    88   12 Mg         0.0282     675.7780   60503.6109
    89   12 Mg         0.0282     675.7784   60503.6439
    90   12 Mg         0.0280     675.7904   60504.7177
    91   12 Mg         0.0280     675.7904   60504.7178
    92   12 Mg         0.0281     675.7866   60504.3799
    93   12 Mg         0.0281     675.7868   60504.3979
    94   12 Mg         0.0281     675.7829   60504.0462
    95   12 Mg         0.0282     675.7795   60503.7412
    96   12 Mg         0.0282     675.7795   60503.7416
    97   12 Mg         0.0281     675.7875   60504.4610
    98   12 Mg         0.0281     675.7864   60504.3618
    99   12 Mg         0.0281     675.7866   60504.3797
   100   12 Mg         0.0283     675.7754   60503.3746
   101   12 Mg         0.0283     675.7756   60503.3926
   102   12 Mg         0.0283     675.7754   60503.3744
   103   12 Mg         0.0282     675.7791   60503.7066
   104   12 Mg         0.0282     675.7789   60503.6889
   105   12 Mg         0.0282     675.7789   60503.6891
   106   12 Mg         0.0281     675.7850   60504.2348
   107   12 Mg         0.0281     675.7850   60504.2338
   108   12 Mg         0.0281     675.7850   60504.2328
   109   12 Mg         0.0281     675.7833   60504.0891
   110   12 Mg         0.0281     675.7833   60504.0885
   111   12 Mg         0.0281     675.7834   60504.0899
   112   12 Mg         0.0281     675.7873   60504.4424
   113   12 Mg         0.0281     675.7873   60504.4431
   114   12 Mg         0.0281     675.7873   60504.4431
   115   12 Mg         0.0281     675.7873   60504.4440
   116   12 Mg         0.0281     675.7875   60504.4601
   117   12 Mg         0.0281     675.7873   60504.4426
   118   12 Mg         0.0281     675.7856   60504.2896
   119   12 Mg         0.0281     675.7856   60504.2892
   120   12 Mg         0.0281     675.7856   60504.2910
   121   12 Mg         0.0281     675.7856   60504.2901
   122   12 Mg         0.0281     675.7856   60504.2903
   123   12 Mg         0.0281     675.7856   60504.2899
   124   12 Mg         0.0283     675.7768   60503.4991
   125   12 Mg         0.0288     675.7436   60500.5265
   126   12 Mg         0.0288     675.7436   60500.5264
   127   12 Mg         0.0288     675.7435   60500.5259
   128   12 Mg         0.0284     675.7696   60502.8623
   129   12 Mg         0.0284     675.7684   60502.7513
   130   12 Mg         0.0284     675.7684   60502.7507
   131   12 Mg         0.0284     675.7684   60502.7508
   132   12 Mg         0.0284     675.7684   60502.7512
   133   12 Mg         0.0284     675.7684   60502.7504
   134   12 Mg         0.0284     675.7684   60502.7512
   135   12 Mg         0.0280     675.7899   60504.6793
   136   12 Mg         0.0280     675.7899   60504.6793
   137   12 Mg         0.0280     675.7899   60504.6790
   138   12 Mg         0.0279     675.7955   60505.1758
   139   12 Mg         0.0279     675.7955   60505.1757
   140   12 Mg         0.0279     675.7955   60505.1760
   141   12 Mg         0.0280     675.7890   60504.5993
   142   12 Mg         0.0280     675.7891   60504.6006
   143   12 Mg         0.0280     675.7891   60504.5999
   144   12 Mg         0.0280     675.7891   60504.6003
   145   12 Mg         0.0280     675.7890   60504.5990
   146   12 Mg         0.0280     675.7890   60504.5990
   147   12 Mg         0.0287     675.7501   60501.1148
   148   12 Mg         0.0287     675.7501   60501.1137
   149   12 Mg         0.0287     675.7501   60501.1143
   150    4 Be         0.0111     254.2614   11328.6409
--------------------------------------------------------

Atom-resolved dispersion energies:
--------------------------------------------------
     #    Z           [Hartree]      [kcal/mol]
--------------------------------------------------
     1   12 Mg  -0.60996127E-02     -3.82756476
     2   12 Mg  -0.60996068E-02     -3.82756103
     3   12 Mg  -0.60995933E-02     -3.82755256
     4   12 Mg  -0.60995997E-02     -3.82755661
     5   12 Mg  -0.60292432E-02     -3.78340721
     6   12 Mg  -0.60292259E-02     -3.78339638
     7   12 Mg  -0.60226605E-02     -3.77927654
     8   12 Mg  -0.60127698E-02     -3.77307003
     9   12 Mg  -0.60001886E-02     -3.76517520
    10   12 Mg  -0.60001588E-02     -3.76515652
    11   12 Mg  -0.60226452E-02     -3.77926692
    12   12 Mg  -0.60226736E-02     -3.77928475
    13   12 Mg  -0.60086860E-02     -3.77050736
    14   12 Mg  -0.60086805E-02     -3.77050391
    15   12 Mg  -0.60001699E-02     -3.76516349
    16   12 Mg  -0.60001770E-02     -3.76516789
    17   12 Mg  -0.60292551E-02     -3.78341468
    18   12 Mg  -0.60087024E-02     -3.77051766
    19   12 Mg  -0.60127616E-02     -3.77306490
    20   12 Mg  -0.60127615E-02     -3.77306482
    21   12 Mg  -0.60996210E-02     -3.82756996
    22   12 Mg  -0.60996356E-02     -3.82757912
    23   12 Mg  -0.60001896E-02     -3.76517584
    24   12 Mg  -0.60001775E-02     -3.76516821
    25   12 Mg  -0.60827542E-02     -3.81698590
    26   12 Mg  -0.60827790E-02     -3.81700143
    27   12 Mg  -0.60827673E-02     -3.81699411
    28   12 Mg  -0.60190837E-02     -3.77703207
    29   12 Mg  -0.60190575E-02     -3.77701560
    30   12 Mg  -0.60190759E-02     -3.77702714
    31   12 Mg  -0.60190623E-02     -3.77701864
    32   12 Mg  -0.60190916E-02     -3.77703700
    33   12 Mg  -0.60190925E-02     -3.77703759
    34   12 Mg  -0.60062383E-02     -3.76897145
    35   12 Mg  -0.60062401E-02     -3.76897256
    36   12 Mg  -0.60062327E-02     -3.76896795
    37   12 Mg  -0.60168305E-02     -3.77561815
    38   12 Mg  -0.60168325E-02     -3.77561939
    39   12 Mg  -0.60168399E-02     -3.77562402
    40   12 Mg  -0.60577350E-02     -3.80128608
    41   12 Mg  -0.60577506E-02     -3.80129589
    42   12 Mg  -0.60577481E-02     -3.80129430
    43   12 Mg  -0.60577410E-02     -3.80128984
    44   12 Mg  -0.60577569E-02     -3.80129987
    45   12 Mg  -0.60577431E-02     -3.80129121
    46   12 Mg  -0.60566348E-02     -3.80059572
    47   12 Mg  -0.61029973E-02     -3.82968865
    48   12 Mg  -0.61030010E-02     -3.82969095
    49   12 Mg  -0.61030127E-02     -3.82969830
    50   12 Mg  -0.60420707E-02     -3.79145662
    51   12 Mg  -0.60239423E-02     -3.78008086
    52   12 Mg  -0.60239838E-02     -3.78010692
    53   12 Mg  -0.60239217E-02     -3.78006794
    54   12 Mg  -0.60239299E-02     -3.78007307
    55   12 Mg  -0.60239263E-02     -3.78007082
    56   12 Mg  -0.60239410E-02     -3.78008004
    57   12 Mg  -0.60238769E-02     -3.78003982
    58   12 Mg  -0.60238253E-02     -3.78000747
    59   12 Mg  -0.60238252E-02     -3.78000739
    60   12 Mg  -0.60238482E-02     -3.78002179
    61   12 Mg  -0.60234861E-02     -3.77979461
    62   12 Mg  -0.60238797E-02     -3.78004160
    63   12 Mg  -0.60273150E-02     -3.78219725
    64   12 Mg  -0.60273305E-02     -3.78220702
    65   12 Mg  -0.60272968E-02     -3.78218585
    66   12 Mg  -0.60245706E-02     -3.78047512
    67   12 Mg  -0.60245998E-02     -3.78049348
    68   12 Mg  -0.60246179E-02     -3.78050480
    69   12 Mg  -0.60403388E-02     -3.79036979
    70   12 Mg  -0.60407570E-02     -3.79063227
    71   12 Mg  -0.60407114E-02     -3.79060361
    72   12 Mg  -0.60473462E-02     -3.79476704
    73   12 Mg  -0.60469420E-02     -3.79451342
    74   12 Mg  -0.60473504E-02     -3.79476968
    75   12 Mg  -0.60377773E-02     -3.78876246
    76   12 Mg  -0.60321948E-02     -3.78525937
    77   12 Mg  -0.60314440E-02     -3.78478822
    78   12 Mg  -0.60385509E-02     -3.78924792
    79   12 Mg  -0.60393265E-02     -3.78973459
    80   12 Mg  -0.60244543E-02     -3.78040216
    81   12 Mg  -0.60244225E-02     -3.78038220
    82   12 Mg  -0.60357023E-02     -3.78746037
    83   12 Mg  -0.60396798E-02     -3.78995629
    84   12 Mg  -0.60389254E-02     -3.78948287
    85   12 Mg  -0.60164892E-02     -3.77540399
    86   12 Mg  -0.60216421E-02     -3.77863749
    87   12 Mg  -0.60223831E-02     -3.77910247
    88   12 Mg  -0.60400484E-02     -3.79018758
    89   12 Mg  -0.60393368E-02     -3.78974107
    90   12 Mg  -0.60165050E-02     -3.77541388
    91   12 Mg  -0.60164926E-02     -3.77540613
    92   12 Mg  -0.60244534E-02     -3.78040159
    93   12 Mg  -0.60240554E-02     -3.78015185
    94   12 Mg  -0.60318176E-02     -3.78502269
    95   12 Mg  -0.60377656E-02     -3.78875513
    96   12 Mg  -0.60377639E-02     -3.78875405
    97   12 Mg  -0.60220312E-02     -3.77888166
    98   12 Mg  -0.60248315E-02     -3.78063886
    99   12 Mg  -0.60244395E-02     -3.78039289
   100   12 Mg  -0.60473761E-02     -3.79478579
   101   12 Mg  -0.60469723E-02     -3.79453241
   102   12 Mg  -0.60473803E-02     -3.79478843
   103   12 Mg  -0.60403498E-02     -3.79037671
   104   12 Mg  -0.60407681E-02     -3.79063919
   105   12 Mg  -0.60407224E-02     -3.79061053
   106   12 Mg  -0.60245800E-02     -3.78048104
   107   12 Mg  -0.60246093E-02     -3.78049940
   108   12 Mg  -0.60246273E-02     -3.78051072
   109   12 Mg  -0.60272992E-02     -3.78218737
   110   12 Mg  -0.60273148E-02     -3.78219713
   111   12 Mg  -0.60272811E-02     -3.78217597
   112   12 Mg  -0.60238829E-02     -3.78004360
   113   12 Mg  -0.60238314E-02     -3.78001124
   114   12 Mg  -0.60238312E-02     -3.78001116
   115   12 Mg  -0.60238542E-02     -3.78002557
   116   12 Mg  -0.60234921E-02     -3.77979838
   117   12 Mg  -0.60238857E-02     -3.78004537
   118   12 Mg  -0.60239391E-02     -3.78007886
   119   12 Mg  -0.60239806E-02     -3.78010492
   120   12 Mg  -0.60239185E-02     -3.78006593
   121   12 Mg  -0.60239267E-02     -3.78007107
   122   12 Mg  -0.60239231E-02     -3.78006882
   123   12 Mg  -0.60239378E-02     -3.78007803
   124   12 Mg  -0.60420723E-02     -3.79145762
   125   12 Mg  -0.61034583E-02     -3.82997789
   126   12 Mg  -0.61034619E-02     -3.82998019
   127   12 Mg  -0.61034736E-02     -3.82998753
   128   12 Mg  -0.60567238E-02     -3.80065159
   129   12 Mg  -0.60581809E-02     -3.80156593
   130   12 Mg  -0.60581966E-02     -3.80157574
   131   12 Mg  -0.60581940E-02     -3.80157415
   132   12 Mg  -0.60581869E-02     -3.80156969
   133   12 Mg  -0.60582029E-02     -3.80157972
   134   12 Mg  -0.60581891E-02     -3.80157106
   135   12 Mg  -0.60168322E-02     -3.77561918
   136   12 Mg  -0.60168341E-02     -3.77562042
   137   12 Mg  -0.60168415E-02     -3.77562505
   138   12 Mg  -0.60062577E-02     -3.76898363
   139   12 Mg  -0.60062595E-02     -3.76898474
   140   12 Mg  -0.60062522E-02     -3.76898013
   141   12 Mg  -0.60191059E-02     -3.77704596
   142   12 Mg  -0.60190796E-02     -3.77702949
   143   12 Mg  -0.60190980E-02     -3.77704103
   144   12 Mg  -0.60190845E-02     -3.77703253
   145   12 Mg  -0.60191137E-02     -3.77705089
   146   12 Mg  -0.60191147E-02     -3.77705148
   147   12 Mg  -0.60827648E-02     -3.81699254
   148   12 Mg  -0.60827895E-02     -3.81700807
   149   12 Mg  -0.60827779E-02     -3.81700075
   150    4 Be  -0.40146326E-02     -2.51921998
--------------------------------------------------

Dispersion energy:      -9.0336392405721E-01 Eh

[Info] Dispersion energy written to .EDISP
