-----------------------------------
 s i m p l e   D F T - D 3  v1.2.1
-----------------------------------

Zero (Chai-Head-Gordon) damping: pbe-D3(0)
--------------------
  s6         1.0000
  s8         0.7220
  s9         0.0000
 rs6         1.2170
 rs8         1.0000
 alp        14.0000
--------------------

Atomic radii (in Angstrom):
-------------------------------------------
   Z          R(cov)     R(vdw)      r4/r2
-------------------------------------------
  12 Mg       1.6667     1.7420     2.8909
   4 Be       1.2533     1.5491     2.0393
-------------------------------------------

Atomic reference systems (in atomic units):
----------------------------------------------------------------------------
   Z        #      CN    C6(AA)   #      CN    C6(AA)   #      CN    C6(AA)
----------------------------------------------------------------------------
  12 Mg     1  0.0000  683.3758   2  0.9628  451.2708   3  1.9496  175.5616
   4 Be     1  0.0000  257.4863   2  0.9808  135.8445   3  1.9697   55.1364
----------------------------------------------------------------------------

Dispersion properties (in atomic units):
--------------------------------------------------------
     #    Z                CN       C6(AA)       C8(AA)
--------------------------------------------------------
     1   12 Mg         0.0018     677.1413   60625.6669
     2   12 Mg         0.0018     677.1413   60625.6669
     3   12 Mg         0.0018     677.1413   60625.6669
     4   12 Mg         0.0018     677.1413   60625.6669
     5   12 Mg         0.0018     677.1424   60625.7692
     6   12 Mg         0.0018     677.1424   60625.7692
     7   12 Mg         0.0018     677.1425   60625.7740
     8   12 Mg         0.0018     677.1426   60625.7898
     9   12 Mg         0.0017     677.1428   60625.8077
    10   12 Mg         0.0017     677.1428   60625.8077
    11   12 Mg         0.0018     677.1425   60625.7740
    12   12 Mg         0.0018     677.1425   60625.7740
    13   12 Mg         0.0018     677.1427   60625.7915
    14   12 Mg         0.0018     677.1427   60625.7915
    15   12 Mg         0.0017     677.1428   60625.8077
    16   12 Mg         0.0017     677.1428   60625.8077
    17   12 Mg         0.0018     677.1424   60625.7692
    18   12 Mg         0.0018     677.1427   60625.7915
    19   12 Mg         0.0018     677.1426   60625.7898
    20   12 Mg         0.0018     677.1426   60625.7898
    21   12 Mg         0.0018     677.1413   60625.6669
    22   12 Mg         0.0018     677.1413   60625.6669
    23   12 Mg         0.0017     677.1428   60625.8077
    24   12 Mg         0.0017     677.1428   60625.8077
    25   12 Mg         0.0018     677.1416   60625.6956
    26   12 Mg         0.0018     677.1416   60625.6956
    27   12 Mg         0.0018     677.1416   60625.6956
    28   12 Mg         0.0018     677.1426   60625.7818
    29   12 Mg         0.0018     677.1426   60625.7818
    30   12 Mg         0.0018     677.1426   60625.7818
    31   12 Mg         0.0018     677.1426   60625.7818
    32   12 Mg         0.0018     677.1426   60625.7818
    33   12 Mg         0.0018     677.1426   60625.7818
    34   12 Mg         0.0018     677.1427   60625.7976
    35   12 Mg         0.0018     677.1427   60625.7976
    36   12 Mg         0.0018     677.1427   60625.7976
    37   12 Mg         0.0018     677.1426   60625.7811
    38   12 Mg         0.0018     677.1426   60625.7811
    39   12 Mg         0.0018     677.1426   60625.7811
    40   12 Mg         0.0018     677.1418   60625.7174
    41   12 Mg         0.0018     677.1418   60625.7173
    42   12 Mg         0.0018     677.1418   60625.7173
    43   12 Mg         0.0018     677.1418   60625.7174
    44   12 Mg         0.0018     677.1418   60625.7173
    45   12 Mg         0.0018     677.1418   60625.7174
    46   12 Mg         0.0018     677.1419   60625.7198
    47   12 Mg         0.0018     677.1411   60625.6539
    48   12 Mg         0.0018     677.1411   60625.6539
    49   12 Mg         0.0018     677.1411   60625.6539
    50   12 Mg         0.0018     677.1422   60625.7462
    51   12 Mg         0.0018     677.1424   60625.7718
    52   12 Mg         0.0018     677.1424   60625.7718
    53   12 Mg         0.0018     677.1424   60625.7718
    54   12 Mg         0.0018     677.1424   60625.7718
    55   12 Mg         0.0018     677.1424   60625.7718
    56   12 Mg         0.0018     677.1424   60625.7718
    57   12 Mg         0.0018     677.1424   60625.7717
    58   12 Mg         0.0018     677.1424   60625.7717
    59   12 Mg         0.0018     677.1424   60625.7717
    60   12 Mg         0.0018     677.1424   60625.7717
    61   12 Mg         0.0018     677.1425   60625.7723
    62   12 Mg         0.0018     677.1424   60625.7717
    63   12 Mg         0.0018     677.1423   60625.7630
    64   12 Mg         0.0018     677.1423   60625.7629
    65   12 Mg         0.0018     677.1423   60625.7630
    66   12 Mg         0.0018     677.1424   60625.7675
    67   12 Mg         0.0018     677.1424   60625.7675
    68   12 Mg         0.0018     677.1424   60625.7674
    69   12 Mg         0.0018     677.1422   60625.7467
    70   12 Mg         0.0018     677.1422   60625.7461
    71   12 Mg         0.0018     677.1422   60625.7462
    72   12 Mg         0.0018     677.1420   60625.7359
    73   12 Mg         0.0018     677.1421   60625.7366
    74   12 Mg         0.0018     677.1420   60625.7359
    75   12 Mg         0.0018     677.1422   60625.7496
    76   12 Mg         0.0018     677.1423   60625.7586
    77   12 Mg         0.0018     677.1423   60625.7597
    78   12 Mg         0.0018     677.1422   60625.7476
    79   12 Mg         0.0018     677.1422   60625.7464
    80   12 Mg         0.0018     677.1424   60625.7705
    81   12 Mg         0.0018     677.1424   60625.7705
    82   12 Mg         0.0018     677.1422   60625.7532
    83   12 Mg         0.0018     677.1422   60625.7459
    84   12 Mg         0.0018     677.1422   60625.7470
    85   12 Mg         0.0018     677.1426   60625.7820
    86   12 Mg         0.0018     677.1425   60625.7742
    87   12 Mg         0.0018     677.1425   60625.7731
    88   12 Mg         0.0018     677.1422   60625.7453
    89   12 Mg         0.0018     677.1422   60625.7464
    90   12 Mg         0.0018     677.1426   60625.7820
    91   12 Mg         0.0018     677.1426   60625.7820
    92   12 Mg         0.0018     677.1424   60625.7705
    93   12 Mg         0.0018     677.1424   60625.7711
    94   12 Mg         0.0018     677.1423   60625.7591
    95   12 Mg         0.0018     677.1422   60625.7496
    96   12 Mg         0.0018     677.1422   60625.7496
    97   12 Mg         0.0018     677.1425   60625.7736
    98   12 Mg         0.0018     677.1424   60625.7699
    99   12 Mg         0.0018     677.1424   60625.7705
   100   12 Mg         0.0018     677.1420   60625.7359
   101   12 Mg         0.0018     677.1421   60625.7365
   102   12 Mg         0.0018     677.1420   60625.7359
   103   12 Mg         0.0018     677.1422   60625.7467
   104   12 Mg         0.0018     677.1422   60625.7461
   105   12 Mg         0.0018     677.1422   60625.7462
   106   12 Mg         0.0018     677.1424   60625.7675
   107   12 Mg         0.0018     677.1424   60625.7675
   108   12 Mg         0.0018     677.1424   60625.7674
   109   12 Mg         0.0018     677.1423   60625.7630
   110   12 Mg         0.0018     677.1423   60625.7630
   111   12 Mg         0.0018     677.1423   60625.7630
   112   12 Mg         0.0018     677.1424   60625.7717
   113   12 Mg         0.0018     677.1424   60625.7717
   114   12 Mg         0.0018     677.1424   60625.7717
   115   12 Mg         0.0018     677.1424   60625.7717
   116   12 Mg         0.0018     677.1425   60625.7723
   117   12 Mg         0.0018     677.1424   60625.7717
   118   12 Mg         0.0018     677.1424   60625.7718
   119   12 Mg         0.0018     677.1424   60625.7718
   120   12 Mg         0.0018     677.1424   60625.7718
   121   12 Mg         0.0018     677.1424   60625.7718
   122   12 Mg         0.0018     677.1424   60625.7718
   123   12 Mg         0.0018     677.1424   60625.7718
   124   12 Mg         0.0018     677.1422   60625.7462
   125   12 Mg         0.0018     677.1411   60625.6532
   126   12 Mg         0.0018     677.1411   60625.6532
   127   12 Mg         0.0018     677.1411   60625.6532
   128   12 Mg         0.0018     677.1419   60625.7197
   129   12 Mg         0.0018     677.1418   60625.7167
   130   12 Mg         0.0018     677.1418   60625.7167
   131   12 Mg         0.0018     677.1418   60625.7167
   132   12 Mg         0.0018     677.1418   60625.7167
   133   12 Mg         0.0018     677.1418   60625.7167
   134   12 Mg         0.0018     677.1418   60625.7167
   135   12 Mg         0.0018     677.1426   60625.7811
   136   12 Mg         0.0018     677.1426   60625.7811
   137   12 Mg         0.0018     677.1426   60625.7811
   138   12 Mg         0.0018     677.1427   60625.7976
   139   12 Mg         0.0018     677.1427   60625.7976
   140   12 Mg         0.0018     677.1427   60625.7976
   141   12 Mg         0.0018     677.1426   60625.7818
   142   12 Mg         0.0018     677.1426   60625.7818
   143   12 Mg         0.0018     677.1426   60625.7818
   144   12 Mg         0.0018     677.1426   60625.7818
   145   12 Mg         0.0018     677.1426   60625.7818
   146   12 Mg         0.0018     677.1426   60625.7818
   147   12 Mg         0.0018     677.1416   60625.6956
   148   12 Mg         0.0018     677.1416   60625.6956
   149   12 Mg         0.0018     677.1416   60625.6956
   150    4 Be         0.0009     254.5034   11339.4263
--------------------------------------------------------

Atom-resolved dispersion energies:
--------------------------------------------------
     #    Z           [Hartree]      [kcal/mol]
--------------------------------------------------
     1   12 Mg  -0.70324899E-03     -0.44129540
     2   12 Mg  -0.70324837E-03     -0.44129501
     3   12 Mg  -0.70324617E-03     -0.44129364
     4   12 Mg  -0.70324728E-03     -0.44129433
     5   12 Mg  -0.68829822E-03     -0.43191365
     6   12 Mg  -0.68829584E-03     -0.43191216
     7   12 Mg  -0.68743658E-03     -0.43137297
     8   12 Mg  -0.68634816E-03     -0.43068997
     9   12 Mg  -0.68465449E-03     -0.42962718
    10   12 Mg  -0.68465042E-03     -0.42962462
    11   12 Mg  -0.68743447E-03     -0.43137164
    12   12 Mg  -0.68743833E-03     -0.43137406
    13   12 Mg  -0.68573684E-03     -0.43030636
    14   12 Mg  -0.68573613E-03     -0.43030592
    15   12 Mg  -0.68465193E-03     -0.42962557
    16   12 Mg  -0.68465283E-03     -0.42962614
    17   12 Mg  -0.68829978E-03     -0.43191463
    18   12 Mg  -0.68573909E-03     -0.43030778
    19   12 Mg  -0.68634698E-03     -0.43068923
    20   12 Mg  -0.68634695E-03     -0.43068922
    21   12 Mg  -0.70325023E-03     -0.44129618
    22   12 Mg  -0.70325223E-03     -0.44129743
    23   12 Mg  -0.68465461E-03     -0.42962725
    24   12 Mg  -0.68465297E-03     -0.42962623
    25   12 Mg  -0.70082762E-03     -0.43977597
    26   12 Mg  -0.70083085E-03     -0.43977800
    27   12 Mg  -0.70082917E-03     -0.43977695
    28   12 Mg  -0.68709321E-03     -0.43115750
    29   12 Mg  -0.68708967E-03     -0.43115528
    30   12 Mg  -0.68709204E-03     -0.43115677
    31   12 Mg  -0.68709031E-03     -0.43115568
    32   12 Mg  -0.68709429E-03     -0.43115818
    33   12 Mg  -0.68709434E-03     -0.43115821
    34   12 Mg  -0.68527582E-03     -0.43001707
    35   12 Mg  -0.68527604E-03     -0.43001721
    36   12 Mg  -0.68527507E-03     -0.43001660
    37   12 Mg  -0.68673721E-03     -0.43093410
    38   12 Mg  -0.68673747E-03     -0.43093427
    39   12 Mg  -0.68673841E-03     -0.43093486
    40   12 Mg  -0.69229749E-03     -0.43442323
    41   12 Mg  -0.69229955E-03     -0.43442453
    42   12 Mg  -0.69229923E-03     -0.43442433
    43   12 Mg  -0.69229820E-03     -0.43442368
    44   12 Mg  -0.69230039E-03     -0.43442505
    45   12 Mg  -0.69229844E-03     -0.43442383
    46   12 Mg  -0.69210741E-03     -0.43430396
    47   12 Mg  -0.69869764E-03     -0.43843939
    48   12 Mg  -0.69869816E-03     -0.43843972
    49   12 Mg  -0.69869970E-03     -0.43844068
    50   12 Mg  -0.69025018E-03     -0.43313852
    51   12 Mg  -0.68784061E-03     -0.43162650
    52   12 Mg  -0.68784499E-03     -0.43162925
    53   12 Mg  -0.68783758E-03     -0.43162460
    54   12 Mg  -0.68783892E-03     -0.43162544
    55   12 Mg  -0.68783845E-03     -0.43162514
    56   12 Mg  -0.68784026E-03     -0.43162628
    57   12 Mg  -0.68760768E-03     -0.43148034
    58   12 Mg  -0.68760203E-03     -0.43147679
    59   12 Mg  -0.68760199E-03     -0.43147676
    60   12 Mg  -0.68760364E-03     -0.43147780
    61   12 Mg  -0.68755501E-03     -0.43144728
    62   12 Mg  -0.68760785E-03     -0.43148044
    63   12 Mg  -0.68823719E-03     -0.43187536
    64   12 Mg  -0.68823921E-03     -0.43187663
    65   12 Mg  -0.68823472E-03     -0.43187381
    66   12 Mg  -0.68783487E-03     -0.43162290
    67   12 Mg  -0.68783859E-03     -0.43162523
    68   12 Mg  -0.68784114E-03     -0.43162683
    69   12 Mg  -0.68981888E-03     -0.43286788
    70   12 Mg  -0.68987418E-03     -0.43290258
    71   12 Mg  -0.68986945E-03     -0.43289962
    72   12 Mg  -0.69077803E-03     -0.43346976
    73   12 Mg  -0.69072368E-03     -0.43343565
    74   12 Mg  -0.69077861E-03     -0.43347012
    75   12 Mg  -0.68955777E-03     -0.43270404
    76   12 Mg  -0.68877806E-03     -0.43221476
    77   12 Mg  -0.68867679E-03     -0.43215121
    78   12 Mg  -0.68966307E-03     -0.43277011
    79   12 Mg  -0.68976786E-03     -0.43283587
    80   12 Mg  -0.68772142E-03     -0.43155171
    81   12 Mg  -0.68771656E-03     -0.43154865
    82   12 Mg  -0.68920263E-03     -0.43248118
    83   12 Mg  -0.68981562E-03     -0.43286584
    84   12 Mg  -0.68971403E-03     -0.43280209
    85   12 Mg  -0.68663752E-03     -0.43087155
    86   12 Mg  -0.68734772E-03     -0.43131721
    87   12 Mg  -0.68744840E-03     -0.43138038
    88   12 Mg  -0.68986569E-03     -0.43289725
    89   12 Mg  -0.68976899E-03     -0.43283657
    90   12 Mg  -0.68663956E-03     -0.43087283
    91   12 Mg  -0.68663817E-03     -0.43087196
    92   12 Mg  -0.68772069E-03     -0.43155125
    93   12 Mg  -0.68766693E-03     -0.43151751
    94   12 Mg  -0.68872707E-03     -0.43218276
    95   12 Mg  -0.68955617E-03     -0.43270303
    96   12 Mg  -0.68955571E-03     -0.43270274
    97   12 Mg  -0.68740056E-03     -0.43135036
    98   12 Mg  -0.68777242E-03     -0.43158371
    99   12 Mg  -0.68771933E-03     -0.43155040
   100   12 Mg  -0.69078227E-03     -0.43347242
   101   12 Mg  -0.69072800E-03     -0.43343836
   102   12 Mg  -0.69078285E-03     -0.43347278
   103   12 Mg  -0.68982019E-03     -0.43286870
   104   12 Mg  -0.68987549E-03     -0.43290340
   105   12 Mg  -0.68987076E-03     -0.43290044
   106   12 Mg  -0.68783617E-03     -0.43162371
   107   12 Mg  -0.68783989E-03     -0.43162605
   108   12 Mg  -0.68784243E-03     -0.43162764
   109   12 Mg  -0.68823503E-03     -0.43187400
   110   12 Mg  -0.68823705E-03     -0.43187527
   111   12 Mg  -0.68823256E-03     -0.43187245
   112   12 Mg  -0.68760843E-03     -0.43148080
   113   12 Mg  -0.68760277E-03     -0.43147725
   114   12 Mg  -0.68760274E-03     -0.43147723
   115   12 Mg  -0.68760439E-03     -0.43147827
   116   12 Mg  -0.68755576E-03     -0.43144775
   117   12 Mg  -0.68760860E-03     -0.43148091
   118   12 Mg  -0.68784010E-03     -0.43162618
   119   12 Mg  -0.68784448E-03     -0.43162893
   120   12 Mg  -0.68783707E-03     -0.43162428
   121   12 Mg  -0.68783841E-03     -0.43162512
   122   12 Mg  -0.68783794E-03     -0.43162483
   123   12 Mg  -0.68783975E-03     -0.43162596
   124   12 Mg  -0.69025037E-03     -0.43313865
   125   12 Mg  -0.69876101E-03     -0.43847916
   126   12 Mg  -0.69876154E-03     -0.43847949
   127   12 Mg  -0.69876307E-03     -0.43848045
   128   12 Mg  -0.69211713E-03     -0.43431006
   129   12 Mg  -0.69235753E-03     -0.43446091
   130   12 Mg  -0.69235960E-03     -0.43446221
   131   12 Mg  -0.69235928E-03     -0.43446201
   132   12 Mg  -0.69235825E-03     -0.43446136
   133   12 Mg  -0.69236043E-03     -0.43446273
   134   12 Mg  -0.69235848E-03     -0.43446151
   135   12 Mg  -0.68673719E-03     -0.43093410
   136   12 Mg  -0.68673746E-03     -0.43093426
   137   12 Mg  -0.68673839E-03     -0.43093485
   138   12 Mg  -0.68527844E-03     -0.43001871
   139   12 Mg  -0.68527866E-03     -0.43001885
   140   12 Mg  -0.68527769E-03     -0.43001824
   141   12 Mg  -0.68709542E-03     -0.43115889
   142   12 Mg  -0.68709189E-03     -0.43115667
   143   12 Mg  -0.68709426E-03     -0.43115816
   144   12 Mg  -0.68709252E-03     -0.43115707
   145   12 Mg  -0.68709651E-03     -0.43115957
   146   12 Mg  -0.68709656E-03     -0.43115960
   147   12 Mg  -0.70082885E-03     -0.43977674
   148   12 Mg  -0.70083208E-03     -0.43977877
   149   12 Mg  -0.70083040E-03     -0.43977772
   150    4 Be  -0.46701715E-03     -0.29305768
--------------------------------------------------

Dispersion energy:      -1.0324159539115E-01 Eh

[Info] Dispersion energy written to .EDISP
