-----------------------------------
 s i m p l e   D F T - D 3  v1.2.1
-----------------------------------

Zero (Chai-Head-Gordon) damping: pbe-D3(0)
--------------------
  s6         1.0000
  s8         0.7220
  s9         0.0000
 rs6         1.2170
 rs8         1.0000
 alp        14.0000
--------------------

Atomic radii (in Angstrom):
-------------------------------------------
   Z          R(cov)     R(vdw)      r4/r2
-------------------------------------------
  12 Mg       1.6667     1.7420     2.8909
   4 Be       1.2533     1.5491     2.0393
-------------------------------------------

Atomic reference systems (in atomic units):
----------------------------------------------------------------------------
   Z        #      CN    C6(AA)   #      CN    C6(AA)   #      CN    C6(AA)
----------------------------------------------------------------------------
  12 Mg     1  0.0000  683.3758   2  0.9628  451.2708   3  1.9496  175.5616
   4 Be     1  0.0000  257.4863   2  0.9808  135.8445   3  1.9697   55.1364
----------------------------------------------------------------------------

Dispersion properties (in atomic units):
--------------------------------------------------------
     #    Z                CN       C6(AA)       C8(AA)
--------------------------------------------------------
     1   12 Mg         0.2283     651.6702   58345.1933
     2   12 Mg         0.2283     651.6702   58345.1970
     3   12 Mg         0.2283     651.6706   58345.2277
     4   12 Mg         0.2283     651.6704   58345.2128
     5   12 Mg         0.2188     653.6193   58519.7041
     6   12 Mg         0.2188     653.6196   58519.7325
     7   12 Mg         0.2184     653.7009   58527.0067
     8   12 Mg         0.2180     653.7750   58533.6449
     9   12 Mg         0.2169     654.0053   58554.2585
    10   12 Mg         0.2169     654.0058   58554.3070
    11   12 Mg         0.2184     653.7012   58527.0332
    12   12 Mg         0.2184     653.7007   58526.9870
    13   12 Mg         0.2177     653.8372   58539.2140
    14   12 Mg         0.2177     653.8373   58539.2216
    15   12 Mg         0.2169     654.0056   58554.2893
    16   12 Mg         0.2169     654.0055   58554.2800
    17   12 Mg         0.2188     653.6191   58519.6873
    18   12 Mg         0.2177     653.8369   58539.1868
    19   12 Mg         0.2180     653.7752   58533.6621
    20   12 Mg         0.2180     653.7752   58533.6624
    21   12 Mg         0.2283     651.6699   58345.1709
    22   12 Mg         0.2283     651.6696   58345.1452
    23   12 Mg         0.2169     654.0053   58554.2581
    24   12 Mg         0.2169     654.0055   58554.2766
    25   12 Mg         0.2264     652.0627   58380.3377
    26   12 Mg         0.2264     652.0623   58380.2971
    27   12 Mg         0.2264     652.0625   58380.3205
    28   12 Mg         0.2183     653.7157   58528.3334
    29   12 Mg         0.2183     653.7162   58528.3761
    30   12 Mg         0.2183     653.7159   58528.3520
    31   12 Mg         0.2183     653.7161   58528.3680
    32   12 Mg         0.2183     653.7156   58528.3212
    33   12 Mg         0.2183     653.7156   58528.3238
    34   12 Mg         0.2172     653.9415   58548.5511
    35   12 Mg         0.2172     653.9415   58548.5501
    36   12 Mg         0.2172     653.9416   58548.5600
    37   12 Mg         0.2182     653.7477   58531.1986
    38   12 Mg         0.2182     653.7477   58531.1984
    39   12 Mg         0.2182     653.7476   58531.1886
    40   12 Mg         0.2218     653.0094   58465.0988
    41   12 Mg         0.2218     653.0092   58465.0787
    42   12 Mg         0.2218     653.0092   58465.0795
    43   12 Mg         0.2218     653.0094   58465.0976
    44   12 Mg         0.2218     653.0091   58465.0691
    45   12 Mg         0.2218     653.0094   58465.0977
    46   12 Mg         0.2216     653.0529   58468.9925
    47   12 Mg         0.2263     652.1009   58383.7532
    48   12 Mg         0.2263     652.1008   58383.7498
    49   12 Mg         0.2263     652.1006   58383.7315
    50   12 Mg         0.2205     653.2861   58489.8731
    51   12 Mg         0.2190     653.5920   58517.2553
    52   12 Mg         0.2190     653.5919   58517.2529
    53   12 Mg         0.2190     653.5925   58517.3066
    54   12 Mg         0.2190     653.5922   58517.2754
    55   12 Mg         0.2190     653.5923   58517.2826
    56   12 Mg         0.2190     653.5921   58517.2711
    57   12 Mg         0.2186     653.6660   58523.8802
    58   12 Mg         0.2186     653.6661   58523.8955
    59   12 Mg         0.2186     653.6661   58523.8956
    60   12 Mg         0.2186     653.6666   58523.9374
    61   12 Mg         0.2186     653.6728   58524.4909
    62   12 Mg         0.2186     653.6661   58523.8914
    63   12 Mg         0.2193     653.5149   58510.3545
    64   12 Mg         0.2193     653.5147   58510.3346
    65   12 Mg         0.2193     653.5152   58510.3827
    66   12 Mg         0.2190     653.5764   58515.8659
    67   12 Mg         0.2190     653.5761   58515.8362
    68   12 Mg         0.2190     653.5757   58515.8003
    69   12 Mg         0.2200     653.3869   58498.8917
    70   12 Mg         0.2200     653.3801   58498.2875
    71   12 Mg         0.2200     653.3801   58498.2834
    72   12 Mg         0.2206     653.2542   58487.0107
    73   12 Mg         0.2206     653.2611   58487.6329
    74   12 Mg         0.2206     653.2541   58487.0023
    75   12 Mg         0.2200     653.3882   58499.0077
    76   12 Mg         0.2194     653.5023   58509.2315
    77   12 Mg         0.2193     653.5155   58510.4077
    78   12 Mg         0.2201     653.3684   58497.2391
    79   12 Mg         0.2201     653.3547   58496.0082
    80   12 Mg         0.2187     653.6373   58521.3118
    81   12 Mg         0.2187     653.6383   58521.4003
    82   12 Mg         0.2196     653.4568   58505.1511
    83   12 Mg         0.2202     653.3485   58495.4534
    84   12 Mg         0.2201     653.3615   58496.6228
    85   12 Mg         0.2181     653.7698   58533.1749
    86   12 Mg         0.2185     653.6779   58524.9525
    87   12 Mg         0.2186     653.6648   58523.7730
    88   12 Mg         0.2202     653.3417   58494.8500
    89   12 Mg         0.2201     653.3545   58495.9968
    90   12 Mg         0.2181     653.7696   58533.1562
    91   12 Mg         0.2181     653.7696   58533.1580
    92   12 Mg         0.2187     653.6377   58521.3534
    93   12 Mg         0.2187     653.6447   58521.9725
    94   12 Mg         0.2194     653.5090   58509.8303
    95   12 Mg         0.2200     653.3884   58499.0262
    96   12 Mg         0.2200     653.3886   58499.0438
    97   12 Mg         0.2186     653.6710   58524.3321
    98   12 Mg         0.2188     653.6307   58520.7240
    99   12 Mg         0.2187     653.6376   58521.3401
   100   12 Mg         0.2206     653.2537   58486.9677
   101   12 Mg         0.2206     653.2606   58487.5882
   102   12 Mg         0.2206     653.2536   58486.9594
   103   12 Mg         0.2200     653.3868   58498.8883
   104   12 Mg         0.2200     653.3801   58498.2841
   105   12 Mg         0.2200     653.3800   58498.2800
   106   12 Mg         0.2190     653.5763   58515.8510
   107   12 Mg         0.2190     653.5760   58515.8214
   108   12 Mg         0.2190     653.5756   58515.7855
   109   12 Mg         0.2193     653.5152   58510.3827
   110   12 Mg         0.2193     653.5150   58510.3628
   111   12 Mg         0.2193     653.5155   58510.4109
   112   12 Mg         0.2186     653.6659   58523.8772
   113   12 Mg         0.2186     653.6661   58523.8925
   114   12 Mg         0.2186     653.6661   58523.8926
   115   12 Mg         0.2186     653.6666   58523.9344
   116   12 Mg         0.2186     653.6728   58524.4879
   117   12 Mg         0.2186     653.6661   58523.8884
   118   12 Mg         0.2190     653.5921   58517.2669
   119   12 Mg         0.2190     653.5921   58517.2645
   120   12 Mg         0.2190     653.5927   58517.3182
   121   12 Mg         0.2190     653.5923   58517.2869
   122   12 Mg         0.2190     653.5924   58517.2942
   123   12 Mg         0.2190     653.5923   58517.2827
   124   12 Mg         0.2205     653.2861   58489.8729
   125   12 Mg         0.2263     652.0920   58382.9566
   126   12 Mg         0.2263     652.0919   58382.9531
   127   12 Mg         0.2263     652.0917   58382.9348
   128   12 Mg         0.2216     653.0526   58468.9688
   129   12 Mg         0.2219     653.0016   58464.3948
   130   12 Mg         0.2219     653.0013   58464.3746
   131   12 Mg         0.2219     653.0013   58464.3754
   132   12 Mg         0.2219     653.0015   58464.3935
   133   12 Mg         0.2219     653.0012   58464.3650
   134   12 Mg         0.2219     653.0015   58464.3936
   135   12 Mg         0.2182     653.7479   58531.2121
   136   12 Mg         0.2182     653.7479   58531.2119
   137   12 Mg         0.2182     653.7477   58531.2021
   138   12 Mg         0.2172     653.9412   58548.5221
   139   12 Mg         0.2172     653.9412   58548.5210
   140   12 Mg         0.2172     653.9413   58548.5309
   141   12 Mg         0.2183     653.7158   58528.3388
   142   12 Mg         0.2183     653.7162   58528.3815
   143   12 Mg         0.2183     653.7160   58528.3574
   144   12 Mg         0.2183     653.7161   58528.3734
   145   12 Mg         0.2183     653.7156   58528.3266
   146   12 Mg         0.2183     653.7157   58528.3292
   147   12 Mg         0.2264     652.0627   58380.3353
   148   12 Mg         0.2264     652.0622   58380.2946
   149   12 Mg         0.2264     652.0625   58380.3180
   150    4 Be         0.0706     252.4207   11246.6299
--------------------------------------------------------

Atom-resolved dispersion energies:
--------------------------------------------------
     #    Z           [Hartree]      [kcal/mol]
--------------------------------------------------
     1   12 Mg  -0.14669374E-01     -9.20517122
     2   12 Mg  -0.14669363E-01     -9.20516404
     3   12 Mg  -0.14669348E-01     -9.20515480
     4   12 Mg  -0.14669354E-01     -9.20515866
     5   12 Mg  -0.14663583E-01     -9.20153745
     6   12 Mg  -0.14663561E-01     -9.20152317
     7   12 Mg  -0.14652592E-01     -9.19464032
     8   12 Mg  -0.14634203E-01     -9.18310101
     9   12 Mg  -0.14621298E-01     -9.17500320
    10   12 Mg  -0.14621259E-01     -9.17497851
    11   12 Mg  -0.14652574E-01     -9.19462924
    12   12 Mg  -0.14652612E-01     -9.19465266
    13   12 Mg  -0.14624934E-01     -9.17728459
    14   12 Mg  -0.14624926E-01     -9.17727972
    15   12 Mg  -0.14621272E-01     -9.17498686
    16   12 Mg  -0.14621284E-01     -9.17499438
    17   12 Mg  -0.14663600E-01     -9.20154789
    18   12 Mg  -0.14624954E-01     -9.17729723
    19   12 Mg  -0.14634197E-01     -9.18309726
    20   12 Mg  -0.14634197E-01     -9.18309723
    21   12 Mg  -0.14669382E-01     -9.20517627
    22   12 Mg  -0.14669399E-01     -9.20518696
    23   12 Mg  -0.14621301E-01     -9.17500464
    24   12 Mg  -0.14621284E-01     -9.17499401
    25   12 Mg  -0.14651558E-01     -9.19399154
    26   12 Mg  -0.14651593E-01     -9.19401337
    27   12 Mg  -0.14651579E-01     -9.19400446
    28   12 Mg  -0.14644047E-01     -9.18927854
    29   12 Mg  -0.14644015E-01     -9.18925788
    30   12 Mg  -0.14644042E-01     -9.18927497
    31   12 Mg  -0.14644023E-01     -9.18926341
    32   12 Mg  -0.14644060E-01     -9.18928625
    33   12 Mg  -0.14644064E-01     -9.18928859
    34   12 Mg  -0.14627084E-01     -9.17863369
    35   12 Mg  -0.14627088E-01     -9.17863627
    36   12 Mg  -0.14627077E-01     -9.17862914
    37   12 Mg  -0.14640361E-01     -9.18696530
    38   12 Mg  -0.14640363E-01     -9.18696630
    39   12 Mg  -0.14640376E-01     -9.18697435
    40   12 Mg  -0.14690560E-01     -9.21846589
    41   12 Mg  -0.14690583E-01     -9.21848026
    42   12 Mg  -0.14690578E-01     -9.21847673
    43   12 Mg  -0.14690571E-01     -9.21847251
    44   12 Mg  -0.14690594E-01     -9.21848671
    45   12 Mg  -0.14690577E-01     -9.21847645
    46   12 Mg  -0.14691254E-01     -9.21890100
    47   12 Mg  -0.14738396E-01     -9.24848301
    48   12 Mg  -0.14738402E-01     -9.24848699
    49   12 Mg  -0.14738417E-01     -9.24849607
    50   12 Mg  -0.14670095E-01     -9.20562351
    51   12 Mg  -0.14649433E-01     -9.19265778
    52   12 Mg  -0.14649564E-01     -9.19274046
    53   12 Mg  -0.14649417E-01     -9.19264776
    54   12 Mg  -0.14649415E-01     -9.19264661
    55   12 Mg  -0.14649411E-01     -9.19264403
    56   12 Mg  -0.14649438E-01     -9.19266122
    57   12 Mg  -0.14652950E-01     -9.19486496
    58   12 Mg  -0.14652799E-01     -9.19477038
    59   12 Mg  -0.14652800E-01     -9.19477105
    60   12 Mg  -0.14652916E-01     -9.19484349
    61   12 Mg  -0.14652420E-01     -9.19453229
    62   12 Mg  -0.14652960E-01     -9.19487143
    63   12 Mg  -0.14646946E-01     -9.19109727
    64   12 Mg  -0.14646972E-01     -9.19111360
    65   12 Mg  -0.14646923E-01     -9.19108321
    66   12 Mg  -0.14645089E-01     -9.18993185
    67   12 Mg  -0.14645137E-01     -9.18996251
    68   12 Mg  -0.14645156E-01     -9.18997436
    69   12 Mg  -0.14674896E-01     -9.20863633
    70   12 Mg  -0.14675537E-01     -9.20903853
    71   12 Mg  -0.14675390E-01     -9.20894636
    72   12 Mg  -0.14684041E-01     -9.21437462
    73   12 Mg  -0.14683480E-01     -9.21402312
    74   12 Mg  -0.14684045E-01     -9.21437758
    75   12 Mg  -0.14668734E-01     -9.20476970
    76   12 Mg  -0.14662297E-01     -9.20073041
    77   12 Mg  -0.14661286E-01     -9.20009564
    78   12 Mg  -0.14667251E-01     -9.20383886
    79   12 Mg  -0.14668295E-01     -9.20449377
    80   12 Mg  -0.14652014E-01     -9.19427750
    81   12 Mg  -0.14651994E-01     -9.19426527
    82   12 Mg  -0.14667236E-01     -9.20382986
    83   12 Mg  -0.14668780E-01     -9.20479824
    84   12 Mg  -0.14667744E-01     -9.20414802
    85   12 Mg  -0.14640294E-01     -9.18692302
    86   12 Mg  -0.14647049E-01     -9.19116182
    87   12 Mg  -0.14648042E-01     -9.19178523
    88   12 Mg  -0.14669271E-01     -9.20510671
    89   12 Mg  -0.14668314E-01     -9.20450614
    90   12 Mg  -0.14640318E-01     -9.18693794
    91   12 Mg  -0.14640287E-01     -9.18691871
    92   12 Mg  -0.14652038E-01     -9.19429291
    93   12 Mg  -0.14651493E-01     -9.19395037
    94   12 Mg  -0.14661787E-01     -9.20041048
    95   12 Mg  -0.14668722E-01     -9.20476188
    96   12 Mg  -0.14668731E-01     -9.20476769
    97   12 Mg  -0.14647572E-01     -9.19149003
    98   12 Mg  -0.14652538E-01     -9.19460633
    99   12 Mg  -0.14651998E-01     -9.19426761
   100   12 Mg  -0.14684090E-01     -9.21440585
   101   12 Mg  -0.14683531E-01     -9.21405452
   102   12 Mg  -0.14684095E-01     -9.21440881
   103   12 Mg  -0.14674915E-01     -9.20864848
   104   12 Mg  -0.14675556E-01     -9.20905068
   105   12 Mg  -0.14675410E-01     -9.20895850
   106   12 Mg  -0.14645101E-01     -9.18993937
   107   12 Mg  -0.14645149E-01     -9.18997003
   108   12 Mg  -0.14645168E-01     -9.18998188
   109   12 Mg  -0.14646928E-01     -9.19108607
   110   12 Mg  -0.14646954E-01     -9.19110240
   111   12 Mg  -0.14646906E-01     -9.19107201
   112   12 Mg  -0.14652959E-01     -9.19487079
   113   12 Mg  -0.14652809E-01     -9.19477620
   114   12 Mg  -0.14652810E-01     -9.19477687
   115   12 Mg  -0.14652925E-01     -9.19484931
   116   12 Mg  -0.14652429E-01     -9.19453811
   117   12 Mg  -0.14652970E-01     -9.19487726
   118   12 Mg  -0.14649429E-01     -9.19265520
   119   12 Mg  -0.14649560E-01     -9.19273789
   120   12 Mg  -0.14649413E-01     -9.19264519
   121   12 Mg  -0.14649411E-01     -9.19264403
   122   12 Mg  -0.14649407E-01     -9.19264146
   123   12 Mg  -0.14649434E-01     -9.19265865
   124   12 Mg  -0.14670097E-01     -9.20562484
   125   12 Mg  -0.14739002E-01     -9.24886361
   126   12 Mg  -0.14739009E-01     -9.24886760
   127   12 Mg  -0.14739023E-01     -9.24887667
   128   12 Mg  -0.14691517E-01     -9.21906604
   129   12 Mg  -0.14691166E-01     -9.21884558
   130   12 Mg  -0.14691188E-01     -9.21885995
   131   12 Mg  -0.14691183E-01     -9.21885642
   132   12 Mg  -0.14691176E-01     -9.21885220
   133   12 Mg  -0.14691199E-01     -9.21886641
   134   12 Mg  -0.14691182E-01     -9.21885615
   135   12 Mg  -0.14640374E-01     -9.18697308
   136   12 Mg  -0.14640375E-01     -9.18697408
   137   12 Mg  -0.14640388E-01     -9.18698213
   138   12 Mg  -0.14627111E-01     -9.17865069
   139   12 Mg  -0.14627115E-01     -9.17865327
   140   12 Mg  -0.14627104E-01     -9.17864615
   141   12 Mg  -0.14644127E-01     -9.18932816
   142   12 Mg  -0.14644094E-01     -9.18930750
   143   12 Mg  -0.14644121E-01     -9.18932459
   144   12 Mg  -0.14644102E-01     -9.18931303
   145   12 Mg  -0.14644139E-01     -9.18933587
   146   12 Mg  -0.14644143E-01     -9.18933821
   147   12 Mg  -0.14651580E-01     -9.19400521
   148   12 Mg  -0.14651615E-01     -9.19402705
   149   12 Mg  -0.14651601E-01     -9.19401813
   150    4 Be  -0.95257682E-02     -5.97750979
--------------------------------------------------

Dispersion energy:      -2.1936632803899E+00 Eh

[Info] Dispersion energy written to .EDISP
