-----------------------------------
 s i m p l e   D F T - D 3  v1.2.1
-----------------------------------

Zero (Chai-Head-Gordon) damping: pbe-D3(0)
--------------------
  s6         1.0000
  s8         0.7220
  s9         0.0000
 rs6         1.2170
 rs8         1.0000
 alp        14.0000
--------------------

Atomic radii (in Angstrom):
-------------------------------------------
   Z          R(cov)     R(vdw)      r4/r2
-------------------------------------------
  12 Mg       1.6667     1.7420     2.8909
  30 Zn       1.4533     1.6155     2.6978
-------------------------------------------

Atomic reference systems (in atomic units):
----------------------------------------------------------------------------
   Z        #      CN    C6(AA)   #      CN    C6(AA)   #      CN    C6(AA)
----------------------------------------------------------------------------
  12 Mg     1  0.0000  683.3758   2  0.9628  451.2708   3  1.9496  175.5616
  30 Zn     1  0.0000  340.5213   2  1.9419  153.4528
----------------------------------------------------------------------------

Dispersion properties (in atomic units):
--------------------------------------------------------
     #    Z                CN       C6(AA)       C8(AA)
--------------------------------------------------------
     1   12 Mg        12.6739     175.5616   15718.3434
     2   12 Mg        12.6739     175.5616   15718.3434
     3   12 Mg        12.6739     175.5616   15718.3434
     4   12 Mg        12.6739     175.5616   15718.3434
     5   12 Mg        12.6604     175.5616   15718.3434
     6   12 Mg        12.6604     175.5616   15718.3434
     7   12 Mg        12.6508     175.5616   15718.3434
     8   12 Mg        12.6447     175.5616   15718.3434
     9   12 Mg        12.6490     175.5616   15718.3434
    10   12 Mg        12.6490     175.5616   15718.3434
    11   12 Mg        12.6508     175.5616   15718.3434
    12   12 Mg        12.6508     175.5616   15718.3434
    13   12 Mg        12.6337     175.5616   15718.3434
    14   12 Mg        12.6337     175.5616   15718.3434
    15   12 Mg        12.6490     175.5616   15718.3434
    16   12 Mg        12.6490     175.5616   15718.3434
    17   12 Mg        12.6604     175.5616   15718.3434
    18   12 Mg        12.6337     175.5616   15718.3434
    19   12 Mg        12.6447     175.5616   15718.3434
    20   12 Mg        12.6447     175.5616   15718.3434
    21   12 Mg        12.6739     175.5616   15718.3434
    22   12 Mg        12.6739     175.5616   15718.3434
    23   12 Mg        12.6490     175.5616   15718.3434
    24   12 Mg        12.6490     175.5616   15718.3434
    25   12 Mg        12.6798     175.5616   15718.3434
    26   12 Mg        12.6798     175.5616   15718.3434
    27   12 Mg        12.6798     175.5616   15718.3434
    28   12 Mg        12.6465     175.5616   15718.3434
    29   12 Mg        12.6465     175.5616   15718.3434
    30   12 Mg        12.6465     175.5616   15718.3434
    31   12 Mg        12.6465     175.5616   15718.3434
    32   12 Mg        12.6465     175.5616   15718.3434
    33   12 Mg        12.6465     175.5616   15718.3434
    34   12 Mg        12.6446     175.5616   15718.3434
    35   12 Mg        12.6446     175.5616   15718.3434
    36   12 Mg        12.6446     175.5616   15718.3434
    37   12 Mg        12.6428     175.5616   15718.3434
    38   12 Mg        12.6428     175.5616   15718.3434
    39   12 Mg        12.6428     175.5616   15718.3434
    40   12 Mg        12.6416     175.5616   15718.3434
    41   12 Mg        12.6405     175.5616   15718.3434
    42   12 Mg        12.6405     175.5616   15718.3434
    43   12 Mg        12.6405     175.5616   15718.3434
    44   12 Mg        12.6405     175.5616   15718.3434
    45   12 Mg        12.6405     175.5616   15718.3434
    46   12 Mg        12.6405     175.5616   15718.3434
    47   12 Mg        12.6152     175.5616   15718.3434
    48   12 Mg        12.6152     175.5616   15718.3434
    49   12 Mg        12.6152     175.5616   15718.3434
    50   12 Mg        12.6452     175.5616   15718.3434
    51   12 Mg        12.6456     175.5616   15718.3434
    52   12 Mg        12.6457     175.5616   15718.3434
    53   12 Mg        12.6457     175.5616   15718.3434
    54   12 Mg        12.6457     175.5616   15718.3434
    55   12 Mg        12.6457     175.5616   15718.3434
    56   12 Mg        12.6457     175.5616   15718.3434
    57   12 Mg        12.6486     175.5616   15718.3434
    58   12 Mg        12.6486     175.5616   15718.3434
    59   12 Mg        12.6486     175.5616   15718.3434
    60   12 Mg        12.6486     175.5616   15718.3434
    61   12 Mg        12.6486     175.5616   15718.3434
    62   12 Mg        12.6486     175.5616   15718.3434
    63   12 Mg        12.6303     175.5616   15718.3434
    64   12 Mg        12.6303     175.5616   15718.3434
    65   12 Mg        12.6303     175.5616   15718.3434
    66   12 Mg        12.6486     175.5616   15718.3434
    67   12 Mg        12.6486     175.5616   15718.3434
    68   12 Mg        12.6486     175.5616   15718.3434
    69   12 Mg        12.6313     175.5616   15718.3434
    70   12 Mg        12.6313     175.5616   15718.3434
    71   12 Mg        12.6313     175.5616   15718.3434
    72   12 Mg        12.6515     175.5616   15718.3434
    73   12 Mg        12.6515     175.5616   15718.3434
    74   12 Mg        12.6515     175.5616   15718.3434
    75   12 Mg        12.6498     175.5616   15718.3434
    76   12 Mg        12.6451     175.5616   15718.3434
    77   12 Mg        12.6451     175.5616   15718.3434
    78   12 Mg        12.6392     175.5616   15718.3434
    79   12 Mg        12.6392     175.5616   15718.3434
    80   12 Mg        12.6458     175.5616   15718.3434
    81   12 Mg        12.6457     175.5616   15718.3434
    82   12 Mg        12.6459     175.5616   15718.3434
    83   12 Mg        12.6392     175.5616   15718.3434
    84   12 Mg        12.6392     175.5616   15718.3434
    85   12 Mg        12.6417     175.5616   15718.3434
    86   12 Mg        12.6409     175.5616   15718.3434
    87   12 Mg        12.6409     175.5616   15718.3434
    88   12 Mg        12.6392     175.5616   15718.3434
    89   12 Mg        12.6392     175.5616   15718.3434
    90   12 Mg        12.6417     175.5616   15718.3434
    91   12 Mg        12.6417     175.5616   15718.3434
    92   12 Mg        12.6457     175.5616   15718.3434
    93   12 Mg        12.6458     175.5616   15718.3434
    94   12 Mg        12.6451     175.5616   15718.3434
    95   12 Mg        12.6498     175.5616   15718.3434
    96   12 Mg        12.6498     175.5616   15718.3434
    97   12 Mg        12.6409     175.5616   15718.3434
    98   12 Mg        12.6457     175.5616   15718.3434
    99   12 Mg        12.6458     175.5616   15718.3434
   100   12 Mg        12.6516     175.5616   15718.3434
   101   12 Mg        12.6516     175.5616   15718.3434
   102   12 Mg        12.6516     175.5616   15718.3434
   103   12 Mg        12.6313     175.5616   15718.3434
   104   12 Mg        12.6313     175.5616   15718.3434
   105   12 Mg        12.6313     175.5616   15718.3434
   106   12 Mg        12.6486     175.5616   15718.3434
   107   12 Mg        12.6486     175.5616   15718.3434
   108   12 Mg        12.6486     175.5616   15718.3434
   109   12 Mg        12.6303     175.5616   15718.3434
   110   12 Mg        12.6303     175.5616   15718.3434
   111   12 Mg        12.6303     175.5616   15718.3434
   112   12 Mg        12.6486     175.5616   15718.3434
   113   12 Mg        12.6486     175.5616   15718.3434
   114   12 Mg        12.6486     175.5616   15718.3434
   115   12 Mg        12.6486     175.5616   15718.3434
   116   12 Mg        12.6486     175.5616   15718.3434
   117   12 Mg        12.6486     175.5616   15718.3434
   118   12 Mg        12.6457     175.5616   15718.3434
   119   12 Mg        12.6457     175.5616   15718.3434
   120   12 Mg        12.6457     175.5616   15718.3434
   121   12 Mg        12.6457     175.5616   15718.3434
   122   12 Mg        12.6457     175.5616   15718.3434
   123   12 Mg        12.6457     175.5616   15718.3434
   124   12 Mg        12.6452     175.5616   15718.3434
   125   12 Mg        12.6153     175.5616   15718.3434
   126   12 Mg        12.6153     175.5616   15718.3434
   127   12 Mg        12.6153     175.5616   15718.3434
   128   12 Mg        12.6406     175.5616   15718.3434
   129   12 Mg        12.6406     175.5616   15718.3434
   130   12 Mg        12.6406     175.5616   15718.3434
   131   12 Mg        12.6406     175.5616   15718.3434
   132   12 Mg        12.6406     175.5616   15718.3434
   133   12 Mg        12.6406     175.5616   15718.3434
   134   12 Mg        12.6420     175.5616   15718.3434
   135   12 Mg        12.6428     175.5616   15718.3434
   136   12 Mg        12.6428     175.5616   15718.3434
   137   12 Mg        12.6428     175.5616   15718.3434
   138   12 Mg        12.6446     175.5616   15718.3434
   139   12 Mg        12.6446     175.5616   15718.3434
   140   12 Mg        12.6446     175.5616   15718.3434
   141   12 Mg        12.6466     175.5616   15718.3434
   142   12 Mg        12.6466     175.5616   15718.3434
   143   12 Mg        12.6466     175.5616   15718.3434
   144   12 Mg        12.6466     175.5616   15718.3434
   145   12 Mg        12.6466     175.5616   15718.3434
   146   12 Mg        12.6466     175.5616   15718.3434
   147   12 Mg        12.6798     175.5616   15718.3434
   148   12 Mg        12.6798     175.5616   15718.3434
   149   12 Mg        12.6798     175.5616   15718.3434
   150   30 Zn        11.6976     153.4528   11965.3374
--------------------------------------------------------

Atom-resolved dispersion energies:
--------------------------------------------------
     #    Z           [Hartree]      [kcal/mol]
--------------------------------------------------
     1   12 Mg  -0.13033623E-01     -8.17872212
     2   12 Mg  -0.13033619E-01     -8.17871966
     3   12 Mg  -0.13033629E-01     -8.17872559
     4   12 Mg  -0.13033624E-01     -8.17872276
     5   12 Mg  -0.13002999E-01     -8.15950499
     6   12 Mg  -0.13002987E-01     -8.15949757
     7   12 Mg  -0.12972152E-01     -8.14014805
     8   12 Mg  -0.12999240E-01     -8.15714604
     9   12 Mg  -0.12980304E-01     -8.14526401
    10   12 Mg  -0.12980299E-01     -8.14526085
    11   12 Mg  -0.12972155E-01     -8.14015020
    12   12 Mg  -0.12972157E-01     -8.14015156
    13   12 Mg  -0.12961115E-01     -8.13322274
    14   12 Mg  -0.12961121E-01     -8.13322609
    15   12 Mg  -0.12980304E-01     -8.14526362
    16   12 Mg  -0.12980303E-01     -8.14526295
    17   12 Mg  -0.13003002E-01     -8.15950716
    18   12 Mg  -0.12961114E-01     -8.13322182
    19   12 Mg  -0.12999227E-01     -8.15713787
    20   12 Mg  -0.12999225E-01     -8.15713681
    21   12 Mg  -0.13033616E-01     -8.17871762
    22   12 Mg  -0.13033619E-01     -8.17871922
    23   12 Mg  -0.12980298E-01     -8.14525992
    24   12 Mg  -0.12980312E-01     -8.14526904
    25   12 Mg  -0.13032136E-01     -8.17778882
    26   12 Mg  -0.13032135E-01     -8.17778825
    27   12 Mg  -0.13032134E-01     -8.17778782
    28   12 Mg  -0.13006185E-01     -8.16150444
    29   12 Mg  -0.13006189E-01     -8.16150685
    30   12 Mg  -0.13006178E-01     -8.16150007
    31   12 Mg  -0.13006186E-01     -8.16150469
    32   12 Mg  -0.13006179E-01     -8.16150058
    33   12 Mg  -0.13006198E-01     -8.16151217
    34   12 Mg  -0.12950298E-01     -8.12643486
    35   12 Mg  -0.12950294E-01     -8.12643248
    36   12 Mg  -0.12950290E-01     -8.12642989
    37   12 Mg  -0.12960620E-01     -8.13291210
    38   12 Mg  -0.12960612E-01     -8.13290656
    39   12 Mg  -0.12960613E-01     -8.13290725
    40   12 Mg  -0.12978162E-01     -8.14391970
    41   12 Mg  -0.12981022E-01     -8.14571405
    42   12 Mg  -0.12981020E-01     -8.14571285
    43   12 Mg  -0.12981023E-01     -8.14571523
    44   12 Mg  -0.12981023E-01     -8.14571501
    45   12 Mg  -0.12981026E-01     -8.14571684
    46   12 Mg  -0.12981035E-01     -8.14572264
    47   12 Mg  -0.13076527E-01     -8.20564445
    48   12 Mg  -0.13076525E-01     -8.20564336
    49   12 Mg  -0.13076526E-01     -8.20564399
    50   12 Mg  -0.13019942E-01     -8.17013687
    51   12 Mg  -0.12993338E-01     -8.15344248
    52   12 Mg  -0.12993338E-01     -8.15344257
    53   12 Mg  -0.12993333E-01     -8.15343981
    54   12 Mg  -0.12993340E-01     -8.15344403
    55   12 Mg  -0.12993332E-01     -8.15343903
    56   12 Mg  -0.12993332E-01     -8.15343865
    57   12 Mg  -0.12959178E-01     -8.13200689
    58   12 Mg  -0.12959190E-01     -8.13201477
    59   12 Mg  -0.12959181E-01     -8.13200875
    60   12 Mg  -0.12959188E-01     -8.13201312
    61   12 Mg  -0.12959184E-01     -8.13201060
    62   12 Mg  -0.12959189E-01     -8.13201358
    63   12 Mg  -0.12974407E-01     -8.14156362
    64   12 Mg  -0.12974401E-01     -8.14155979
    65   12 Mg  -0.12974406E-01     -8.14156257
    66   12 Mg  -0.12966418E-01     -8.13655029
    67   12 Mg  -0.12966422E-01     -8.13655258
    68   12 Mg  -0.12966433E-01     -8.13655950
    69   12 Mg  -0.12961481E-01     -8.13345204
    70   12 Mg  -0.12961489E-01     -8.13345684
    71   12 Mg  -0.12961480E-01     -8.13345159
    72   12 Mg  -0.12966209E-01     -8.13641888
    73   12 Mg  -0.12966215E-01     -8.13642288
    74   12 Mg  -0.12966212E-01     -8.13642096
    75   12 Mg  -0.12964191E-01     -8.13515286
    76   12 Mg  -0.12971296E-01     -8.13961088
    77   12 Mg  -0.12971298E-01     -8.13961268
    78   12 Mg  -0.12970466E-01     -8.13909011
    79   12 Mg  -0.12970462E-01     -8.13908789
    80   12 Mg  -0.12958433E-01     -8.13153971
    81   12 Mg  -0.12958450E-01     -8.13155044
    82   12 Mg  -0.12966069E-01     -8.13633114
    83   12 Mg  -0.12970469E-01     -8.13909228
    84   12 Mg  -0.12970472E-01     -8.13909386
    85   12 Mg  -0.12951193E-01     -8.12699622
    86   12 Mg  -0.12957618E-01     -8.13102795
    87   12 Mg  -0.12957608E-01     -8.13102161
    88   12 Mg  -0.12970477E-01     -8.13909691
    89   12 Mg  -0.12970462E-01     -8.13908788
    90   12 Mg  -0.12951188E-01     -8.12699305
    91   12 Mg  -0.12951188E-01     -8.12699319
    92   12 Mg  -0.12958441E-01     -8.13154475
    93   12 Mg  -0.12958436E-01     -8.13154121
    94   12 Mg  -0.12971296E-01     -8.13961140
    95   12 Mg  -0.12964192E-01     -8.13515337
    96   12 Mg  -0.12964197E-01     -8.13515670
    97   12 Mg  -0.12957607E-01     -8.13102133
    98   12 Mg  -0.12958450E-01     -8.13155039
    99   12 Mg  -0.12958438E-01     -8.13154256
   100   12 Mg  -0.12966372E-01     -8.13652146
   101   12 Mg  -0.12966379E-01     -8.13652546
   102   12 Mg  -0.12966376E-01     -8.13652353
   103   12 Mg  -0.12961502E-01     -8.13346529
   104   12 Mg  -0.12961510E-01     -8.13347009
   105   12 Mg  -0.12961501E-01     -8.13346484
   106   12 Mg  -0.12966578E-01     -8.13665076
   107   12 Mg  -0.12966582E-01     -8.13665305
   108   12 Mg  -0.12966593E-01     -8.13665997
   109   12 Mg  -0.12974441E-01     -8.14158473
   110   12 Mg  -0.12974435E-01     -8.14158090
   111   12 Mg  -0.12974439E-01     -8.14158367
   112   12 Mg  -0.12959269E-01     -8.13206403
   113   12 Mg  -0.12959281E-01     -8.13207191
   114   12 Mg  -0.12959272E-01     -8.13206589
   115   12 Mg  -0.12959279E-01     -8.13207026
   116   12 Mg  -0.12959275E-01     -8.13206774
   117   12 Mg  -0.12959280E-01     -8.13207072
   118   12 Mg  -0.12993418E-01     -8.15349262
   119   12 Mg  -0.12993418E-01     -8.15349272
   120   12 Mg  -0.12993413E-01     -8.15348995
   121   12 Mg  -0.12993420E-01     -8.15349418
   122   12 Mg  -0.12993412E-01     -8.15348918
   123   12 Mg  -0.12993411E-01     -8.15348880
   124   12 Mg  -0.13019994E-01     -8.17016978
   125   12 Mg  -0.13076488E-01     -8.20562022
   126   12 Mg  -0.13076486E-01     -8.20561914
   127   12 Mg  -0.13076487E-01     -8.20561977
   128   12 Mg  -0.12981034E-01     -8.14572185
   129   12 Mg  -0.12981032E-01     -8.14572065
   130   12 Mg  -0.12981036E-01     -8.14572302
   131   12 Mg  -0.12981036E-01     -8.14572281
   132   12 Mg  -0.12981038E-01     -8.14572464
   133   12 Mg  -0.12981048E-01     -8.14573043
   134   12 Mg  -0.12978022E-01     -8.14383159
   135   12 Mg  -0.12960736E-01     -8.13298494
   136   12 Mg  -0.12960728E-01     -8.13297940
   137   12 Mg  -0.12960729E-01     -8.13298008
   138   12 Mg  -0.12950338E-01     -8.12645953
   139   12 Mg  -0.12950334E-01     -8.12645716
   140   12 Mg  -0.12950330E-01     -8.12645457
   141   12 Mg  -0.13006162E-01     -8.16148962
   142   12 Mg  -0.13006165E-01     -8.16149204
   143   12 Mg  -0.13006155E-01     -8.16148526
   144   12 Mg  -0.13006162E-01     -8.16148988
   145   12 Mg  -0.13006155E-01     -8.16148576
   146   12 Mg  -0.13006174E-01     -8.16149736
   147   12 Mg  -0.13032257E-01     -8.17786468
   148   12 Mg  -0.13032256E-01     -8.17786412
   149   12 Mg  -0.13032255E-01     -8.17786368
   150   30 Zn  -0.13086435E-01     -8.21186185
--------------------------------------------------

Dispersion energy:      -1.9476531468387E+00 Eh

[Info] Dispersion energy written to .EDISP
