-----------------------------------
 s i m p l e   D F T - D 3  v1.2.1
-----------------------------------

Zero (Chai-Head-Gordon) damping: pbe-D3(0)
--------------------
  s6         1.0000
  s8         0.7220
  s9         0.0000
 rs6         1.2170
 rs8         1.0000
 alp        14.0000
--------------------

Atomic radii (in Angstrom):
-------------------------------------------
   Z          R(cov)     R(vdw)      r4/r2
-------------------------------------------
  29 Cu       1.3467     1.6504     2.7654
  34 Se       1.4667     1.7634     2.5771
-------------------------------------------

Atomic reference systems (in atomic units):
----------------------------------------------------------------------------
   Z        #      CN    C6(AA)   #      CN    C6(AA)   #      CN    C6(AA)
----------------------------------------------------------------------------
  29 Cu     1  0.0000  337.1808   2  0.9576  174.9969
  34 Se     1  0.0000  213.6738   2  0.9901  213.7862   3  1.9812  210.5231
----------------------------------------------------------------------------

Dispersion properties (in atomic units):
--------------------------------------------------------
     #    Z                CN       C6(AA)       C8(AA)
--------------------------------------------------------
     1   29 Cu         5.4630     174.9969   14337.6665
     2   29 Cu         5.6401     174.9969   14337.6665
     3   29 Cu         5.6729     174.9969   14337.6665
     4   29 Cu         5.4640     174.9969   14337.6665
     5   29 Cu         6.9203     174.9969   14337.6665
     6   29 Cu         5.6381     174.9969   14337.6665
     7   29 Cu         5.5518     174.9969   14337.6665
     8   29 Cu         6.2003     174.9969   14337.6665
     9   29 Cu         6.2134     174.9969   14337.6665
    10   29 Cu         6.5415     174.9969   14337.6665
    11   29 Cu         6.2427     174.9969   14337.6665
    12   29 Cu         6.5712     174.9969   14337.6665
    13   29 Cu         6.1690     174.9969   14337.6665
    14   29 Cu         5.3494     174.9969   14337.6665
    15   29 Cu         5.2049     174.9969   14337.6665
    16   29 Cu         5.5954     174.9969   14337.6665
    17   29 Cu         5.5510     174.9969   14337.6665
    18   29 Cu         5.7959     174.9969   14337.6665
    19   29 Cu         5.6397     174.9969   14337.6665
    20   29 Cu         5.6277     174.9969   14337.6665
    21   29 Cu         6.4885     174.9969   14337.6665
    22   29 Cu         5.9197     174.9969   14337.6665
    23   29 Cu         4.3515     174.9969   14337.6665
    24   29 Cu         5.0408     174.9969   14337.6665
    25   29 Cu         6.2134     174.9969   14337.6665
    26   29 Cu         6.5709     174.9969   14337.6665
    27   29 Cu         5.5518     174.9969   14337.6665
    28   29 Cu         5.6277     174.9969   14337.6665
    29   29 Cu         6.2007     174.9969   14337.6665
    30   29 Cu         6.0546     174.9969   14337.6665
    31   29 Cu         6.1698     174.9969   14337.6665
    32   29 Cu         6.2426     174.9969   14337.6665
    33   29 Cu         5.2049     174.9969   14337.6665
    34   29 Cu         6.1690     174.9969   14337.6665
    35   29 Cu         6.5712     174.9969   14337.6665
    36   29 Cu         6.4880     174.9969   14337.6665
    37   29 Cu         5.9198     174.9969   14337.6665
    38   29 Cu         6.5428     174.9969   14337.6665
    39   29 Cu         5.7929     174.9969   14337.6665
    40   29 Cu         5.0404     174.9969   14337.6665
    41   29 Cu         5.7929     174.9969   14337.6665
    42   29 Cu         5.4630     174.9969   14337.6665
    43   29 Cu         6.4880     174.9969   14337.6665
    44   29 Cu         6.5428     174.9969   14337.6665
    45   29 Cu         5.9292     174.9969   14337.6665
    46   29 Cu         6.5709     174.9969   14337.6665
    47   29 Cu         6.9203     174.9969   14337.6665
    48   29 Cu         5.6724     174.9969   14337.6665
    49   29 Cu         5.2062     174.9969   14337.6665
    50   29 Cu         5.5955     174.9969   14337.6665
    51   29 Cu         5.6381     174.9969   14337.6665
    52   29 Cu         5.7929     174.9969   14337.6665
    53   29 Cu         5.9292     174.9969   14337.6665
    54   29 Cu         6.2144     174.9969   14337.6665
    55   29 Cu         6.4885     174.9969   14337.6665
    56   29 Cu         5.0409     174.9969   14337.6665
    57   29 Cu         4.3515     174.9969   14337.6665
    58   29 Cu         6.9205     174.9969   14337.6665
    59   29 Cu         6.0546     174.9969   14337.6665
    60   29 Cu         5.5510     174.9969   14337.6665
    61   29 Cu         5.6391     174.9969   14337.6665
    62   29 Cu         4.3516     174.9969   14337.6665
    63   29 Cu         5.6397     174.9969   14337.6665
    64   29 Cu         6.9205     174.9969   14337.6665
    65   29 Cu         5.9297     174.9969   14337.6665
    66   29 Cu         5.6401     174.9969   14337.6665
    67   29 Cu         5.3494     174.9969   14337.6665
    68   29 Cu         6.2003     174.9969   14337.6665
    69   29 Cu         5.6285     174.9969   14337.6665
    70   29 Cu         5.6729     174.9969   14337.6665
    71   29 Cu         6.2144     174.9969   14337.6665
    72   29 Cu         5.6724     174.9969   14337.6665
    73   29 Cu         6.2426     174.9969   14337.6665
    74   29 Cu         5.6285     174.9969   14337.6665
    75   29 Cu         6.0546     174.9969   14337.6665
    76   29 Cu         4.3516     174.9969   14337.6665
    77   29 Cu         5.6391     174.9969   14337.6665
    78   29 Cu         5.4640     174.9969   14337.6665
    79   29 Cu         5.7951     174.9969   14337.6665
    80   29 Cu         5.9198     174.9969   14337.6665
    81   29 Cu         5.3498     174.9969   14337.6665
    82   29 Cu         5.0404     174.9969   14337.6665
    83   29 Cu         5.9197     174.9969   14337.6665
    84   29 Cu         6.1698     174.9969   14337.6665
    85   29 Cu         5.7959     174.9969   14337.6665
    86   29 Cu         5.9297     174.9969   14337.6665
    87   29 Cu         6.2007     174.9969   14337.6665
    88   29 Cu         6.5415     174.9969   14337.6665
    89   29 Cu         6.2427     174.9969   14337.6665
    90   29 Cu         5.5955     174.9969   14337.6665
    91   29 Cu         5.7929     174.9969   14337.6665
    92   29 Cu         5.3498     174.9969   14337.6665
    93   29 Cu         5.5954     174.9969   14337.6665
    94   29 Cu         6.0546     174.9969   14337.6665
    95   29 Cu         5.2062     174.9969   14337.6665
    96   29 Cu         5.7951     174.9969   14337.6665
    97   34 Se         6.2923     210.5231   14979.1797
    98   34 Se         6.2708     210.5231   14979.1797
    99   34 Se         6.4661     210.5231   14979.1797
   100   34 Se         6.2306     210.5231   14979.1797
   101   34 Se         6.2709     210.5231   14979.1797
   102   34 Se         6.2305     210.5231   14979.1797
   103   34 Se         6.3123     210.5231   14979.1797
   104   34 Se         6.2276     210.5231   14979.1797
   105   34 Se         6.3520     210.5231   14979.1797
   106   34 Se         6.3478     210.5231   14979.1797
   107   34 Se         6.2922     210.5231   14979.1797
   108   34 Se         6.2980     210.5231   14979.1797
   109   34 Se         6.2923     210.5231   14979.1797
   110   34 Se         6.2952     210.5231   14979.1797
   111   34 Se         6.3518     210.5231   14979.1797
   112   34 Se         6.1667     210.5231   14979.1797
   113   34 Se         6.3478     210.5231   14979.1797
   114   34 Se         6.1547     210.5231   14979.1797
   115   34 Se         6.1548     210.5231   14979.1797
   116   34 Se         6.3123     210.5231   14979.1797
   117   34 Se         6.2306     210.5231   14979.1797
   118   34 Se         6.2972     210.5231   14979.1797
   119   34 Se         6.3122     210.5231   14979.1797
   120   34 Se         6.2272     210.5231   14979.1797
   121   34 Se         6.1667     210.5231   14979.1797
   122   34 Se         6.2952     210.5231   14979.1797
   123   34 Se         6.2950     210.5231   14979.1797
   124   34 Se         6.4662     210.5231   14979.1797
   125   34 Se         6.3518     210.5231   14979.1797
   126   34 Se         6.1548     210.5231   14979.1797
   127   34 Se         6.4661     210.5231   14979.1797
   128   34 Se         6.3477     210.5231   14979.1797
   129   34 Se         6.2922     210.5231   14979.1797
   130   34 Se         6.1547     210.5231   14979.1797
   131   34 Se         6.3122     210.5231   14979.1797
   132   34 Se         6.1667     210.5231   14979.1797
   133   34 Se         6.3478     210.5231   14979.1797
   134   34 Se         6.2950     210.5231   14979.1797
   135   34 Se         6.3520     210.5231   14979.1797
   136   34 Se         6.1667     210.5231   14979.1797
   137   34 Se         6.2708     210.5231   14979.1797
   138   34 Se         6.4662     210.5231   14979.1797
   139   34 Se         6.2276     210.5231   14979.1797
   140   34 Se         6.2980     210.5231   14979.1797
   141   34 Se         6.2272     210.5231   14979.1797
   142   34 Se         6.2709     210.5231   14979.1797
   143   34 Se         6.2972     210.5231   14979.1797
   144   34 Se         6.2305     210.5231   14979.1797
--------------------------------------------------------

Atom-resolved dispersion energies:
--------------------------------------------------
     #    Z           [Hartree]      [kcal/mol]
--------------------------------------------------
     1   29 Cu  -0.16447036E-01    -10.32067092
     2   29 Cu  -0.15692456E-01     -9.84716477
     3   29 Cu  -0.16028897E-01    -10.05828472
     4   29 Cu  -0.16447656E-01    -10.32106004
     5   29 Cu  -0.15915976E-01     -9.98742572
     6   29 Cu  -0.15782266E-01     -9.90352163
     7   29 Cu  -0.16010234E-01    -10.04657370
     8   29 Cu  -0.16433021E-01    -10.31187637
     9   29 Cu  -0.15511697E-01     -9.73373711
    10   29 Cu  -0.15167866E-01     -9.51797966
    11   29 Cu  -0.16061049E-01    -10.07846049
    12   29 Cu  -0.15195945E-01     -9.53559931
    13   29 Cu  -0.16456403E-01    -10.32654907
    14   29 Cu  -0.16379141E-01    -10.27806595
    15   29 Cu  -0.16185084E-01    -10.15629361
    16   29 Cu  -0.16549377E-01    -10.38489065
    17   29 Cu  -0.16009932E-01    -10.04638373
    18   29 Cu  -0.15806807E-01     -9.91892132
    19   29 Cu  -0.15782637E-01     -9.90375402
    20   29 Cu  -0.16418715E-01    -10.30289922
    21   29 Cu  -0.16032524E-01    -10.06056098
    22   29 Cu  -0.16204145E-01    -10.16825469
    23   29 Cu  -0.16680640E-01    -10.46725978
    24   29 Cu  -0.16121050E-01    -10.11611147
    25   29 Cu  -0.15511700E-01     -9.73373879
    26   29 Cu  -0.15195880E-01     -9.53555838
    27   29 Cu  -0.16010234E-01    -10.04657373
    28   29 Cu  -0.16418716E-01    -10.30289956
    29   29 Cu  -0.16433111E-01    -10.31193313
    30   29 Cu  -0.15921919E-01     -9.99115523
    31   29 Cu  -0.16456927E-01    -10.32687762
    32   29 Cu  -0.16061204E-01    -10.07855766
    33   29 Cu  -0.16185083E-01    -10.15629298
    34   29 Cu  -0.16456402E-01    -10.32654827
    35   29 Cu  -0.15195944E-01     -9.53559906
    36   29 Cu  -0.16032419E-01    -10.06049456
    37   29 Cu  -0.16204207E-01    -10.16829372
    38   29 Cu  -0.15167530E-01     -9.51776882
    39   29 Cu  -0.16423530E-01    -10.30592086
    40   29 Cu  -0.16122010E-01    -10.11671376
    41   29 Cu  -0.16423542E-01    -10.30592817
    42   29 Cu  -0.16447036E-01    -10.32067064
    43   29 Cu  -0.16032420E-01    -10.06049564
    44   29 Cu  -0.15167529E-01     -9.51776823
    45   29 Cu  -0.15716917E-01     -9.86251449
    46   29 Cu  -0.15195879E-01     -9.53555813
    47   29 Cu  -0.15915981E-01     -9.98742865
    48   29 Cu  -0.16029111E-01    -10.05841874
    49   29 Cu  -0.16185871E-01    -10.15678726
    50   29 Cu  -0.16549284E-01    -10.38483266
    51   29 Cu  -0.15782267E-01     -9.90352199
    52   29 Cu  -0.16423535E-01    -10.30592368
    53   29 Cu  -0.15716915E-01     -9.86251288
    54   29 Cu  -0.15511244E-01     -9.73345240
    55   29 Cu  -0.16032526E-01    -10.06056205
    56   29 Cu  -0.16121045E-01    -10.11610827
    57   29 Cu  -0.16680638E-01    -10.46725855
    58   29 Cu  -0.15915819E-01     -9.98732736
    59   29 Cu  -0.15921761E-01     -9.99105610
    60   29 Cu  -0.16009932E-01    -10.04638376
    61   29 Cu  -0.15692652E-01     -9.84728762
    62   29 Cu  -0.16680718E-01    -10.46730863
    63   29 Cu  -0.15782636E-01     -9.90375366
    64   29 Cu  -0.15915815E-01     -9.98732443
    65   29 Cu  -0.15716952E-01     -9.86253621
    66   29 Cu  -0.15692458E-01     -9.84716618
    67   29 Cu  -0.16379138E-01    -10.27806397
    68   29 Cu  -0.16433022E-01    -10.31187679
    69   29 Cu  -0.16418486E-01    -10.30275557
    70   29 Cu  -0.16028899E-01    -10.05828597
    71   29 Cu  -0.15511246E-01     -9.73345407
    72   29 Cu  -0.16029109E-01    -10.05841750
    73   29 Cu  -0.16061204E-01    -10.07855786
    74   29 Cu  -0.16418487E-01    -10.30275590
    75   29 Cu  -0.15921919E-01     -9.99115475
    76   29 Cu  -0.16680716E-01    -10.46730740
    77   29 Cu  -0.15692649E-01     -9.84728621
    78   29 Cu  -0.16447656E-01    -10.32105977
    79   29 Cu  -0.15807321E-01     -9.91924397
    80   29 Cu  -0.16204210E-01    -10.16829506
    81   29 Cu  -0.16379179E-01    -10.27809016
    82   29 Cu  -0.16122005E-01    -10.11671057
    83   29 Cu  -0.16204147E-01    -10.16825603
    84   29 Cu  -0.16456928E-01    -10.32687842
    85   29 Cu  -0.15806808E-01     -9.91892175
    86   29 Cu  -0.15716949E-01     -9.86253460
    87   29 Cu  -0.16433111E-01    -10.31193271
    88   29 Cu  -0.15167867E-01     -9.51798025
    89   29 Cu  -0.16061049E-01    -10.07846030
    90   29 Cu  -0.16549286E-01    -10.38483378
    91   29 Cu  -0.16423537E-01    -10.30592535
    92   29 Cu  -0.16379176E-01    -10.27808818
    93   29 Cu  -0.16549378E-01    -10.38489177
    94   29 Cu  -0.15921761E-01     -9.99105562
    95   29 Cu  -0.16185870E-01    -10.15678664
    96   29 Cu  -0.15807321E-01     -9.91924354
    97   34 Se  -0.16712661E-01    -10.48735332
    98   34 Se  -0.16664680E-01    -10.45724440
    99   34 Se  -0.16550740E-01    -10.38574585
   100   34 Se  -0.16503944E-01    -10.35638104
   101   34 Se  -0.16664401E-01    -10.45706924
   102   34 Se  -0.16503920E-01    -10.35636642
   103   34 Se  -0.16357731E-01    -10.26463106
   104   34 Se  -0.16252388E-01    -10.19852736
   105   34 Se  -0.16682579E-01    -10.46847655
   106   34 Se  -0.16564865E-01    -10.39460983
   107   34 Se  -0.16712969E-01    -10.48754656
   108   34 Se  -0.16441084E-01    -10.31693613
   109   34 Se  -0.16712662E-01    -10.48735385
   110   34 Se  -0.16496643E-01    -10.35180003
   111   34 Se  -0.16682187E-01    -10.46823050
   112   34 Se  -0.16444170E-01    -10.31887242
   113   34 Se  -0.16564497E-01    -10.39437875
   114   34 Se  -0.16621085E-01    -10.42988819
   115   34 Se  -0.16621336E-01    -10.43004560
   116   34 Se  -0.16357729E-01    -10.26462965
   117   34 Se  -0.16503943E-01    -10.35638063
   118   34 Se  -0.16441794E-01    -10.31738145
   119   34 Se  -0.16357529E-01    -10.26450457
   120   34 Se  -0.16252328E-01    -10.19849004
   121   34 Se  -0.16444171E-01    -10.31887285
   122   34 Se  -0.16496644E-01    -10.35180051
   123   34 Se  -0.16496443E-01    -10.35167418
   124   34 Se  -0.16550967E-01    -10.38588878
   125   34 Se  -0.16682185E-01    -10.46822886
   126   34 Se  -0.16621339E-01    -10.43004792
   127   34 Se  -0.16550738E-01    -10.38574521
   128   34 Se  -0.16564498E-01    -10.39437955
   129   34 Se  -0.16712968E-01    -10.48754602
   130   34 Se  -0.16621089E-01    -10.42989052
   131   34 Se  -0.16357527E-01    -10.26450316
   132   34 Se  -0.16444209E-01    -10.31889696
   133   34 Se  -0.16564864E-01    -10.39460903
   134   34 Se  -0.16496442E-01    -10.35167370
   135   34 Se  -0.16682577E-01    -10.46847491
   136   34 Se  -0.16444208E-01    -10.31889652
   137   34 Se  -0.16664676E-01    -10.45724226
   138   34 Se  -0.16550968E-01    -10.38588942
   139   34 Se  -0.16252382E-01    -10.19852365
   140   34 Se  -0.16441085E-01    -10.31693634
   141   34 Se  -0.16252322E-01    -10.19848633
   142   34 Se  -0.16664404E-01    -10.45707138
   143   34 Se  -0.16441794E-01    -10.31738124
   144   34 Se  -0.16503920E-01    -10.35636601
--------------------------------------------------

Dispersion energy:      -2.3337465729988E+00 Eh

[Info] Dispersion energy written to .EDISP
