-----------------------------------
 s i m p l e   D F T - D 3  v1.2.1
-----------------------------------

Zero (Chai-Head-Gordon) damping: pbe-D3(0)
--------------------
  s6         1.0000
  s8         0.7220
  s9         0.0000
 rs6         1.2170
 rs8         1.0000
 alp        14.0000
--------------------

Atomic radii (in Angstrom):
-------------------------------------------
   Z          R(cov)     R(vdw)      r4/r2
-------------------------------------------
  29 Cu       1.3467     1.6504     2.7654
  34 Se       1.4667     1.7634     2.5771
-------------------------------------------

Atomic reference systems (in atomic units):
----------------------------------------------------------------------------
   Z        #      CN    C6(AA)   #      CN    C6(AA)   #      CN    C6(AA)
----------------------------------------------------------------------------
  29 Cu     1  0.0000  337.1808   2  0.9576  174.9969
  34 Se     1  0.0000  213.6738   2  0.9901  213.7862   3  1.9812  210.5231
----------------------------------------------------------------------------

Dispersion properties (in atomic units):
--------------------------------------------------------
     #    Z                CN       C6(AA)       C8(AA)
--------------------------------------------------------
     1   29 Cu         0.0102     331.8863   27191.7679
     2   29 Cu         0.0083     331.9611   27197.8956
     3   29 Cu         0.0090     331.9312   27195.4500
     4   29 Cu         0.0102     331.8863   27191.7654
     5   29 Cu         0.0097     331.9059   27193.3743
     6   29 Cu         0.0083     331.9583   27197.6711
     7   29 Cu         0.0088     331.9407   27196.2266
     8   29 Cu         0.0092     331.9232   27194.7875
     9   29 Cu         0.0087     331.9435   27196.4541
    10   29 Cu         0.0076     331.9865   27199.9779
    11   29 Cu         0.0093     331.9220   27194.6965
    12   29 Cu         0.0082     331.9636   27198.0985
    13   29 Cu         0.0102     331.8839   27191.5754
    14   29 Cu         0.0093     331.9215   27194.6539
    15   29 Cu         0.0086     331.9482   27196.8394
    16   29 Cu         0.0102     331.8850   27191.6650
    17   29 Cu         0.0088     331.9407   27196.2246
    18   29 Cu         0.0087     331.9442   27196.5112
    19   29 Cu         0.0083     331.9583   27197.6679
    20   29 Cu         0.0084     331.9561   27197.4867
    21   29 Cu         0.0093     331.9186   27194.4106
    22   29 Cu         0.0088     331.9406   27196.2155
    23   29 Cu         0.0098     331.9016   27193.0235
    24   29 Cu         0.0092     331.9225   27194.7358
    25   29 Cu         0.0087     331.9435   27196.4541
    26   29 Cu         0.0082     331.9635   27198.0967
    27   29 Cu         0.0088     331.9407   27196.2266
    28   29 Cu         0.0084     331.9561   27197.4867
    29   29 Cu         0.0092     331.9232   27194.7879
    30   29 Cu         0.0087     331.9436   27196.4606
    31   29 Cu         0.0102     331.8839   27191.5743
    32   29 Cu         0.0093     331.9220   27194.6915
    33   29 Cu         0.0086     331.9482   27196.8394
    34   29 Cu         0.0102     331.8839   27191.5754
    35   29 Cu         0.0082     331.9636   27198.0985
    36   29 Cu         0.0093     331.9186   27194.4149
    37   29 Cu         0.0088     331.9406   27196.2144
    38   29 Cu         0.0076     331.9865   27199.9741
    39   29 Cu         0.0096     331.9082   27193.5589
    40   29 Cu         0.0092     331.9225   27194.7315
    41   29 Cu         0.0096     331.9082   27193.5584
    42   29 Cu         0.0102     331.8863   27191.7679
    43   29 Cu         0.0093     331.9186   27194.4149
    44   29 Cu         0.0076     331.9865   27199.9741
    45   29 Cu         0.0087     331.9438   27196.4767
    46   29 Cu         0.0082     331.9635   27198.0967
    47   29 Cu         0.0097     331.9059   27193.3742
    48   29 Cu         0.0090     331.9312   27195.4471
    49   29 Cu         0.0086     331.9481   27196.8324
    50   29 Cu         0.0102     331.8850   27191.6611
    51   29 Cu         0.0083     331.9583   27197.6711
    52   29 Cu         0.0096     331.9082   27193.5589
    53   29 Cu         0.0087     331.9438   27196.4767
    54   29 Cu         0.0087     331.9435   27196.4566
    55   29 Cu         0.0093     331.9186   27194.4106
    56   29 Cu         0.0092     331.9225   27194.7357
    57   29 Cu         0.0098     331.9016   27193.0235
    58   29 Cu         0.0097     331.9059   27193.3732
    59   29 Cu         0.0087     331.9435   27196.4563
    60   29 Cu         0.0088     331.9407   27196.2246
    61   29 Cu         0.0082     331.9611   27197.8977
    62   29 Cu         0.0098     331.9016   27193.0197
    63   29 Cu         0.0083     331.9583   27197.6679
    64   29 Cu         0.0097     331.9059   27193.3732
    65   29 Cu         0.0087     331.9438   27196.4828
    66   29 Cu         0.0083     331.9611   27197.8956
    67   29 Cu         0.0093     331.9215   27194.6539
    68   29 Cu         0.0092     331.9232   27194.7875
    69   29 Cu         0.0084     331.9561   27197.4838
    70   29 Cu         0.0090     331.9312   27195.4500
    71   29 Cu         0.0087     331.9435   27196.4567
    72   29 Cu         0.0090     331.9312   27195.4471
    73   29 Cu         0.0093     331.9220   27194.6915
    74   29 Cu         0.0084     331.9561   27197.4838
    75   29 Cu         0.0087     331.9436   27196.4606
    76   29 Cu         0.0098     331.9016   27193.0197
    77   29 Cu         0.0082     331.9611   27197.8977
    78   29 Cu         0.0102     331.8863   27191.7654
    79   29 Cu         0.0087     331.9442   27196.5102
    80   29 Cu         0.0088     331.9406   27196.2145
    81   29 Cu         0.0093     331.9215   27194.6516
    82   29 Cu         0.0092     331.9225   27194.7315
    83   29 Cu         0.0088     331.9406   27196.2156
    84   29 Cu         0.0102     331.8839   27191.5743
    85   29 Cu         0.0087     331.9442   27196.5112
    86   29 Cu         0.0087     331.9438   27196.4828
    87   29 Cu         0.0092     331.9232   27194.7879
    88   29 Cu         0.0076     331.9865   27199.9779
    89   29 Cu         0.0093     331.9220   27194.6964
    90   29 Cu         0.0102     331.8850   27191.6611
    91   29 Cu         0.0096     331.9082   27193.5584
    92   29 Cu         0.0093     331.9215   27194.6516
    93   29 Cu         0.0102     331.8850   27191.6650
    94   29 Cu         0.0087     331.9435   27196.4563
    95   29 Cu         0.0086     331.9481   27196.8324
    96   29 Cu         0.0087     331.9442   27196.5102
    97   34 Se         0.0123     213.6762   15203.5293
    98   34 Se         0.0134     213.6762   15203.5308
    99   34 Se         0.0133     213.6762   15203.5306
   100   34 Se         0.0146     213.6762   15203.5323
   101   34 Se         0.0134     213.6762   15203.5308
   102   34 Se         0.0146     213.6762   15203.5323
   103   34 Se         0.0138     213.6762   15203.5313
   104   34 Se         0.0126     213.6762   15203.5297
   105   34 Se         0.0137     213.6762   15203.5311
   106   34 Se         0.0137     213.6762   15203.5311
   107   34 Se         0.0123     213.6762   15203.5293
   108   34 Se         0.0125     213.6762   15203.5295
   109   34 Se         0.0123     213.6762   15203.5293
   110   34 Se         0.0135     213.6762   15203.5308
   111   34 Se         0.0137     213.6762   15203.5311
   112   34 Se         0.0134     213.6762   15203.5308
   113   34 Se         0.0137     213.6762   15203.5311
   114   34 Se         0.0127     213.6762   15203.5298
   115   34 Se         0.0127     213.6762   15203.5298
   116   34 Se         0.0138     213.6762   15203.5313
   117   34 Se         0.0146     213.6762   15203.5323
   118   34 Se         0.0125     213.6762   15203.5295
   119   34 Se         0.0138     213.6762   15203.5313
   120   34 Se         0.0126     213.6762   15203.5297
   121   34 Se         0.0134     213.6762   15203.5308
   122   34 Se         0.0135     213.6762   15203.5308
   123   34 Se         0.0135     213.6762   15203.5308
   124   34 Se         0.0133     213.6762   15203.5306
   125   34 Se         0.0137     213.6762   15203.5311
   126   34 Se         0.0127     213.6762   15203.5298
   127   34 Se         0.0133     213.6762   15203.5306
   128   34 Se         0.0137     213.6762   15203.5311
   129   34 Se         0.0123     213.6762   15203.5293
   130   34 Se         0.0127     213.6762   15203.5298
   131   34 Se         0.0138     213.6762   15203.5313
   132   34 Se         0.0134     213.6762   15203.5308
   133   34 Se         0.0137     213.6762   15203.5311
   134   34 Se         0.0135     213.6762   15203.5308
   135   34 Se         0.0137     213.6762   15203.5311
   136   34 Se         0.0134     213.6762   15203.5308
   137   34 Se         0.0134     213.6762   15203.5308
   138   34 Se         0.0133     213.6762   15203.5306
   139   34 Se         0.0126     213.6762   15203.5297
   140   34 Se         0.0125     213.6762   15203.5295
   141   34 Se         0.0126     213.6762   15203.5297
   142   34 Se         0.0134     213.6762   15203.5308
   143   34 Se         0.0125     213.6762   15203.5295
   144   34 Se         0.0146     213.6762   15203.5323
--------------------------------------------------------

Atom-resolved dispersion energies:
--------------------------------------------------
     #    Z           [Hartree]      [kcal/mol]
--------------------------------------------------
     1   29 Cu  -0.28007282E-02     -1.75748351
     2   29 Cu  -0.27673371E-02     -1.73653027
     3   29 Cu  -0.28452590E-02     -1.78542696
     4   29 Cu  -0.28009852E-02     -1.75764472
     5   29 Cu  -0.32843619E-02     -2.06096822
     6   29 Cu  -0.27592219E-02     -1.73143790
     7   29 Cu  -0.27966779E-02     -1.75494191
     8   29 Cu  -0.30053063E-02     -1.88585819
     9   29 Cu  -0.29638568E-02     -1.85984819
    10   29 Cu  -0.29580821E-02     -1.85622457
    11   29 Cu  -0.30050894E-02     -1.88572209
    12   29 Cu  -0.30561666E-02     -1.91777352
    13   29 Cu  -0.30800025E-02     -1.93273073
    14   29 Cu  -0.27751215E-02     -1.74141506
    15   29 Cu  -0.26636455E-02     -1.67146277
    16   29 Cu  -0.28861703E-02     -1.81109919
    17   29 Cu  -0.27963994E-02     -1.75476709
    18   29 Cu  -0.28205645E-02     -1.76993092
    19   29 Cu  -0.27597855E-02     -1.73179152
    20   29 Cu  -0.27534480E-02     -1.72781470
    21   29 Cu  -0.30761028E-02     -1.93028365
    22   29 Cu  -0.28628870E-02     -1.79648870
    23   29 Cu  -0.24470902E-02     -1.53557229
    24   29 Cu  -0.26855167E-02     -1.68518720
    25   29 Cu  -0.29638473E-02     -1.85984223
    26   29 Cu  -0.30561933E-02     -1.91779027
    27   29 Cu  -0.27966780E-02     -1.75494191
    28   29 Cu  -0.27534481E-02     -1.72781474
    29   29 Cu  -0.30054074E-02     -1.88592162
    30   29 Cu  -0.29137204E-02     -1.82838716
    31   29 Cu  -0.30804156E-02     -1.93298994
    32   29 Cu  -0.30052527E-02     -1.88582452
    33   29 Cu  -0.26636455E-02     -1.67146276
    34   29 Cu  -0.30800023E-02     -1.93273062
    35   29 Cu  -0.30561669E-02     -1.91777371
    36   29 Cu  -0.30758249E-02     -1.93010926
    37   29 Cu  -0.28629584E-02     -1.79653354
    38   29 Cu  -0.29585086E-02     -1.85649219
    39   29 Cu  -0.29012593E-02     -1.82056769
    40   29 Cu  -0.26854236E-02     -1.68512877
    41   29 Cu  -0.29012143E-02     -1.82053945
    42   29 Cu  -0.28007282E-02     -1.75748349
    43   29 Cu  -0.30758250E-02     -1.93010930
    44   29 Cu  -0.29585086E-02     -1.85649217
    45   29 Cu  -0.28682469E-02     -1.79985209
    46   29 Cu  -0.30561936E-02     -1.91779046
    47   29 Cu  -0.32843681E-02     -2.06097212
    48   29 Cu  -0.28451589E-02     -1.78536418
    49   29 Cu  -0.26642247E-02     -1.67182623
    50   29 Cu  -0.28863909E-02     -1.81123765
    51   29 Cu  -0.27592219E-02     -1.73143791
    52   29 Cu  -0.29012586E-02     -1.82056728
    53   29 Cu  -0.28682465E-02     -1.79985186
    54   29 Cu  -0.29640707E-02     -1.85998247
    55   29 Cu  -0.30761029E-02     -1.93028369
    56   29 Cu  -0.26855217E-02     -1.68519034
    57   29 Cu  -0.24470902E-02     -1.53557226
    58   29 Cu  -0.32844598E-02     -2.06102965
    59   29 Cu  -0.29138089E-02     -1.82844272
    60   29 Cu  -0.27963994E-02     -1.75476709
    61   29 Cu  -0.27669743E-02     -1.73630256
    62   29 Cu  -0.24472171E-02     -1.53565190
    63   29 Cu  -0.27597855E-02     -1.73179152
    64   29 Cu  -0.32844536E-02     -2.06102574
    65   29 Cu  -0.28680950E-02     -1.79975678
    66   29 Cu  -0.27673372E-02     -1.73653031
    67   29 Cu  -0.27751214E-02     -1.74141496
    68   29 Cu  -0.30053064E-02     -1.88585821
    69   29 Cu  -0.27538265E-02     -1.72805222
    70   29 Cu  -0.28452590E-02     -1.78542699
    71   29 Cu  -0.29640612E-02     -1.85997651
    72   29 Cu  -0.28451589E-02     -1.78536414
    73   29 Cu  -0.30052481E-02     -1.88582165
    74   29 Cu  -0.27538266E-02     -1.72805226
    75   29 Cu  -0.29137204E-02     -1.82838715
    76   29 Cu  -0.24472170E-02     -1.53565187
    77   29 Cu  -0.27669742E-02     -1.73630252
    78   29 Cu  -0.28009851E-02     -1.75764470
    79   29 Cu  -0.28202670E-02     -1.76974427
    80   29 Cu  -0.28629511E-02     -1.79652896
    81   29 Cu  -0.27751805E-02     -1.74145208
    82   29 Cu  -0.26854286E-02     -1.68513191
    83   29 Cu  -0.28628797E-02     -1.79648411
    84   29 Cu  -0.30804157E-02     -1.93299006
    85   29 Cu  -0.28205645E-02     -1.76993093
    86   29 Cu  -0.28680946E-02     -1.79975656
    87   29 Cu  -0.30054074E-02     -1.88592161
    88   29 Cu  -0.29580822E-02     -1.85622459
    89   29 Cu  -0.30050940E-02     -1.88572496
    90   29 Cu  -0.28863912E-02     -1.81123783
    91   29 Cu  -0.29012149E-02     -1.82053986
    92   29 Cu  -0.27751804E-02     -1.74145198
    93   29 Cu  -0.28861706E-02     -1.81109937
    94   29 Cu  -0.29138089E-02     -1.82844271
    95   29 Cu  -0.26642247E-02     -1.67182622
    96   29 Cu  -0.28202670E-02     -1.76974426
    97   34 Se  -0.26026148E-02     -1.63316547
    98   34 Se  -0.26796170E-02     -1.68148504
    99   34 Se  -0.27242613E-02     -1.70949978
   100   34 Se  -0.27281640E-02     -1.71194877
   101   34 Se  -0.26798320E-02     -1.68161999
   102   34 Se  -0.27279658E-02     -1.71182441
   103   34 Se  -0.27069643E-02     -1.69864576
   104   34 Se  -0.25857400E-02     -1.62257637
   105   34 Se  -0.27046818E-02     -1.69721345
   106   34 Se  -0.27173490E-02     -1.70516223
   107   34 Se  -0.26027807E-02     -1.63326954
   108   34 Se  -0.25819070E-02     -1.62017108
   109   34 Se  -0.26026149E-02     -1.63316548
   110   34 Se  -0.26834309E-02     -1.68387829
   111   34 Se  -0.27041681E-02     -1.69689109
   112   34 Se  -0.26198428E-02     -1.64397617
   113   34 Se  -0.27170645E-02     -1.70498371
   114   34 Se  -0.25733611E-02     -1.61480847
   115   34 Se  -0.25735362E-02     -1.61491832
   116   34 Se  -0.27069642E-02     -1.69864571
   117   34 Se  -0.27281640E-02     -1.71194877
   118   34 Se  -0.25817253E-02     -1.62005711
   119   34 Se  -0.27066599E-02     -1.69845471
   120   34 Se  -0.25859946E-02     -1.62273611
   121   34 Se  -0.26198428E-02     -1.64397616
   122   34 Se  -0.26834287E-02     -1.68387691
   123   34 Se  -0.26830839E-02     -1.68366058
   124   34 Se  -0.27244848E-02     -1.70964004
   125   34 Se  -0.27041680E-02     -1.69689104
   126   34 Se  -0.25735364E-02     -1.61491846
   127   34 Se  -0.27242651E-02     -1.70950215
   128   34 Se  -0.27170572E-02     -1.70497914
   129   34 Se  -0.26027807E-02     -1.63326954
   130   34 Se  -0.25733613E-02     -1.61480861
   131   34 Se  -0.27066598E-02     -1.69845466
   132   34 Se  -0.26197553E-02     -1.64392128
   133   34 Se  -0.27173563E-02     -1.70516679
   134   34 Se  -0.26830861E-02     -1.68366196
   135   34 Se  -0.27046817E-02     -1.69721341
   136   34 Se  -0.26197553E-02     -1.64392128
   137   34 Se  -0.26796168E-02     -1.68148496
   138   34 Se  -0.27244811E-02     -1.70963768
   139   34 Se  -0.25857407E-02     -1.62257680
   140   34 Se  -0.25819069E-02     -1.62017105
   141   34 Se  -0.25859953E-02     -1.62273654
   142   34 Se  -0.26798322E-02     -1.68162008
   143   34 Se  -0.25817254E-02     -1.62005714
   144   34 Se  -0.27279658E-02     -1.71182440
--------------------------------------------------

Dispersion energy:      -4.0353776074923E-01 Eh

[Info] Dispersion energy written to .EDISP
