-----------------------------------
 s i m p l e   D F T - D 3  v1.2.1
-----------------------------------

Zero (Chai-Head-Gordon) damping: pbe-D3(0)
--------------------
  s6         1.0000
  s8         0.7220
  s9         0.0000
 rs6         1.2170
 rs8         1.0000
 alp        14.0000
--------------------

Atomic radii (in Angstrom):
-------------------------------------------
   Z          R(cov)     R(vdw)      r4/r2
-------------------------------------------
  29 Cu       1.3467     1.6504     2.7654
  34 Se       1.4667     1.7634     2.5771
-------------------------------------------

Atomic reference systems (in atomic units):
----------------------------------------------------------------------------
   Z        #      CN    C6(AA)   #      CN    C6(AA)   #      CN    C6(AA)
----------------------------------------------------------------------------
  29 Cu     1  0.0000  337.1808   2  0.9576  174.9969
  34 Se     1  0.0000  213.6738   2  0.9901  213.7862   3  1.9812  210.5231
----------------------------------------------------------------------------

Dispersion properties (in atomic units):
--------------------------------------------------------
     #    Z                CN       C6(AA)       C8(AA)
--------------------------------------------------------
     1   29 Cu         0.0018     332.2057   27217.9329
     2   29 Cu         0.0016     332.2138   27218.6014
     3   29 Cu         0.0017     332.2106   27218.3391
     4   29 Cu         0.0018     332.2056   27217.9325
     5   29 Cu         0.0018     332.2056   27217.9303
     6   29 Cu         0.0016     332.2135   27218.5750
     7   29 Cu         0.0016     332.2115   27218.4156
     8   29 Cu         0.0017     332.2086   27218.1769
     9   29 Cu         0.0017     332.2108   27218.3534
    10   29 Cu         0.0015     332.2160   27218.7802
    11   29 Cu         0.0017     332.2085   27218.1649
    12   29 Cu         0.0016     332.2129   27218.5258
    13   29 Cu         0.0018     332.2043   27217.8206
    14   29 Cu         0.0017     332.2096   27218.2526
    15   29 Cu         0.0016     332.2130   27218.5308
    16   29 Cu         0.0018     332.2051   27217.8878
    17   29 Cu         0.0016     332.2115   27218.4155
    18   29 Cu         0.0016     332.2117   27218.4249
    19   29 Cu         0.0016     332.2135   27218.5744
    20   29 Cu         0.0016     332.2136   27218.5817
    21   29 Cu         0.0017     332.2078   27218.1087
    22   29 Cu         0.0016     332.2111   27218.3828
    23   29 Cu         0.0017     332.2087   27218.1834
    24   29 Cu         0.0017     332.2101   27218.2956
    25   29 Cu         0.0017     332.2108   27218.3534
    26   29 Cu         0.0016     332.2129   27218.5256
    27   29 Cu         0.0016     332.2115   27218.4156
    28   29 Cu         0.0016     332.2136   27218.5817
    29   29 Cu         0.0017     332.2086   27218.1769
    30   29 Cu         0.0016     332.2112   27218.3867
    31   29 Cu         0.0018     332.2043   27217.8203
    32   29 Cu         0.0017     332.2085   27218.1642
    33   29 Cu         0.0016     332.2130   27218.5308
    34   29 Cu         0.0018     332.2043   27217.8206
    35   29 Cu         0.0016     332.2129   27218.5258
    36   29 Cu         0.0017     332.2078   27218.1092
    37   29 Cu         0.0016     332.2111   27218.3827
    38   29 Cu         0.0015     332.2160   27218.7796
    39   29 Cu         0.0017     332.2074   27218.0764
    40   29 Cu         0.0017     332.2100   27218.2900
    41   29 Cu         0.0017     332.2074   27218.0764
    42   29 Cu         0.0018     332.2057   27217.9329
    43   29 Cu         0.0017     332.2078   27218.1092
    44   29 Cu         0.0015     332.2160   27218.7796
    45   29 Cu         0.0016     332.2113   27218.3975
    46   29 Cu         0.0016     332.2129   27218.5256
    47   29 Cu         0.0018     332.2056   27217.9303
    48   29 Cu         0.0017     332.2106   27218.3388
    49   29 Cu         0.0016     332.2129   27218.5298
    50   29 Cu         0.0018     332.2051   27217.8873
    51   29 Cu         0.0016     332.2135   27218.5750
    52   29 Cu         0.0017     332.2074   27218.0764
    53   29 Cu         0.0016     332.2113   27218.3975
    54   29 Cu         0.0017     332.2108   27218.3536
    55   29 Cu         0.0017     332.2078   27218.1087
    56   29 Cu         0.0017     332.2101   27218.2955
    57   29 Cu         0.0017     332.2087   27218.1834
    58   29 Cu         0.0018     332.2056   27217.9301
    59   29 Cu         0.0016     332.2112   27218.3862
    60   29 Cu         0.0016     332.2115   27218.4155
    61   29 Cu         0.0016     332.2138   27218.6017
    62   29 Cu         0.0017     332.2087   27218.1829
    63   29 Cu         0.0016     332.2135   27218.5744
    64   29 Cu         0.0018     332.2056   27217.9301
    65   29 Cu         0.0016     332.2113   27218.3982
    66   29 Cu         0.0016     332.2138   27218.6014
    67   29 Cu         0.0017     332.2096   27218.2526
    68   29 Cu         0.0017     332.2086   27218.1769
    69   29 Cu         0.0016     332.2136   27218.5813
    70   29 Cu         0.0017     332.2106   27218.3391
    71   29 Cu         0.0017     332.2108   27218.3536
    72   29 Cu         0.0017     332.2106   27218.3388
    73   29 Cu         0.0017     332.2085   27218.1643
    74   29 Cu         0.0016     332.2136   27218.5813
    75   29 Cu         0.0016     332.2112   27218.3867
    76   29 Cu         0.0017     332.2087   27218.1829
    77   29 Cu         0.0016     332.2138   27218.6017
    78   29 Cu         0.0018     332.2056   27217.9325
    79   29 Cu         0.0016     332.2117   27218.4249
    80   29 Cu         0.0016     332.2111   27218.3827
    81   29 Cu         0.0017     332.2095   27218.2472
    82   29 Cu         0.0017     332.2100   27218.2900
    83   29 Cu         0.0016     332.2111   27218.3829
    84   29 Cu         0.0018     332.2043   27217.8203
    85   29 Cu         0.0016     332.2117   27218.4249
    86   29 Cu         0.0016     332.2113   27218.3982
    87   29 Cu         0.0017     332.2086   27218.1769
    88   29 Cu         0.0015     332.2160   27218.7802
    89   29 Cu         0.0017     332.2085   27218.1649
    90   29 Cu         0.0018     332.2051   27217.8873
    91   29 Cu         0.0017     332.2074   27218.0764
    92   29 Cu         0.0017     332.2095   27218.2472
    93   29 Cu         0.0018     332.2051   27217.8878
    94   29 Cu         0.0016     332.2112   27218.3862
    95   29 Cu         0.0016     332.2129   27218.5298
    96   29 Cu         0.0016     332.2117   27218.4249
    97   34 Se         0.0021     213.6760   15203.5164
    98   34 Se         0.0023     213.6760   15203.5165
    99   34 Se         0.0023     213.6760   15203.5165
   100   34 Se         0.0024     213.6760   15203.5167
   101   34 Se         0.0023     213.6760   15203.5165
   102   34 Se         0.0024     213.6760   15203.5167
   103   34 Se         0.0023     213.6760   15203.5166
   104   34 Se         0.0022     213.6760   15203.5164
   105   34 Se         0.0023     213.6760   15203.5166
   106   34 Se         0.0023     213.6760   15203.5166
   107   34 Se         0.0021     213.6760   15203.5164
   108   34 Se         0.0022     213.6760   15203.5164
   109   34 Se         0.0021     213.6760   15203.5164
   110   34 Se         0.0023     213.6760   15203.5165
   111   34 Se         0.0023     213.6760   15203.5166
   112   34 Se         0.0023     213.6760   15203.5165
   113   34 Se         0.0023     213.6760   15203.5166
   114   34 Se         0.0022     213.6760   15203.5164
   115   34 Se         0.0022     213.6760   15203.5164
   116   34 Se         0.0023     213.6760   15203.5166
   117   34 Se         0.0024     213.6760   15203.5167
   118   34 Se         0.0022     213.6760   15203.5164
   119   34 Se         0.0023     213.6760   15203.5166
   120   34 Se         0.0022     213.6760   15203.5164
   121   34 Se         0.0023     213.6760   15203.5165
   122   34 Se         0.0023     213.6760   15203.5165
   123   34 Se         0.0023     213.6760   15203.5165
   124   34 Se         0.0023     213.6760   15203.5165
   125   34 Se         0.0023     213.6760   15203.5166
   126   34 Se         0.0022     213.6760   15203.5164
   127   34 Se         0.0023     213.6760   15203.5165
   128   34 Se         0.0023     213.6760   15203.5166
   129   34 Se         0.0021     213.6760   15203.5164
   130   34 Se         0.0022     213.6760   15203.5164
   131   34 Se         0.0023     213.6760   15203.5166
   132   34 Se         0.0023     213.6760   15203.5165
   133   34 Se         0.0023     213.6760   15203.5166
   134   34 Se         0.0023     213.6760   15203.5165
   135   34 Se         0.0023     213.6760   15203.5166
   136   34 Se         0.0023     213.6760   15203.5165
   137   34 Se         0.0023     213.6760   15203.5165
   138   34 Se         0.0023     213.6760   15203.5165
   139   34 Se         0.0022     213.6760   15203.5164
   140   34 Se         0.0022     213.6760   15203.5164
   141   34 Se         0.0022     213.6760   15203.5164
   142   34 Se         0.0023     213.6760   15203.5165
   143   34 Se         0.0022     213.6760   15203.5164
   144   34 Se         0.0024     213.6760   15203.5167
--------------------------------------------------------

Atom-resolved dispersion energies:
--------------------------------------------------
     #    Z           [Hartree]      [kcal/mol]
--------------------------------------------------
     1   29 Cu  -0.81215555E-03     -0.50963530
     2   29 Cu  -0.76406495E-03     -0.47945799
     3   29 Cu  -0.81122731E-03     -0.50905282
     4   29 Cu  -0.81221935E-03     -0.50967534
     5   29 Cu  -0.93040176E-03     -0.58383592
     6   29 Cu  -0.77149360E-03     -0.48411954
     7   29 Cu  -0.78665581E-03     -0.49363397
     8   29 Cu  -0.84858284E-03     -0.53249377
     9   29 Cu  -0.82700432E-03     -0.51895305
    10   29 Cu  -0.79893799E-03     -0.50134116
    11   29 Cu  -0.84958374E-03     -0.53312185
    12   29 Cu  -0.83532943E-03     -0.52417713
    13   29 Cu  -0.89148380E-03     -0.55941453
    14   29 Cu  -0.78916227E-03     -0.49520680
    15   29 Cu  -0.74896796E-03     -0.46998449
    16   29 Cu  -0.84337723E-03     -0.52922720
    17   29 Cu  -0.78657780E-03     -0.49358502
    18   29 Cu  -0.78938906E-03     -0.49534911
    19   29 Cu  -0.77166421E-03     -0.48422660
    20   29 Cu  -0.77132446E-03     -0.48401341
    21   29 Cu  -0.86368167E-03     -0.54196843
    22   29 Cu  -0.80411498E-03     -0.50458977
    23   29 Cu  -0.71626230E-03     -0.44946138
    24   29 Cu  -0.76790496E-03     -0.48186764
    25   29 Cu  -0.82700121E-03     -0.51895110
    26   29 Cu  -0.83534291E-03     -0.52418559
    27   29 Cu  -0.78665581E-03     -0.49363397
    28   29 Cu  -0.77132448E-03     -0.48401342
    29   29 Cu  -0.84861415E-03     -0.53251342
    30   29 Cu  -0.80706589E-03     -0.50644149
    31   29 Cu  -0.89162433E-03     -0.55950271
    32   29 Cu  -0.84965407E-03     -0.53316598
    33   29 Cu  -0.74896795E-03     -0.46998448
    34   29 Cu  -0.89148376E-03     -0.55941450
    35   29 Cu  -0.83532953E-03     -0.52417720
    36   29 Cu  -0.86359126E-03     -0.54191170
    37   29 Cu  -0.80413602E-03     -0.50460297
    38   29 Cu  -0.79905994E-03     -0.50141768
    39   29 Cu  -0.82949619E-03     -0.52051672
    40   29 Cu  -0.76790790E-03     -0.48186948
    41   29 Cu  -0.82947836E-03     -0.52050553
    42   29 Cu  -0.81215555E-03     -0.50963530
    43   29 Cu  -0.86359128E-03     -0.54191171
    44   29 Cu  -0.79905993E-03     -0.50141768
    45   29 Cu  -0.79946625E-03     -0.50167264
    46   29 Cu  -0.83534301E-03     -0.52418565
    47   29 Cu  -0.93040387E-03     -0.58383724
    48   29 Cu  -0.81121687E-03     -0.50904627
    49   29 Cu  -0.74916417E-03     -0.47010762
    50   29 Cu  -0.84347069E-03     -0.52928585
    51   29 Cu  -0.77149360E-03     -0.48411955
    52   29 Cu  -0.82949603E-03     -0.52051662
    53   29 Cu  -0.79946616E-03     -0.50167259
    54   29 Cu  -0.82704237E-03     -0.51897692
    55   29 Cu  -0.86368169E-03     -0.54196844
    56   29 Cu  -0.76790626E-03     -0.48186846
    57   29 Cu  -0.71626229E-03     -0.44946137
    58   29 Cu  -0.93043700E-03     -0.58385803
    59   29 Cu  -0.80711070E-03     -0.50646961
    60   29 Cu  -0.78657780E-03     -0.49358502
    61   29 Cu  -0.76396773E-03     -0.47939699
    62   29 Cu  -0.71631283E-03     -0.44949309
    63   29 Cu  -0.77166420E-03     -0.48422660
    64   29 Cu  -0.93043489E-03     -0.58385671
    65   29 Cu  -0.79939000E-03     -0.50162480
    66   29 Cu  -0.76406496E-03     -0.47945800
    67   29 Cu  -0.78916223E-03     -0.49520678
    68   29 Cu  -0.84858285E-03     -0.53249378
    69   29 Cu  -0.77143549E-03     -0.48408308
    70   29 Cu  -0.81122732E-03     -0.50905283
    71   29 Cu  -0.82703926E-03     -0.51897497
    72   29 Cu  -0.81121686E-03     -0.50904626
    73   29 Cu  -0.84965218E-03     -0.53316479
    74   29 Cu  -0.77143550E-03     -0.48408309
    75   29 Cu  -0.80706589E-03     -0.50644149
    76   29 Cu  -0.71631282E-03     -0.44949308
    77   29 Cu  -0.76396772E-03     -0.47939698
    78   29 Cu  -0.81221934E-03     -0.50967533
    79   29 Cu  -0.78930735E-03     -0.49529784
    80   29 Cu  -0.80413344E-03     -0.50460135
    81   29 Cu  -0.78917760E-03     -0.49521642
    82   29 Cu  -0.76790921E-03     -0.48187030
    83   29 Cu  -0.80411240E-03     -0.50458815
    84   29 Cu  -0.89162437E-03     -0.55950274
    85   29 Cu  -0.78938906E-03     -0.49534912
    86   29 Cu  -0.79938991E-03     -0.50162475
    87   29 Cu  -0.84861415E-03     -0.53251342
    88   29 Cu  -0.79893800E-03     -0.50134116
    89   29 Cu  -0.84958564E-03     -0.53312304
    90   29 Cu  -0.84347076E-03     -0.52928590
    91   29 Cu  -0.82947853E-03     -0.52050563
    92   29 Cu  -0.78917756E-03     -0.49521640
    93   29 Cu  -0.84337730E-03     -0.52922725
    94   29 Cu  -0.80711069E-03     -0.50646961
    95   29 Cu  -0.74916417E-03     -0.47010761
    96   29 Cu  -0.78930735E-03     -0.49529784
    97   34 Se  -0.77026609E-03     -0.48334927
    98   34 Se  -0.80954760E-03     -0.50799879
    99   34 Se  -0.81504408E-03     -0.51144788
   100   34 Se  -0.84148006E-03     -0.52803671
   101   34 Se  -0.80964174E-03     -0.50805786
   102   34 Se  -0.84140162E-03     -0.52798749
   103   34 Se  -0.82249837E-03     -0.51612552
   104   34 Se  -0.77401905E-03     -0.48570429
   105   34 Se  -0.81899067E-03     -0.51392440
   106   34 Se  -0.82163907E-03     -0.51558630
   107   34 Se  -0.77034091E-03     -0.48339622
   108   34 Se  -0.76947291E-03     -0.48285154
   109   34 Se  -0.77026609E-03     -0.48334927
   110   34 Se  -0.81051452E-03     -0.50860554
   111   34 Se  -0.81876614E-03     -0.51378351
   112   34 Se  -0.79605120E-03     -0.49952967
   113   34 Se  -0.82150062E-03     -0.51549942
   114   34 Se  -0.77276025E-03     -0.48491438
   115   34 Se  -0.77283230E-03     -0.48495959
   116   34 Se  -0.82249835E-03     -0.51612551
   117   34 Se  -0.84148006E-03     -0.52803671
   118   34 Se  -0.76942648E-03     -0.48282240
   119   34 Se  -0.82237002E-03     -0.51604498
   120   34 Se  -0.77416430E-03     -0.48579543
   121   34 Se  -0.79605120E-03     -0.49952967
   122   34 Se  -0.81051348E-03     -0.50860489
   123   34 Se  -0.81035869E-03     -0.50850776
   124   34 Se  -0.81514513E-03     -0.51151129
   125   34 Se  -0.81876612E-03     -0.51378350
   126   34 Se  -0.77283236E-03     -0.48495962
   127   34 Se  -0.81504565E-03     -0.51144887
   128   34 Se  -0.82149752E-03     -0.51549748
   129   34 Se  -0.77034091E-03     -0.48339622
   130   34 Se  -0.77276031E-03     -0.48491442
   131   34 Se  -0.82237000E-03     -0.51604497
   132   34 Se  -0.79601297E-03     -0.49950568
   133   34 Se  -0.82164217E-03     -0.51558825
   134   34 Se  -0.81035973E-03     -0.50850841
   135   34 Se  -0.81899065E-03     -0.51392439
   136   34 Se  -0.79601298E-03     -0.49950568
   137   34 Se  -0.80954756E-03     -0.50799876
   138   34 Se  -0.81514355E-03     -0.51151030
   139   34 Se  -0.77401923E-03     -0.48570440
   140   34 Se  -0.76947290E-03     -0.48285153
   141   34 Se  -0.77416447E-03     -0.48579554
   142   34 Se  -0.80964177E-03     -0.50805788
   143   34 Se  -0.76942649E-03     -0.48282241
   144   34 Se  -0.84140161E-03     -0.52798748
--------------------------------------------------

Dispersion energy:      -1.1631855615317E-01 Eh

[Info] Dispersion energy written to .EDISP
