-----------------------------------
 s i m p l e   D F T - D 3  v1.2.1
-----------------------------------

Zero (Chai-Head-Gordon) damping: pbe-D3(0)
--------------------
  s6         1.0000
  s8         0.7220
  s9         0.0000
 rs6         1.2170
 rs8         1.0000
 alp        14.0000
--------------------

Atomic radii (in Angstrom):
-------------------------------------------
   Z          R(cov)     R(vdw)      r4/r2
-------------------------------------------
  29 Cu       1.3467     1.6504     2.7654
  34 Se       1.4667     1.7634     2.5771
-------------------------------------------

Atomic reference systems (in atomic units):
----------------------------------------------------------------------------
   Z        #      CN    C6(AA)   #      CN    C6(AA)   #      CN    C6(AA)
----------------------------------------------------------------------------
  29 Cu     1  0.0000  337.1808   2  0.9576  174.9969
  34 Se     1  0.0000  213.6738   2  0.9901  213.7862   3  1.9812  210.5231
----------------------------------------------------------------------------

Dispersion properties (in atomic units):
--------------------------------------------------------
     #    Z                CN       C6(AA)       C8(AA)
--------------------------------------------------------
     1   29 Cu         0.0042     332.1139   27210.4190
     2   29 Cu         0.0036     332.1386   27212.4372
     3   29 Cu         0.0038     332.1290   27211.6554
     4   29 Cu         0.0042     332.1139   27210.4181
     5   29 Cu         0.0042     332.1170   27210.6721
     6   29 Cu         0.0036     332.1378   27212.3709
     7   29 Cu         0.0038     332.1316   27211.8672
     8   29 Cu         0.0040     332.1242   27211.2564
     9   29 Cu         0.0038     332.1319   27211.8902
    10   29 Cu         0.0034     332.1463   27213.0718
    11   29 Cu         0.0040     332.1243   27211.2712
    12   29 Cu         0.0036     332.1378   27212.3708
    13   29 Cu         0.0043     332.1109   27210.1679
    14   29 Cu         0.0040     332.1249   27211.3187
    15   29 Cu         0.0037     332.1346   27212.1113
    16   29 Cu         0.0043     332.1125   27210.3034
    17   29 Cu         0.0038     332.1316   27211.8667
    18   29 Cu         0.0037     332.1327   27211.9519
    19   29 Cu         0.0036     332.1378   27212.3695
    20   29 Cu         0.0036     332.1376   27212.3613
    21   29 Cu         0.0040     332.1223   27211.1054
    22   29 Cu         0.0038     332.1311   27211.8219
    23   29 Cu         0.0041     332.1208   27210.9791
    24   29 Cu         0.0039     332.1260   27211.4042
    25   29 Cu         0.0038     332.1319   27211.8902
    26   29 Cu         0.0036     332.1378   27212.3702
    27   29 Cu         0.0038     332.1316   27211.8672
    28   29 Cu         0.0036     332.1376   27212.3613
    29   29 Cu         0.0040     332.1242   27211.2565
    30   29 Cu         0.0038     332.1318   27211.8843
    31   29 Cu         0.0043     332.1109   27210.1673
    32   29 Cu         0.0040     332.1243   27211.2694
    33   29 Cu         0.0037     332.1346   27212.1113
    34   29 Cu         0.0043     332.1109   27210.1679
    35   29 Cu         0.0036     332.1378   27212.3708
    36   29 Cu         0.0040     332.1223   27211.1070
    37   29 Cu         0.0038     332.1311   27211.8215
    38   29 Cu         0.0034     332.1463   27213.0703
    39   29 Cu         0.0041     332.1200   27210.9149
    40   29 Cu         0.0039     332.1260   27211.4028
    41   29 Cu         0.0041     332.1200   27210.9148
    42   29 Cu         0.0042     332.1139   27210.4190
    43   29 Cu         0.0040     332.1223   27211.1070
    44   29 Cu         0.0034     332.1463   27213.0703
    45   29 Cu         0.0038     332.1321   27211.9047
    46   29 Cu         0.0036     332.1378   27212.3702
    47   29 Cu         0.0042     332.1170   27210.6721
    48   29 Cu         0.0038     332.1290   27211.6545
    49   29 Cu         0.0037     332.1346   27212.1087
    50   29 Cu         0.0043     332.1125   27210.3020
    51   29 Cu         0.0036     332.1378   27212.3709
    52   29 Cu         0.0041     332.1200   27210.9149
    53   29 Cu         0.0038     332.1321   27211.9047
    54   29 Cu         0.0038     332.1319   27211.8909
    55   29 Cu         0.0040     332.1223   27211.1054
    56   29 Cu         0.0039     332.1260   27211.4042
    57   29 Cu         0.0041     332.1208   27210.9791
    58   29 Cu         0.0042     332.1170   27210.6717
    59   29 Cu         0.0038     332.1318   27211.8828
    60   29 Cu         0.0038     332.1316   27211.8667
    61   29 Cu         0.0036     332.1386   27212.4381
    62   29 Cu         0.0041     332.1208   27210.9778
    63   29 Cu         0.0036     332.1378   27212.3695
    64   29 Cu         0.0042     332.1170   27210.6717
    65   29 Cu         0.0038     332.1321   27211.9068
    66   29 Cu         0.0036     332.1386   27212.4372
    67   29 Cu         0.0040     332.1249   27211.3187
    68   29 Cu         0.0040     332.1242   27211.2564
    69   29 Cu         0.0036     332.1376   27212.3601
    70   29 Cu         0.0038     332.1290   27211.6554
    71   29 Cu         0.0038     332.1319   27211.8909
    72   29 Cu         0.0038     332.1290   27211.6545
    73   29 Cu         0.0040     332.1243   27211.2694
    74   29 Cu         0.0036     332.1376   27212.3601
    75   29 Cu         0.0038     332.1318   27211.8843
    76   29 Cu         0.0041     332.1208   27210.9778
    77   29 Cu         0.0036     332.1386   27212.4381
    78   29 Cu         0.0042     332.1139   27210.4181
    79   29 Cu         0.0037     332.1327   27211.9517
    80   29 Cu         0.0038     332.1311   27211.8216
    81   29 Cu         0.0040     332.1249   27211.3180
    82   29 Cu         0.0039     332.1260   27211.4028
    83   29 Cu         0.0038     332.1311   27211.8220
    84   29 Cu         0.0043     332.1109   27210.1673
    85   29 Cu         0.0037     332.1327   27211.9519
    86   29 Cu         0.0038     332.1321   27211.9068
    87   29 Cu         0.0040     332.1242   27211.2565
    88   29 Cu         0.0034     332.1463   27213.0718
    89   29 Cu         0.0040     332.1243   27211.2711
    90   29 Cu         0.0043     332.1125   27210.3020
    91   29 Cu         0.0041     332.1200   27210.9148
    92   29 Cu         0.0040     332.1249   27211.3180
    93   29 Cu         0.0043     332.1125   27210.3034
    94   29 Cu         0.0038     332.1318   27211.8828
    95   29 Cu         0.0037     332.1346   27212.1087
    96   29 Cu         0.0037     332.1327   27211.9517
    97   34 Se         0.0051     213.6761   15203.5201
    98   34 Se         0.0055     213.6761   15203.5206
    99   34 Se         0.0055     213.6761   15203.5205
   100   34 Se         0.0059     213.6761   15203.5211
   101   34 Se         0.0055     213.6761   15203.5206
   102   34 Se         0.0059     213.6761   15203.5211
   103   34 Se         0.0057     213.6761   15203.5207
   104   34 Se         0.0053     213.6761   15203.5202
   105   34 Se         0.0056     213.6761   15203.5207
   106   34 Se         0.0056     213.6761   15203.5207
   107   34 Se         0.0051     213.6761   15203.5201
   108   34 Se         0.0052     213.6761   15203.5201
   109   34 Se         0.0051     213.6761   15203.5201
   110   34 Se         0.0056     213.6761   15203.5206
   111   34 Se         0.0056     213.6761   15203.5207
   112   34 Se         0.0055     213.6761   15203.5205
   113   34 Se         0.0056     213.6761   15203.5207
   114   34 Se         0.0053     213.6761   15203.5202
   115   34 Se         0.0053     213.6761   15203.5202
   116   34 Se         0.0057     213.6761   15203.5207
   117   34 Se         0.0059     213.6761   15203.5211
   118   34 Se         0.0052     213.6761   15203.5201
   119   34 Se         0.0057     213.6761   15203.5207
   120   34 Se         0.0053     213.6761   15203.5202
   121   34 Se         0.0055     213.6761   15203.5205
   122   34 Se         0.0056     213.6761   15203.5206
   123   34 Se         0.0056     213.6761   15203.5206
   124   34 Se         0.0055     213.6761   15203.5205
   125   34 Se         0.0056     213.6761   15203.5207
   126   34 Se         0.0053     213.6761   15203.5202
   127   34 Se         0.0055     213.6761   15203.5205
   128   34 Se         0.0056     213.6761   15203.5207
   129   34 Se         0.0051     213.6761   15203.5201
   130   34 Se         0.0053     213.6761   15203.5202
   131   34 Se         0.0057     213.6761   15203.5207
   132   34 Se         0.0055     213.6761   15203.5205
   133   34 Se         0.0056     213.6761   15203.5207
   134   34 Se         0.0056     213.6761   15203.5206
   135   34 Se         0.0056     213.6761   15203.5207
   136   34 Se         0.0055     213.6761   15203.5205
   137   34 Se         0.0055     213.6761   15203.5206
   138   34 Se         0.0055     213.6761   15203.5205
   139   34 Se         0.0053     213.6761   15203.5202
   140   34 Se         0.0052     213.6761   15203.5201
   141   34 Se         0.0053     213.6761   15203.5202
   142   34 Se         0.0055     213.6761   15203.5206
   143   34 Se         0.0052     213.6761   15203.5201
   144   34 Se         0.0059     213.6761   15203.5211
--------------------------------------------------------

Atom-resolved dispersion energies:
--------------------------------------------------
     #    Z           [Hartree]      [kcal/mol]
--------------------------------------------------
     1   29 Cu  -0.16189635E-02     -1.01591492
     2   29 Cu  -0.15488151E-02     -0.97189612
     3   29 Cu  -0.16264484E-02     -1.02061177
     4   29 Cu  -0.16191002E-02     -1.01600069
     5   29 Cu  -0.18774073E-02     -1.17809085
     6   29 Cu  -0.15596769E-02     -0.97871205
     7   29 Cu  -0.15865554E-02     -0.99557855
     8   29 Cu  -0.17114892E-02     -1.07397570
     9   29 Cu  -0.16731785E-02     -1.04993534
    10   29 Cu  -0.16330212E-02     -1.02473628
    11   29 Cu  -0.17122877E-02     -1.07447676
    12   29 Cu  -0.17018465E-02     -1.06792479
    13   29 Cu  -0.17834624E-02     -1.11913955
    14   29 Cu  -0.15835321E-02     -0.99368138
    15   29 Cu  -0.15093475E-02     -0.94712985
    16   29 Cu  -0.16802425E-02     -1.05436811
    17   29 Cu  -0.15863884E-02     -0.99547378
    18   29 Cu  -0.15946453E-02     -1.00065505
    19   29 Cu  -0.15600240E-02     -0.97892987
    20   29 Cu  -0.15554553E-02     -0.97606295
    21   29 Cu  -0.17447598E-02     -1.09485327
    22   29 Cu  -0.16241903E-02     -1.01919481
    23   29 Cu  -0.14181895E-02     -0.88992735
    24   29 Cu  -0.15380926E-02     -0.96516771
    25   29 Cu  -0.16731723E-02     -1.04993150
    26   29 Cu  -0.17018684E-02     -1.06793852
    27   29 Cu  -0.15865554E-02     -0.99557855
    28   29 Cu  -0.15554554E-02     -0.97606297
    29   29 Cu  -0.17115512E-02     -1.07401459
    30   29 Cu  -0.16349451E-02     -1.02594353
    31   29 Cu  -0.17837398E-02     -1.11931360
    32   29 Cu  -0.17124114E-02     -1.07455437
    33   29 Cu  -0.15093475E-02     -0.94712985
    34   29 Cu  -0.17834623E-02     -1.11913949
    35   29 Cu  -0.17018467E-02     -1.06792492
    36   29 Cu  -0.17445886E-02     -1.09474585
    37   29 Cu  -0.16242309E-02     -1.01922030
    38   29 Cu  -0.16332683E-02     -1.02489134
    39   29 Cu  -0.16645243E-02     -1.04450474
    40   29 Cu  -0.15380761E-02     -0.96515731
    41   29 Cu  -0.16644881E-02     -1.04448208
    42   29 Cu  -0.16189635E-02     -1.01591491
    43   29 Cu  -0.17445886E-02     -1.09474587
    44   29 Cu  -0.16332683E-02     -1.02489133
    45   29 Cu  -0.16158312E-02     -1.01394940
    46   29 Cu  -0.17018686E-02     -1.06793865
    47   29 Cu  -0.18774115E-02     -1.17809349
    48   29 Cu  -0.16264096E-02     -1.02058744
    49   29 Cu  -0.15097319E-02     -0.94737106
    50   29 Cu  -0.16804104E-02     -1.05447342
    51   29 Cu  -0.15596769E-02     -0.97871206
    52   29 Cu  -0.16645239E-02     -1.04450453
    53   29 Cu  -0.16158310E-02     -1.01394928
    54   29 Cu  -0.16732744E-02     -1.04999554
    55   29 Cu  -0.17447598E-02     -1.09485330
    56   29 Cu  -0.15380954E-02     -0.96516941
    57   29 Cu  -0.14181895E-02     -0.88992733
    58   29 Cu  -0.18774740E-02     -1.17813270
    59   29 Cu  -0.16350210E-02     -1.02599119
    60   29 Cu  -0.15863884E-02     -0.99547378
    61   29 Cu  -0.15486152E-02     -0.97177072
    62   29 Cu  -0.14182775E-02     -0.88998256
    63   29 Cu  -0.15600240E-02     -0.97892986
    64   29 Cu  -0.18774698E-02     -1.17813006
    65   29 Cu  -0.16157075E-02     -1.01387176
    66   29 Cu  -0.15488151E-02     -0.97189614
    67   29 Cu  -0.15835320E-02     -0.99368133
    68   29 Cu  -0.17114892E-02     -1.07397571
    69   29 Cu  -0.15556785E-02     -0.97620301
    70   29 Cu  -0.16264484E-02     -1.02061178
    71   29 Cu  -0.16732683E-02     -1.04999170
    72   29 Cu  -0.16264096E-02     -1.02058742
    73   29 Cu  -0.17124080E-02     -1.07455222
    74   29 Cu  -0.15556785E-02     -0.97620303
    75   29 Cu  -0.16349451E-02     -1.02594353
    76   29 Cu  -0.14182775E-02     -0.88998255
    77   29 Cu  -0.15486152E-02     -0.97177070
    78   29 Cu  -0.16191001E-02     -1.01600068
    79   29 Cu  -0.15944724E-02     -1.00054656
    80   29 Cu  -0.16242260E-02     -1.01921718
    81   29 Cu  -0.15835506E-02     -0.99369298
    82   29 Cu  -0.15380788E-02     -0.96515901
    83   29 Cu  -0.16241853E-02     -1.01919169
    84   29 Cu  -0.17837399E-02     -1.11931366
    85   29 Cu  -0.15946453E-02     -1.00065506
    86   29 Cu  -0.16157073E-02     -1.01387165
    87   29 Cu  -0.17115512E-02     -1.07401458
    88   29 Cu  -0.16330212E-02     -1.02473629
    89   29 Cu  -0.17122911E-02     -1.07447892
    90   29 Cu  -0.16804105E-02     -1.05447351
    91   29 Cu  -0.16644885E-02     -1.04448229
    92   29 Cu  -0.15835505E-02     -0.99369293
    93   29 Cu  -0.16802427E-02     -1.05436820
    94   29 Cu  -0.16350210E-02     -1.02599118
    95   29 Cu  -0.15097319E-02     -0.94737105
    96   29 Cu  -0.15944724E-02     -1.00054656
    97   34 Se  -0.15330013E-02     -0.96197284
    98   34 Se  -0.16004913E-02     -1.00432343
    99   34 Se  -0.16160966E-02     -1.01411595
   100   34 Se  -0.16496021E-02     -1.03514094
   101   34 Se  -0.16006565E-02     -1.00442714
   102   34 Se  -0.16494527E-02     -1.03504721
   103   34 Se  -0.16221021E-02     -1.01788442
   104   34 Se  -0.15317894E-02     -0.96121237
   105   34 Se  -0.16156065E-02     -1.01380838
   106   34 Se  -0.16232608E-02     -1.01861154
   107   34 Se  -0.15331326E-02     -0.96205526
   108   34 Se  -0.15247921E-02     -0.95682150
   109   34 Se  -0.15330013E-02     -0.96197285
   110   34 Se  -0.16025453E-02     -1.00561236
   111   34 Se  -0.16152103E-02     -1.01355976
   112   34 Se  -0.15677939E-02     -0.98380553
   113   34 Se  -0.16230300E-02     -1.01846671
   114   34 Se  -0.15296701E-02     -0.95988247
   115   34 Se  -0.15297993E-02     -0.95996355
   116   34 Se  -0.16221020E-02     -1.01788440
   117   34 Se  -0.16496021E-02     -1.03514094
   118   34 Se  -0.15246968E-02     -0.95676169
   119   34 Se  -0.16218733E-02     -1.01774084
   120   34 Se  -0.15320244E-02     -0.96135985
   121   34 Se  -0.15677939E-02     -0.98380552
   122   34 Se  -0.16025435E-02     -1.00561125
   123   34 Se  -0.16022756E-02     -1.00544310
   124   34 Se  -0.16162746E-02     -1.01422762
   125   34 Se  -0.16152103E-02     -1.01355974
   126   34 Se  -0.15297994E-02     -0.95996363
   127   34 Se  -0.16160995E-02     -1.01411774
   128   34 Se  -0.16230245E-02     -1.01846322
   129   34 Se  -0.15331326E-02     -0.96205525
   130   34 Se  -0.15296702E-02     -0.95988254
   131   34 Se  -0.16218732E-02     -1.01774081
   132   34 Se  -0.15677278E-02     -0.98376406
   133   34 Se  -0.16232664E-02     -1.01861503
   134   34 Se  -0.16022773E-02     -1.00544421
   135   34 Se  -0.16156065E-02     -1.01380836
   136   34 Se  -0.15677278E-02     -0.98376406
   137   34 Se  -0.16004912E-02     -1.00432339
   138   34 Se  -0.16162717E-02     -1.01422583
   139   34 Se  -0.15317898E-02     -0.96121260
   140   34 Se  -0.15247921E-02     -0.95682148
   141   34 Se  -0.15320248E-02     -0.96136008
   142   34 Se  -0.16006566E-02     -1.00442719
   143   34 Se  -0.15246968E-02     -0.95676171
   144   34 Se  -0.16494527E-02     -1.03504720
--------------------------------------------------

Dispersion energy:      -2.3285632703745E-01 Eh

[Info] Dispersion energy written to .EDISP
