-----------------------------------
 s i m p l e   D F T - D 3  v1.2.1
-----------------------------------

Zero (Chai-Head-Gordon) damping: pbe-D3(0)
--------------------
  s6         1.0000
  s8         0.7220
  s9         0.0000
 rs6         1.2170
 rs8         1.0000
 alp        14.0000
--------------------

Atomic radii (in Angstrom):
-------------------------------------------
   Z          R(cov)     R(vdw)      r4/r2
-------------------------------------------
  29 Cu       1.3467     1.6504     2.7654
  34 Se       1.4667     1.7634     2.5771
-------------------------------------------

Atomic reference systems (in atomic units):
----------------------------------------------------------------------------
   Z        #      CN    C6(AA)   #      CN    C6(AA)   #      CN    C6(AA)
----------------------------------------------------------------------------
  29 Cu     1  0.0000  337.1808   2  0.9576  174.9969
  34 Se     1  0.0000  213.6738   2  0.9901  213.7862   3  1.9812  210.5231
----------------------------------------------------------------------------

Dispersion properties (in atomic units):
--------------------------------------------------------
     #    Z                CN       C6(AA)       C8(AA)
--------------------------------------------------------
     1   29 Cu         1.5869     175.0229   14339.7946
     2   29 Cu         1.2226     175.4191   14372.2566
     3   29 Cu         1.3305     175.1819   14352.8246
     4   29 Cu         1.5870     175.0228   14339.7923
     5   29 Cu         1.4903     175.0513   14342.1270
     6   29 Cu         1.2446     175.3537   14366.8997
     7   29 Cu         1.3349     175.1757   14352.3159
     8   29 Cu         1.4087     175.0985   14345.9937
     9   29 Cu         1.2907     175.2478   14358.2215
    10   29 Cu         1.0531     176.5343   14463.6270
    11   29 Cu         1.4172     175.0922   14345.4720
    12   29 Cu         1.1771     175.5945   14386.6301
    13   29 Cu         1.6150     175.0178   14339.3819
    14   29 Cu         1.4171     175.0922   14345.4775
    15   29 Cu         1.3072     175.2180   14355.7828
    16   29 Cu         1.6231     175.0166   14339.2792
    17   29 Cu         1.3350     175.1756   14352.3051
    18   29 Cu         1.3092     175.2145   14355.4982
    19   29 Cu         1.2448     175.3531   14366.8497
    20   29 Cu         1.2204     175.4263   14372.8475
    21   29 Cu         1.4179     175.0917   14345.4309
    22   29 Cu         1.3354     175.1751   14352.2678
    23   29 Cu         1.5131     175.0426   14341.4110
    24   29 Cu         1.4315     175.0822   14344.6593
    25   29 Cu         1.2907     175.2478   14358.2223
    26   29 Cu         1.1772     175.5939   14386.5833
    27   29 Cu         1.3349     175.1757   14352.3159
    28   29 Cu         1.2204     175.4263   14372.8475
    29   29 Cu         1.4087     175.0986   14345.9968
    30   29 Cu         1.2931     175.2432   14357.8497
    31   29 Cu         1.6152     175.0178   14339.3800
    32   29 Cu         1.4175     175.0919   14345.4538
    33   29 Cu         1.3072     175.2180   14355.7828
    34   29 Cu         1.6150     175.0178   14339.3819
    35   29 Cu         1.1771     175.5945   14386.6300
    36   29 Cu         1.4177     175.0918   14345.4426
    37   29 Cu         1.3354     175.1751   14352.2625
    38   29 Cu         1.0533     176.5318   14463.4258
    39   29 Cu         1.4971     175.0486   14341.8990
    40   29 Cu         1.4318     175.0821   14344.6460
    41   29 Cu         1.4971     175.0486   14341.8993
    42   29 Cu         1.5869     175.0229   14339.7946
    43   29 Cu         1.4177     175.0918   14345.4426
    44   29 Cu         1.0533     176.5318   14463.4258
    45   29 Cu         1.2884     175.2522   14358.5844
    46   29 Cu         1.1772     175.5939   14386.5833
    47   29 Cu         1.4903     175.0513   14342.1269
    48   29 Cu         1.3306     175.1817   14352.8095
    49   29 Cu         1.3076     175.2172   14355.7200
    50   29 Cu         1.6233     175.0165   14339.2761
    51   29 Cu         1.2446     175.3537   14366.8997
    52   29 Cu         1.4971     175.0486   14341.8991
    53   29 Cu         1.2884     175.2522   14358.5844
    54   29 Cu         1.2905     175.2481   14358.2457
    55   29 Cu         1.4179     175.0917   14345.4309
    56   29 Cu         1.4315     175.0822   14344.6592
    57   29 Cu         1.5131     175.0426   14341.4110
    58   29 Cu         1.4903     175.0513   14342.1247
    59   29 Cu         1.2933     175.2428   14357.8100
    60   29 Cu         1.3350     175.1756   14352.3051
    61   29 Cu         1.2225     175.4193   14372.2775
    62   29 Cu         1.5133     175.0425   14341.4061
    63   29 Cu         1.2448     175.3531   14366.8497
    64   29 Cu         1.4903     175.0513   14342.1247
    65   29 Cu         1.2881     175.2528   14358.6316
    66   29 Cu         1.2226     175.4191   14372.2566
    67   29 Cu         1.4171     175.0922   14345.4775
    68   29 Cu         1.4087     175.0985   14345.9937
    69   29 Cu         1.2205     175.4258   14372.8066
    70   29 Cu         1.3305     175.1819   14352.8246
    71   29 Cu         1.2905     175.2481   14358.2466
    72   29 Cu         1.3306     175.1817   14352.8095
    73   29 Cu         1.4175     175.0919   14345.4540
    74   29 Cu         1.2205     175.4258   14372.8066
    75   29 Cu         1.2931     175.2432   14357.8497
    76   29 Cu         1.5133     175.0425   14341.4061
    77   29 Cu         1.2225     175.4193   14372.2775
    78   29 Cu         1.5870     175.0228   14339.7923
    79   29 Cu         1.3093     175.2145   14355.4931
    80   29 Cu         1.3354     175.1751   14352.2631
    81   29 Cu         1.4171     175.0923   14345.4792
    82   29 Cu         1.4318     175.0821   14344.6460
    83   29 Cu         1.3354     175.1751   14352.2684
    84   29 Cu         1.6152     175.0178   14339.3800
    85   29 Cu         1.3092     175.2145   14355.4982
    86   29 Cu         1.2881     175.2528   14358.6316
    87   29 Cu         1.4087     175.0986   14345.9968
    88   29 Cu         1.0531     176.5343   14463.6270
    89   29 Cu         1.4172     175.0922   14345.4717
    90   29 Cu         1.6233     175.0165   14339.2761
    91   29 Cu         1.4971     175.0486   14341.8993
    92   29 Cu         1.4171     175.0923   14345.4792
    93   29 Cu         1.6231     175.0166   14339.2792
    94   29 Cu         1.2933     175.2428   14357.8100
    95   29 Cu         1.3076     175.2172   14355.7200
    96   29 Cu         1.3093     175.2145   14355.4931
    97   34 Se         2.0520     210.5591   14981.7428
    98   34 Se         2.2838     210.5289   14979.5914
    99   34 Se         2.2303     210.5319   14979.8085
   100   34 Se         2.4711     210.5244   14979.2731
   101   34 Se         2.2843     210.5289   14979.5900
   102   34 Se         2.4707     210.5244   14979.2734
   103   34 Se         2.3451     210.5267   14979.4333
   104   34 Se         2.0778     210.5525   14981.2729
   105   34 Se         2.2976     210.5283   14979.5488
   106   34 Se         2.3130     210.5277   14979.5067
   107   34 Se         2.0524     210.5590   14981.7349
   108   34 Se         2.0456     210.5610   14981.8756
   109   34 Se         2.0520     210.5591   14981.7428
   110   34 Se         2.2861     210.5288   14979.5842
   111   34 Se         2.2966     210.5283   14979.5520
   112   34 Se         2.2461     210.5309   14979.7348
   113   34 Se         2.3123     210.5277   14979.5084
   114   34 Se         2.1346     210.5419   14980.5185
   115   34 Se         2.1350     210.5419   14980.5150
   116   34 Se         2.3451     210.5267   14979.4333
   117   34 Se         2.4711     210.5244   14979.2731
   118   34 Se         2.0455     210.5610   14981.8768
   119   34 Se         2.3445     210.5267   14979.4345
   120   34 Se         2.0786     210.5523   14981.2597
   121   34 Se         2.2461     210.5309   14979.7348
   122   34 Se         2.2861     210.5288   14979.5842
   123   34 Se         2.2853     210.5288   14979.5866
   124   34 Se         2.2309     210.5319   14979.8059
   125   34 Se         2.2966     210.5283   14979.5520
   126   34 Se         2.1350     210.5419   14980.5150
   127   34 Se         2.2303     210.5319   14979.8084
   128   34 Se         2.3123     210.5277   14979.5084
   129   34 Se         2.0524     210.5590   14981.7349
   130   34 Se         2.1346     210.5419   14980.5185
   131   34 Se         2.3445     210.5267   14979.4345
   132   34 Se         2.2459     210.5309   14979.7355
   133   34 Se         2.3130     210.5277   14979.5066
   134   34 Se         2.2854     210.5288   14979.5866
   135   34 Se         2.2976     210.5283   14979.5488
   136   34 Se         2.2459     210.5309   14979.7355
   137   34 Se         2.2838     210.5289   14979.5914
   138   34 Se         2.2308     210.5319   14979.8059
   139   34 Se         2.0778     210.5525   14981.2729
   140   34 Se         2.0456     210.5610   14981.8756
   141   34 Se         2.0786     210.5523   14981.2597
   142   34 Se         2.2843     210.5289   14979.5900
   143   34 Se         2.0455     210.5610   14981.8768
   144   34 Se         2.4707     210.5244   14979.2734
--------------------------------------------------------

Atom-resolved dispersion energies:
--------------------------------------------------
     #    Z           [Hartree]      [kcal/mol]
--------------------------------------------------
     1   29 Cu  -0.76338379E-02     -4.79030561
     2   29 Cu  -0.83380742E-02     -5.23222058
     3   29 Cu  -0.81174141E-02     -5.09375427
     4   29 Cu  -0.76333915E-02     -4.79002551
     5   29 Cu  -0.74206621E-02     -4.65653580
     6   29 Cu  -0.79909039E-02     -5.01436791
     7   29 Cu  -0.81810628E-02     -5.13369440
     8   29 Cu  -0.78402531E-02     -4.91983312
     9   29 Cu  -0.78533889E-02     -4.92807596
    10   29 Cu  -0.80204299E-02     -5.03289573
    11   29 Cu  -0.76609985E-02     -4.80734915
    12   29 Cu  -0.81013681E-02     -5.08368522
    13   29 Cu  -0.75242806E-02     -4.72155738
    14   29 Cu  -0.83627666E-02     -5.24771526
    15   29 Cu  -0.82580299E-02     -5.18199197
    16   29 Cu  -0.74892889E-02     -4.69959973
    17   29 Cu  -0.81816262E-02     -5.13404792
    18   29 Cu  -0.79461999E-02     -4.98631571
    19   29 Cu  -0.79898070E-02     -5.01367962
    20   29 Cu  -0.82500942E-02     -5.17701230
    21   29 Cu  -0.77340712E-02     -4.85320295
    22   29 Cu  -0.76608471E-02     -4.80725412
    23   29 Cu  -0.85937538E-02     -5.39266195
    24   29 Cu  -0.82930100E-02     -5.20394235
    25   29 Cu  -0.78533997E-02     -4.92808274
    26   29 Cu  -0.81017788E-02     -5.08394298
    27   29 Cu  -0.81810628E-02     -5.13369441
    28   29 Cu  -0.82500947E-02     -5.17701256
    29   29 Cu  -0.78399588E-02     -4.91964845
    30   29 Cu  -0.82362260E-02     -5.16830986
    31   29 Cu  -0.75238248E-02     -4.72127136
    32   29 Cu  -0.76614402E-02     -4.80762631
    33   29 Cu  -0.82580296E-02     -5.18199182
    34   29 Cu  -0.75242794E-02     -4.72155660
    35   29 Cu  -0.81013677E-02     -5.08368496
    36   29 Cu  -0.77338983E-02     -4.85309442
    37   29 Cu  -0.76610051E-02     -4.80735326
    38   29 Cu  -0.80196242E-02     -5.03239015
    39   29 Cu  -0.76687939E-02     -4.81224082
    40   29 Cu  -0.82927718E-02     -5.20379287
    41   29 Cu  -0.76687955E-02     -4.81224186
    42   29 Cu  -0.76338377E-02     -4.79030545
    43   29 Cu  -0.77338990E-02     -4.85309486
    44   29 Cu  -0.80196239E-02     -5.03238996
    45   29 Cu  -0.83554216E-02     -5.24310618
    46   29 Cu  -0.81017784E-02     -5.08394271
    47   29 Cu  -0.74206539E-02     -4.65653064
    48   29 Cu  -0.81173463E-02     -5.09371170
    49   29 Cu  -0.82566725E-02     -5.18114019
    50   29 Cu  -0.74890305E-02     -4.69943757
    51   29 Cu  -0.79909040E-02     -5.01436800
    52   29 Cu  -0.76687908E-02     -4.81223886
    53   29 Cu  -0.83554191E-02     -5.24310461
    54   29 Cu  -0.78530606E-02     -4.92786990
    55   29 Cu  -0.77340719E-02     -4.85320339
    56   29 Cu  -0.82930052E-02     -5.20393932
    57   29 Cu  -0.85937534E-02     -5.39266165
    58   29 Cu  -0.74205521E-02     -4.65646672
    59   29 Cu  -0.82360501E-02     -5.16819945
    60   29 Cu  -0.81816262E-02     -5.13404793
    61   29 Cu  -0.83381141E-02     -5.23224560
    62   29 Cu  -0.85937556E-02     -5.39266308
    63   29 Cu  -0.79898069E-02     -5.01367954
    64   29 Cu  -0.74205603E-02     -4.65647187
    65   29 Cu  -0.83551679E-02     -5.24294698
    66   29 Cu  -0.83380748E-02     -5.23222095
    67   29 Cu  -0.83627651E-02     -5.24771432
    68   29 Cu  -0.78402534E-02     -4.91983330
    69   29 Cu  -0.82499324E-02     -5.17691073
    70   29 Cu  -0.81174147E-02     -5.09375461
    71   29 Cu  -0.78530714E-02     -4.92787668
    72   29 Cu  -0.81173457E-02     -5.09371136
    73   29 Cu  -0.76614434E-02     -4.80762834
    74   29 Cu  -0.82499328E-02     -5.17691099
    75   29 Cu  -0.82362258E-02     -5.16830975
    76   29 Cu  -0.85937552E-02     -5.39266278
    77   29 Cu  -0.83381135E-02     -5.23224523
    78   29 Cu  -0.76333913E-02     -4.79002535
    79   29 Cu  -0.79463064E-02     -4.98638256
    80   29 Cu  -0.76610124E-02     -4.80735785
    81   29 Cu  -0.83629439E-02     -5.24782655
    82   29 Cu  -0.82927670E-02     -5.20378983
    83   29 Cu  -0.76608544E-02     -4.80725870
    84   29 Cu  -0.75238261E-02     -4.72127215
    85   29 Cu  -0.79462000E-02     -4.98631580
    86   29 Cu  -0.83551654E-02     -5.24294542
    87   29 Cu  -0.78399586E-02     -4.91964827
    88   29 Cu  -0.80204302E-02     -5.03289592
    89   29 Cu  -0.76609953E-02     -4.80734713
    90   29 Cu  -0.74890326E-02     -4.69943890
    91   29 Cu  -0.76687987E-02     -4.81224382
    92   29 Cu  -0.83629424E-02     -5.24782561
    93   29 Cu  -0.74892910E-02     -4.69960106
    94   29 Cu  -0.82360499E-02     -5.16819934
    95   29 Cu  -0.82566722E-02     -5.18114005
    96   29 Cu  -0.79463063E-02     -4.98638246
    97   34 Se  -0.75818372E-02     -4.75767467
    98   34 Se  -0.71771663E-02     -4.50373983
    99   34 Se  -0.77704017E-02     -4.87600065
   100   34 Se  -0.68235394E-02     -4.28183564
   101   34 Se  -0.71769999E-02     -4.50363541
   102   34 Se  -0.68237425E-02     -4.28196309
   103   34 Se  -0.70957172E-02     -4.45262978
   104   34 Se  -0.79618266E-02     -4.99612162
   105   34 Se  -0.73555600E-02     -4.61568358
   106   34 Se  -0.73777242E-02     -4.62959183
   107   34 Se  -0.75815340E-02     -4.75748440
   108   34 Se  -0.78154442E-02     -4.90426527
   109   34 Se  -0.75818374E-02     -4.75767478
   110   34 Se  -0.71767266E-02     -4.50346392
   111   34 Se  -0.73558591E-02     -4.61587129
   112   34 Se  -0.69945151E-02     -4.38912448
   113   34 Se  -0.73778415E-02     -4.62966546
   114   34 Se  -0.70521067E-02     -4.42526377
   115   34 Se  -0.70520695E-02     -4.42524043
   116   34 Se  -0.70957160E-02     -4.45262904
   117   34 Se  -0.68235393E-02     -4.28183555
   118   34 Se  -0.78149058E-02     -4.90392744
   119   34 Se  -0.70956308E-02     -4.45257554
   120   34 Se  -0.79613463E-02     -4.99582021
   121   34 Se  -0.69945149E-02     -4.38912440
   122   34 Se  -0.71767285E-02     -4.50346512
   123   34 Se  -0.71767433E-02     -4.50347441
   124   34 Se  -0.77700170E-02     -4.87575927
   125   34 Se  -0.73558581E-02     -4.61587066
   126   34 Se  -0.70520722E-02     -4.42524211
   127   34 Se  -0.77703977E-02     -4.87599818
   128   34 Se  -0.73778488E-02     -4.62966999
   129   34 Se  -0.75815338E-02     -4.75748429
   130   34 Se  -0.70521094E-02     -4.42526545
   131   34 Se  -0.70956296E-02     -4.45257480
   132   34 Se  -0.69944476E-02     -4.38908214
   133   34 Se  -0.73777170E-02     -4.62958730
   134   34 Se  -0.71767414E-02     -4.50347322
   135   34 Se  -0.73555590E-02     -4.61568296
   136   34 Se  -0.69944477E-02     -4.38908222
   137   34 Se  -0.71771644E-02     -4.50373863
   138   34 Se  -0.77700209E-02     -4.87576175
   139   34 Se  -0.79618307E-02     -4.99612419
   140   34 Se  -0.78154437E-02     -4.90426496
   141   34 Se  -0.79613504E-02     -4.99582278
   142   34 Se  -0.71770018E-02     -4.50363661
   143   34 Se  -0.78149063E-02     -4.90392775
   144   34 Se  -0.68237424E-02     -4.28196300
--------------------------------------------------

Dispersion energy:      -1.1188434992560E+00 Eh

[Info] Dispersion energy written to .EDISP
