-----------------------------------
 s i m p l e   D F T - D 3  v1.2.1
-----------------------------------

Zero (Chai-Head-Gordon) damping: pbe-D3(0)
--------------------
  s6         1.0000
  s8         0.7220
  s9         0.0000
 rs6         1.2170
 rs8         1.0000
 alp        14.0000
--------------------

Atomic radii (in Angstrom):
-------------------------------------------
   Z          R(cov)     R(vdw)      r4/r2
-------------------------------------------
  56 Ba       2.3467     2.5907     5.3747
   3 Li       1.6000     1.7478     2.6564
-------------------------------------------

Atomic reference systems (in atomic units):
----------------------------------------------------------------------------
   Z        #      CN    C6(AA)   #      CN    C6(AA)   #      CN    C6(AA)
----------------------------------------------------------------------------
  56 Ba     1  0.0000 5726.9887   2  0.9797 4171.7842   3  1.8467  716.5475
   3 Li     1  0.0000 1163.4454   2  0.9865   85.3197
----------------------------------------------------------------------------

Dispersion properties (in atomic units):
--------------------------------------------------------
     #    Z                CN       C6(AA)       C8(AA)
--------------------------------------------------------
     1   56 Ba         2.0602     734.4576  227301.0128
     2   56 Ba         1.6898     950.7082  294226.5511
     3   56 Ba         1.6684     987.4492  305597.2287
     4   56 Ba         1.7345     888.6812  275030.3644
     5   56 Ba         1.6684     987.4478  305596.7779
     6   56 Ba         1.7345     888.6812  275030.3644
     7   56 Ba         1.6684     987.4630  305601.5031
     8   56 Ba         1.7345     888.6783  275029.4641
     9   56 Ba         1.9029     770.0276  238309.2602
    10   56 Ba         1.6684     987.4619  305601.1487
    11   56 Ba         1.9029     770.0319  238310.6006
    12   56 Ba         2.0602     734.4576  227301.0128
    13   56 Ba         2.0602     734.4597  227301.6658
    14   56 Ba         1.6684     987.4630  305601.5031
    15   56 Ba         2.0602     734.4585  227301.2926
    16   56 Ba         1.6684     987.4619  305601.1487
    17   56 Ba         1.9029     770.0276  238309.2812
    18   56 Ba         1.6898     950.6967  294222.9988
    19   56 Ba         1.6898     950.6795  294217.6765
    20   56 Ba         2.0602     734.4585  227301.2926
    21   56 Ba         1.9029     770.0276  238309.2602
    22   56 Ba         1.6898     950.6795  294217.6765
    23   56 Ba         2.0602     734.4597  227301.6658
    24   56 Ba         1.9029     770.0285  238309.5509
    25   56 Ba         1.6898     950.7082  294226.5511
    26   56 Ba         1.6898     950.6692  294214.4807
    27   56 Ba         1.6898     950.6967  294222.9988
    28   56 Ba         2.4050     718.1832  222264.3804
    29   56 Ba         1.6898     950.6692  294214.4807
    30   56 Ba         2.0602     734.4588  227301.3854
    31   56 Ba         1.6684     987.4478  305596.7779
    32   56 Ba         1.7345     888.6783  275029.4641
    33   56 Ba         1.9029     770.0276  238309.2812
    34   56 Ba         1.9029     770.0319  238310.6006
    35   56 Ba         1.6684     987.4492  305597.2287
    36   56 Ba         2.4050     718.1832  222264.3804
    37   56 Ba         1.9029     770.0285  238309.5509
    38   56 Ba         2.0602     734.4588  227301.3854
    39    3 Li         0.5073     424.0596   32057.7443
    40    3 Li         1.0402      90.6259    6851.0683
    41    3 Li         0.9129     100.0182    7561.1039
    42    3 Li         1.0875      88.9622    6725.2962
    43    3 Li         1.1256      88.0112    6653.4022
    44    3 Li         0.9129     100.0182    7561.1039
    45    3 Li         1.0402      90.6259    6851.0683
    46    3 Li         0.5073     424.0530   32057.2442
    47    3 Li         0.8714     105.8595    8002.6913
    48    3 Li         0.8714     105.8592    8002.6660
    49    3 Li         1.0875      88.9622    6725.2954
    50    3 Li         1.1256      88.0109    6653.3823
    51    3 Li         0.9401      97.1234    7342.2596
    52    3 Li         1.1256      88.0110    6653.3933
    53    3 Li         1.0713      89.4608    6762.9935
    54    3 Li         1.7828      85.3347    6451.0681
    55    3 Li         1.7828      85.3347    6451.0680
    56    3 Li         0.8464     110.4791    8351.9145
    57    3 Li         0.9129     100.0169    7561.0033
    58    3 Li         1.0339      90.8962    6871.5063
    59    3 Li         1.0713      89.4610    6763.0099
    60    3 Li         1.0339      90.8966    6871.5320
    61    3 Li         1.7828      85.3347    6451.0681
    62    3 Li         0.8714     105.8586    8002.6174
    63    3 Li         1.0402      90.6262    6851.0946
    64    3 Li         0.5073     424.0596   32057.7443
    65    3 Li         0.9129     100.0169    7561.0033
    66    3 Li         0.9129     100.0176    7561.0537
    67    3 Li         1.1256      88.0110    6653.3933
    68    3 Li         1.7828      85.3347    6451.0680
    69    3 Li         0.9129     100.0176    7561.0537
    70    3 Li         1.0339      90.8963    6871.5103
    71    3 Li         1.0713      89.4608    6762.9924
    72    3 Li         0.6784     183.7081   13887.8332
    73    3 Li         1.0402      90.6265    6851.1191
    74    3 Li         0.8714     105.8595    8002.6913
    75    3 Li         1.7828      85.3347    6451.0681
    76    3 Li         1.0402      90.6260    6851.0759
    77    3 Li         0.5073     424.0635   32058.0405
    78    3 Li         0.9401      97.1234    7342.2596
    79    3 Li         1.0713      89.4608    6762.9935
    80    3 Li         1.0713      89.4608    6762.9924
    81    3 Li         0.9129     100.0177    7561.0625
    82    3 Li         1.0402      90.6260    6851.0759
    83    3 Li         0.8714     105.8607    8002.7759
    84    3 Li         0.6784     183.7061   13887.6797
    85    3 Li         1.0339      90.8965    6871.5284
    86    3 Li         1.0339      90.8962    6871.5063
    87    3 Li         0.8464     110.4818    8352.1237
    88    3 Li         1.0713      89.4608    6762.9893
    89    3 Li         1.7828      85.3347    6451.0681
    90    3 Li         1.1256      88.0109    6653.3823
    91    3 Li         1.7828      85.3347    6451.0681
    92    3 Li         0.9401      97.1228    7342.2172
    93    3 Li         0.5073     424.0635   32058.0405
    94    3 Li         0.8714     105.8592    8002.6660
    95    3 Li         0.6784     183.7061   13887.6797
    96    3 Li         1.0402      90.6262    6851.0946
    97    3 Li         1.0339      90.8965    6871.5284
    98    3 Li         0.9129     100.0177    7561.0625
    99    3 Li         1.0713      89.4608    6762.9893
   100    3 Li         0.8464     110.4818    8352.1193
   101    3 Li         1.0713      89.4610    6763.0099
   102    3 Li         0.8714     105.8607    8002.7759
   103    3 Li         1.0875      88.9622    6725.2962
   104    3 Li         1.0875      88.9622    6725.2954
   105    3 Li         0.9401      97.1228    7342.2172
   106    3 Li         1.0402      90.6265    6851.1191
   107    3 Li         1.7828      85.3347    6451.0681
   108    3 Li         0.9401      97.1232    7342.2470
   109    3 Li         1.0339      90.8966    6871.5320
   110    3 Li         0.8464     110.4818    8352.1193
   111    3 Li         0.9401      97.1232    7342.2470
   112    3 Li         0.8464     110.4818    8352.1237
   113    3 Li         1.1256      88.0110    6653.3931
   114    3 Li         0.5073     424.0530   32057.2442
   115    3 Li         0.9401      97.1233    7342.2594
   116    3 Li         0.5073     424.0545   32057.3582
   117    3 Li         0.8464     110.4791    8351.9145
   118    3 Li         1.0339      90.8963    6871.5103
   119    3 Li         0.8464     110.4798    8351.9723
   120    3 Li         1.1256      88.0112    6653.4022
   121    3 Li         0.9401      97.1233    7342.2594
   122    3 Li         0.8464     110.4798    8351.9723
   123    3 Li         0.8714     105.8586    8002.6174
   124    3 Li         1.1256      88.0110    6653.3931
   125    3 Li         0.6784     183.7081   13887.8332
   126    3 Li         0.5073     424.0545   32057.3582
--------------------------------------------------------

Atom-resolved dispersion energies:
--------------------------------------------------
     #    Z           [Hartree]      [kcal/mol]
--------------------------------------------------
     1   56 Ba  -0.58406712E-02     -3.66507650
     2   56 Ba  -0.62573795E-02     -3.92656490
     3   56 Ba  -0.67019402E-02     -4.20553097
     4   56 Ba  -0.63214437E-02     -3.96676580
     5   56 Ba  -0.67019233E-02     -4.20552037
     6   56 Ba  -0.63214437E-02     -3.96676580
     7   56 Ba  -0.67019852E-02     -4.20555919
     8   56 Ba  -0.63214365E-02     -3.96676129
     9   56 Ba  -0.59522160E-02     -3.73507195
    10   56 Ba  -0.67019718E-02     -4.20555082
    11   56 Ba  -0.59522357E-02     -3.73508432
    12   56 Ba  -0.58406712E-02     -3.66507650
    13   56 Ba  -0.58406850E-02     -3.66508518
    14   56 Ba  -0.67019852E-02     -4.20555919
    15   56 Ba  -0.58406660E-02     -3.66507324
    16   56 Ba  -0.67019718E-02     -4.20555082
    17   56 Ba  -0.59522071E-02     -3.73506636
    18   56 Ba  -0.62573291E-02     -3.92653327
    19   56 Ba  -0.62572631E-02     -3.92649187
    20   56 Ba  -0.58406660E-02     -3.66507324
    21   56 Ba  -0.59522160E-02     -3.73507195
    22   56 Ba  -0.62572631E-02     -3.92649187
    23   56 Ba  -0.58406850E-02     -3.66508518
    24   56 Ba  -0.59522144E-02     -3.73507093
    25   56 Ba  -0.62573795E-02     -3.92656490
    26   56 Ba  -0.62572321E-02     -3.92647240
    27   56 Ba  -0.62573291E-02     -3.92653327
    28   56 Ba  -0.55872220E-02     -3.50603474
    29   56 Ba  -0.62572321E-02     -3.92647240
    30   56 Ba  -0.58406705E-02     -3.66507609
    31   56 Ba  -0.67019233E-02     -4.20552037
    32   56 Ba  -0.63214365E-02     -3.96676129
    33   56 Ba  -0.59522071E-02     -3.73506636
    34   56 Ba  -0.59522357E-02     -3.73508432
    35   56 Ba  -0.67019402E-02     -4.20553097
    36   56 Ba  -0.55872220E-02     -3.50603474
    37   56 Ba  -0.59522144E-02     -3.73507093
    38   56 Ba  -0.58406705E-02     -3.66507609
    39    3 Li  -0.69689643E-02     -4.37309115
    40    3 Li  -0.31200637E-02     -1.95786953
    41    3 Li  -0.33716471E-02     -2.11574048
    42    3 Li  -0.29778907E-02     -1.86865465
    43    3 Li  -0.30238326E-02     -1.89748359
    44    3 Li  -0.33716471E-02     -2.11574048
    45    3 Li  -0.31200637E-02     -1.95786953
    46    3 Li  -0.69689391E-02     -4.37307532
    47    3 Li  -0.35428054E-02     -2.22314395
    48    3 Li  -0.35427968E-02     -2.22313853
    49    3 Li  -0.29778905E-02     -1.86865451
    50    3 Li  -0.30238267E-02     -1.89747993
    51    3 Li  -0.32076308E-02     -2.01281874
    52    3 Li  -0.30238289E-02     -1.89748130
    53    3 Li  -0.30262173E-02     -1.89898005
    54    3 Li  -0.25249123E-02     -1.58440639
    55    3 Li  -0.25249110E-02     -1.58440555
    56    3 Li  -0.36459738E-02     -2.28788309
    57    3 Li  -0.33716208E-02     -2.11572400
    58    3 Li  -0.30622962E-02     -1.92161988
    59    3 Li  -0.30262327E-02     -1.89898971
    60    3 Li  -0.30623049E-02     -1.92162531
    61    3 Li  -0.25249140E-02     -1.58440747
    62    3 Li  -0.35427890E-02     -2.22313366
    63    3 Li  -0.31200762E-02     -1.95787739
    64    3 Li  -0.69689643E-02     -4.37309115
    65    3 Li  -0.33716208E-02     -2.11572400
    66    3 Li  -0.33716389E-02     -2.11573537
    67    3 Li  -0.30238289E-02     -1.89748130
    68    3 Li  -0.25249110E-02     -1.58440555
    69    3 Li  -0.33716389E-02     -2.11573537
    70    3 Li  -0.30622949E-02     -1.92161906
    71    3 Li  -0.30262255E-02     -1.89898515
    72    3 Li  -0.47915515E-02     -3.00674399
    73    3 Li  -0.31200841E-02     -1.95788233
    74    3 Li  -0.35428054E-02     -2.22314395
    75    3 Li  -0.25249104E-02     -1.58440521
    76    3 Li  -0.31200688E-02     -1.95787272
    77    3 Li  -0.69690107E-02     -4.37312021
    78    3 Li  -0.32076308E-02     -2.01281874
    79    3 Li  -0.30262173E-02     -1.89898005
    80    3 Li  -0.30262255E-02     -1.89898515
    81    3 Li  -0.33716319E-02     -2.11573098
    82    3 Li  -0.31200688E-02     -1.95787272
    83    3 Li  -0.35428318E-02     -2.22316055
    84    3 Li  -0.47915253E-02     -3.00672751
    85    3 Li  -0.30623033E-02     -1.92162433
    86    3 Li  -0.30622962E-02     -1.92161988
    87    3 Li  -0.36460366E-02     -2.28792250
    88    3 Li  -0.30262180E-02     -1.89898049
    89    3 Li  -0.25249140E-02     -1.58440747
    90    3 Li  -0.30238267E-02     -1.89747993
    91    3 Li  -0.25249104E-02     -1.58440521
    92    3 Li  -0.32076176E-02     -2.01281041
    93    3 Li  -0.69690107E-02     -4.37312021
    94    3 Li  -0.35427968E-02     -2.22313853
    95    3 Li  -0.47915253E-02     -3.00672751
    96    3 Li  -0.31200762E-02     -1.95787739
    97    3 Li  -0.30623033E-02     -1.92162433
    98    3 Li  -0.33716319E-02     -2.11573098
    99    3 Li  -0.30262180E-02     -1.89898049
   100    3 Li  -0.36460341E-02     -2.28792096
   101    3 Li  -0.30262327E-02     -1.89898971
   102    3 Li  -0.35428318E-02     -2.22316055
   103    3 Li  -0.29778907E-02     -1.86865465
   104    3 Li  -0.29778905E-02     -1.86865451
   105    3 Li  -0.32076176E-02     -2.01281041
   106    3 Li  -0.31200841E-02     -1.95788233
   107    3 Li  -0.25249123E-02     -1.58440639
   108    3 Li  -0.32076316E-02     -2.01281924
   109    3 Li  -0.30623049E-02     -1.92162531
   110    3 Li  -0.36460341E-02     -2.28792096
   111    3 Li  -0.32076316E-02     -2.01281924
   112    3 Li  -0.36460366E-02     -2.28792250
   113    3 Li  -0.30238318E-02     -1.89748308
   114    3 Li  -0.69689391E-02     -4.37307532
   115    3 Li  -0.32076307E-02     -2.01281867
   116    3 Li  -0.69689339E-02     -4.37307207
   117    3 Li  -0.36459738E-02     -2.28788309
   118    3 Li  -0.30622949E-02     -1.92161906
   119    3 Li  -0.36459895E-02     -2.28789295
   120    3 Li  -0.30238326E-02     -1.89748359
   121    3 Li  -0.32076307E-02     -2.01281867
   122    3 Li  -0.36459895E-02     -2.28789295
   123    3 Li  -0.35427890E-02     -2.22313366
   124    3 Li  -0.30238318E-02     -1.89748308
   125    3 Li  -0.47915515E-02     -3.00674399
   126    3 Li  -0.69689339E-02     -4.37307207
--------------------------------------------------

Dispersion energy:      -5.4951011663330E-01 Eh

[Info] Dispersion energy written to .EDISP
