-----------------------------------
 s i m p l e   D F T - D 3  v1.2.1
-----------------------------------

Zero (Chai-Head-Gordon) damping: pbe-D3(0)
--------------------
  s6         1.0000
  s8         0.7220
  s9         0.0000
 rs6         1.2170
 rs8         1.0000
 alp        14.0000
--------------------

Atomic radii (in Angstrom):
-------------------------------------------
   Z          R(cov)     R(vdw)      r4/r2
-------------------------------------------
  12 Mg       1.6667     1.7420     2.8909
   8 O        0.8400     1.2408     1.3725
-------------------------------------------

Atomic reference systems (in atomic units):
----------------------------------------------------------------------------
   Z        #      CN    C6(AA)   #      CN    C6(AA)   #      CN    C6(AA)
----------------------------------------------------------------------------
  12 Mg     1  0.0000  683.3758   2  0.9628  451.2708   3  1.9496  175.5616
   8 O      1  0.0000   15.5059   2  0.9925   12.8161   3  1.9887   10.3708
----------------------------------------------------------------------------

Dispersion properties (in atomic units):
--------------------------------------------------------
     #    Z                CN       C6(AA)       C8(AA)
--------------------------------------------------------
     1   12 Mg        22.2383     175.5616   15718.3434
     2   12 Mg        22.8026     175.5616   15718.3434
     3   12 Mg        20.9843     175.5616   15718.3434
     4   12 Mg        20.8874     175.5616   15718.3434
     5   12 Mg        22.5716     175.5616   15718.3434
     6   12 Mg        21.3936     175.5616   15718.3434
     7   12 Mg        20.8336     175.5616   15718.3434
     8   12 Mg        21.5784     175.5616   15718.3434
     9   12 Mg        21.7275     175.5616   15718.3434
    10   12 Mg        23.3555     175.5616   15718.3434
    11   12 Mg        21.3970     175.5616   15718.3434
    12   12 Mg        21.1608     175.5616   15718.3434
    13   12 Mg        22.8587     175.5616   15718.3434
    14   12 Mg        20.0331     175.5616   15718.3434
    15   12 Mg        20.4237     175.5616   15718.3434
    16   12 Mg        21.1331     175.5616   15718.3434
    17   12 Mg        22.0766     175.5616   15718.3434
    18   12 Mg        21.8475     175.5616   15718.3434
    19   12 Mg        20.8562     175.5616   15718.3434
    20   12 Mg        21.8314     175.5616   15718.3434
    21   12 Mg        21.3832     175.5616   15718.3434
    22   12 Mg        22.9674     175.5616   15718.3434
    23   12 Mg        20.4407     175.5616   15718.3434
    24   12 Mg        21.1733     175.5616   15718.3434
    25   12 Mg        21.6467     175.5616   15718.3434
    26   12 Mg        21.3148     175.5616   15718.3434
    27   12 Mg        22.3560     175.5616   15718.3434
    28   12 Mg        22.1108     175.5616   15718.3434
    29   12 Mg        22.6014     175.5616   15718.3434
    30   12 Mg        22.1679     175.5616   15718.3434
    31   12 Mg        21.9300     175.5616   15718.3434
    32   12 Mg        21.2593     175.5616   15718.3434
    33   12 Mg        21.1034     175.5616   15718.3434
    34   12 Mg        22.0275     175.5616   15718.3434
    35   12 Mg        21.1543     175.5616   15718.3434
    36   12 Mg        20.9174     175.5616   15718.3434
    37   12 Mg        22.4698     175.5616   15718.3434
    38   12 Mg        21.7323     175.5616   15718.3434
    39   12 Mg        22.6114     175.5616   15718.3434
    40   12 Mg        21.5865     175.5616   15718.3434
    41    8 O          7.3318      10.3708     209.2884
    42    8 O          6.5759      10.3708     209.2884
    43    8 O          6.5773      10.3708     209.2884
    44    8 O          6.7554      10.3708     209.2884
    45    8 O          6.9720      10.3708     209.2884
    46    8 O          5.8995      10.3708     209.2884
    47    8 O          5.3951      10.3708     209.2884
    48    8 O          7.0543      10.3708     209.2884
    49    8 O          6.7718      10.3708     209.2884
    50    8 O          5.6921      10.3708     209.2884
    51    8 O          6.2241      10.3708     209.2884
    52    8 O          6.1103      10.3708     209.2884
    53    8 O          5.6247      10.3708     209.2884
    54    8 O          6.7220      10.3708     209.2884
    55    8 O          6.7049      10.3708     209.2884
    56    8 O          5.7818      10.3708     209.2884
    57    8 O          6.3351      10.3708     209.2884
    58    8 O          5.9601      10.3708     209.2884
    59    8 O          6.6188      10.3708     209.2884
    60    8 O          6.4796      10.3708     209.2884
    61    8 O          5.8992      10.3708     209.2884
    62    8 O          5.6276      10.3708     209.2884
    63    8 O          7.3026      10.3708     209.2884
    64    8 O          5.9995      10.3708     209.2884
    65    8 O          5.7714      10.3708     209.2884
    66    8 O          6.5872      10.3708     209.2884
    67    8 O          5.6690      10.3708     209.2884
    68    8 O          7.1127      10.3708     209.2884
    69    8 O          6.6748      10.3708     209.2884
    70    8 O          7.8728      10.3708     209.2884
    71    8 O          7.1741      10.3708     209.2884
    72    8 O          6.2284      10.3708     209.2884
    73    8 O          6.5612      10.3708     209.2884
    74    8 O          6.1923      10.3708     209.2884
    75    8 O          6.3649      10.3708     209.2884
    76    8 O          6.2100      10.3708     209.2884
    77    8 O          6.1459      10.3708     209.2884
    78    8 O          5.3740      10.3708     209.2884
    79    8 O          6.3784      10.3708     209.2884
    80    8 O          6.0795      10.3708     209.2884
--------------------------------------------------------

Atom-resolved dispersion energies:
--------------------------------------------------
     #    Z           [Hartree]      [kcal/mol]
--------------------------------------------------
     1   12 Mg  -0.22554037E-01    -14.15287202
     2   12 Mg  -0.22244017E-01    -13.95833143
     3   12 Mg  -0.23353105E-01    -14.65429487
     4   12 Mg  -0.23286692E-01    -14.61262000
     5   12 Mg  -0.22687980E-01    -14.23692229
     6   12 Mg  -0.23296053E-01    -14.61849427
     7   12 Mg  -0.23467253E-01    -14.72592369
     8   12 Mg  -0.23400350E-01    -14.68394161
     9   12 Mg  -0.23343117E-01    -14.64802736
    10   12 Mg  -0.22294185E-01    -13.98981238
    11   12 Mg  -0.23012025E-01    -14.44026355
    12   12 Mg  -0.23312101E-01    -14.62856423
    13   12 Mg  -0.22800918E-01    -14.30779230
    14   12 Mg  -0.23733774E-01    -14.89316787
    15   12 Mg  -0.23559718E-01    -14.78394603
    16   12 Mg  -0.23339744E-01    -14.64591032
    17   12 Mg  -0.22716263E-01    -14.25467049
    18   12 Mg  -0.23033504E-01    -14.45374196
    19   12 Mg  -0.23346779E-01    -14.65032524
    20   12 Mg  -0.22996645E-01    -14.43061272
    21   12 Mg  -0.23365493E-01    -14.66206841
    22   12 Mg  -0.22615133E-01    -14.19120997
    23   12 Mg  -0.23290083E-01    -14.61474745
    24   12 Mg  -0.23190086E-01    -14.55199886
    25   12 Mg  -0.23227400E-01    -14.57541380
    26   12 Mg  -0.23395132E-01    -14.68066687
    27   12 Mg  -0.22913806E-01    -14.37863041
    28   12 Mg  -0.22834170E-01    -14.32865825
    29   12 Mg  -0.22588977E-01    -14.17479691
    30   12 Mg  -0.22887469E-01    -14.36210370
    31   12 Mg  -0.22806104E-01    -14.31104637
    32   12 Mg  -0.23158469E-01    -14.53215845
    33   12 Mg  -0.23670939E-01    -14.85373847
    34   12 Mg  -0.23160682E-01    -14.53354729
    35   12 Mg  -0.22930475E-01    -14.38909018
    36   12 Mg  -0.23078865E-01    -14.48220660
    37   12 Mg  -0.22835284E-01    -14.32935726
    38   12 Mg  -0.22768532E-01    -14.28746981
    39   12 Mg  -0.22601544E-01    -14.18268276
    40   12 Mg  -0.23075033E-01    -14.47980207
    41    8 O   -0.62798838E-02     -3.94068655
    42    8 O   -0.62151265E-02     -3.90005079
    43    8 O   -0.61918368E-02     -3.88543625
    44    8 O   -0.61897909E-02     -3.88415245
    45    8 O   -0.63066696E-02     -3.95749490
    46    8 O   -0.63378696E-02     -3.97707325
    47    8 O   -0.66224138E-02     -4.15562737
    48    8 O   -0.62244864E-02     -3.90592420
    49    8 O   -0.63034181E-02     -3.95545457
    50    8 O   -0.62750384E-02     -3.93764606
    51    8 O   -0.65171922E-02     -4.08959987
    52    8 O   -0.63669036E-02     -3.99529235
    53    8 O   -0.64080418E-02     -4.02110694
    54    8 O   -0.62562029E-02     -3.92582660
    55    8 O   -0.63687521E-02     -3.99645228
    56    8 O   -0.62670091E-02     -3.93260758
    57    8 O   -0.64192663E-02     -4.02815041
    58    8 O   -0.64920921E-02     -4.07384931
    59    8 O   -0.64966540E-02     -4.07671193
    60    8 O   -0.62253518E-02     -3.90646722
    61    8 O   -0.61403966E-02     -3.85315702
    62    8 O   -0.65952096E-02     -4.13855653
    63    8 O   -0.60665481E-02     -3.80681642
    64    8 O   -0.63565905E-02     -3.98882079
    65    8 O   -0.66104135E-02     -4.14809711
    66    8 O   -0.61967130E-02     -3.88849612
    67    8 O   -0.61947479E-02     -3.88726297
    68    8 O   -0.62323786E-02     -3.91087661
    69    8 O   -0.64032508E-02     -4.01810055
    70    8 O   -0.62532885E-02     -3.92399775
    71    8 O   -0.60737151E-02     -3.81131376
    72    8 O   -0.64001521E-02     -4.01615607
    73    8 O   -0.62025653E-02     -3.89216846
    74    8 O   -0.64734547E-02     -4.06215417
    75    8 O   -0.64154228E-02     -4.02573860
    76    8 O   -0.63598458E-02     -3.99086350
    77    8 O   -0.62469410E-02     -3.92001467
    78    8 O   -0.64530650E-02     -4.04935944
    79    8 O   -0.63505036E-02     -3.98500115
    80    8 O   -0.63791228E-02     -4.00295997
--------------------------------------------------

Dispersion energy:      -1.1753402642757E+00 Eh

[Info] Dispersion energy written to .EDISP
