-----------------------------------
 s i m p l e   D F T - D 3  v1.2.1
-----------------------------------

Zero (Chai-Head-Gordon) damping: pbe-D3(0)
--------------------
  s6         1.0000
  s8         0.7220
  s9         0.0000
 rs6         1.2170
 rs8         1.0000
 alp        14.0000
--------------------

Atomic radii (in Angstrom):
-------------------------------------------
   Z          R(cov)     R(vdw)      r4/r2
-------------------------------------------
  12 Mg       1.6667     1.7420     2.8909
   8 O        0.8400     1.2408     1.3725
-------------------------------------------

Atomic reference systems (in atomic units):
----------------------------------------------------------------------------
   Z        #      CN    C6(AA)   #      CN    C6(AA)   #      CN    C6(AA)
----------------------------------------------------------------------------
  12 Mg     1  0.0000  683.3758   2  0.9628  451.2708   3  1.9496  175.5616
   8 O      1  0.0000   15.5059   2  0.9925   12.8161   3  1.9887   10.3708
----------------------------------------------------------------------------

Dispersion properties (in atomic units):
--------------------------------------------------------
     #    Z                CN       C6(AA)       C8(AA)
--------------------------------------------------------
     1   12 Mg        10.9510     175.5616   15718.3434
     2   12 Mg        10.8022     175.5616   15718.3434
     3   12 Mg        11.3647     175.5616   15718.3434
     4   12 Mg        10.1483     175.5616   15718.3434
     5   12 Mg        10.3274     175.5616   15718.3434
     6   12 Mg        11.3094     175.5616   15718.3434
     7   12 Mg        10.0648     175.5616   15718.3434
     8   12 Mg        11.5919     175.5616   15718.3434
     9   12 Mg        12.3239     175.5616   15718.3434
    10   12 Mg        11.6781     175.5616   15718.3434
    11   12 Mg        11.5034     175.5616   15718.3434
    12   12 Mg        11.0776     175.5616   15718.3434
    13   12 Mg        10.5714     175.5616   15718.3434
    14   12 Mg        10.8323     175.5616   15718.3434
    15   12 Mg        10.5559     175.5616   15718.3434
    16   12 Mg        10.4667     175.5616   15718.3434
    17   12 Mg        10.2833     175.5616   15718.3434
    18   12 Mg         9.2510     175.5616   15718.3434
    19   12 Mg         8.6435     175.5616   15718.3434
    20   12 Mg        10.4349     175.5616   15718.3434
    21   12 Mg         9.8094     175.5616   15718.3434
    22   12 Mg        12.8216     175.5616   15718.3434
    23   12 Mg         9.5776     175.5616   15718.3434
    24   12 Mg        11.1312     175.5616   15718.3434
    25   12 Mg        12.0926     175.5616   15718.3434
    26   12 Mg        12.4868     175.5616   15718.3434
    27   12 Mg        11.8443     175.5616   15718.3434
    28   12 Mg         9.0551     175.5616   15718.3434
    29   12 Mg        12.2143     175.5616   15718.3434
    30   12 Mg         9.5818     175.5616   15718.3434
    31   12 Mg        12.0538     175.5616   15718.3434
    32   12 Mg        10.6368     175.5616   15718.3434
    33   12 Mg        11.0160     175.5616   15718.3434
    34   12 Mg         9.9939     175.5616   15718.3434
    35   12 Mg        10.5443     175.5616   15718.3434
    36   12 Mg        10.3661     175.5616   15718.3434
    37   12 Mg        11.9199     175.5616   15718.3434
    38   12 Mg        11.8215     175.5616   15718.3434
    39   12 Mg        10.0921     175.5616   15718.3434
    40   12 Mg        10.4584     175.5616   15718.3434
    41    8 O          4.3915      10.3708     209.2884
    42    8 O          4.6348      10.3708     209.2884
    43    8 O          4.7778      10.3708     209.2884
    44    8 O          4.1896      10.3708     209.2884
    45    8 O          4.0775      10.3708     209.2884
    46    8 O          3.9351      10.3708     209.2884
    47    8 O          3.8847      10.3708     209.2884
    48    8 O          4.9389      10.3708     209.2884
    49    8 O          4.8389      10.3708     209.2884
    50    8 O          3.9738      10.3708     209.2884
    51    8 O          4.8780      10.3708     209.2884
    52    8 O          4.0708      10.3708     209.2884
    53    8 O          3.9739      10.3708     209.2884
    54    8 O          4.1681      10.3708     209.2884
    55    8 O          4.1272      10.3708     209.2884
    56    8 O          4.0117      10.3708     209.2884
    57    8 O          4.6020      10.3708     209.2884
    58    8 O          4.1093      10.3708     209.2884
    59    8 O          4.5484      10.3708     209.2884
    60    8 O          4.5447      10.3708     209.2884
    61    8 O          4.0373      10.3708     209.2884
    62    8 O          4.6236      10.3708     209.2884
    63    8 O          4.8056      10.3708     209.2884
    64    8 O          4.0153      10.3708     209.2884
    65    8 O          4.1170      10.3708     209.2884
    66    8 O          4.0864      10.3708     209.2884
    67    8 O          4.0190      10.3708     209.2884
    68    8 O          5.3547      10.3708     209.2884
    69    8 O          5.2308      10.3708     209.2884
    70    8 O          3.9263      10.3708     209.2884
    71    8 O          4.1736      10.3708     209.2884
    72    8 O          4.1319      10.3708     209.2884
    73    8 O          4.0370      10.3708     209.2884
    74    8 O          4.1463      10.3708     209.2884
    75    8 O          4.0385      10.3708     209.2884
    76    8 O          4.0460      10.3708     209.2884
    77    8 O          4.0472      10.3708     209.2884
    78    8 O          3.8342      10.3708     209.2884
    79    8 O          4.7418      10.3708     209.2884
    80    8 O          4.5199      10.3708     209.2884
--------------------------------------------------------

Atom-resolved dispersion energies:
--------------------------------------------------
     #    Z           [Hartree]      [kcal/mol]
--------------------------------------------------
     1   12 Mg  -0.93992664E-02     -5.89812874
     2   12 Mg  -0.94146501E-02     -5.90778213
     3   12 Mg  -0.92433660E-02     -5.80029975
     4   12 Mg  -0.96266921E-02     -6.04084048
     5   12 Mg  -0.92968939E-02     -5.83388903
     6   12 Mg  -0.92462817E-02     -5.80212934
     7   12 Mg  -0.94745801E-02     -5.94538877
     8   12 Mg  -0.89529991E-02     -5.61809173
     9   12 Mg  -0.88218104E-02     -5.53576960
    10   12 Mg  -0.92911085E-02     -5.83025863
    11   12 Mg  -0.90214237E-02     -5.66102886
    12   12 Mg  -0.91317615E-02     -5.73026687
    13   12 Mg  -0.95188013E-02     -5.97313799
    14   12 Mg  -0.89047435E-02     -5.58781092
    15   12 Mg  -0.92780373E-02     -5.82205634
    16   12 Mg  -0.93975968E-02     -5.89708103
    17   12 Mg  -0.95484748E-02     -5.99175839
    18   12 Mg  -0.10144161E-01     -6.36555729
    19   12 Mg  -0.10128756E-01     -6.35589008
    20   12 Mg  -0.95643953E-02     -6.00174866
    21   12 Mg  -0.98747612E-02     -6.19650619
    22   12 Mg  -0.87638212E-02     -5.49938083
    23   12 Mg  -0.96054476E-02     -6.02750935
    24   12 Mg  -0.91036977E-02     -5.71265658
    25   12 Mg  -0.90603978E-02     -5.68548543
    26   12 Mg  -0.85919596E-02     -5.39153602
    27   12 Mg  -0.90995304E-02     -5.71004154
    28   12 Mg  -0.10044055E-01     -6.30273951
    29   12 Mg  -0.89957784E-02     -5.64493618
    30   12 Mg  -0.98409935E-02     -6.17531664
    31   12 Mg  -0.89453112E-02     -5.61326752
    32   12 Mg  -0.94257190E-02     -5.91472797
    33   12 Mg  -0.91721971E-02     -5.75564057
    34   12 Mg  -0.96502444E-02     -6.05561976
    35   12 Mg  -0.93754797E-02     -5.88320232
    36   12 Mg  -0.92772410E-02     -5.82155664
    37   12 Mg  -0.89684384E-02     -5.62778004
    38   12 Mg  -0.89195189E-02     -5.59708260
    39   12 Mg  -0.96731381E-02     -6.06998577
    40   12 Mg  -0.94849761E-02     -5.95191237
    41    8 O   -0.26684731E-02     -1.67449217
    42    8 O   -0.27496076E-02     -1.72540484
    43    8 O   -0.27626489E-02     -1.73358835
    44    8 O   -0.28356094E-02     -1.77937177
    45    8 O   -0.26535864E-02     -1.66515060
    46    8 O   -0.27906586E-02     -1.75116468
    47    8 O   -0.26930856E-02     -1.68993671
    48    8 O   -0.27231858E-02     -1.70882486
    49    8 O   -0.27515957E-02     -1.72665236
    50    8 O   -0.27853276E-02     -1.74781946
    51    8 O   -0.27552982E-02     -1.72897572
    52    8 O   -0.27825450E-02     -1.74607338
    53    8 O   -0.27990502E-02     -1.75643051
    54    8 O   -0.27286115E-02     -1.71222956
    55    8 O   -0.27280126E-02     -1.71185378
    56    8 O   -0.28943346E-02     -1.81622240
    57    8 O   -0.26642726E-02     -1.67185629
    58    8 O   -0.27245781E-02     -1.70969856
    59    8 O   -0.26291378E-02     -1.64980886
    60    8 O   -0.26949892E-02     -1.69113123
    61    8 O   -0.28628779E-02     -1.79648297
    62    8 O   -0.26190825E-02     -1.64349910
    63    8 O   -0.26853168E-02     -1.68506174
    64    8 O   -0.27426113E-02     -1.72101460
    65    8 O   -0.26567737E-02     -1.66715067
    66    8 O   -0.28169524E-02     -1.76766432
    67    8 O   -0.28328331E-02     -1.77762961
    68    8 O   -0.26810116E-02     -1.68236018
    69    8 O   -0.26169523E-02     -1.64216234
    70    8 O   -0.26440542E-02     -1.65916906
    71    8 O   -0.27805435E-02     -1.74481737
    72    8 O   -0.28711163E-02     -1.80165265
    73    8 O   -0.28941096E-02     -1.81608122
    74    8 O   -0.26456438E-02     -1.66016656
    75    8 O   -0.27919271E-02     -1.75196074
    76    8 O   -0.27992959E-02     -1.75658469
    77    8 O   -0.28323281E-02     -1.77731274
    78    8 O   -0.28491960E-02     -1.78789751
    79    8 O   -0.27003074E-02     -1.69446845
    80    8 O   -0.27428725E-02     -1.72117848
--------------------------------------------------

Dispersion energy:      -4.8315891970181E-01 Eh

[Info] Dispersion energy written to .EDISP
