-----------------------------------
 s i m p l e   D F T - D 3  v1.2.1
-----------------------------------

Zero (Chai-Head-Gordon) damping: pbe-D3(0)
--------------------
  s6         1.0000
  s8         0.7220
  s9         0.0000
 rs6         1.2170
 rs8         1.0000
 alp        14.0000
--------------------

Atomic radii (in Angstrom):
-------------------------------------------
   Z          R(cov)     R(vdw)      r4/r2
-------------------------------------------
  12 Mg       1.6667     1.7420     2.8909
   8 O        0.8400     1.2408     1.3725
-------------------------------------------

Atomic reference systems (in atomic units):
----------------------------------------------------------------------------
   Z        #      CN    C6(AA)   #      CN    C6(AA)   #      CN    C6(AA)
----------------------------------------------------------------------------
  12 Mg     1  0.0000  683.3758   2  0.9628  451.2708   3  1.9496  175.5616
   8 O      1  0.0000   15.5059   2  0.9925   12.8161   3  1.9887   10.3708
----------------------------------------------------------------------------

Dispersion properties (in atomic units):
--------------------------------------------------------
     #    Z                CN       C6(AA)       C8(AA)
--------------------------------------------------------
     1   12 Mg         0.0274     675.8233   60507.6677
     2   12 Mg         0.0194     676.2621   60546.9543
     3   12 Mg         0.0238     676.0279   60525.9820
     4   12 Mg         0.0250     675.9578   60519.7076
     5   12 Mg         0.0176     676.3554   60555.3068
     6   12 Mg         0.0221     676.1158   60533.8555
     7   12 Mg         0.0193     676.2698   60547.6379
     8   12 Mg         0.0225     676.0950   60531.9960
     9   12 Mg         0.0248     675.9699   60520.7940
    10   12 Mg         0.0226     676.0911   60531.6443
    11   12 Mg         0.0249     675.9647   60520.3272
    12   12 Mg         0.0212     676.1688   60538.5950
    13   12 Mg         0.0198     676.2395   60544.9317
    14   12 Mg         0.0341     675.4371   60473.0892
    15   12 Mg         0.0275     675.8209   60507.4529
    16   12 Mg         0.0259     675.9097   60515.4033
    17   12 Mg         0.0193     676.2701   60547.6708
    18   12 Mg         0.0161     676.4357   60562.4996
    19   12 Mg         0.0237     676.0332   60526.4597
    20   12 Mg         0.0257     675.9187   60516.2058
    21   12 Mg         0.0223     676.1044   60532.8358
    22   12 Mg         0.0271     675.8430   60509.4304
    23   12 Mg         0.0192     676.2710   60547.7518
    24   12 Mg         0.0255     675.9330   60517.4907
    25   12 Mg         0.0240     676.0132   60524.6684
    26   12 Mg         0.0217     676.1420   60536.1966
    27   12 Mg         0.0201     676.2275   60543.8593
    28   12 Mg         0.0171     676.3829   60557.7671
    29   12 Mg         0.0222     676.1137   60533.6682
    30   12 Mg         0.0184     676.3179   60551.9511
    31   12 Mg         0.0237     676.0299   60526.1635
    32   12 Mg         0.0241     676.0065   60524.0718
    33   12 Mg         0.0204     676.2074   60542.0580
    34   12 Mg         0.0216     676.1453   60536.4977
    35   12 Mg         0.0222     676.1109   60533.4185
    36   12 Mg         0.0260     675.9031   60514.8075
    37   12 Mg         0.0253     675.9407   60518.1775
    38   12 Mg         0.0314     675.5961   60487.3214
    39   12 Mg         0.0183     676.3203   60552.1601
    40   12 Mg         0.0282     675.7796   60503.7578
    41    8 O          0.0104      15.4469     311.7259
    42    8 O          0.0140      15.4452     311.6917
    43    8 O          0.0119      15.4462     311.7122
    44    8 O          0.0097      15.4472     311.7326
    45    8 O          0.0104      15.4468     311.7255
    46    8 O          0.0145      15.4449     311.6874
    47    8 O          0.0113      15.4464     311.7171
    48    8 O          0.0116      15.4463     311.7148
    49    8 O          0.0146      15.4449     311.6859
    50    8 O          0.0134      15.4455     311.6980
    51    8 O          0.0122      15.4460     311.7091
    52    8 O          0.0171      15.4437     311.6617
    53    8 O          0.0118      15.4462     311.7131
    54    8 O          0.0129      15.4457     311.7022
    55    8 O          0.0124      15.4459     311.7068
    56    8 O          0.0158      15.4443     311.6749
    57    8 O          0.0096      15.4472     311.7328
    58    8 O          0.0132      15.4455     311.6996
    59    8 O          0.0098      15.4471     311.7315
    60    8 O          0.0109      15.4466     311.7208
    61    8 O          0.0194      15.4426     311.6399
    62    8 O          0.0088      15.4476     311.7407
    63    8 O          0.0102      15.4469     311.7275
    64    8 O          0.0148      15.4448     311.6846
    65    8 O          0.0109      15.4466     311.7209
    66    8 O          0.0153      15.4445     311.6794
    67    8 O          0.0177      15.4434     311.6560
    68    8 O          0.0125      15.4459     311.7063
    69    8 O          0.0093      15.4474     311.7361
    70    8 O          0.0087      15.4476     311.7409
    71    8 O          0.0170      15.4437     311.6629
    72    8 O          0.0120      15.4461     311.7105
    73    8 O          0.0145      15.4449     311.6869
    74    8 O          0.0108      15.4467     311.7225
    75    8 O          0.0133      15.4455     311.6985
    76    8 O          0.0147      15.4448     311.6848
    77    8 O          0.0135      15.4454     311.6966
    78    8 O          0.0125      15.4459     311.7059
    79    8 O          0.0116      15.4463     311.7146
    80    8 O          0.0118      15.4462     311.7125
--------------------------------------------------------

Atom-resolved dispersion energies:
--------------------------------------------------
     #    Z           [Hartree]      [kcal/mol]
--------------------------------------------------
     1   12 Mg  -0.38409629E-02     -2.41024059
     2   12 Mg  -0.32537716E-02     -2.04177248
     3   12 Mg  -0.35830255E-02     -2.24838244
     4   12 Mg  -0.37586323E-02     -2.35857735
     5   12 Mg  -0.31124678E-02     -1.95310305
     6   12 Mg  -0.34829456E-02     -2.18558135
     7   12 Mg  -0.31942689E-02     -2.00443403
     8   12 Mg  -0.35253884E-02     -2.21221463
     9   12 Mg  -0.41075725E-02     -2.57754068
    10   12 Mg  -0.37736703E-02     -2.36801387
    11   12 Mg  -0.35199648E-02     -2.20881128
    12   12 Mg  -0.33748677E-02     -2.11776148
    13   12 Mg  -0.32972684E-02     -2.06906714
    14   12 Mg  -0.40626345E-02     -2.54934165
    15   12 Mg  -0.36225597E-02     -2.27319051
    16   12 Mg  -0.33548662E-02     -2.10521031
    17   12 Mg  -0.31510473E-02     -1.97731206
    18   12 Mg  -0.27929965E-02     -1.75263177
    19   12 Mg  -0.29545002E-02     -1.85397687
    20   12 Mg  -0.35543721E-02     -2.23040218
    21   12 Mg  -0.31637189E-02     -1.98526357
    22   12 Mg  -0.43145114E-02     -2.70739675
    23   12 Mg  -0.29559403E-02     -1.85488055
    24   12 Mg  -0.36147528E-02     -2.26829162
    25   12 Mg  -0.37479068E-02     -2.35184705
    26   12 Mg  -0.38286614E-02     -2.40252132
    27   12 Mg  -0.35114969E-02     -2.20349757
    28   12 Mg  -0.26357762E-02     -1.65397457
    29   12 Mg  -0.37043244E-02     -2.32449866
    30   12 Mg  -0.30246616E-02     -1.89800379
    31   12 Mg  -0.37954766E-02     -2.38169752
    32   12 Mg  -0.34771331E-02     -2.18193398
    33   12 Mg  -0.33578939E-02     -2.10711024
    34   12 Mg  -0.31459614E-02     -1.97412057
    35   12 Mg  -0.33127779E-02     -2.07879955
    36   12 Mg  -0.36597767E-02     -2.29654456
    37   12 Mg  -0.40209902E-02     -2.52320944
    38   12 Mg  -0.43123625E-02     -2.70604833
    39   12 Mg  -0.30358182E-02     -1.90500468
    40   12 Mg  -0.37072443E-02     -2.32633089
    41    8 O   -0.85104751E-03     -0.53404038
    42    8 O   -0.92255147E-03     -0.57890979
    43    8 O   -0.90104109E-03     -0.56541182
    44    8 O   -0.81062956E-03     -0.50867773
    45    8 O   -0.81286940E-03     -0.51008325
    46    8 O   -0.81793757E-03     -0.51326357
    47    8 O   -0.76924878E-03     -0.48271090
    48    8 O   -0.93685702E-03     -0.58788666
    49    8 O   -0.94624554E-03     -0.59377804
    50    8 O   -0.81836376E-03     -0.51353101
    51    8 O   -0.91943563E-03     -0.57695457
    52    8 O   -0.88850882E-03     -0.55754770
    53    8 O   -0.80182620E-03     -0.50315354
    54    8 O   -0.86676149E-03     -0.54390105
    55    8 O   -0.84369393E-03     -0.52942593
    56    8 O   -0.85993470E-03     -0.53961717
    57    8 O   -0.83938397E-03     -0.52672139
    58    8 O   -0.83410775E-03     -0.52341051
    59    8 O   -0.85164365E-03     -0.53441446
    60    8 O   -0.85598256E-03     -0.53713717
    61    8 O   -0.90533122E-03     -0.56810392
    62    8 O   -0.81183553E-03     -0.50943449
    63    8 O   -0.89574989E-03     -0.56209154
    64    8 O   -0.85719411E-03     -0.53789743
    65    8 O   -0.79759751E-03     -0.50049999
    66    8 O   -0.88311067E-03     -0.55416031
    67    8 O   -0.87734286E-03     -0.55054095
    68    8 O   -0.97814433E-03     -0.61379484
    69    8 O   -0.90818849E-03     -0.56989688
    70    8 O   -0.78920417E-03     -0.49523310
    71    8 O   -0.91791211E-03     -0.57599855
    72    8 O   -0.83817499E-03     -0.52596274
    73    8 O   -0.86431368E-03     -0.54236502
    74    8 O   -0.81232285E-03     -0.50974028
    75    8 O   -0.84202053E-03     -0.52837586
    76    8 O   -0.86149403E-03     -0.54059567
    77    8 O   -0.84031630E-03     -0.52730644
    78    8 O   -0.78253755E-03     -0.49104973
    79    8 O   -0.89278193E-03     -0.56022912
    80    8 O   -0.86574507E-03     -0.54326323
--------------------------------------------------

Dispersion energy:      -1.7401435702052E-01 Eh

[Info] Dispersion energy written to .EDISP
