-----------------------------------
 s i m p l e   D F T - D 3  v1.2.1
-----------------------------------

Zero (Chai-Head-Gordon) damping: pbe-D3(0)
--------------------
  s6         1.0000
  s8         0.7220
  s9         0.0000
 rs6         1.2170
 rs8         1.0000
 alp        14.0000
--------------------

Atomic radii (in Angstrom):
-------------------------------------------
   Z          R(cov)     R(vdw)      r4/r2
-------------------------------------------
  12 Mg       1.6667     1.7420     2.8909
   8 O        0.8400     1.2408     1.3725
-------------------------------------------

Atomic reference systems (in atomic units):
----------------------------------------------------------------------------
   Z        #      CN    C6(AA)   #      CN    C6(AA)   #      CN    C6(AA)
----------------------------------------------------------------------------
  12 Mg     1  0.0000  683.3758   2  0.9628  451.2708   3  1.9496  175.5616
   8 O      1  0.0000   15.5059   2  0.9925   12.8161   3  1.9887   10.3708
----------------------------------------------------------------------------

Dispersion properties (in atomic units):
--------------------------------------------------------
     #    Z                CN       C6(AA)       C8(AA)
--------------------------------------------------------
     1   12 Mg         2.6430     175.5784   15719.8493
     2   12 Mg         1.7355     195.9261   17541.6148
     3   12 Mg         2.2553     175.9202   15750.4533
     4   12 Mg         2.4634     175.6310   15724.5594
     5   12 Mg         1.5311     255.8200   22904.0243
     6   12 Mg         2.0598     177.2340   15868.0792
     7   12 Mg         1.7625     192.2249   17210.2420
     8   12 Mg         2.0897     176.8838   15836.7233
     9   12 Mg         2.3810     175.6946   15730.2546
    10   12 Mg         2.1144     176.6498   15815.7720
    11   12 Mg         2.3231     175.7717   15737.1570
    12   12 Mg         1.9296     180.1933   16133.0285
    13   12 Mg         1.8166     186.6291   16709.2349
    14   12 Mg         3.3272     175.5617   15718.3502
    15   12 Mg         2.6883     175.5734   15719.3969
    16   12 Mg         2.4589     175.6336   15724.7858
    17   12 Mg         1.7378     195.5734   17510.0390
    18   12 Mg         1.3872     331.9874   29723.4279
    19   12 Mg         2.1178     176.6215   15813.2396
    20   12 Mg         2.4534     175.6368   15725.0731
    21   12 Mg         2.1129     176.6629   15816.9435
    22   12 Mg         2.6388     175.5790   15719.9008
    23   12 Mg         1.7561     193.0324   17282.5389
    24   12 Mg         2.4301     175.6519   15726.4285
    25   12 Mg         2.2509     175.9330   15751.5941
    26   12 Mg         1.9609     179.1900   16043.2011
    27   12 Mg         1.7874     189.3789   16955.4299
    28   12 Mg         1.5107     265.5141   23771.9512
    29   12 Mg         2.0313     177.6522   15905.5148
    30   12 Mg         1.6525     212.5154   19026.8816
    31   12 Mg         2.2193     176.0380   15760.9930
    32   12 Mg         2.2824     175.8512   15744.2715
    33   12 Mg         1.8789     182.4237   16332.7193
    34   12 Mg         2.0182     177.8795   15925.8656
    35   12 Mg         2.0905     176.8754   15835.9728
    36   12 Mg         2.4910     175.6174   15723.3429
    37   12 Mg         2.4294     175.6524   15726.4727
    38   12 Mg         2.9915     175.5627   15718.4395
    39   12 Mg         1.6073     225.7374   20210.6713
    40   12 Mg         2.6921     175.5730   15719.3657
    41    8 O          1.0157      12.7979     258.2676
    42    8 O          1.4348      11.8182     238.4974
    43    8 O          1.1845      12.6168     254.6148
    44    8 O          0.9432      12.8536     259.3919
    45    8 O          1.0205      12.7942     258.1929
    46    8 O          1.3899      12.0214     242.5991
    47    8 O          1.1471      12.6710     255.7076
    48    8 O          1.1602      12.6534     255.3525
    49    8 O          1.4409      11.7889     237.9055
    50    8 O          1.3721      12.0963     244.1107
    51    8 O          1.2456      12.4985     252.2264
    52    8 O          1.7443      10.6377     214.6740
    53    8 O          1.2209      12.5513     253.2930
    54    8 O          1.3340      12.2415     247.0410
    55    8 O          1.2586      12.4674     251.5998
    56    8 O          1.6150      10.9963     221.9110
    57    8 O          0.9313      12.8634     259.5899
    58    8 O          1.3344      12.2404     247.0178
    59    8 O          0.9522      12.8464     259.2474
    60    8 O          1.0762      12.7479     257.2596
    61    8 O          1.9446      10.4300     210.4828
    62    8 O          0.8352      12.9627     261.5936
    63    8 O          0.9792      12.8256     258.8272
    64    8 O          1.5399      11.3121     228.2842
    65    8 O          1.0918      12.7333     256.9641
    66    8 O          1.5864      11.1082     224.1687
    67    8 O          1.7882      10.5650     213.2080
    68    8 O          1.2271      12.5388     253.0396
    69    8 O          0.8653      12.9263     260.8607
    70    8 O          0.8365      12.9610     261.5607
    71    8 O          1.6900      10.7592     217.1269
    72    8 O          1.2326      12.5273     252.8073
    73    8 O          1.5080      11.4633     231.3353
    74    8 O          1.0752      12.7488     257.2785
    75    8 O          1.3872      12.0330     242.8320
    76    8 O          1.5019      11.4927     231.9291
    77    8 O          1.3822      12.0542     243.2608
    78    8 O          1.2714      12.4348     250.9414
    79    8 O          1.1620      12.6508     255.3002
    80    8 O          1.1938      12.6013     254.3021
--------------------------------------------------------

Atom-resolved dispersion energies:
--------------------------------------------------
     #    Z           [Hartree]      [kcal/mol]
--------------------------------------------------
     1   12 Mg  -0.51784726E-02     -3.24954063
     2   12 Mg  -0.58666837E-02     -3.68139960
     3   12 Mg  -0.49364651E-02     -3.09767861
     4   12 Mg  -0.45820567E-02     -2.87528398
     5   12 Mg  -0.64981406E-02     -4.07764478
     6   12 Mg  -0.52075205E-02     -3.26776844
     7   12 Mg  -0.52098852E-02     -3.26925230
     8   12 Mg  -0.51871379E-02     -3.25497816
     9   12 Mg  -0.51364429E-02     -3.22316659
    10   12 Mg  -0.54443377E-02     -3.41637351
    11   12 Mg  -0.53001374E-02     -3.32588644
    12   12 Mg  -0.54521803E-02     -3.42129477
    13   12 Mg  -0.55615759E-02     -3.48994157
    14   12 Mg  -0.46143079E-02     -2.89552195
    15   12 Mg  -0.49101149E-02     -3.08114360
    16   12 Mg  -0.51808249E-02     -3.25101669
    17   12 Mg  -0.56210615E-02     -3.52726937
    18   12 Mg  -0.67277792E-02     -4.22174517
    19   12 Mg  -0.47219242E-02     -2.96305215
    20   12 Mg  -0.51123763E-02     -3.20806456
    21   12 Mg  -0.49963607E-02     -3.13526369
    22   12 Mg  -0.54281316E-02     -3.40620403
    23   12 Mg  -0.53090665E-02     -3.33148952
    24   12 Mg  -0.52035433E-02     -3.26527273
    25   12 Mg  -0.52815615E-02     -3.31422990
    26   12 Mg  -0.54366866E-02     -3.41157237
    27   12 Mg  -0.55552032E-02     -3.48594265
    28   12 Mg  -0.62828235E-02     -3.94253125
    29   12 Mg  -0.55017999E-02     -3.45243158
    30   12 Mg  -0.56753902E-02     -3.56136114
    31   12 Mg  -0.54151595E-02     -3.39806391
    32   12 Mg  -0.51279768E-02     -3.21785402
    33   12 Mg  -0.52561557E-02     -3.29828749
    34   12 Mg  -0.52416782E-02     -3.28920271
    35   12 Mg  -0.53127863E-02     -3.33382376
    36   12 Mg  -0.50247938E-02     -3.15310569
    37   12 Mg  -0.51525785E-02     -3.23329183
    38   12 Mg  -0.48304758E-02     -3.03116934
    39   12 Mg  -0.61281152E-02     -3.84545035
    40   12 Mg  -0.48385639E-02     -3.03624471
    41    8 O   -0.12665810E-02     -0.79479159
    42    8 O   -0.11454856E-02     -0.71880308
    43    8 O   -0.11647214E-02     -0.73087372
    44    8 O   -0.12675285E-02     -0.79538615
    45    8 O   -0.12535392E-02     -0.78660774
    46    8 O   -0.11058529E-02     -0.69393316
    47    8 O   -0.10383206E-02     -0.65155603
    48    8 O   -0.12411921E-02     -0.77885981
    49    8 O   -0.11360470E-02     -0.71288025
    50    8 O   -0.10646064E-02     -0.66805063
    51    8 O   -0.10863505E-02     -0.68169523
    52    8 O   -0.10248912E-02     -0.64312893
    53    8 O   -0.10836961E-02     -0.68002954
    54    8 O   -0.12029738E-02     -0.75487747
    55    8 O   -0.11925293E-02     -0.74832341
    56    8 O   -0.10471958E-02     -0.65712531
    57    8 O   -0.11521621E-02     -0.72299260
    58    8 O   -0.10708161E-02     -0.67194723
    59    8 O   -0.11958597E-02     -0.75041328
    60    8 O   -0.11882786E-02     -0.74565605
    61    8 O   -0.10257926E-02     -0.64369455
    62    8 O   -0.10356544E-02     -0.64988293
    63    8 O   -0.13403716E-02     -0.84109589
    64    8 O   -0.10575968E-02     -0.66365204
    65    8 O   -0.11012474E-02     -0.69104316
    66    8 O   -0.11330694E-02     -0.71101177
    67    8 O   -0.10052760E-02     -0.63082024
    68    8 O   -0.12148531E-02     -0.76233186
    69    8 O   -0.11772781E-02     -0.73875318
    70    8 O   -0.13790240E-02     -0.86535063
    71    8 O   -0.11701826E-02     -0.73430066
    72    8 O   -0.11917377E-02     -0.74782672
    73    8 O   -0.11417286E-02     -0.71644552
    74    8 O   -0.11407784E-02     -0.71584925
    75    8 O   -0.10929438E-02     -0.68583261
    76    8 O   -0.11230710E-02     -0.70473770
    77    8 O   -0.11096527E-02     -0.69631759
    78    8 O   -0.10692145E-02     -0.67094223
    79    8 O   -0.11507514E-02     -0.72210738
    80    8 O   -0.11414049E-02     -0.71624236
--------------------------------------------------

Dispersion energy:      -2.5917853316654E-01 Eh

[Info] Dispersion energy written to .EDISP
