-----------------------------------
 s i m p l e   D F T - D 3  v1.2.1
-----------------------------------

Zero (Chai-Head-Gordon) damping: pbe-D3(0)
--------------------
  s6         1.0000
  s8         0.7220
  s9         0.0000
 rs6         1.2170
 rs8         1.0000
 alp        14.0000
--------------------

Atomic radii (in Angstrom):
-------------------------------------------
   Z          R(cov)     R(vdw)      r4/r2
-------------------------------------------
  63 Eu       2.0133     2.2117     4.6531
  12 Mg       1.6667     1.7420     2.8909
-------------------------------------------

Atomic reference systems (in atomic units):
----------------------------------------------------------------------------
   Z        #      CN    C6(AA)   #      CN    C6(AA)   #      CN    C6(AA)
----------------------------------------------------------------------------
  63 Eu     1  0.0000 3358.3122   2  1.8286  549.0281
  12 Mg     1  0.0000  683.3758   2  0.9628  451.2708   3  1.9496  175.5616
----------------------------------------------------------------------------

Dispersion properties (in atomic units):
--------------------------------------------------------
     #    Z                CN       C6(AA)       C8(AA)
--------------------------------------------------------
     1   63 Eu         0.0296    3358.3021  778991.4068
     2   12 Mg         0.0159     676.4448   60563.3113
     3   12 Mg         0.0159     676.4478   60563.5771
     4   12 Mg         0.0159     676.4478   60563.5767
     5   12 Mg         0.0165     676.4150   60560.6457
     6   12 Mg         0.0165     676.4150   60560.6455
     7   12 Mg         0.0159     676.4448   60563.3116
     8   12 Mg         0.0159     676.4448   60563.3118
     9   12 Mg         0.0162     676.4320   60562.1624
    10   12 Mg         0.0162     676.4320   60562.1629
    11   12 Mg         0.0163     676.4274   60561.7500
    12   12 Mg         0.0159     676.4478   60563.5772
    13   12 Mg         0.0162     676.4320   60562.1624
    14   12 Mg         0.0162     676.4320   60562.1627
    15   12 Mg         0.0162     676.4308   60562.0532
    16   12 Mg         0.0162     676.4308   60562.0537
    17   12 Mg         0.0165     676.4150   60560.6449
    18   12 Mg         0.0165     676.4150   60560.6451
    19   12 Mg         0.0163     676.4274   60561.7495
    20   12 Mg         0.0163     676.4274   60561.7500
    21   12 Mg         0.0162     676.4308   60562.0534
    22   12 Mg         0.0165     676.4150   60560.6457
    23   12 Mg         0.0165     676.4150   60560.6452
    24   12 Mg         0.0162     676.4320   60562.1629
    25   12 Mg         0.0162     676.4320   60562.1630
    26   12 Mg         0.0155     676.4678   60565.3655
    27   12 Mg         0.0155     676.4678   60565.3660
    28   12 Mg         0.0155     676.4678   60565.3654
    29   12 Mg         0.0156     676.4597   60564.6419
    30   12 Mg         0.0157     676.4589   60564.5683
    31   12 Mg         0.0157     676.4588   60564.5680
    32   12 Mg         0.0157     676.4588   60564.5679
    33   12 Mg         0.0157     676.4588   60564.5679
    34   12 Mg         0.0157     676.4589   60564.5681
    35   12 Mg         0.0157     676.4589   60564.5682
    36   12 Mg         0.0162     676.4305   60562.0277
    37   12 Mg         0.0162     676.4305   60562.0273
    38   12 Mg         0.0162     676.4305   60562.0277
    39   12 Mg         0.0161     676.4377   60562.6715
    40   12 Mg         0.0161     676.4377   60562.6710
    41   12 Mg         0.0161     676.4377   60562.6715
    42   12 Mg         0.0161     676.4376   60562.6648
    43   12 Mg         0.0161     676.4376   60562.6645
    44   12 Mg         0.0161     676.4376   60562.6645
    45   12 Mg         0.0161     676.4376   60562.6647
    46   12 Mg         0.0161     676.4376   60562.6651
    47   12 Mg         0.0161     676.4376   60562.6649
    48   12 Mg         0.0167     676.4065   60559.8780
    49   12 Mg         0.0167     676.4065   60559.8778
    50   12 Mg         0.0167     676.4065   60559.8781
    51   12 Mg         0.0158     676.4539   60564.1258
    52   12 Mg         0.0158     676.4539   60564.1258
    53   12 Mg         0.0158     676.4539   60564.1259
    54   12 Mg         0.0158     676.4532   60564.0580
    55   12 Mg         0.0158     676.4532   60564.0581
    56   12 Mg         0.0158     676.4532   60564.0586
    57   12 Mg         0.0160     676.4412   60562.9894
    58   12 Mg         0.0160     676.4412   60562.9897
    59   12 Mg         0.0160     676.4412   60562.9891
    60   12 Mg         0.0160     676.4403   60562.9032
    61   12 Mg         0.0160     676.4403   60562.9031
    62   12 Mg         0.0160     676.4403   60562.9031
    63   12 Mg         0.0160     676.4403   60562.9036
    64   12 Mg         0.0160     676.4403   60562.9035
    65   12 Mg         0.0160     676.4403   60562.9029
    66   12 Mg         0.0160     676.4403   60562.9090
    67   12 Mg         0.0160     676.4403   60562.9087
    68   12 Mg         0.0160     676.4403   60562.9096
    69   12 Mg         0.0158     676.4508   60563.8484
    70   12 Mg         0.0160     676.4423   60563.0858
    71   12 Mg         0.0160     676.4423   60563.0853
    72   12 Mg         0.0160     676.4423   60563.0852
    73   12 Mg         0.0160     676.4423   60563.0851
    74   12 Mg         0.0160     676.4423   60563.0853
    75   12 Mg         0.0160     676.4423   60563.0857
    76   12 Mg         0.0159     676.4443   60563.2675
    77   12 Mg         0.0159     676.4443   60563.2682
    78   12 Mg         0.0158     676.4491   60563.6908
    79   12 Mg         0.0158     676.4497   60563.7515
    80   12 Mg         0.0158     676.4497   60563.7517
    81   12 Mg         0.0158     676.4497   60563.7521
    82   12 Mg         0.0158     676.4497   60563.7514
    83   12 Mg         0.0159     676.4462   60563.4399
    84   12 Mg         0.0160     676.4416   60563.0281
    85   12 Mg         0.0160     676.4416   60563.0279
    86   12 Mg         0.0158     676.4497   60563.7518
    87   12 Mg         0.0158     676.4497   60563.7517
    88   12 Mg         0.0160     676.4425   60563.1034
    89   12 Mg         0.0160     676.4425   60563.1036
    90   12 Mg         0.0160     676.4391   60562.8037
    91   12 Mg         0.0159     676.4443   60563.2680
    92   12 Mg         0.0160     676.4416   60563.0276
    93   12 Mg         0.0160     676.4417   60563.0285
    94   12 Mg         0.0160     676.4391   60562.8035
    95   12 Mg         0.0160     676.4391   60562.8031
    96   12 Mg         0.0160     676.4416   60563.0281
    97   12 Mg         0.0160     676.4417   60563.0283
    98   12 Mg         0.0158     676.4491   60563.6912
    99   12 Mg         0.0158     676.4491   60563.6909
   100   12 Mg         0.0160     676.4425   60563.1028
   101   12 Mg         0.0160     676.4423   60563.0858
   102   12 Mg         0.0160     676.4423   60563.0853
   103   12 Mg         0.0160     676.4423   60563.0852
   104   12 Mg         0.0160     676.4423   60563.0851
   105   12 Mg         0.0160     676.4423   60563.0853
   106   12 Mg         0.0160     676.4423   60563.0857
   107   12 Mg         0.0158     676.4508   60563.8484
   108   12 Mg         0.0160     676.4403   60562.9090
   109   12 Mg         0.0160     676.4403   60562.9087
   110   12 Mg         0.0160     676.4403   60562.9096
   111   12 Mg         0.0160     676.4403   60562.9034
   112   12 Mg         0.0160     676.4403   60562.9033
   113   12 Mg         0.0160     676.4403   60562.9033
   114   12 Mg         0.0160     676.4403   60562.9038
   115   12 Mg         0.0160     676.4403   60562.9037
   116   12 Mg         0.0160     676.4403   60562.9031
   117   12 Mg         0.0160     676.4412   60562.9896
   118   12 Mg         0.0160     676.4412   60562.9899
   119   12 Mg         0.0160     676.4412   60562.9893
   120   12 Mg         0.0158     676.4532   60564.0580
   121   12 Mg         0.0158     676.4532   60564.0581
   122   12 Mg         0.0158     676.4532   60564.0586
   123   12 Mg         0.0158     676.4539   60564.1258
   124   12 Mg         0.0158     676.4539   60564.1258
   125   12 Mg         0.0158     676.4539   60564.1259
   126   12 Mg         0.0167     676.4065   60559.8780
   127   12 Mg         0.0167     676.4065   60559.8778
   128   12 Mg         0.0167     676.4065   60559.8781
   129   12 Mg         0.0161     676.4376   60562.6644
   130   12 Mg         0.0161     676.4376   60562.6641
   131   12 Mg         0.0161     676.4376   60562.6640
   132   12 Mg         0.0161     676.4376   60562.6642
   133   12 Mg         0.0161     676.4376   60562.6647
   134   12 Mg         0.0161     676.4376   60562.6645
   135   12 Mg         0.0161     676.4377   60562.6711
   136   12 Mg         0.0161     676.4377   60562.6706
   137   12 Mg         0.0161     676.4377   60562.6711
   138   12 Mg         0.0162     676.4305   60562.0275
   139   12 Mg         0.0162     676.4305   60562.0271
   140   12 Mg         0.0162     676.4305   60562.0275
   141   12 Mg         0.0157     676.4588   60564.5681
   142   12 Mg         0.0157     676.4588   60564.5678
   143   12 Mg         0.0157     676.4588   60564.5677
   144   12 Mg         0.0157     676.4588   60564.5677
   145   12 Mg         0.0157     676.4588   60564.5679
   146   12 Mg         0.0157     676.4588   60564.5680
   147   12 Mg         0.0156     676.4597   60564.6419
   148   12 Mg         0.0155     676.4678   60565.3655
   149   12 Mg         0.0155     676.4678   60565.3660
   150   12 Mg         0.0155     676.4678   60565.3654
--------------------------------------------------------

Atom-resolved dispersion energies:
--------------------------------------------------
     #    Z           [Hartree]      [kcal/mol]
--------------------------------------------------
     1   63 Eu  -0.84356938E-02     -5.29347780
     2   12 Mg  -0.41980583E-02     -2.63432138
     3   12 Mg  -0.41933967E-02     -2.63139615
     4   12 Mg  -0.41934105E-02     -2.63140483
     5   12 Mg  -0.43749161E-02     -2.74530130
     6   12 Mg  -0.43749234E-02     -2.74530589
     7   12 Mg  -0.41980459E-02     -2.63431356
     8   12 Mg  -0.41980424E-02     -2.63431140
     9   12 Mg  -0.42371272E-02     -2.65883745
    10   12 Mg  -0.42371106E-02     -2.65882703
    11   12 Mg  -0.42574190E-02     -2.67157078
    12   12 Mg  -0.41933924E-02     -2.63139349
    13   12 Mg  -0.42371262E-02     -2.65883686
    14   12 Mg  -0.42371165E-02     -2.65883077
    15   12 Mg  -0.42462218E-02     -2.66454443
    16   12 Mg  -0.42462028E-02     -2.66453250
    17   12 Mg  -0.43749456E-02     -2.74531978
    18   12 Mg  -0.43749392E-02     -2.74531581
    19   12 Mg  -0.42574383E-02     -2.67158287
    20   12 Mg  -0.42574202E-02     -2.67157149
    21   12 Mg  -0.42462162E-02     -2.66454092
    22   12 Mg  -0.43749168E-02     -2.74530171
    23   12 Mg  -0.43749327E-02     -2.74531174
    24   12 Mg  -0.42371078E-02     -2.65882530
    25   12 Mg  -0.42371061E-02     -2.65882425
    26   12 Mg  -0.41544609E-02     -2.60696360
    27   12 Mg  -0.41544429E-02     -2.60695230
    28   12 Mg  -0.41544631E-02     -2.60696495
    29   12 Mg  -0.41523618E-02     -2.60564636
    30   12 Mg  -0.41564222E-02     -2.60819428
    31   12 Mg  -0.41564310E-02     -2.60819984
    32   12 Mg  -0.41564351E-02     -2.60820241
    33   12 Mg  -0.41564351E-02     -2.60820237
    34   12 Mg  -0.41564265E-02     -2.60819701
    35   12 Mg  -0.41564227E-02     -2.60819459
    36   12 Mg  -0.42470747E-02     -2.66507961
    37   12 Mg  -0.42470887E-02     -2.66508838
    38   12 Mg  -0.42470733E-02     -2.66507871
    39   12 Mg  -0.42233392E-02     -2.65018533
    40   12 Mg  -0.42233580E-02     -2.65019716
    41   12 Mg  -0.42233401E-02     -2.65018590
    42   12 Mg  -0.42275200E-02     -2.65280884
    43   12 Mg  -0.42275298E-02     -2.65281502
    44   12 Mg  -0.42275308E-02     -2.65281563
    45   12 Mg  -0.42275240E-02     -2.65281137
    46   12 Mg  -0.42275072E-02     -2.65280083
    47   12 Mg  -0.42275163E-02     -2.65280651
    48   12 Mg  -0.44004040E-02     -2.76129520
    49   12 Mg  -0.44004117E-02     -2.76130005
    50   12 Mg  -0.44004019E-02     -2.76129386
    51   12 Mg  -0.41695003E-02     -2.61640094
    52   12 Mg  -0.41695001E-02     -2.61640079
    53   12 Mg  -0.41694957E-02     -2.61639808
    54   12 Mg  -0.41726494E-02     -2.61837700
    55   12 Mg  -0.41726451E-02     -2.61837431
    56   12 Mg  -0.41726277E-02     -2.61836341
    57   12 Mg  -0.42151467E-02     -2.64504449
    58   12 Mg  -0.42151368E-02     -2.64503826
    59   12 Mg  -0.42151594E-02     -2.64505248
    60   12 Mg  -0.42134690E-02     -2.64399173
    61   12 Mg  -0.42134734E-02     -2.64399450
    62   12 Mg  -0.42134734E-02     -2.64399449
    63   12 Mg  -0.42134557E-02     -2.64398335
    64   12 Mg  -0.42134592E-02     -2.64398559
    65   12 Mg  -0.42134777E-02     -2.64399720
    66   12 Mg  -0.42177113E-02     -2.64665378
    67   12 Mg  -0.42177209E-02     -2.64665980
    68   12 Mg  -0.42176893E-02     -2.64664000
    69   12 Mg  -0.41910759E-02     -2.62993985
    70   12 Mg  -0.42079317E-02     -2.64051699
    71   12 Mg  -0.42079504E-02     -2.64052874
    72   12 Mg  -0.42079538E-02     -2.64053085
    73   12 Mg  -0.42079598E-02     -2.64053466
    74   12 Mg  -0.42079503E-02     -2.64052866
    75   12 Mg  -0.42079374E-02     -2.64052060
    76   12 Mg  -0.42008509E-02     -2.63607373
    77   12 Mg  -0.42008240E-02     -2.63605685
    78   12 Mg  -0.41876386E-02     -2.62778291
    79   12 Mg  -0.41850063E-02     -2.62613107
    80   12 Mg  -0.41850024E-02     -2.62612868
    81   12 Mg  -0.41849873E-02     -2.62611915
    82   12 Mg  -0.41850103E-02     -2.62613360
    83   12 Mg  -0.41933236E-02     -2.63135027
    84   12 Mg  -0.42106468E-02     -2.64222076
    85   12 Mg  -0.42106567E-02     -2.64222695
    86   12 Mg  -0.41849966E-02     -2.62612504
    87   12 Mg  -0.41850012E-02     -2.62612791
    88   12 Mg  -0.42082934E-02     -2.64074397
    89   12 Mg  -0.42082855E-02     -2.64073899
    90   12 Mg  -0.42192074E-02     -2.64759262
    91   12 Mg  -0.42008323E-02     -2.63606208
    92   12 Mg  -0.42106650E-02     -2.64223219
    93   12 Mg  -0.42106324E-02     -2.64221170
    94   12 Mg  -0.42192118E-02     -2.64759539
    95   12 Mg  -0.42192265E-02     -2.64760463
    96   12 Mg  -0.42106476E-02     -2.64222127
    97   12 Mg  -0.42106429E-02     -2.64221830
    98   12 Mg  -0.41876238E-02     -2.62777364
    99   12 Mg  -0.41876321E-02     -2.62777879
   100   12 Mg  -0.42083126E-02     -2.64075602
   101   12 Mg  -0.42079317E-02     -2.64051701
   102   12 Mg  -0.42079504E-02     -2.64052876
   103   12 Mg  -0.42079538E-02     -2.64053088
   104   12 Mg  -0.42079599E-02     -2.64053468
   105   12 Mg  -0.42079503E-02     -2.64052868
   106   12 Mg  -0.42079375E-02     -2.64052062
   107   12 Mg  -0.41910760E-02     -2.62993988
   108   12 Mg  -0.42177109E-02     -2.64665354
   109   12 Mg  -0.42177205E-02     -2.64665956
   110   12 Mg  -0.42176889E-02     -2.64663976
   111   12 Mg  -0.42134622E-02     -2.64398746
   112   12 Mg  -0.42134666E-02     -2.64399023
   113   12 Mg  -0.42134666E-02     -2.64399022
   114   12 Mg  -0.42134489E-02     -2.64397907
   115   12 Mg  -0.42134524E-02     -2.64398131
   116   12 Mg  -0.42134709E-02     -2.64399292
   117   12 Mg  -0.42151396E-02     -2.64504002
   118   12 Mg  -0.42151296E-02     -2.64503379
   119   12 Mg  -0.42151523E-02     -2.64504801
   120   12 Mg  -0.41726492E-02     -2.61837689
   121   12 Mg  -0.41726449E-02     -2.61837420
   122   12 Mg  -0.41726275E-02     -2.61836329
   123   12 Mg  -0.41695004E-02     -2.61640102
   124   12 Mg  -0.41695002E-02     -2.61640087
   125   12 Mg  -0.41694959E-02     -2.61639816
   126   12 Mg  -0.44004047E-02     -2.76129563
   127   12 Mg  -0.44004124E-02     -2.76130048
   128   12 Mg  -0.44004025E-02     -2.76129428
   129   12 Mg  -0.42275350E-02     -2.65281828
   130   12 Mg  -0.42275449E-02     -2.65282446
   131   12 Mg  -0.42275458E-02     -2.65282507
   132   12 Mg  -0.42275390E-02     -2.65282081
   133   12 Mg  -0.42275223E-02     -2.65281027
   134   12 Mg  -0.42275313E-02     -2.65281595
   135   12 Mg  -0.42233541E-02     -2.65019473
   136   12 Mg  -0.42233730E-02     -2.65020657
   137   12 Mg  -0.42233550E-02     -2.65019530
   138   12 Mg  -0.42470829E-02     -2.66508475
   139   12 Mg  -0.42470969E-02     -2.66509352
   140   12 Mg  -0.42470814E-02     -2.66508385
   141   12 Mg  -0.41564299E-02     -2.60819917
   142   12 Mg  -0.41564388E-02     -2.60820473
   143   12 Mg  -0.41564429E-02     -2.60820730
   144   12 Mg  -0.41564428E-02     -2.60820726
   145   12 Mg  -0.41564343E-02     -2.60820189
   146   12 Mg  -0.41564304E-02     -2.60819948
   147   12 Mg  -0.41523622E-02     -2.60564663
   148   12 Mg  -0.41544619E-02     -2.60696418
   149   12 Mg  -0.41544439E-02     -2.60695288
   150   12 Mg  -0.41544640E-02     -2.60696553
--------------------------------------------------

Dispersion energy:      -6.3696147547048E-01 Eh

[Info] Dispersion energy written to .EDISP
