-----------------------------------
 s i m p l e   D F T - D 3  v1.2.1
-----------------------------------

Zero (Chai-Head-Gordon) damping: pbe-D3(0)
--------------------
  s6         1.0000
  s8         0.7220
  s9         0.0000
 rs6         1.2170
 rs8         1.0000
 alp        14.0000
--------------------

Atomic radii (in Angstrom):
-------------------------------------------
   Z          R(cov)     R(vdw)      r4/r2
-------------------------------------------
  63 Eu       2.0133     2.2117     4.6531
  12 Mg       1.6667     1.7420     2.8909
-------------------------------------------

Atomic reference systems (in atomic units):
----------------------------------------------------------------------------
   Z        #      CN    C6(AA)   #      CN    C6(AA)   #      CN    C6(AA)
----------------------------------------------------------------------------
  63 Eu     1  0.0000 3358.3122   2  1.8286  549.0281
  12 Mg     1  0.0000  683.3758   2  0.9628  451.2708   3  1.9496  175.5616
----------------------------------------------------------------------------

Dispersion properties (in atomic units):
--------------------------------------------------------
     #    Z                CN       C6(AA)       C8(AA)
--------------------------------------------------------
     1   63 Eu         6.7572     549.0281  127352.5012
     2   12 Mg         3.7101     175.5616   15718.3437
     3   12 Mg         3.6927     175.5616   15718.3438
     4   12 Mg         3.6927     175.5616   15718.3438
     5   12 Mg         3.8066     175.5616   15718.3435
     6   12 Mg         3.8066     175.5616   15718.3435
     7   12 Mg         3.7101     175.5616   15718.3437
     8   12 Mg         3.7101     175.5616   15718.3437
     9   12 Mg         3.7750     175.5616   15718.3436
    10   12 Mg         3.7749     175.5616   15718.3436
    11   12 Mg         3.7987     175.5616   15718.3435
    12   12 Mg         3.6927     175.5616   15718.3438
    13   12 Mg         3.7750     175.5616   15718.3436
    14   12 Mg         3.7750     175.5616   15718.3436
    15   12 Mg         3.7812     175.5616   15718.3436
    16   12 Mg         3.7812     175.5616   15718.3436
    17   12 Mg         3.8067     175.5616   15718.3435
    18   12 Mg         3.8067     175.5616   15718.3435
    19   12 Mg         3.7987     175.5616   15718.3435
    20   12 Mg         3.7987     175.5616   15718.3435
    21   12 Mg         3.7812     175.5616   15718.3436
    22   12 Mg         3.8066     175.5616   15718.3435
    23   12 Mg         3.8067     175.5616   15718.3435
    24   12 Mg         3.7749     175.5616   15718.3436
    25   12 Mg         3.7749     175.5616   15718.3436
    26   12 Mg         3.5668     175.5616   15718.3444
    27   12 Mg         3.5668     175.5616   15718.3444
    28   12 Mg         3.5668     175.5616   15718.3444
    29   12 Mg         3.6261     175.5616   15718.3440
    30   12 Mg         3.6283     175.5616   15718.3440
    31   12 Mg         3.6283     175.5616   15718.3440
    32   12 Mg         3.6284     175.5616   15718.3440
    33   12 Mg         3.6284     175.5616   15718.3440
    34   12 Mg         3.6283     175.5616   15718.3440
    35   12 Mg         3.6283     175.5616   15718.3440
    36   12 Mg         3.7867     175.5616   15718.3436
    37   12 Mg         3.7867     175.5616   15718.3436
    38   12 Mg         3.7867     175.5616   15718.3436
    39   12 Mg         3.7463     175.5616   15718.3436
    40   12 Mg         3.7463     175.5616   15718.3436
    41   12 Mg         3.7463     175.5616   15718.3436
    42   12 Mg         3.7453     175.5616   15718.3436
    43   12 Mg         3.7453     175.5616   15718.3436
    44   12 Mg         3.7453     175.5616   15718.3436
    45   12 Mg         3.7453     175.5616   15718.3436
    46   12 Mg         3.7453     175.5616   15718.3436
    47   12 Mg         3.7453     175.5616   15718.3436
    48   12 Mg         3.8561     175.5616   15718.3435
    49   12 Mg         3.8562     175.5616   15718.3435
    50   12 Mg         3.8561     175.5616   15718.3435
    51   12 Mg         3.6577     175.5616   15718.3439
    52   12 Mg         3.6577     175.5616   15718.3439
    53   12 Mg         3.6576     175.5616   15718.3439
    54   12 Mg         3.6636     175.5616   15718.3439
    55   12 Mg         3.6636     175.5616   15718.3439
    56   12 Mg         3.6636     175.5616   15718.3439
    57   12 Mg         3.7268     175.5616   15718.3437
    58   12 Mg         3.7268     175.5616   15718.3437
    59   12 Mg         3.7268     175.5616   15718.3437
    60   12 Mg         3.7352     175.5616   15718.3436
    61   12 Mg         3.7352     175.5616   15718.3436
    62   12 Mg         3.7352     175.5616   15718.3436
    63   12 Mg         3.7352     175.5616   15718.3436
    64   12 Mg         3.7352     175.5616   15718.3436
    65   12 Mg         3.7352     175.5616   15718.3436
    66   12 Mg         3.7315     175.5616   15718.3437
    67   12 Mg         3.7315     175.5616   15718.3437
    68   12 Mg         3.7314     175.5616   15718.3437
    69   12 Mg         3.6709     175.5616   15718.3438
    70   12 Mg         3.7187     175.5616   15718.3437
    71   12 Mg         3.7188     175.5616   15718.3437
    72   12 Mg         3.7188     175.5616   15718.3437
    73   12 Mg         3.7188     175.5616   15718.3437
    74   12 Mg         3.7188     175.5616   15718.3437
    75   12 Mg         3.7187     175.5616   15718.3437
    76   12 Mg         3.7118     175.5616   15718.3437
    77   12 Mg         3.7118     175.5616   15718.3437
    78   12 Mg         3.6844     175.5616   15718.3438
    79   12 Mg         3.6813     175.5616   15718.3438
    80   12 Mg         3.6812     175.5616   15718.3438
    81   12 Mg         3.6812     175.5616   15718.3438
    82   12 Mg         3.6813     175.5616   15718.3438
    83   12 Mg         3.7031     175.5616   15718.3437
    84   12 Mg         3.7266     175.5616   15718.3437
    85   12 Mg         3.7266     175.5616   15718.3437
    86   12 Mg         3.6812     175.5616   15718.3438
    87   12 Mg         3.6812     175.5616   15718.3438
    88   12 Mg         3.7215     175.5616   15718.3437
    89   12 Mg         3.7215     175.5616   15718.3437
    90   12 Mg         3.7401     175.5616   15718.3436
    91   12 Mg         3.7118     175.5616   15718.3437
    92   12 Mg         3.7266     175.5616   15718.3437
    93   12 Mg         3.7265     175.5616   15718.3437
    94   12 Mg         3.7401     175.5616   15718.3436
    95   12 Mg         3.7402     175.5616   15718.3436
    96   12 Mg         3.7266     175.5616   15718.3437
    97   12 Mg         3.7266     175.5616   15718.3437
    98   12 Mg         3.6844     175.5616   15718.3438
    99   12 Mg         3.6844     175.5616   15718.3438
   100   12 Mg         3.7215     175.5616   15718.3437
   101   12 Mg         3.7187     175.5616   15718.3437
   102   12 Mg         3.7188     175.5616   15718.3437
   103   12 Mg         3.7188     175.5616   15718.3437
   104   12 Mg         3.7188     175.5616   15718.3437
   105   12 Mg         3.7188     175.5616   15718.3437
   106   12 Mg         3.7187     175.5616   15718.3437
   107   12 Mg         3.6709     175.5616   15718.3438
   108   12 Mg         3.7315     175.5616   15718.3437
   109   12 Mg         3.7315     175.5616   15718.3437
   110   12 Mg         3.7314     175.5616   15718.3437
   111   12 Mg         3.7352     175.5616   15718.3436
   112   12 Mg         3.7352     175.5616   15718.3436
   113   12 Mg         3.7352     175.5616   15718.3436
   114   12 Mg         3.7352     175.5616   15718.3436
   115   12 Mg         3.7352     175.5616   15718.3436
   116   12 Mg         3.7352     175.5616   15718.3436
   117   12 Mg         3.7268     175.5616   15718.3437
   118   12 Mg         3.7267     175.5616   15718.3437
   119   12 Mg         3.7268     175.5616   15718.3437
   120   12 Mg         3.6636     175.5616   15718.3439
   121   12 Mg         3.6636     175.5616   15718.3439
   122   12 Mg         3.6636     175.5616   15718.3439
   123   12 Mg         3.6577     175.5616   15718.3439
   124   12 Mg         3.6577     175.5616   15718.3439
   125   12 Mg         3.6576     175.5616   15718.3439
   126   12 Mg         3.8561     175.5616   15718.3435
   127   12 Mg         3.8562     175.5616   15718.3435
   128   12 Mg         3.8561     175.5616   15718.3435
   129   12 Mg         3.7454     175.5616   15718.3436
   130   12 Mg         3.7454     175.5616   15718.3436
   131   12 Mg         3.7454     175.5616   15718.3436
   132   12 Mg         3.7454     175.5616   15718.3436
   133   12 Mg         3.7453     175.5616   15718.3436
   134   12 Mg         3.7454     175.5616   15718.3436
   135   12 Mg         3.7463     175.5616   15718.3436
   136   12 Mg         3.7463     175.5616   15718.3436
   137   12 Mg         3.7463     175.5616   15718.3436
   138   12 Mg         3.7867     175.5616   15718.3436
   139   12 Mg         3.7867     175.5616   15718.3436
   140   12 Mg         3.7867     175.5616   15718.3436
   141   12 Mg         3.6283     175.5616   15718.3440
   142   12 Mg         3.6284     175.5616   15718.3440
   143   12 Mg         3.6284     175.5616   15718.3440
   144   12 Mg         3.6284     175.5616   15718.3440
   145   12 Mg         3.6284     175.5616   15718.3440
   146   12 Mg         3.6283     175.5616   15718.3440
   147   12 Mg         3.6261     175.5616   15718.3440
   148   12 Mg         3.5668     175.5616   15718.3444
   149   12 Mg         3.5668     175.5616   15718.3444
   150   12 Mg         3.5668     175.5616   15718.3444
--------------------------------------------------------

Atom-resolved dispersion energies:
--------------------------------------------------
     #    Z           [Hartree]      [kcal/mol]
--------------------------------------------------
     1   63 Eu  -0.79014858E-02     -4.95825719
     2   12 Mg  -0.63803437E-02     -4.00372613
     3   12 Mg  -0.64069353E-02     -4.02041260
     4   12 Mg  -0.64069283E-02     -4.02040821
     5   12 Mg  -0.62979414E-02     -3.95201787
     6   12 Mg  -0.62979355E-02     -3.95201417
     7   12 Mg  -0.63803586E-02     -4.00373547
     8   12 Mg  -0.63803666E-02     -4.00374047
     9   12 Mg  -0.63734629E-02     -3.99940835
    10   12 Mg  -0.63734671E-02     -3.99941098
    11   12 Mg  -0.63946005E-02     -4.01267238
    12   12 Mg  -0.64069443E-02     -4.02041825
    13   12 Mg  -0.63734608E-02     -3.99940706
    14   12 Mg  -0.63734645E-02     -3.99940938
    15   12 Mg  -0.63964296E-02     -4.01382015
    16   12 Mg  -0.63964393E-02     -4.01382628
    17   12 Mg  -0.62979221E-02     -3.95200577
    18   12 Mg  -0.62979260E-02     -3.95200824
    19   12 Mg  -0.63945854E-02     -4.01266290
    20   12 Mg  -0.63946032E-02     -4.01267406
    21   12 Mg  -0.63964275E-02     -4.01381883
    22   12 Mg  -0.62979388E-02     -3.95201627
    23   12 Mg  -0.62979306E-02     -3.95201114
    24   12 Mg  -0.63734733E-02     -3.99941491
    25   12 Mg  -0.63734691E-02     -3.99941225
    26   12 Mg  -0.65323743E-02     -4.09912675
    27   12 Mg  -0.65323865E-02     -4.09913439
    28   12 Mg  -0.65323760E-02     -4.09912780
    29   12 Mg  -0.64237504E-02     -4.03096422
    30   12 Mg  -0.64381478E-02     -4.03999876
    31   12 Mg  -0.64381420E-02     -4.03999507
    32   12 Mg  -0.64381351E-02     -4.03999074
    33   12 Mg  -0.64381372E-02     -4.03999211
    34   12 Mg  -0.64381437E-02     -4.03999614
    35   12 Mg  -0.64381495E-02     -4.03999984
    36   12 Mg  -0.63824700E-02     -4.00506039
    37   12 Mg  -0.63824607E-02     -4.00505456
    38   12 Mg  -0.63824671E-02     -4.00505855
    39   12 Mg  -0.63926361E-02     -4.01143969
    40   12 Mg  -0.63926257E-02     -4.01143322
    41   12 Mg  -0.63926386E-02     -4.01144130
    42   12 Mg  -0.64087368E-02     -4.02154305
    43   12 Mg  -0.64087301E-02     -4.02153886
    44   12 Mg  -0.64087335E-02     -4.02154097
    45   12 Mg  -0.64087317E-02     -4.02153988
    46   12 Mg  -0.64087496E-02     -4.02155109
    47   12 Mg  -0.64087421E-02     -4.02154638
    48   12 Mg  -0.62612250E-02     -3.92897804
    49   12 Mg  -0.62612127E-02     -3.92897027
    50   12 Mg  -0.62612249E-02     -3.92897794
    51   12 Mg  -0.64135837E-02     -4.02458454
    52   12 Mg  -0.64135817E-02     -4.02458326
    53   12 Mg  -0.64135856E-02     -4.02458575
    54   12 Mg  -0.64036862E-02     -4.01837378
    55   12 Mg  -0.64036903E-02     -4.01837635
    56   12 Mg  -0.64037074E-02     -4.01838709
    57   12 Mg  -0.64099192E-02     -4.02228500
    58   12 Mg  -0.64099225E-02     -4.02228709
    59   12 Mg  -0.64099043E-02     -4.02227565
    60   12 Mg  -0.63788250E-02     -4.00277312
    61   12 Mg  -0.63788219E-02     -4.00277115
    62   12 Mg  -0.63788208E-02     -4.00277048
    63   12 Mg  -0.63788377E-02     -4.00278107
    64   12 Mg  -0.63788292E-02     -4.00277578
    65   12 Mg  -0.63788164E-02     -4.00276775
    66   12 Mg  -0.64056768E-02     -4.01962288
    67   12 Mg  -0.64056714E-02     -4.01961949
    68   12 Mg  -0.64056960E-02     -4.01963491
    69   12 Mg  -0.64520334E-02     -4.04871208
    70   12 Mg  -0.64046770E-02     -4.01899552
    71   12 Mg  -0.64046634E-02     -4.01898698
    72   12 Mg  -0.64046580E-02     -4.01898359
    73   12 Mg  -0.64046560E-02     -4.01898232
    74   12 Mg  -0.64046622E-02     -4.01898620
    75   12 Mg  -0.64046740E-02     -4.01899363
    76   12 Mg  -0.63879880E-02     -4.00852300
    77   12 Mg  -0.63880119E-02     -4.00853797
    78   12 Mg  -0.64133874E-02     -4.02446133
    79   12 Mg  -0.64077304E-02     -4.02091151
    80   12 Mg  -0.64077358E-02     -4.02091493
    81   12 Mg  -0.64077413E-02     -4.02091835
    82   12 Mg  -0.64077250E-02     -4.02090815
    83   12 Mg  -0.63812782E-02     -4.00431253
    84   12 Mg  -0.63916129E-02     -4.01079764
    85   12 Mg  -0.63916072E-02     -4.01079410
    86   12 Mg  -0.64077345E-02     -4.02091409
    87   12 Mg  -0.64077309E-02     -4.02091182
    88   12 Mg  -0.63966343E-02     -4.01394864
    89   12 Mg  -0.63966463E-02     -4.01395618
    90   12 Mg  -0.63912585E-02     -4.01057526
    91   12 Mg  -0.63880014E-02     -4.00853143
    92   12 Mg  -0.63915980E-02     -4.01078832
    93   12 Mg  -0.63916193E-02     -4.01080168
    94   12 Mg  -0.63912526E-02     -4.01057154
    95   12 Mg  -0.63912476E-02     -4.01056842
    96   12 Mg  -0.63916164E-02     -4.01079983
    97   12 Mg  -0.63916186E-02     -4.01080123
    98   12 Mg  -0.64133952E-02     -4.02446622
    99   12 Mg  -0.64133852E-02     -4.02445996
   100   12 Mg  -0.63966249E-02     -4.01394270
   101   12 Mg  -0.64046776E-02     -4.01899585
   102   12 Mg  -0.64046639E-02     -4.01898731
   103   12 Mg  -0.64046585E-02     -4.01898392
   104   12 Mg  -0.64046565E-02     -4.01898265
   105   12 Mg  -0.64046627E-02     -4.01898653
   106   12 Mg  -0.64046745E-02     -4.01899396
   107   12 Mg  -0.64520337E-02     -4.04871227
   108   12 Mg  -0.64056763E-02     -4.01962257
   109   12 Mg  -0.64056709E-02     -4.01961919
   110   12 Mg  -0.64056955E-02     -4.01963460
   111   12 Mg  -0.63788328E-02     -4.00277803
   112   12 Mg  -0.63788297E-02     -4.00277606
   113   12 Mg  -0.63788286E-02     -4.00277538
   114   12 Mg  -0.63788455E-02     -4.00278597
   115   12 Mg  -0.63788371E-02     -4.00278069
   116   12 Mg  -0.63788243E-02     -4.00277266
   117   12 Mg  -0.64099257E-02     -4.02228911
   118   12 Mg  -0.64099291E-02     -4.02229121
   119   12 Mg  -0.64099108E-02     -4.02227977
   120   12 Mg  -0.64036856E-02     -4.01837341
   121   12 Mg  -0.64036897E-02     -4.01837599
   122   12 Mg  -0.64037069E-02     -4.01838673
   123   12 Mg  -0.64135838E-02     -4.02458459
   124   12 Mg  -0.64135818E-02     -4.02458331
   125   12 Mg  -0.64135857E-02     -4.02458581
   126   12 Mg  -0.62612278E-02     -3.92897976
   127   12 Mg  -0.62612154E-02     -3.92897200
   128   12 Mg  -0.62612276E-02     -3.92897966
   129   12 Mg  -0.64087262E-02     -4.02153638
   130   12 Mg  -0.64087195E-02     -4.02153219
   131   12 Mg  -0.64087228E-02     -4.02153430
   132   12 Mg  -0.64087211E-02     -4.02153321
   133   12 Mg  -0.64087390E-02     -4.02154443
   134   12 Mg  -0.64087315E-02     -4.02153971
   135   12 Mg  -0.63926266E-02     -4.01143374
   136   12 Mg  -0.63926163E-02     -4.01142728
   137   12 Mg  -0.63926292E-02     -4.01143536
   138   12 Mg  -0.63824685E-02     -4.00505945
   139   12 Mg  -0.63824592E-02     -4.00505361
   140   12 Mg  -0.63824656E-02     -4.00505761
   141   12 Mg  -0.64381443E-02     -4.03999657
   142   12 Mg  -0.64381385E-02     -4.03999289
   143   12 Mg  -0.64381316E-02     -4.03998856
   144   12 Mg  -0.64381338E-02     -4.03998992
   145   12 Mg  -0.64381402E-02     -4.03999395
   146   12 Mg  -0.64381461E-02     -4.03999765
   147   12 Mg  -0.64237530E-02     -4.03096590
   148   12 Mg  -0.65323781E-02     -4.09912917
   149   12 Mg  -0.65323903E-02     -4.09913681
   150   12 Mg  -0.65323798E-02     -4.09913023
--------------------------------------------------

Dispersion energy:      -9.6113544796887E-01 Eh

[Info] Dispersion energy written to .EDISP
