-----------------------------------
 s i m p l e   D F T - D 3  v1.2.1
-----------------------------------

Zero (Chai-Head-Gordon) damping: pbe-D3(0)
--------------------
  s6         1.0000
  s8         0.7220
  s9         0.0000
 rs6         1.2170
 rs8         1.0000
 alp        14.0000
--------------------

Atomic radii (in Angstrom):
-------------------------------------------
   Z          R(cov)     R(vdw)      r4/r2
-------------------------------------------
  57 La       2.1600     2.3131     4.9487
  30 Zn       1.4533     1.6155     2.6978
-------------------------------------------

Atomic reference systems (in atomic units):
----------------------------------------------------------------------------
   Z        #      CN    C6(AA)   #      CN    C6(AA)   #      CN    C6(AA)
----------------------------------------------------------------------------
  57 La     1  0.0000 3990.6172   2  1.9373 1850.0003   3  2.9175  766.0202
  30 Zn     1  0.0000  340.5213   2  1.9419  153.4528
----------------------------------------------------------------------------

Dispersion properties (in atomic units):
--------------------------------------------------------
     #    Z                CN       C6(AA)       C8(AA)
--------------------------------------------------------
     1   57 La        25.6829     766.0202  200974.3267
     2   57 La        25.6829     766.0202  200974.3267
     3   57 La        25.6829     766.0202  200974.3267
     4   57 La        25.6829     766.0202  200974.3267
     5   57 La        26.8830     766.0202  200974.3267
     6   57 La        26.8830     766.0202  200974.3267
     7   30 Zn        13.3380     153.4528   11965.3374
     8   30 Zn        13.3333     153.4528   11965.3374
     9   30 Zn        13.3380     153.4528   11965.3374
    10   30 Zn        13.3339     153.4528   11965.3374
    11   30 Zn        13.3339     153.4528   11965.3374
    12   30 Zn        13.3326     153.4528   11965.3374
    13   30 Zn        13.3333     153.4528   11965.3374
    14   30 Zn        13.3326     153.4528   11965.3374
    15   30 Zn        13.3380     153.4528   11965.3374
    16   30 Zn        13.3333     153.4528   11965.3374
    17   30 Zn        13.3380     153.4528   11965.3374
    18   30 Zn        13.3339     153.4528   11965.3374
    19   30 Zn        13.3339     153.4528   11965.3374
    20   30 Zn        13.3326     153.4528   11965.3374
    21   30 Zn        13.3333     153.4528   11965.3374
    22   30 Zn        13.3326     153.4528   11965.3374
    23   30 Zn        13.4033     153.4528   11965.3374
    24   30 Zn        13.4033     153.4528   11965.3374
    25   30 Zn        13.4008     153.4528   11965.3374
    26   30 Zn        13.4008     153.4528   11965.3374
    27   30 Zn        13.4033     153.4528   11965.3374
    28   30 Zn        13.4033     153.4528   11965.3374
    29   30 Zn        13.4008     153.4528   11965.3374
    30   30 Zn        13.4008     153.4528   11965.3374
    31   30 Zn        13.8802     153.4528   11965.3374
    32   30 Zn        13.8802     153.4528   11965.3374
    33   30 Zn        13.8855     153.4528   11965.3374
    34   30 Zn        13.8855     153.4528   11965.3374
    35   30 Zn        13.8802     153.4528   11965.3374
    36   30 Zn        13.8802     153.4528   11965.3374
    37   30 Zn        13.8855     153.4528   11965.3374
    38   30 Zn        13.8855     153.4528   11965.3374
    39   30 Zn        13.8809     153.4528   11965.3374
    40   30 Zn        13.8809     153.4528   11965.3374
    41   30 Zn        13.8760     153.4528   11965.3374
    42   30 Zn        13.8760     153.4528   11965.3374
    43   30 Zn        13.8809     153.4528   11965.3374
    44   30 Zn        13.8809     153.4528   11965.3374
    45   30 Zn        13.8760     153.4528   11965.3374
    46   30 Zn        13.8760     153.4528   11965.3374
    47   30 Zn        13.8819     153.4528   11965.3374
    48   30 Zn        13.8819     153.4528   11965.3374
    49   30 Zn        13.8777     153.4528   11965.3374
    50   30 Zn        13.8777     153.4528   11965.3374
--------------------------------------------------------

Atom-resolved dispersion energies:
--------------------------------------------------
     #    Z           [Hartree]      [kcal/mol]
--------------------------------------------------
     1   57 La  -0.41760056E-01    -26.20483076
     2   57 La  -0.41760056E-01    -26.20483076
     3   57 La  -0.41760056E-01    -26.20483076
     4   57 La  -0.41760056E-01    -26.20483076
     5   57 La  -0.40760842E-01    -25.57781483
     6   57 La  -0.40760842E-01    -25.57781483
     7   30 Zn  -0.27492884E-01    -17.25204537
     8   30 Zn  -0.27501131E-01    -17.25721998
     9   30 Zn  -0.27492884E-01    -17.25204537
    10   30 Zn  -0.27500546E-01    -17.25685303
    11   30 Zn  -0.27500546E-01    -17.25685303
    12   30 Zn  -0.27503338E-01    -17.25860535
    13   30 Zn  -0.27501131E-01    -17.25721998
    14   30 Zn  -0.27503338E-01    -17.25860535
    15   30 Zn  -0.27492884E-01    -17.25204537
    16   30 Zn  -0.27501131E-01    -17.25721998
    17   30 Zn  -0.27492884E-01    -17.25204537
    18   30 Zn  -0.27500546E-01    -17.25685303
    19   30 Zn  -0.27500546E-01    -17.25685303
    20   30 Zn  -0.27503338E-01    -17.25860535
    21   30 Zn  -0.27501131E-01    -17.25721998
    22   30 Zn  -0.27503338E-01    -17.25860535
    23   30 Zn  -0.27091563E-01    -17.00021261
    24   30 Zn  -0.27091563E-01    -17.00021261
    25   30 Zn  -0.27100362E-01    -17.00573412
    26   30 Zn  -0.27100362E-01    -17.00573412
    27   30 Zn  -0.27091563E-01    -17.00021261
    28   30 Zn  -0.27091563E-01    -17.00021261
    29   30 Zn  -0.27100362E-01    -17.00573412
    30   30 Zn  -0.27100362E-01    -17.00573412
    31   30 Zn  -0.27054784E-01    -16.97713330
    32   30 Zn  -0.27054784E-01    -16.97713330
    33   30 Zn  -0.27055392E-01    -16.97751473
    34   30 Zn  -0.27055392E-01    -16.97751473
    35   30 Zn  -0.27054784E-01    -16.97713330
    36   30 Zn  -0.27054784E-01    -16.97713330
    37   30 Zn  -0.27055392E-01    -16.97751473
    38   30 Zn  -0.27055392E-01    -16.97751473
    39   30 Zn  -0.27077814E-01    -16.99158478
    40   30 Zn  -0.27077814E-01    -16.99158478
    41   30 Zn  -0.27077648E-01    -16.99148088
    42   30 Zn  -0.27077648E-01    -16.99148088
    43   30 Zn  -0.27077814E-01    -16.99158478
    44   30 Zn  -0.27077814E-01    -16.99158478
    45   30 Zn  -0.27077648E-01    -16.99148088
    46   30 Zn  -0.27077648E-01    -16.99148088
    47   30 Zn  -0.26904971E-01    -16.88312403
    48   30 Zn  -0.26904971E-01    -16.88312403
    49   30 Zn  -0.26918593E-01    -16.89167236
    50   30 Zn  -0.26918593E-01    -16.89167236
--------------------------------------------------

Dispersion energy:      -1.4460308882284E+00 Eh

[Info] Dispersion energy written to .EDISP
