-----------------------------------
 s i m p l e   D F T - D 3  v1.2.1
-----------------------------------

Zero (Chai-Head-Gordon) damping: pbe-D3(0)
--------------------
  s6         1.0000
  s8         0.7220
  s9         0.0000
 rs6         1.2170
 rs8         1.0000
 alp        14.0000
--------------------

Atomic radii (in Angstrom):
-------------------------------------------
   Z          R(cov)     R(vdw)      r4/r2
-------------------------------------------
   3 Li       1.6000     1.7478     2.6564
  12 Mg       1.6667     1.7420     2.8909
-------------------------------------------

Atomic reference systems (in atomic units):
----------------------------------------------------------------------------
   Z        #      CN    C6(AA)   #      CN    C6(AA)   #      CN    C6(AA)
----------------------------------------------------------------------------
   3 Li     1  0.0000 1163.4454   2  0.9865   85.3197
  12 Mg     1  0.0000  683.3758   2  0.9628  451.2708   3  1.9496  175.5616
----------------------------------------------------------------------------

Dispersion properties (in atomic units):
--------------------------------------------------------
     #    Z                CN       C6(AA)       C8(AA)
--------------------------------------------------------
     1    3 Li         0.0257    1120.9098   84737.7110
     2   12 Mg         0.0298     675.6888   60495.6246
     3   12 Mg         0.0298     675.6887   60495.6128
     4   12 Mg         0.0297     675.6962   60496.2843
     5   12 Mg         0.0297     675.6962   60496.2884
     6   12 Mg         0.0296     675.7007   60496.6935
     7   12 Mg         0.0296     675.7011   60496.7289
     8   12 Mg         0.0296     675.7013   60496.7396
     9   12 Mg         0.0297     675.6938   60496.0759
    10   12 Mg         0.0296     675.7007   60496.6910
    11   12 Mg         0.0296     675.7007   60496.6935
    12   12 Mg         0.0296     675.6978   60496.4262
    13   12 Mg         0.0296     675.6977   60496.4255
    14   12 Mg         0.0297     675.6962   60496.2862
    15   12 Mg         0.0296     675.7011   60496.7271
    16   12 Mg         0.0296     675.7011   60496.7271
    17   12 Mg         0.0296     675.6978   60496.4272
    18   12 Mg         0.0297     675.6936   60496.0546
    19   12 Mg         0.0297     675.6934   60496.0345
    20   12 Mg         0.0298     675.6890   60495.6459
    21   12 Mg         0.0298     675.6888   60495.6218
    22   12 Mg         0.0296     675.7010   60496.7190
    23   12 Mg         0.0296     675.7012   60496.7301
    24   12 Mg         0.0298     675.6889   60495.6344
    25   12 Mg         0.0298     675.6888   60495.6214
    26   12 Mg         0.0297     675.6963   60496.2973
    27   12 Mg         0.0297     675.6966   60496.3260
    28   12 Mg         0.0297     675.6962   60496.2861
    29   12 Mg         0.0295     675.7039   60496.9780
    30   12 Mg         0.0295     675.7044   60497.0233
    31   12 Mg         0.0295     675.7043   60497.0119
    32   12 Mg         0.0295     675.7044   60497.0200
    33   12 Mg         0.0295     675.7044   60497.0227
    34   12 Mg         0.0295     675.7045   60497.0291
    35   12 Mg         0.0295     675.7044   60497.0230
    36   12 Mg         0.0296     675.6996   60496.5896
    37   12 Mg         0.0296     675.6992   60496.5526
    38   12 Mg         0.0296     675.6993   60496.5658
    39   12 Mg         0.0295     675.7034   60496.9298
    40   12 Mg         0.0295     675.7037   60496.9539
    41   12 Mg         0.0295     675.7035   60496.9364
    42   12 Mg         0.0295     675.7035   60496.9374
    43   12 Mg         0.0295     675.7035   60496.9445
    44   12 Mg         0.0295     675.7035   60496.9400
    45   12 Mg         0.0295     675.7079   60497.3333
    46   12 Mg         0.0295     675.7074   60497.2869
    47   12 Mg         0.0295     675.7077   60497.3128
    48   12 Mg         0.0295     675.7045   60497.0319
    49   12 Mg         0.0295     675.7045   60497.0262
    50   12 Mg         0.0295     675.7042   60497.0011
    51   12 Mg         0.0298     675.6873   60495.4898
    52   12 Mg         0.0296     675.6997   60496.6011
    53   12 Mg         0.0296     675.7002   60496.6449
    54   12 Mg         0.0296     675.6997   60496.5988
    55   12 Mg         0.0296     675.6996   60496.5879
    56   12 Mg         0.0296     675.6998   60496.6112
    57   12 Mg         0.0296     675.7002   60496.6447
    58   12 Mg         0.0295     675.7048   60497.0536
    59   12 Mg         0.0295     675.7043   60497.0152
    60   12 Mg         0.0295     675.7043   60497.0116
    61   12 Mg         0.0295     675.7044   60497.0239
    62   12 Mg         0.0295     675.7048   60497.0549
    63   12 Mg         0.0295     675.7043   60497.0155
    64   12 Mg         0.0296     675.6998   60496.6126
    65   12 Mg         0.0296     675.6998   60496.6116
    66   12 Mg         0.0296     675.6998   60496.6129
    67   12 Mg         0.0295     675.7075   60497.2940
    68   12 Mg         0.0295     675.7071   60497.2651
    69   12 Mg         0.0295     675.7075   60497.2967
    70   12 Mg         0.0296     675.6988   60496.5225
    71   12 Mg         0.0296     675.6997   60496.6016
    72   12 Mg         0.0296     675.6988   60496.5188
    73   12 Mg         0.0296     675.6996   60496.5953
    74   12 Mg         0.0296     675.6996   60496.5885
    75   12 Mg         0.0296     675.6997   60496.5957
    76   12 Mg         0.0297     675.6959   60496.2635
    77   12 Mg         0.0296     675.7001   60496.6390
    78   12 Mg         0.0296     675.6993   60496.5652
    79   12 Mg         0.0299     675.6851   60495.2901
    80   12 Mg         0.0299     675.6852   60495.3030
    81   12 Mg         0.0297     675.6925   60495.9561
    82   12 Mg         0.0297     675.6926   60495.9625
    83   12 Mg         0.0299     675.6850   60495.2875
    84   12 Mg         0.0299     675.6850   60495.2864
    85   12 Mg         0.0299     675.6811   60494.9311
    86   12 Mg         0.0299     675.6852   60495.2991
    87   12 Mg         0.0299     675.6850   60495.2855
    88   12 Mg         0.0298     675.6877   60495.5235
    89   12 Mg         0.0298     675.6876   60495.5125
    90   12 Mg         0.0299     675.6860   60495.3697
    91   12 Mg         0.0298     675.6861   60495.3844
    92   12 Mg         0.0299     675.6860   60495.3717
    93   12 Mg         0.0296     675.7002   60496.6462
    94   12 Mg         0.0297     675.6927   60495.9710
    95   12 Mg         0.0297     675.6932   60496.0185
    96   12 Mg         0.0297     675.6959   60496.2610
    97   12 Mg         0.0297     675.6958   60496.2552
    98   12 Mg         0.0297     675.6925   60495.9576
    99   12 Mg         0.0297     675.6931   60496.0098
   100   12 Mg         0.0298     675.6877   60495.5257
   101   12 Mg         0.0296     675.6995   60496.5861
   102   12 Mg         0.0296     675.6994   60496.5777
   103   12 Mg         0.0296     675.6995   60496.5864
   104   12 Mg         0.0296     675.6987   60496.5101
   105   12 Mg         0.0296     675.6996   60496.5908
   106   12 Mg         0.0296     675.6987   60496.5075
   107   12 Mg         0.0295     675.7073   60497.2813
   108   12 Mg         0.0295     675.7070   60497.2526
   109   12 Mg         0.0295     675.7073   60497.2845
   110   12 Mg         0.0296     675.6997   60496.5982
   111   12 Mg         0.0296     675.6997   60496.5988
   112   12 Mg         0.0296     675.6997   60496.5958
   113   12 Mg         0.0295     675.7046   60497.0404
   114   12 Mg         0.0295     675.7042   60497.0034
   115   12 Mg         0.0295     675.7042   60497.0019
   116   12 Mg         0.0295     675.7043   60497.0119
   117   12 Mg         0.0295     675.7046   60497.0431
   118   12 Mg         0.0295     675.7042   60497.0055
   119   12 Mg         0.0296     675.6996   60496.5879
   120   12 Mg         0.0296     675.7000   60496.6282
   121   12 Mg         0.0296     675.6995   60496.5848
   122   12 Mg         0.0296     675.6994   60496.5732
   123   12 Mg         0.0296     675.6997   60496.5998
   124   12 Mg         0.0296     675.7000   60496.6290
   125   12 Mg         0.0298     675.6871   60495.4731
   126   12 Mg         0.0295     675.7044   60497.0247
   127   12 Mg         0.0295     675.7044   60497.0193
   128   12 Mg         0.0295     675.7041   60496.9943
   129   12 Mg         0.0295     675.7078   60497.3270
   130   12 Mg         0.0295     675.7073   60497.2805
   131   12 Mg         0.0295     675.7076   60497.3067
   132   12 Mg         0.0295     675.7033   60496.9181
   133   12 Mg         0.0295     675.7036   60496.9467
   134   12 Mg         0.0295     675.7033   60496.9253
   135   12 Mg         0.0295     675.7034   60496.9274
   136   12 Mg         0.0295     675.7035   60496.9363
   137   12 Mg         0.0295     675.7034   60496.9273
   138   12 Mg         0.0296     675.6995   60496.5807
   139   12 Mg         0.0296     675.6990   60496.5351
   140   12 Mg         0.0296     675.6992   60496.5522
   141   12 Mg         0.0295     675.7044   60497.0172
   142   12 Mg         0.0295     675.7042   60497.0053
   143   12 Mg         0.0295     675.7043   60497.0140
   144   12 Mg         0.0295     675.7044   60497.0165
   145   12 Mg         0.0295     675.7044   60497.0225
   146   12 Mg         0.0295     675.7044   60497.0169
   147   12 Mg         0.0295     675.7038   60496.9714
   148   12 Mg         0.0297     675.6961   60496.2742
   149   12 Mg         0.0297     675.6964   60496.3055
   150   12 Mg         0.0297     675.6959   60496.2592
--------------------------------------------------------

Atom-resolved dispersion energies:
--------------------------------------------------
     #    Z           [Hartree]      [kcal/mol]
--------------------------------------------------
     1    3 Li  -0.80812728E-02     -5.07107527
     2   12 Mg  -0.64037821E-02     -4.01843392
     3   12 Mg  -0.64041251E-02     -4.01864916
     4   12 Mg  -0.62210325E-02     -3.90375686
     5   12 Mg  -0.62209534E-02     -3.90370718
     6   12 Mg  -0.62091492E-02     -3.89629996
     7   12 Mg  -0.62094340E-02     -3.89647867
     8   12 Mg  -0.62091642E-02     -3.89630937
     9   12 Mg  -0.62256902E-02     -3.90667959
    10   12 Mg  -0.62091924E-02     -3.89632704
    11   12 Mg  -0.62091746E-02     -3.89631587
    12   12 Mg  -0.62148242E-02     -3.89986103
    13   12 Mg  -0.62148850E-02     -3.89989920
    14   12 Mg  -0.62209560E-02     -3.90370881
    15   12 Mg  -0.62094658E-02     -3.89649863
    16   12 Mg  -0.62094666E-02     -3.89649911
    17   12 Mg  -0.62148547E-02     -3.89988020
    18   12 Mg  -0.62261218E-02     -3.90695041
    19   12 Mg  -0.62266051E-02     -3.90725369
    20   12 Mg  -0.64032966E-02     -4.01812927
    21   12 Mg  -0.64040384E-02     -4.01859475
    22   12 Mg  -0.62095812E-02     -3.89657101
    23   12 Mg  -0.62094153E-02     -3.89646693
    24   12 Mg  -0.64036986E-02     -4.01838156
    25   12 Mg  -0.64040717E-02     -4.01861570
    26   12 Mg  -0.63971681E-02     -4.01428360
    27   12 Mg  -0.63965452E-02     -4.01389272
    28   12 Mg  -0.63971667E-02     -4.01428270
    29   12 Mg  -0.62024505E-02     -3.89209647
    30   12 Mg  -0.62017579E-02     -3.89166181
    31   12 Mg  -0.62019817E-02     -3.89180225
    32   12 Mg  -0.62018506E-02     -3.89171998
    33   12 Mg  -0.62017532E-02     -3.89165890
    34   12 Mg  -0.62016545E-02     -3.89159696
    35   12 Mg  -0.62017544E-02     -3.89165967
    36   12 Mg  -0.62245308E-02     -3.90595205
    37   12 Mg  -0.62252553E-02     -3.90640668
    38   12 Mg  -0.62249575E-02     -3.90621978
    39   12 Mg  -0.62083450E-02     -3.89579534
    40   12 Mg  -0.62078715E-02     -3.89549815
    41   12 Mg  -0.62081896E-02     -3.89569780
    42   12 Mg  -0.62081715E-02     -3.89568646
    43   12 Mg  -0.62080642E-02     -3.89561913
    44   12 Mg  -0.62081255E-02     -3.89565760
    45   12 Mg  -0.61959955E-02     -3.88804587
    46   12 Mg  -0.61969496E-02     -3.88864459
    47   12 Mg  -0.61964336E-02     -3.88832079
    48   12 Mg  -0.62024193E-02     -3.89207684
    49   12 Mg  -0.62025437E-02     -3.89215492
    50   12 Mg  -0.62030641E-02     -3.89248147
    51   12 Mg  -0.62401004E-02     -3.91572211
    52   12 Mg  -0.62132544E-02     -3.89887602
    53   12 Mg  -0.62123014E-02     -3.89827796
    54   12 Mg  -0.62132783E-02     -3.89889099
    55   12 Mg  -0.62135232E-02     -3.89904468
    56   12 Mg  -0.62129989E-02     -3.89871565
    57   12 Mg  -0.62122968E-02     -3.89827513
    58   12 Mg  -0.62019414E-02     -3.89177697
    59   12 Mg  -0.62027673E-02     -3.89229522
    60   12 Mg  -0.62028540E-02     -3.89234967
    61   12 Mg  -0.62025876E-02     -3.89218251
    62   12 Mg  -0.62019035E-02     -3.89175318
    63   12 Mg  -0.62027664E-02     -3.89229467
    64   12 Mg  -0.62111237E-02     -3.89753899
    65   12 Mg  -0.62111510E-02     -3.89755612
    66   12 Mg  -0.62111157E-02     -3.89753394
    67   12 Mg  -0.61970975E-02     -3.88873740
    68   12 Mg  -0.61977207E-02     -3.88912848
    69   12 Mg  -0.61970181E-02     -3.88868757
    70   12 Mg  -0.62130730E-02     -3.89876214
    71   12 Mg  -0.62114009E-02     -3.89771288
    72   12 Mg  -0.62131480E-02     -3.89880921
    73   12 Mg  -0.62113373E-02     -3.89767300
    74   12 Mg  -0.62115267E-02     -3.89779183
    75   12 Mg  -0.62113519E-02     -3.89768217
    76   12 Mg  -0.62201740E-02     -3.90321809
    77   12 Mg  -0.62115611E-02     -3.89781344
    78   12 Mg  -0.62131361E-02     -3.89880179
    79   12 Mg  -0.62379149E-02     -3.91435071
    80   12 Mg  -0.62375818E-02     -3.91414166
    81   12 Mg  -0.62258684E-02     -3.90679140
    82   12 Mg  -0.62256892E-02     -3.90667897
    83   12 Mg  -0.62379657E-02     -3.91438257
    84   12 Mg  -0.62379332E-02     -3.91436221
    85   12 Mg  -0.62463799E-02     -3.91966256
    86   12 Mg  -0.62376485E-02     -3.91418351
    87   12 Mg  -0.62379424E-02     -3.91436797
    88   12 Mg  -0.62340941E-02     -3.91195310
    89   12 Mg  -0.62343470E-02     -3.91211181
    90   12 Mg  -0.62374848E-02     -3.91408080
    91   12 Mg  -0.62371326E-02     -3.91385978
    92   12 Mg  -0.62374427E-02     -3.91405440
    93   12 Mg  -0.62114046E-02     -3.89771526
    94   12 Mg  -0.62255069E-02     -3.90656457
    95   12 Mg  -0.62244499E-02     -3.90590130
    96   12 Mg  -0.62202013E-02     -3.90323523
    97   12 Mg  -0.62201076E-02     -3.90317645
    98   12 Mg  -0.62258273E-02     -3.90676560
    99   12 Mg  -0.62246192E-02     -3.90600749
   100   12 Mg  -0.62340507E-02     -3.91192588
   101   12 Mg  -0.62115446E-02     -3.89780306
   102   12 Mg  -0.62117649E-02     -3.89794133
   103   12 Mg  -0.62115625E-02     -3.89781433
   104   12 Mg  -0.62133455E-02     -3.89893318
   105   12 Mg  -0.62116457E-02     -3.89786653
   106   12 Mg  -0.62133997E-02     -3.89896719
   107   12 Mg  -0.61973768E-02     -3.88891264
   108   12 Mg  -0.61980001E-02     -3.88930379
   109   12 Mg  -0.61972884E-02     -3.88885719
   110   12 Mg  -0.62114375E-02     -3.89773589
   111   12 Mg  -0.62114319E-02     -3.89773236
   112   12 Mg  -0.62114784E-02     -3.89776152
   113   12 Mg  -0.62022291E-02     -3.89195752
   114   12 Mg  -0.62030301E-02     -3.89246019
   115   12 Mg  -0.62030729E-02     -3.89248703
   116   12 Mg  -0.62028519E-02     -3.89234836
   117   12 Mg  -0.62021653E-02     -3.89191749
   118   12 Mg  -0.62029891E-02     -3.89243445
   119   12 Mg  -0.62135487E-02     -3.89906070
   120   12 Mg  -0.62126723E-02     -3.89851074
   121   12 Mg  -0.62135941E-02     -3.89908916
   122   12 Mg  -0.62138445E-02     -3.89924630
   123   12 Mg  -0.62132612E-02     -3.89888024
   124   12 Mg  -0.62126450E-02     -3.89849359
   125   12 Mg  -0.62404786E-02     -3.91595941
   126   12 Mg  -0.62025823E-02     -3.89217915
   127   12 Mg  -0.62027020E-02     -3.89225424
   128   12 Mg  -0.62032205E-02     -3.89257964
   129   12 Mg  -0.61961419E-02     -3.88813778
   130   12 Mg  -0.61970983E-02     -3.88873791
   131   12 Mg  -0.61965773E-02     -3.88841093
   132   12 Mg  -0.62086051E-02     -3.89595852
   133   12 Mg  -0.62080462E-02     -3.89560781
   134   12 Mg  -0.62084430E-02     -3.89585678
   135   12 Mg  -0.62083976E-02     -3.89582834
   136   12 Mg  -0.62082544E-02     -3.89573844
   137   12 Mg  -0.62084107E-02     -3.89583655
   138   12 Mg  -0.62247443E-02     -3.90608604
   139   12 Mg  -0.62256436E-02     -3.90665031
   140   12 Mg  -0.62252689E-02     -3.90641522
   141   12 Mg  -0.62019063E-02     -3.89175493
   142   12 Mg  -0.62021335E-02     -3.89189751
   143   12 Mg  -0.62019956E-02     -3.89181100
   144   12 Mg  -0.62018992E-02     -3.89175051
   145   12 Mg  -0.62018087E-02     -3.89169372
   146   12 Mg  -0.62019008E-02     -3.89175150
   147   12 Mg  -0.62026029E-02     -3.89219210
   148   12 Mg  -0.63978348E-02     -4.01470195
   149   12 Mg  -0.63971486E-02     -4.01427135
   150   12 Mg  -0.63979191E-02     -4.01475482
--------------------------------------------------

Dispersion energy:      -9.3603329709095E-01 Eh

[Info] Dispersion energy written to .EDISP
