-----------------------------------
 s i m p l e   D F T - D 3  v1.2.1
-----------------------------------

Zero (Chai-Head-Gordon) damping: pbe-D3(0)
--------------------
  s6         1.0000
  s8         0.7220
  s9         0.0000
 rs6         1.2170
 rs8         1.0000
 alp        14.0000
--------------------

Atomic radii (in Angstrom):
-------------------------------------------
   Z          R(cov)     R(vdw)      r4/r2
-------------------------------------------
  12 Mg       1.6667     1.7420     2.8909
  30 Zn       1.4533     1.6155     2.6978
-------------------------------------------

Atomic reference systems (in atomic units):
----------------------------------------------------------------------------
   Z        #      CN    C6(AA)   #      CN    C6(AA)   #      CN    C6(AA)
----------------------------------------------------------------------------
  12 Mg     1  0.0000  683.3758   2  0.9628  451.2708   3  1.9496  175.5616
  30 Zn     1  0.0000  340.5213   2  1.9419  153.4528
----------------------------------------------------------------------------

Dispersion properties (in atomic units):
--------------------------------------------------------
     #    Z                CN       C6(AA)       C8(AA)
--------------------------------------------------------
     1   12 Mg         0.0203     676.2161   60542.8384
     2   12 Mg         0.0225     676.0988   60532.3297
     3   12 Mg         0.0207     676.1959   60541.0290
     4   12 Mg         0.0219     676.1299   60535.1168
     5   12 Mg         0.0206     676.1974   60541.1623
     6   12 Mg         0.0209     676.1841   60539.9690
     7   12 Mg         0.0204     676.2094   60542.2300
     8   12 Mg         0.0221     676.1195   60534.1836
     9   12 Mg         0.0204     676.2094   60542.2316
    10   12 Mg         0.0207     676.1950   60540.9439
    11   12 Mg         0.0207     676.1926   60540.7259
    12   12 Mg         0.0204     676.2114   60542.4124
    13   12 Mg         0.0267     675.8635   60511.2632
    14   12 Mg         0.0208     676.1895   60540.4483
    15   12 Mg         0.0207     676.1928   60540.7449
    16   12 Mg         0.0204     676.2072   60542.0406
    17   12 Mg         0.0203     676.2153   60542.7613
    18   12 Mg         0.0208     676.1871   60540.2351
    19   12 Mg         0.0226     676.0898   60531.5285
    20   12 Mg         0.0268     675.8564   60510.6292
    21   30 Zn         0.0227     340.5212   26551.8200
    22   30 Zn         0.0222     340.5212   26551.8201
    23   30 Zn         0.0229     340.5212   26551.8200
    24   30 Zn         0.0228     340.5212   26551.8200
    25   30 Zn         0.0239     340.5212   26551.8199
    26   30 Zn         0.0228     340.5212   26551.8200
    27   30 Zn         0.0236     340.5212   26551.8199
    28   30 Zn         0.0227     340.5212   26551.8200
    29   30 Zn         0.0235     340.5212   26551.8199
    30   30 Zn         0.0239     340.5212   26551.8199
    31   30 Zn         0.0237     340.5212   26551.8199
    32   30 Zn         0.0229     340.5212   26551.8200
    33   30 Zn         0.0229     340.5212   26551.8200
    34   30 Zn         0.0232     340.5212   26551.8200
    35   30 Zn         0.0224     340.5212   26551.8200
    36   30 Zn         0.0234     340.5212   26551.8199
    37   30 Zn         0.0240     340.5212   26551.8199
    38   30 Zn         0.0239     340.5212   26551.8199
    39   30 Zn         0.0228     340.5212   26551.8200
    40   30 Zn         0.0230     340.5212   26551.8200
    41   30 Zn         0.0239     340.5212   26551.8199
    42   30 Zn         0.0240     340.5212   26551.8199
    43   30 Zn         0.0235     340.5212   26551.8199
    44   30 Zn         0.0228     340.5212   26551.8200
    45   30 Zn         0.0237     340.5212   26551.8199
    46   30 Zn         0.0239     340.5212   26551.8199
    47   30 Zn         0.0228     340.5212   26551.8200
    48   30 Zn         0.0238     340.5212   26551.8199
    49   30 Zn         0.0230     340.5212   26551.8200
    50   30 Zn         0.0236     340.5212   26551.8199
    51   30 Zn         0.0227     340.5212   26551.8200
    52   30 Zn         0.0229     340.5212   26551.8200
    53   30 Zn         0.0236     340.5212   26551.8199
    54   30 Zn         0.0229     340.5212   26551.8200
    55   30 Zn         0.0228     340.5212   26551.8200
--------------------------------------------------------

Atom-resolved dispersion energies:
--------------------------------------------------
     #    Z           [Hartree]      [kcal/mol]
--------------------------------------------------
     1   12 Mg  -0.54367213E-02     -3.41159415
     2   12 Mg  -0.57596990E-02     -3.61426570
     3   12 Mg  -0.55820671E-02     -3.50279996
     4   12 Mg  -0.55469590E-02     -3.48076933
     5   12 Mg  -0.55754530E-02     -3.49864959
     6   12 Mg  -0.56209497E-02     -3.52719917
     7   12 Mg  -0.55390604E-02     -3.47581289
     8   12 Mg  -0.55682152E-02     -3.49410780
     9   12 Mg  -0.55378710E-02     -3.47506651
    10   12 Mg  -0.55841206E-02     -3.50408859
    11   12 Mg  -0.55906243E-02     -3.50816971
    12   12 Mg  -0.55311219E-02     -3.47083138
    13   12 Mg  -0.58088840E-02     -3.64512975
    14   12 Mg  -0.56056339E-02     -3.51758841
    15   12 Mg  -0.55944370E-02     -3.51056222
    16   12 Mg  -0.55449972E-02     -3.47953826
    17   12 Mg  -0.54356746E-02     -3.41093732
    18   12 Mg  -0.56137981E-02     -3.52271152
    19   12 Mg  -0.57891544E-02     -3.63274923
    20   12 Mg  -0.58222816E-02     -3.65353686
    21   30 Zn  -0.53677918E-02     -3.36834022
    22   30 Zn  -0.52961864E-02     -3.32340715
    23   30 Zn  -0.53909791E-02     -3.38289043
    24   30 Zn  -0.52753945E-02     -3.31036000
    25   30 Zn  -0.54848873E-02     -3.44181873
    26   30 Zn  -0.52653354E-02     -3.30404785
    27   30 Zn  -0.54306797E-02     -3.40780299
    28   30 Zn  -0.53721869E-02     -3.37109820
    29   30 Zn  -0.54335905E-02     -3.40962952
    30   30 Zn  -0.54826749E-02     -3.44043041
    31   30 Zn  -0.54442889E-02     -3.41634289
    32   30 Zn  -0.54361466E-02     -3.41123352
    33   30 Zn  -0.53960259E-02     -3.38605737
    34   30 Zn  -0.54243744E-02     -3.40384630
    35   30 Zn  -0.53144956E-02     -3.33489636
    36   30 Zn  -0.54368083E-02     -3.41164874
    37   30 Zn  -0.54952855E-02     -3.44834370
    38   30 Zn  -0.54797289E-02     -3.43858178
    39   30 Zn  -0.52764305E-02     -3.31101015
    40   30 Zn  -0.53952853E-02     -3.38559264
    41   30 Zn  -0.54781035E-02     -3.43756182
    42   30 Zn  -0.54898781E-02     -3.44495050
    43   30 Zn  -0.54241662E-02     -3.40371566
    44   30 Zn  -0.53994659E-02     -3.38821598
    45   30 Zn  -0.54431609E-02     -3.41563505
    46   30 Zn  -0.54918769E-02     -3.44620475
    47   30 Zn  -0.53997266E-02     -3.38837963
    48   30 Zn  -0.54748653E-02     -3.43552985
    49   30 Zn  -0.54011639E-02     -3.38928152
    50   30 Zn  -0.54273257E-02     -3.40569827
    51   30 Zn  -0.52630702E-02     -3.30262642
    52   30 Zn  -0.54507104E-02     -3.42037241
    53   30 Zn  -0.54297310E-02     -3.40720764
    54   30 Zn  -0.54270208E-02     -3.40550696
    55   30 Zn  -0.53822148E-02     -3.37739077
--------------------------------------------------

Dispersion energy:      -3.0136877980536E-01 Eh

[Info] Dispersion energy written to .EDISP
