-----------------------------------
 s i m p l e   D F T - D 3  v1.2.1
-----------------------------------

Zero (Chai-Head-Gordon) damping: pbe-D3(0)
--------------------
  s6         1.0000
  s8         0.7220
  s9         0.0000
 rs6         1.2170
 rs8         1.0000
 alp        14.0000
--------------------

Atomic radii (in Angstrom):
-------------------------------------------
   Z          R(cov)     R(vdw)      r4/r2
-------------------------------------------
  12 Mg       1.6667     1.7420     2.8909
  30 Zn       1.4533     1.6155     2.6978
-------------------------------------------

Atomic reference systems (in atomic units):
----------------------------------------------------------------------------
   Z        #      CN    C6(AA)   #      CN    C6(AA)   #      CN    C6(AA)
----------------------------------------------------------------------------
  12 Mg     1  0.0000  683.3758   2  0.9628  451.2708   3  1.9496  175.5616
  30 Zn     1  0.0000  340.5213   2  1.9419  153.4528
----------------------------------------------------------------------------

Dispersion properties (in atomic units):
--------------------------------------------------------
     #    Z                CN       C6(AA)       C8(AA)
--------------------------------------------------------
     1   12 Mg         1.0393     441.4647   39525.1199
     2   12 Mg         1.2060     410.0669   36714.0186
     3   12 Mg         1.0539     439.7127   39368.2593
     4   12 Mg         1.1834     416.2238   37265.2568
     5   12 Mg         1.0529     439.8312   39378.8730
     6   12 Mg         1.0708     437.5144   39171.4479
     7   12 Mg         1.0355     441.9004   39564.1282
     8   12 Mg         1.1991     412.0205   36888.9273
     9   12 Mg         1.0359     441.8576   39560.2992
    10   12 Mg         1.0561     439.4368   39343.5567
    11   12 Mg         1.0586     439.1200   39315.1931
    12   12 Mg         1.0329     442.2047   39591.3782
    13   12 Mg         1.5919     230.9969   20681.5608
    14   12 Mg         1.0621     438.6624   39274.2304
    15   12 Mg         1.0577     439.2256   39324.6504
    16   12 Mg         1.0386     441.5495   39532.7175
    17   12 Mg         1.0410     441.2651   39507.2559
    18   12 Mg         1.0663     438.1158   39225.2912
    19   12 Mg         1.2180     406.4774   36392.6436
    20   12 Mg         1.6021     227.4578   20364.6986
    21   30 Zn         1.3539     153.8186   11993.8616
    22   30 Zn         1.3116     154.1566   12020.2188
    23   30 Zn         1.3659     153.7562   11988.9950
    24   30 Zn         1.3700     153.7375   11987.5395
    25   30 Zn         1.4516     153.5331   11971.5973
    26   30 Zn         1.3654     153.7588   11989.1962
    27   30 Zn         1.4252     153.5737   11974.7668
    28   30 Zn         1.3523     153.8278   11994.5764
    29   30 Zn         1.4127     153.5995   11976.7798
    30   30 Zn         1.4507     153.5342   11971.6857
    31   30 Zn         1.4311     153.5631   11973.9397
    32   30 Zn         1.3652     153.7597   11989.2687
    33   30 Zn         1.3700     153.7375   11987.5342
    34   30 Zn         1.3887     153.6660   11981.9576
    35   30 Zn         1.3263     154.0140   12009.0947
    36   30 Zn         1.4069     153.6135   11977.8700
    37   30 Zn         1.4494     153.5359   11971.8147
    38   30 Zn         1.4502     153.5349   11971.7352
    39   30 Zn         1.3725     153.7269   11986.7090
    40   30 Zn         1.3718     153.7299   11986.9442
    41   30 Zn         1.4390     153.5503   11972.9421
    42   30 Zn         1.4550     153.5289   11971.2711
    43   30 Zn         1.4233     153.5772   11975.0398
    44   30 Zn         1.3577     153.7973   11992.1981
    45   30 Zn         1.4320     153.5616   11973.8189
    46   30 Zn         1.4432     153.5442   11972.4637
    47   30 Zn         1.3587     153.7924   11991.8156
    48   30 Zn         1.4369     153.5537   11973.2023
    49   30 Zn         1.3748     153.7173   11985.9628
    50   30 Zn         1.4221     153.5797   11975.2285
    51   30 Zn         1.3646     153.7624   11989.4797
    52   30 Zn         1.3635     153.7680   11989.9129
    53   30 Zn         1.4250     153.5741   11974.7990
    54   30 Zn         1.3657     153.7574   11989.0914
    55   30 Zn         1.3624     153.7731   11990.3140
--------------------------------------------------------

Atom-resolved dispersion energies:
--------------------------------------------------
     #    Z           [Hartree]      [kcal/mol]
--------------------------------------------------
     1   12 Mg  -0.14700796E-01     -9.22488858
     2   12 Mg  -0.14153874E-01     -8.88168987
     3   12 Mg  -0.15076513E-01     -9.46065468
     4   12 Mg  -0.13571370E-01     -8.51616308
     5   12 Mg  -0.15009653E-01     -9.41869935
     6   12 Mg  -0.15026270E-01     -9.42912666
     7   12 Mg  -0.15106260E-01     -9.47932139
     8   12 Mg  -0.13477694E-01     -8.45738095
     9   12 Mg  -0.15097438E-01     -9.47378524
    10   12 Mg  -0.15005053E-01     -9.41581261
    11   12 Mg  -0.15061835E-01     -9.45144392
    12   12 Mg  -0.15101017E-01     -9.47603124
    13   12 Mg  -0.98743298E-02     -6.19623550
    14   12 Mg  -0.15052943E-01     -9.44586445
    15   12 Mg  -0.15054975E-01     -9.44713927
    16   12 Mg  -0.15100255E-01     -9.47555329
    17   12 Mg  -0.14683305E-01     -9.21391331
    18   12 Mg  -0.15037033E-01     -9.43588061
    19   12 Mg  -0.14101989E-01     -8.84913157
    20   12 Mg  -0.97937074E-02     -6.14564418
    21   30 Zn  -0.87582950E-02     -5.49591309
    22   30 Zn  -0.85746821E-02     -5.38069428
    23   30 Zn  -0.87802170E-02     -5.50966935
    24   30 Zn  -0.86004909E-02     -5.39688951
    25   30 Zn  -0.86598638E-02     -5.43414659
    26   30 Zn  -0.86069003E-02     -5.40091149
    27   30 Zn  -0.86858904E-02     -5.45047852
    28   30 Zn  -0.87611577E-02     -5.49770947
    29   30 Zn  -0.87445787E-02     -5.48730597
    30   30 Zn  -0.86678526E-02     -5.43915964
    31   30 Zn  -0.87100382E-02     -5.46563147
    32   30 Zn  -0.87483040E-02     -5.48964366
    33   30 Zn  -0.87793447E-02     -5.50912198
    34   30 Zn  -0.87510944E-02     -5.49139463
    35   30 Zn  -0.85551078E-02     -5.36841117
    36   30 Zn  -0.87539768E-02     -5.49320336
    37   30 Zn  -0.85008182E-02     -5.33434395
    38   30 Zn  -0.86629750E-02     -5.43609889
    39   30 Zn  -0.85989979E-02     -5.39595264
    40   30 Zn  -0.87786002E-02     -5.50865478
    41   30 Zn  -0.85082599E-02     -5.33901367
    42   30 Zn  -0.86618500E-02     -5.43539296
    43   30 Zn  -0.86875848E-02     -5.45154178
    44   30 Zn  -0.87196050E-02     -5.47163473
    45   30 Zn  -0.87087836E-02     -5.46484420
    46   30 Zn  -0.85100588E-02     -5.34014253
    47   30 Zn  -0.87122946E-02     -5.46704740
    48   30 Zn  -0.85140332E-02     -5.34263648
    49   30 Zn  -0.87607424E-02     -5.49744888
    50   30 Zn  -0.87141109E-02     -5.46818714
    51   30 Zn  -0.86083357E-02     -5.40181220
    52   30 Zn  -0.87685263E-02     -5.50233332
    53   30 Zn  -0.87101881E-02     -5.46572554
    54   30 Zn  -0.87386828E-02     -5.48360628
    55   30 Zn  -0.87814007E-02     -5.51041214
--------------------------------------------------

Dispersion energy:      -5.8886995127385E-01 Eh

[Info] Dispersion energy written to .EDISP
