-----------------------------------
 s i m p l e   D F T - D 3  v1.2.1
-----------------------------------

Zero (Chai-Head-Gordon) damping: pbe-D3(0)
--------------------
  s6         1.0000
  s8         0.7220
  s9         0.0000
 rs6         1.2170
 rs8         1.0000
 alp        14.0000
--------------------

Atomic radii (in Angstrom):
-------------------------------------------
   Z          R(cov)     R(vdw)      r4/r2
-------------------------------------------
  25 Mn       1.4267     1.7731     3.0718
  13 Al       1.5067     2.0053     2.9910
-------------------------------------------

Atomic reference systems (in atomic units):
----------------------------------------------------------------------------
   Z        #      CN    C6(AA)   #      CN    C6(AA)   #      CN    C6(AA)
----------------------------------------------------------------------------
  25 Mn     1  0.0000  802.7484   2  1.6406  239.5554   3  9.8849  113.8463
  13 Al     1  0.0000  540.5406   2  0.9648  437.7575   3  1.9311  256.7497
            4  2.9146  153.5945
----------------------------------------------------------------------------

Dispersion properties (in atomic units):
--------------------------------------------------------
     #    Z                CN       C6(AA)       C8(AA)
--------------------------------------------------------
     1   25 Mn        12.6775     113.8463   11508.8363
     2   25 Mn        12.6775     113.8463   11508.8363
     3   25 Mn        12.6775     113.8463   11508.8363
     4   25 Mn        12.6775     113.8463   11508.8363
     5   25 Mn        12.6775     113.8463   11508.8363
     6   25 Mn        12.6775     113.8463   11508.8363
     7   25 Mn        12.6775     113.8463   11508.8363
     8   25 Mn        12.6775     113.8463   11508.8363
     9   25 Mn        12.1749     113.8463   11508.8363
    10   25 Mn        12.1749     113.8463   11508.8363
    11   25 Mn        12.1749     113.8463   11508.8363
    12   25 Mn        12.1749     113.8463   11508.8363
    13   25 Mn         9.4173     113.8463   11508.8363
    14   25 Mn         9.4173     113.8463   11508.8363
    15   25 Mn         9.4173     113.8463   11508.8363
    16   25 Mn         9.4173     113.8463   11508.8363
    17   25 Mn        11.8941     113.8463   11508.8363
    18   25 Mn        11.8941     113.8463   11508.8363
    19   25 Mn        11.8941     113.8463   11508.8363
    20   25 Mn        11.8941     113.8463   11508.8363
    21   25 Mn        12.1932     113.8463   11508.8363
    22   25 Mn        12.1932     113.8463   11508.8363
    23   25 Mn        12.1932     113.8463   11508.8363
    24   25 Mn        12.1932     113.8463   11508.8363
    25   25 Mn        11.9993     113.8463   11508.8363
    26   25 Mn        11.9993     113.8463   11508.8363
    27   25 Mn        11.9993     113.8463   11508.8363
    28   25 Mn        11.9993     113.8463   11508.8363
    29   25 Mn        11.9170     113.8463   11508.8363
    30   25 Mn        11.9170     113.8463   11508.8363
    31   25 Mn        11.9170     113.8463   11508.8363
    32   25 Mn        11.9170     113.8463   11508.8363
    33   25 Mn        11.6530     113.8463   11508.8363
    34   25 Mn        11.6530     113.8463   11508.8363
    35   25 Mn        11.6530     113.8463   11508.8363
    36   25 Mn        11.6530     113.8463   11508.8363
    37   25 Mn        11.6530     113.8463   11508.8363
    38   25 Mn        11.6530     113.8463   11508.8363
    39   25 Mn        11.6530     113.8463   11508.8363
    40   25 Mn        11.6530     113.8463   11508.8363
    41   25 Mn        12.5913     113.8463   11508.8363
    42   25 Mn        12.5913     113.8463   11508.8363
    43   25 Mn        12.5913     113.8463   11508.8363
    44   25 Mn        12.5913     113.8463   11508.8363
    45   25 Mn        12.5913     113.8463   11508.8363
    46   25 Mn        12.5913     113.8463   11508.8363
    47   25 Mn        12.5913     113.8463   11508.8363
    48   25 Mn        12.5913     113.8463   11508.8363
    49   13 Al        12.6706     153.5945   14720.6445
    50   13 Al        12.6706     153.5945   14720.6445
    51   13 Al        12.6706     153.5945   14720.6445
    52   13 Al        12.6706     153.5945   14720.6445
    53   13 Al        12.6706     153.5945   14720.6445
    54   13 Al        12.6706     153.5945   14720.6445
    55   13 Al        12.6706     153.5945   14720.6445
    56   13 Al        12.6706     153.5945   14720.6445
    57   13 Al        12.1357     153.5945   14720.6445
    58   13 Al        12.1357     153.5945   14720.6445
    59   13 Al        12.1357     153.5945   14720.6445
    60   13 Al        12.1357     153.5945   14720.6445
    61   13 Al        12.2405     153.5945   14720.6445
    62   13 Al        12.2405     153.5945   14720.6445
    63   13 Al        12.2405     153.5945   14720.6445
    64   13 Al        12.2405     153.5945   14720.6445
    65   13 Al        12.2405     153.5945   14720.6445
    66   13 Al        12.2405     153.5945   14720.6445
    67   13 Al        12.2405     153.5945   14720.6445
    68   13 Al        12.2405     153.5945   14720.6445
    69   13 Al        12.2961     153.5945   14720.6445
    70   13 Al        12.2961     153.5945   14720.6445
    71   13 Al        12.2961     153.5945   14720.6445
    72   13 Al        12.2961     153.5945   14720.6445
    73   13 Al        12.2961     153.5945   14720.6445
    74   13 Al        12.2961     153.5945   14720.6445
    75   13 Al        12.2961     153.5945   14720.6445
    76   13 Al        12.2961     153.5945   14720.6445
    77   13 Al        11.6183     153.5945   14720.6445
    78   13 Al        11.6183     153.5945   14720.6445
    79   13 Al        11.6183     153.5945   14720.6445
    80   13 Al        11.6183     153.5945   14720.6445
    81   13 Al        11.6183     153.5945   14720.6445
    82   13 Al        11.6183     153.5945   14720.6445
    83   13 Al        11.6183     153.5945   14720.6445
    84   13 Al        11.6183     153.5945   14720.6445
    85   13 Al        11.8997     153.5945   14720.6445
    86   13 Al        11.8997     153.5945   14720.6445
    87   13 Al        11.8997     153.5945   14720.6445
    88   13 Al        11.8997     153.5945   14720.6445
    89   13 Al        11.8997     153.5945   14720.6445
    90   13 Al        11.8997     153.5945   14720.6445
    91   13 Al        11.8997     153.5945   14720.6445
    92   13 Al        11.8997     153.5945   14720.6445
    93   13 Al        11.6977     153.5945   14720.6445
    94   13 Al        11.6977     153.5945   14720.6445
    95   13 Al        11.6977     153.5945   14720.6445
    96   13 Al        11.6977     153.5945   14720.6445
    97   13 Al        11.6977     153.5945   14720.6445
    98   13 Al        11.6977     153.5945   14720.6445
    99   13 Al        11.6977     153.5945   14720.6445
   100   13 Al        11.6977     153.5945   14720.6445
   101   13 Al        12.3929     153.5945   14720.6445
   102   13 Al        12.3929     153.5945   14720.6445
   103   13 Al        12.3929     153.5945   14720.6445
   104   13 Al        12.3929     153.5945   14720.6445
   105   13 Al        12.3929     153.5945   14720.6445
   106   13 Al        12.3929     153.5945   14720.6445
   107   13 Al        12.3929     153.5945   14720.6445
   108   13 Al        12.3929     153.5945   14720.6445
   109   13 Al        13.0484     153.5945   14720.6445
   110   13 Al        13.0484     153.5945   14720.6445
   111   13 Al        13.0484     153.5945   14720.6445
   112   13 Al        13.0484     153.5945   14720.6445
   113   13 Al        11.4279     153.5945   14720.6445
   114   13 Al        11.4279     153.5945   14720.6445
   115   13 Al        11.4279     153.5945   14720.6445
   116   13 Al        11.4279     153.5945   14720.6445
   117   13 Al        11.4279     153.5945   14720.6445
   118   13 Al        11.4279     153.5945   14720.6445
   119   13 Al        11.4279     153.5945   14720.6445
   120   13 Al        11.4279     153.5945   14720.6445
   121   13 Al        11.9728     153.5945   14720.6445
   122   13 Al        11.9728     153.5945   14720.6445
   123   13 Al        11.9728     153.5945   14720.6445
   124   13 Al        11.9728     153.5945   14720.6445
   125   13 Al        11.9728     153.5945   14720.6445
   126   13 Al        11.9728     153.5945   14720.6445
   127   13 Al        11.9728     153.5945   14720.6445
   128   13 Al        11.9728     153.5945   14720.6445
   129   13 Al        12.0444     153.5945   14720.6445
   130   13 Al        12.0444     153.5945   14720.6445
   131   13 Al        12.0444     153.5945   14720.6445
   132   13 Al        12.0444     153.5945   14720.6445
   133   13 Al        12.1740     153.5945   14720.6445
   134   13 Al        12.1740     153.5945   14720.6445
   135   13 Al        12.1740     153.5945   14720.6445
   136   13 Al        12.1740     153.5945   14720.6445
   137   13 Al        12.1740     153.5945   14720.6445
   138   13 Al        12.1740     153.5945   14720.6445
   139   13 Al        12.1740     153.5945   14720.6445
   140   13 Al        12.1740     153.5945   14720.6445
   141   13 Al        13.1204     153.5945   14720.6445
   142   13 Al        13.1204     153.5945   14720.6445
   143   13 Al        13.1204     153.5945   14720.6445
   144   13 Al        13.1204     153.5945   14720.6445
   145   13 Al        13.1909     153.5945   14720.6445
   146   13 Al        13.1909     153.5945   14720.6445
   147   13 Al        13.1909     153.5945   14720.6445
   148   13 Al        13.1909     153.5945   14720.6445
   149   13 Al        12.0836     153.5945   14720.6445
   150   13 Al        12.0836     153.5945   14720.6445
   151   13 Al        12.0836     153.5945   14720.6445
   152   13 Al        12.0836     153.5945   14720.6445
   153   13 Al        12.0836     153.5945   14720.6445
   154   13 Al        12.0836     153.5945   14720.6445
   155   13 Al        12.0836     153.5945   14720.6445
   156   13 Al        12.0836     153.5945   14720.6445
--------------------------------------------------------

Atom-resolved dispersion energies:
--------------------------------------------------
     #    Z           [Hartree]      [kcal/mol]
--------------------------------------------------
     1   25 Mn  -0.14104595E-01     -8.85076714
     2   25 Mn  -0.14104595E-01     -8.85076714
     3   25 Mn  -0.14104595E-01     -8.85076714
     4   25 Mn  -0.14104595E-01     -8.85076714
     5   25 Mn  -0.14104595E-01     -8.85076714
     6   25 Mn  -0.14104595E-01     -8.85076714
     7   25 Mn  -0.14104595E-01     -8.85076714
     8   25 Mn  -0.14104595E-01     -8.85076714
     9   25 Mn  -0.14448915E-01     -9.06683076
    10   25 Mn  -0.14448915E-01     -9.06683076
    11   25 Mn  -0.14448915E-01     -9.06683076
    12   25 Mn  -0.14448915E-01     -9.06683076
    13   25 Mn  -0.15417431E-01     -9.67458373
    14   25 Mn  -0.15417431E-01     -9.67458373
    15   25 Mn  -0.15417431E-01     -9.67458373
    16   25 Mn  -0.15417431E-01     -9.67458373
    17   25 Mn  -0.14745528E-01     -9.25295841
    18   25 Mn  -0.14745528E-01     -9.25295841
    19   25 Mn  -0.14745528E-01     -9.25295841
    20   25 Mn  -0.14745528E-01     -9.25295841
    21   25 Mn  -0.14408913E-01     -9.04172937
    22   25 Mn  -0.14408913E-01     -9.04172937
    23   25 Mn  -0.14408913E-01     -9.04172937
    24   25 Mn  -0.14408913E-01     -9.04172937
    25   25 Mn  -0.14501399E-01     -9.09976501
    26   25 Mn  -0.14501399E-01     -9.09976501
    27   25 Mn  -0.14501399E-01     -9.09976501
    28   25 Mn  -0.14501399E-01     -9.09976501
    29   25 Mn  -0.14918235E-01     -9.36133390
    30   25 Mn  -0.14918235E-01     -9.36133390
    31   25 Mn  -0.14918235E-01     -9.36133390
    32   25 Mn  -0.14918235E-01     -9.36133390
    33   25 Mn  -0.14605264E-01     -9.16494137
    34   25 Mn  -0.14605264E-01     -9.16494137
    35   25 Mn  -0.14605264E-01     -9.16494137
    36   25 Mn  -0.14605264E-01     -9.16494137
    37   25 Mn  -0.14605264E-01     -9.16494137
    38   25 Mn  -0.14605264E-01     -9.16494137
    39   25 Mn  -0.14605264E-01     -9.16494137
    40   25 Mn  -0.14605264E-01     -9.16494137
    41   25 Mn  -0.14071008E-01     -8.82969078
    42   25 Mn  -0.14071008E-01     -8.82969078
    43   25 Mn  -0.14071008E-01     -8.82969078
    44   25 Mn  -0.14071008E-01     -8.82969078
    45   25 Mn  -0.14071008E-01     -8.82969078
    46   25 Mn  -0.14071008E-01     -8.82969078
    47   25 Mn  -0.14071008E-01     -8.82969078
    48   25 Mn  -0.14071008E-01     -8.82969078
    49   13 Al  -0.94230787E-02     -5.91307115
    50   13 Al  -0.94230787E-02     -5.91307115
    51   13 Al  -0.94230787E-02     -5.91307115
    52   13 Al  -0.94230787E-02     -5.91307115
    53   13 Al  -0.94230787E-02     -5.91307115
    54   13 Al  -0.94230787E-02     -5.91307115
    55   13 Al  -0.94230787E-02     -5.91307115
    56   13 Al  -0.94230787E-02     -5.91307115
    57   13 Al  -0.10749227E-01     -6.74524163
    58   13 Al  -0.10749227E-01     -6.74524163
    59   13 Al  -0.10749227E-01     -6.74524163
    60   13 Al  -0.10749227E-01     -6.74524163
    61   13 Al  -0.11165114E-01     -7.00621491
    62   13 Al  -0.11165114E-01     -7.00621491
    63   13 Al  -0.11165114E-01     -7.00621491
    64   13 Al  -0.11165114E-01     -7.00621491
    65   13 Al  -0.11165114E-01     -7.00621491
    66   13 Al  -0.11165114E-01     -7.00621491
    67   13 Al  -0.11165114E-01     -7.00621491
    68   13 Al  -0.11165114E-01     -7.00621491
    69   13 Al  -0.11184290E-01     -7.01824817
    70   13 Al  -0.11184290E-01     -7.01824817
    71   13 Al  -0.11184290E-01     -7.01824817
    72   13 Al  -0.11184290E-01     -7.01824817
    73   13 Al  -0.11184290E-01     -7.01824817
    74   13 Al  -0.11184290E-01     -7.01824817
    75   13 Al  -0.11184290E-01     -7.01824817
    76   13 Al  -0.11184290E-01     -7.01824817
    77   13 Al  -0.11148506E-01     -6.99579321
    78   13 Al  -0.11148506E-01     -6.99579321
    79   13 Al  -0.11148506E-01     -6.99579321
    80   13 Al  -0.11148506E-01     -6.99579321
    81   13 Al  -0.11148506E-01     -6.99579321
    82   13 Al  -0.11148506E-01     -6.99579321
    83   13 Al  -0.11148506E-01     -6.99579321
    84   13 Al  -0.11148506E-01     -6.99579321
    85   13 Al  -0.11589515E-01     -7.27253059
    86   13 Al  -0.11589515E-01     -7.27253059
    87   13 Al  -0.11589515E-01     -7.27253059
    88   13 Al  -0.11589515E-01     -7.27253059
    89   13 Al  -0.11589515E-01     -7.27253059
    90   13 Al  -0.11589515E-01     -7.27253059
    91   13 Al  -0.11589515E-01     -7.27253059
    92   13 Al  -0.11589515E-01     -7.27253059
    93   13 Al  -0.10880691E-01     -6.82773645
    94   13 Al  -0.10880691E-01     -6.82773645
    95   13 Al  -0.10880691E-01     -6.82773645
    96   13 Al  -0.10880691E-01     -6.82773645
    97   13 Al  -0.10880691E-01     -6.82773645
    98   13 Al  -0.10880691E-01     -6.82773645
    99   13 Al  -0.10880691E-01     -6.82773645
   100   13 Al  -0.10880691E-01     -6.82773645
   101   13 Al  -0.11192995E-01     -7.02371071
   102   13 Al  -0.11192995E-01     -7.02371071
   103   13 Al  -0.11192995E-01     -7.02371071
   104   13 Al  -0.11192995E-01     -7.02371071
   105   13 Al  -0.11192995E-01     -7.02371071
   106   13 Al  -0.11192995E-01     -7.02371071
   107   13 Al  -0.11192995E-01     -7.02371071
   108   13 Al  -0.11192995E-01     -7.02371071
   109   13 Al  -0.10874354E-01     -6.82376021
   110   13 Al  -0.10874354E-01     -6.82376021
   111   13 Al  -0.10874354E-01     -6.82376021
   112   13 Al  -0.10874354E-01     -6.82376021
   113   13 Al  -0.11204028E-01     -7.03063359
   114   13 Al  -0.11204028E-01     -7.03063359
   115   13 Al  -0.11204028E-01     -7.03063359
   116   13 Al  -0.11204028E-01     -7.03063359
   117   13 Al  -0.11204028E-01     -7.03063359
   118   13 Al  -0.11204028E-01     -7.03063359
   119   13 Al  -0.11204028E-01     -7.03063359
   120   13 Al  -0.11204028E-01     -7.03063359
   121   13 Al  -0.11298740E-01     -7.09006611
   122   13 Al  -0.11298740E-01     -7.09006611
   123   13 Al  -0.11298740E-01     -7.09006611
   124   13 Al  -0.11298740E-01     -7.09006611
   125   13 Al  -0.11298740E-01     -7.09006611
   126   13 Al  -0.11298740E-01     -7.09006611
   127   13 Al  -0.11298740E-01     -7.09006611
   128   13 Al  -0.11298740E-01     -7.09006611
   129   13 Al  -0.11404761E-01     -7.15659542
   130   13 Al  -0.11404761E-01     -7.15659542
   131   13 Al  -0.11404761E-01     -7.15659542
   132   13 Al  -0.11404761E-01     -7.15659542
   133   13 Al  -0.11172528E-01     -7.01086701
   134   13 Al  -0.11172528E-01     -7.01086701
   135   13 Al  -0.11172528E-01     -7.01086701
   136   13 Al  -0.11172528E-01     -7.01086701
   137   13 Al  -0.11172528E-01     -7.01086701
   138   13 Al  -0.11172528E-01     -7.01086701
   139   13 Al  -0.11172528E-01     -7.01086701
   140   13 Al  -0.11172528E-01     -7.01086701
   141   13 Al  -0.11300694E-01     -7.09129261
   142   13 Al  -0.11300694E-01     -7.09129261
   143   13 Al  -0.11300694E-01     -7.09129261
   144   13 Al  -0.11300694E-01     -7.09129261
   145   13 Al  -0.10921704E-01     -6.85347269
   146   13 Al  -0.10921704E-01     -6.85347269
   147   13 Al  -0.10921704E-01     -6.85347269
   148   13 Al  -0.10921704E-01     -6.85347269
   149   13 Al  -0.11938969E-01     -7.49181588
   150   13 Al  -0.11938969E-01     -7.49181588
   151   13 Al  -0.11938969E-01     -7.49181588
   152   13 Al  -0.11938969E-01     -7.49181588
   153   13 Al  -0.11938969E-01     -7.49181588
   154   13 Al  -0.11938969E-01     -7.49181588
   155   13 Al  -0.11938969E-01     -7.49181588
   156   13 Al  -0.11938969E-01     -7.49181588
--------------------------------------------------

Dispersion energy:      -1.8945992064471E+00 Eh

[Info] Dispersion energy written to .EDISP
