-----------------------------------
 s i m p l e   D F T - D 3  v1.2.1
-----------------------------------

Zero (Chai-Head-Gordon) damping: pbe-D3(0)
--------------------
  s6         1.0000
  s8         0.7220
  s9         0.0000
 rs6         1.2170
 rs8         1.0000
 alp        14.0000
--------------------

Atomic radii (in Angstrom):
-------------------------------------------
   Z          R(cov)     R(vdw)      r4/r2
-------------------------------------------
  25 Mn       1.4267     1.7731     3.0718
  13 Al       1.5067     2.0053     2.9910
-------------------------------------------

Atomic reference systems (in atomic units):
----------------------------------------------------------------------------
   Z        #      CN    C6(AA)   #      CN    C6(AA)   #      CN    C6(AA)
----------------------------------------------------------------------------
  25 Mn     1  0.0000  802.7484   2  1.6406  239.5554   3  9.8849  113.8463
  13 Al     1  0.0000  540.5406   2  0.9648  437.7575   3  1.9311  256.7497
            4  2.9146  153.5945
----------------------------------------------------------------------------

Dispersion properties (in atomic units):
--------------------------------------------------------
     #    Z                CN       C6(AA)       C8(AA)
--------------------------------------------------------
     1   25 Mn         0.0024     802.7318   81148.9554
     2   25 Mn         0.0024     802.7318   81148.9554
     3   25 Mn         0.0024     802.7318   81148.9554
     4   25 Mn         0.0024     802.7318   81148.9554
     5   25 Mn         0.0024     802.7318   81148.9554
     6   25 Mn         0.0024     802.7318   81148.9554
     7   25 Mn         0.0024     802.7318   81148.9554
     8   25 Mn         0.0024     802.7318   81148.9554
     9   25 Mn         0.0032     802.7316   81148.9385
    10   25 Mn         0.0032     802.7316   81148.9385
    11   25 Mn         0.0032     802.7316   81148.9385
    12   25 Mn         0.0032     802.7316   81148.9385
    13   25 Mn         0.0041     802.7314   81148.9182
    14   25 Mn         0.0041     802.7314   81148.9182
    15   25 Mn         0.0041     802.7314   81148.9182
    16   25 Mn         0.0041     802.7314   81148.9182
    17   25 Mn         0.0031     802.7316   81148.9394
    18   25 Mn         0.0031     802.7316   81148.9394
    19   25 Mn         0.0031     802.7316   81148.9394
    20   25 Mn         0.0031     802.7316   81148.9394
    21   25 Mn         0.0031     802.7316   81148.9401
    22   25 Mn         0.0031     802.7316   81148.9401
    23   25 Mn         0.0031     802.7316   81148.9401
    24   25 Mn         0.0031     802.7316   81148.9401
    25   25 Mn         0.0032     802.7316   81148.9370
    26   25 Mn         0.0032     802.7316   81148.9370
    27   25 Mn         0.0032     802.7316   81148.9370
    28   25 Mn         0.0032     802.7316   81148.9370
    29   25 Mn         0.0033     802.7316   81148.9358
    30   25 Mn         0.0033     802.7316   81148.9358
    31   25 Mn         0.0033     802.7316   81148.9358
    32   25 Mn         0.0033     802.7316   81148.9358
    33   25 Mn         0.0034     802.7315   81148.9330
    34   25 Mn         0.0034     802.7315   81148.9330
    35   25 Mn         0.0034     802.7315   81148.9330
    36   25 Mn         0.0034     802.7315   81148.9330
    37   25 Mn         0.0034     802.7315   81148.9330
    38   25 Mn         0.0034     802.7315   81148.9330
    39   25 Mn         0.0034     802.7315   81148.9330
    40   25 Mn         0.0034     802.7315   81148.9330
    41   25 Mn         0.0024     802.7318   81148.9559
    42   25 Mn         0.0024     802.7318   81148.9559
    43   25 Mn         0.0024     802.7318   81148.9559
    44   25 Mn         0.0024     802.7318   81148.9559
    45   25 Mn         0.0024     802.7318   81148.9559
    46   25 Mn         0.0024     802.7318   81148.9559
    47   25 Mn         0.0024     802.7318   81148.9559
    48   25 Mn         0.0024     802.7318   81148.9559
    49   13 Al         0.0038     537.9086   51553.6755
    50   13 Al         0.0038     537.9086   51553.6755
    51   13 Al         0.0038     537.9086   51553.6755
    52   13 Al         0.0038     537.9086   51553.6755
    53   13 Al         0.0038     537.9086   51553.6755
    54   13 Al         0.0038     537.9086   51553.6755
    55   13 Al         0.0038     537.9086   51553.6755
    56   13 Al         0.0038     537.9086   51553.6755
    57   13 Al         0.0024     537.9360   51556.3071
    58   13 Al         0.0024     537.9360   51556.3071
    59   13 Al         0.0024     537.9360   51556.3071
    60   13 Al         0.0024     537.9360   51556.3071
    61   13 Al         0.0026     537.9311   51555.8292
    62   13 Al         0.0026     537.9311   51555.8292
    63   13 Al         0.0026     537.9311   51555.8292
    64   13 Al         0.0026     537.9311   51555.8292
    65   13 Al         0.0026     537.9311   51555.8292
    66   13 Al         0.0026     537.9311   51555.8292
    67   13 Al         0.0026     537.9311   51555.8292
    68   13 Al         0.0026     537.9311   51555.8292
    69   13 Al         0.0027     537.9296   51555.6933
    70   13 Al         0.0027     537.9296   51555.6933
    71   13 Al         0.0027     537.9296   51555.6933
    72   13 Al         0.0027     537.9296   51555.6933
    73   13 Al         0.0027     537.9296   51555.6933
    74   13 Al         0.0027     537.9296   51555.6933
    75   13 Al         0.0027     537.9296   51555.6933
    76   13 Al         0.0027     537.9296   51555.6933
    77   13 Al         0.0029     537.9261   51555.3530
    78   13 Al         0.0029     537.9261   51555.3530
    79   13 Al         0.0029     537.9261   51555.3530
    80   13 Al         0.0029     537.9261   51555.3530
    81   13 Al         0.0029     537.9261   51555.3530
    82   13 Al         0.0029     537.9261   51555.3530
    83   13 Al         0.0029     537.9261   51555.3530
    84   13 Al         0.0029     537.9261   51555.3530
    85   13 Al         0.0027     537.9298   51555.7116
    86   13 Al         0.0027     537.9298   51555.7116
    87   13 Al         0.0027     537.9298   51555.7116
    88   13 Al         0.0027     537.9298   51555.7116
    89   13 Al         0.0027     537.9298   51555.7116
    90   13 Al         0.0027     537.9298   51555.7116
    91   13 Al         0.0027     537.9298   51555.7116
    92   13 Al         0.0027     537.9298   51555.7116
    93   13 Al         0.0029     537.9263   51555.3745
    94   13 Al         0.0029     537.9263   51555.3745
    95   13 Al         0.0029     537.9263   51555.3745
    96   13 Al         0.0029     537.9263   51555.3745
    97   13 Al         0.0029     537.9263   51555.3745
    98   13 Al         0.0029     537.9263   51555.3745
    99   13 Al         0.0029     537.9263   51555.3745
   100   13 Al         0.0029     537.9263   51555.3745
   101   13 Al         0.0025     537.9337   51556.0838
   102   13 Al         0.0025     537.9337   51556.0838
   103   13 Al         0.0025     537.9337   51556.0838
   104   13 Al         0.0025     537.9337   51556.0838
   105   13 Al         0.0025     537.9337   51556.0838
   106   13 Al         0.0025     537.9337   51556.0838
   107   13 Al         0.0025     537.9337   51556.0838
   108   13 Al         0.0025     537.9337   51556.0838
   109   13 Al         0.0028     537.9277   51555.5066
   110   13 Al         0.0028     537.9277   51555.5066
   111   13 Al         0.0028     537.9277   51555.5066
   112   13 Al         0.0028     537.9277   51555.5066
   113   13 Al         0.0031     537.9225   51555.0124
   114   13 Al         0.0031     537.9225   51555.0124
   115   13 Al         0.0031     537.9225   51555.0124
   116   13 Al         0.0031     537.9225   51555.0124
   117   13 Al         0.0031     537.9225   51555.0124
   118   13 Al         0.0031     537.9225   51555.0124
   119   13 Al         0.0031     537.9225   51555.0124
   120   13 Al         0.0031     537.9225   51555.0124
   121   13 Al         0.0027     537.9299   51555.7210
   122   13 Al         0.0027     537.9299   51555.7210
   123   13 Al         0.0027     537.9299   51555.7210
   124   13 Al         0.0027     537.9299   51555.7210
   125   13 Al         0.0027     537.9299   51555.7210
   126   13 Al         0.0027     537.9299   51555.7210
   127   13 Al         0.0027     537.9299   51555.7210
   128   13 Al         0.0027     537.9299   51555.7210
   129   13 Al         0.0029     537.9252   51555.2639
   130   13 Al         0.0029     537.9252   51555.2639
   131   13 Al         0.0029     537.9252   51555.2639
   132   13 Al         0.0029     537.9252   51555.2639
   133   13 Al         0.0027     537.9299   51555.7145
   134   13 Al         0.0027     537.9299   51555.7145
   135   13 Al         0.0027     537.9299   51555.7145
   136   13 Al         0.0027     537.9299   51555.7145
   137   13 Al         0.0027     537.9299   51555.7145
   138   13 Al         0.0027     537.9299   51555.7145
   139   13 Al         0.0027     537.9299   51555.7145
   140   13 Al         0.0027     537.9299   51555.7145
   141   13 Al         0.0026     537.9316   51555.8793
   142   13 Al         0.0026     537.9316   51555.8793
   143   13 Al         0.0026     537.9316   51555.8793
   144   13 Al         0.0026     537.9316   51555.8793
   145   13 Al         0.0026     537.9311   51555.8316
   146   13 Al         0.0026     537.9311   51555.8316
   147   13 Al         0.0026     537.9311   51555.8316
   148   13 Al         0.0026     537.9311   51555.8316
   149   13 Al         0.0029     537.9253   51555.2779
   150   13 Al         0.0029     537.9253   51555.2779
   151   13 Al         0.0029     537.9253   51555.2779
   152   13 Al         0.0029     537.9253   51555.2779
   153   13 Al         0.0029     537.9253   51555.2779
   154   13 Al         0.0029     537.9253   51555.2779
   155   13 Al         0.0029     537.9253   51555.2779
   156   13 Al         0.0029     537.9253   51555.2779
--------------------------------------------------------

Atom-resolved dispersion energies:
--------------------------------------------------
     #    Z           [Hartree]      [kcal/mol]
--------------------------------------------------
     1   25 Mn  -0.22249233E-02     -1.39616045
     2   25 Mn  -0.22249233E-02     -1.39616045
     3   25 Mn  -0.22249233E-02     -1.39616045
     4   25 Mn  -0.22249233E-02     -1.39616045
     5   25 Mn  -0.22249233E-02     -1.39616045
     6   25 Mn  -0.22249233E-02     -1.39616045
     7   25 Mn  -0.22249233E-02     -1.39616045
     8   25 Mn  -0.22249233E-02     -1.39616045
     9   25 Mn  -0.28748208E-02     -1.80397731
    10   25 Mn  -0.28748208E-02     -1.80397731
    11   25 Mn  -0.28748208E-02     -1.80397731
    12   25 Mn  -0.28748208E-02     -1.80397731
    13   25 Mn  -0.30546851E-02     -1.91684385
    14   25 Mn  -0.30546851E-02     -1.91684385
    15   25 Mn  -0.30546851E-02     -1.91684385
    16   25 Mn  -0.30546851E-02     -1.91684385
    17   25 Mn  -0.27867824E-02     -1.74873237
    18   25 Mn  -0.27867824E-02     -1.74873237
    19   25 Mn  -0.27867824E-02     -1.74873237
    20   25 Mn  -0.27867824E-02     -1.74873237
    21   25 Mn  -0.28211787E-02     -1.77031639
    22   25 Mn  -0.28211787E-02     -1.77031639
    23   25 Mn  -0.28211787E-02     -1.77031639
    24   25 Mn  -0.28211787E-02     -1.77031639
    25   25 Mn  -0.27798443E-02     -1.74437861
    26   25 Mn  -0.27798443E-02     -1.74437861
    27   25 Mn  -0.27798443E-02     -1.74437861
    28   25 Mn  -0.27798443E-02     -1.74437861
    29   25 Mn  -0.29096692E-02     -1.82584501
    30   25 Mn  -0.29096692E-02     -1.82584501
    31   25 Mn  -0.29096692E-02     -1.82584501
    32   25 Mn  -0.29096692E-02     -1.82584501
    33   25 Mn  -0.27975228E-02     -1.75547206
    34   25 Mn  -0.27975228E-02     -1.75547206
    35   25 Mn  -0.27975228E-02     -1.75547206
    36   25 Mn  -0.27975228E-02     -1.75547206
    37   25 Mn  -0.27975228E-02     -1.75547206
    38   25 Mn  -0.27975228E-02     -1.75547206
    39   25 Mn  -0.27975228E-02     -1.75547206
    40   25 Mn  -0.27975228E-02     -1.75547206
    41   25 Mn  -0.22094849E-02     -1.38647268
    42   25 Mn  -0.22094849E-02     -1.38647268
    43   25 Mn  -0.22094849E-02     -1.38647268
    44   25 Mn  -0.22094849E-02     -1.38647268
    45   25 Mn  -0.22094849E-02     -1.38647268
    46   25 Mn  -0.22094849E-02     -1.38647268
    47   25 Mn  -0.22094849E-02     -1.38647268
    48   25 Mn  -0.22094849E-02     -1.38647268
    49   13 Al  -0.25012049E-02     -1.56952975
    50   13 Al  -0.25012049E-02     -1.56952975
    51   13 Al  -0.25012049E-02     -1.56952975
    52   13 Al  -0.25012049E-02     -1.56952975
    53   13 Al  -0.25012049E-02     -1.56952975
    54   13 Al  -0.25012049E-02     -1.56952975
    55   13 Al  -0.25012049E-02     -1.56952975
    56   13 Al  -0.25012049E-02     -1.56952975
    57   13 Al  -0.15776376E-02     -0.98998253
    58   13 Al  -0.15776376E-02     -0.98998253
    59   13 Al  -0.15776376E-02     -0.98998253
    60   13 Al  -0.15776376E-02     -0.98998253
    61   13 Al  -0.16709694E-02     -1.04854916
    62   13 Al  -0.16709694E-02     -1.04854916
    63   13 Al  -0.16709694E-02     -1.04854916
    64   13 Al  -0.16709694E-02     -1.04854916
    65   13 Al  -0.16709694E-02     -1.04854916
    66   13 Al  -0.16709694E-02     -1.04854916
    67   13 Al  -0.16709694E-02     -1.04854916
    68   13 Al  -0.16709694E-02     -1.04854916
    69   13 Al  -0.17285406E-02     -1.08467561
    70   13 Al  -0.17285406E-02     -1.08467561
    71   13 Al  -0.17285406E-02     -1.08467561
    72   13 Al  -0.17285406E-02     -1.08467561
    73   13 Al  -0.17285406E-02     -1.08467561
    74   13 Al  -0.17285406E-02     -1.08467561
    75   13 Al  -0.17285406E-02     -1.08467561
    76   13 Al  -0.17285406E-02     -1.08467561
    77   13 Al  -0.18146611E-02     -1.13871704
    78   13 Al  -0.18146611E-02     -1.13871704
    79   13 Al  -0.18146611E-02     -1.13871704
    80   13 Al  -0.18146611E-02     -1.13871704
    81   13 Al  -0.18146611E-02     -1.13871704
    82   13 Al  -0.18146611E-02     -1.13871704
    83   13 Al  -0.18146611E-02     -1.13871704
    84   13 Al  -0.18146611E-02     -1.13871704
    85   13 Al  -0.17090107E-02     -1.07242042
    86   13 Al  -0.17090107E-02     -1.07242042
    87   13 Al  -0.17090107E-02     -1.07242042
    88   13 Al  -0.17090107E-02     -1.07242042
    89   13 Al  -0.17090107E-02     -1.07242042
    90   13 Al  -0.17090107E-02     -1.07242042
    91   13 Al  -0.17090107E-02     -1.07242042
    92   13 Al  -0.17090107E-02     -1.07242042
    93   13 Al  -0.18228925E-02     -1.14388234
    94   13 Al  -0.18228925E-02     -1.14388234
    95   13 Al  -0.18228925E-02     -1.14388234
    96   13 Al  -0.18228925E-02     -1.14388234
    97   13 Al  -0.18228925E-02     -1.14388234
    98   13 Al  -0.18228925E-02     -1.14388234
    99   13 Al  -0.18228925E-02     -1.14388234
   100   13 Al  -0.18228925E-02     -1.14388234
   101   13 Al  -0.16049040E-02     -1.00709248
   102   13 Al  -0.16049040E-02     -1.00709248
   103   13 Al  -0.16049040E-02     -1.00709248
   104   13 Al  -0.16049040E-02     -1.00709248
   105   13 Al  -0.16049040E-02     -1.00709248
   106   13 Al  -0.16049040E-02     -1.00709248
   107   13 Al  -0.16049040E-02     -1.00709248
   108   13 Al  -0.16049040E-02     -1.00709248
   109   13 Al  -0.19183294E-02     -1.20376987
   110   13 Al  -0.19183294E-02     -1.20376987
   111   13 Al  -0.19183294E-02     -1.20376987
   112   13 Al  -0.19183294E-02     -1.20376987
   113   13 Al  -0.17698343E-02     -1.11058780
   114   13 Al  -0.17698343E-02     -1.11058780
   115   13 Al  -0.17698343E-02     -1.11058780
   116   13 Al  -0.17698343E-02     -1.11058780
   117   13 Al  -0.17698343E-02     -1.11058780
   118   13 Al  -0.17698343E-02     -1.11058780
   119   13 Al  -0.17698343E-02     -1.11058780
   120   13 Al  -0.17698343E-02     -1.11058780
   121   13 Al  -0.17958214E-02     -1.12689492
   122   13 Al  -0.17958214E-02     -1.12689492
   123   13 Al  -0.17958214E-02     -1.12689492
   124   13 Al  -0.17958214E-02     -1.12689492
   125   13 Al  -0.17958214E-02     -1.12689492
   126   13 Al  -0.17958214E-02     -1.12689492
   127   13 Al  -0.17958214E-02     -1.12689492
   128   13 Al  -0.17958214E-02     -1.12689492
   129   13 Al  -0.18368052E-02     -1.15261265
   130   13 Al  -0.18368052E-02     -1.15261265
   131   13 Al  -0.18368052E-02     -1.15261265
   132   13 Al  -0.18368052E-02     -1.15261265
   133   13 Al  -0.18122234E-02     -1.13718738
   134   13 Al  -0.18122234E-02     -1.13718738
   135   13 Al  -0.18122234E-02     -1.13718738
   136   13 Al  -0.18122234E-02     -1.13718738
   137   13 Al  -0.18122234E-02     -1.13718738
   138   13 Al  -0.18122234E-02     -1.13718738
   139   13 Al  -0.18122234E-02     -1.13718738
   140   13 Al  -0.18122234E-02     -1.13718738
   141   13 Al  -0.17786531E-02     -1.11612167
   142   13 Al  -0.17786531E-02     -1.11612167
   143   13 Al  -0.17786531E-02     -1.11612167
   144   13 Al  -0.17786531E-02     -1.11612167
   145   13 Al  -0.18302685E-02     -1.14851080
   146   13 Al  -0.18302685E-02     -1.14851080
   147   13 Al  -0.18302685E-02     -1.14851080
   148   13 Al  -0.18302685E-02     -1.14851080
   149   13 Al  -0.19482384E-02     -1.22253802
   150   13 Al  -0.19482384E-02     -1.22253802
   151   13 Al  -0.19482384E-02     -1.22253802
   152   13 Al  -0.19482384E-02     -1.22253802
   153   13 Al  -0.19482384E-02     -1.22253802
   154   13 Al  -0.19482384E-02     -1.22253802
   155   13 Al  -0.19482384E-02     -1.22253802
   156   13 Al  -0.19482384E-02     -1.22253802
--------------------------------------------------

Dispersion energy:      -3.2395655120525E-01 Eh

[Info] Dispersion energy written to .EDISP
