-----------------------------------
 s i m p l e   D F T - D 3  v1.2.1
-----------------------------------

Zero (Chai-Head-Gordon) damping: pbe-D3(0)
--------------------
  s6         1.0000
  s8         0.7220
  s9         0.0000
 rs6         1.2170
 rs8         1.0000
 alp        14.0000
--------------------

Atomic radii (in Angstrom):
-------------------------------------------
   Z          R(cov)     R(vdw)      r4/r2
-------------------------------------------
  25 Mn       1.4267     1.7731     3.0718
  13 Al       1.5067     2.0053     2.9910
-------------------------------------------

Atomic reference systems (in atomic units):
----------------------------------------------------------------------------
   Z        #      CN    C6(AA)   #      CN    C6(AA)   #      CN    C6(AA)
----------------------------------------------------------------------------
  25 Mn     1  0.0000  802.7484   2  1.6406  239.5554   3  9.8849  113.8463
  13 Al     1  0.0000  540.5406   2  0.9648  437.7575   3  1.9311  256.7497
            4  2.9146  153.5945
----------------------------------------------------------------------------

Dispersion properties (in atomic units):
--------------------------------------------------------
     #    Z                CN       C6(AA)       C8(AA)
--------------------------------------------------------
     1   25 Mn         0.1880     802.5582   81131.4147
     2   25 Mn         0.1880     802.5582   81131.4147
     3   25 Mn         0.1880     802.5582   81131.4147
     4   25 Mn         0.1880     802.5582   81131.4147
     5   25 Mn         0.1880     802.5582   81131.4147
     6   25 Mn         0.1880     802.5582   81131.4147
     7   25 Mn         0.1880     802.5582   81131.4147
     8   25 Mn         0.1880     802.5582   81131.4147
     9   25 Mn         0.3217     801.6500   81039.6025
    10   25 Mn         0.3217     801.6500   81039.6025
    11   25 Mn         0.3217     801.6500   81039.6025
    12   25 Mn         0.3217     801.6500   81039.6025
    13   25 Mn         0.5560     779.8391   78834.7183
    14   25 Mn         0.5560     779.8391   78834.7183
    15   25 Mn         0.5560     779.8391   78834.7183
    16   25 Mn         0.5560     779.8391   78834.7183
    17   25 Mn         0.3171     801.7145   81046.1235
    18   25 Mn         0.3171     801.7145   81046.1235
    19   25 Mn         0.3171     801.7145   81046.1235
    20   25 Mn         0.3171     801.7145   81046.1235
    21   25 Mn         0.3065     801.8485   81059.6697
    22   25 Mn         0.3065     801.8485   81059.6697
    23   25 Mn         0.3065     801.8485   81059.6697
    24   25 Mn         0.3065     801.8485   81059.6697
    25   25 Mn         0.3389     801.3733   81011.6270
    26   25 Mn         0.3389     801.3733   81011.6270
    27   25 Mn         0.3389     801.3733   81011.6270
    28   25 Mn         0.3389     801.3733   81011.6270
    29   25 Mn         0.3487     801.1850   80992.5966
    30   25 Mn         0.3487     801.1850   80992.5966
    31   25 Mn         0.3487     801.1850   80992.5966
    32   25 Mn         0.3487     801.1850   80992.5966
    33   25 Mn         0.3917     800.0048   80873.2806
    34   25 Mn         0.3917     800.0048   80873.2806
    35   25 Mn         0.3917     800.0048   80873.2806
    36   25 Mn         0.3917     800.0048   80873.2806
    37   25 Mn         0.3917     800.0048   80873.2806
    38   25 Mn         0.3917     800.0048   80873.2806
    39   25 Mn         0.3917     800.0048   80873.2806
    40   25 Mn         0.3917     800.0048   80873.2806
    41   25 Mn         0.1865     802.5620   81131.7908
    42   25 Mn         0.1865     802.5620   81131.7908
    43   25 Mn         0.1865     802.5620   81131.7908
    44   25 Mn         0.1865     802.5620   81131.7908
    45   25 Mn         0.1865     802.5620   81131.7908
    46   25 Mn         0.1865     802.5620   81131.7908
    47   25 Mn         0.1865     802.5620   81131.7908
    48   25 Mn         0.1865     802.5620   81131.7908
    49   13 Al         0.4166     500.5136   47969.7002
    50   13 Al         0.4166     500.5136   47969.7002
    51   13 Al         0.4166     500.5136   47969.7002
    52   13 Al         0.4166     500.5136   47969.7002
    53   13 Al         0.4166     500.5136   47969.7002
    54   13 Al         0.4166     500.5136   47969.7002
    55   13 Al         0.4166     500.5136   47969.7002
    56   13 Al         0.4166     500.5136   47969.7002
    57   13 Al         0.1907     530.2478   50819.4569
    58   13 Al         0.1907     530.2478   50819.4569
    59   13 Al         0.1907     530.2478   50819.4569
    60   13 Al         0.1907     530.2478   50819.4569
    61   13 Al         0.2233     527.6686   50572.2631
    62   13 Al         0.2233     527.6686   50572.2631
    63   13 Al         0.2233     527.6686   50572.2631
    64   13 Al         0.2233     527.6686   50572.2631
    65   13 Al         0.2233     527.6686   50572.2631
    66   13 Al         0.2233     527.6686   50572.2631
    67   13 Al         0.2233     527.6686   50572.2631
    68   13 Al         0.2233     527.6686   50572.2631
    69   13 Al         0.2391     526.2318   50434.5656
    70   13 Al         0.2391     526.2318   50434.5656
    71   13 Al         0.2391     526.2318   50434.5656
    72   13 Al         0.2391     526.2318   50434.5656
    73   13 Al         0.2391     526.2318   50434.5656
    74   13 Al         0.2391     526.2318   50434.5656
    75   13 Al         0.2391     526.2318   50434.5656
    76   13 Al         0.2391     526.2318   50434.5656
    77   13 Al         0.2922     520.3960   49875.2573
    78   13 Al         0.2922     520.3960   49875.2573
    79   13 Al         0.2922     520.3960   49875.2573
    80   13 Al         0.2922     520.3960   49875.2573
    81   13 Al         0.2922     520.3960   49875.2573
    82   13 Al         0.2922     520.3960   49875.2573
    83   13 Al         0.2922     520.3960   49875.2573
    84   13 Al         0.2922     520.3960   49875.2573
    85   13 Al         0.2544     524.7162   50289.3081
    86   13 Al         0.2544     524.7162   50289.3081
    87   13 Al         0.2544     524.7162   50289.3081
    88   13 Al         0.2544     524.7162   50289.3081
    89   13 Al         0.2544     524.7162   50289.3081
    90   13 Al         0.2544     524.7162   50289.3081
    91   13 Al         0.2544     524.7162   50289.3081
    92   13 Al         0.2544     524.7162   50289.3081
    93   13 Al         0.2921     520.4172   49877.2818
    94   13 Al         0.2921     520.4172   49877.2818
    95   13 Al         0.2921     520.4172   49877.2818
    96   13 Al         0.2921     520.4172   49877.2818
    97   13 Al         0.2921     520.4172   49877.2818
    98   13 Al         0.2921     520.4172   49877.2818
    99   13 Al         0.2921     520.4172   49877.2818
   100   13 Al         0.2921     520.4172   49877.2818
   101   13 Al         0.2025     529.3755   50735.8613
   102   13 Al         0.2025     529.3755   50735.8613
   103   13 Al         0.2025     529.3755   50735.8613
   104   13 Al         0.2025     529.3755   50735.8613
   105   13 Al         0.2025     529.3755   50735.8613
   106   13 Al         0.2025     529.3755   50735.8613
   107   13 Al         0.2025     529.3755   50735.8613
   108   13 Al         0.2025     529.3755   50735.8613
   109   13 Al         0.2507     525.0920   50325.3228
   110   13 Al         0.2507     525.0920   50325.3228
   111   13 Al         0.2507     525.0920   50325.3228
   112   13 Al         0.2507     525.0920   50325.3228
   113   13 Al         0.3284     515.4798   49404.0815
   114   13 Al         0.3284     515.4798   49404.0815
   115   13 Al         0.3284     515.4798   49404.0815
   116   13 Al         0.3284     515.4798   49404.0815
   117   13 Al         0.3284     515.4798   49404.0815
   118   13 Al         0.3284     515.4798   49404.0815
   119   13 Al         0.3284     515.4798   49404.0815
   120   13 Al         0.3284     515.4798   49404.0815
   121   13 Al         0.2405     526.0992   50421.8511
   122   13 Al         0.2405     526.0992   50421.8511
   123   13 Al         0.2405     526.0992   50421.8511
   124   13 Al         0.2405     526.0992   50421.8511
   125   13 Al         0.2405     526.0992   50421.8511
   126   13 Al         0.2405     526.0992   50421.8511
   127   13 Al         0.2405     526.0992   50421.8511
   128   13 Al         0.2405     526.0992   50421.8511
   129   13 Al         0.2985     519.6056   49799.5001
   130   13 Al         0.2985     519.6056   49799.5001
   131   13 Al         0.2985     519.6056   49799.5001
   132   13 Al         0.2985     519.6056   49799.5001
   133   13 Al         0.2416     525.9983   50412.1871
   134   13 Al         0.2416     525.9983   50412.1871
   135   13 Al         0.2416     525.9983   50412.1871
   136   13 Al         0.2416     525.9983   50412.1871
   137   13 Al         0.2416     525.9983   50412.1871
   138   13 Al         0.2416     525.9983   50412.1871
   139   13 Al         0.2416     525.9983   50412.1871
   140   13 Al         0.2416     525.9983   50412.1871
   141   13 Al         0.2172     528.1933   50622.5547
   142   13 Al         0.2172     528.1933   50622.5547
   143   13 Al         0.2172     528.1933   50622.5547
   144   13 Al         0.2172     528.1933   50622.5547
   145   13 Al         0.2207     527.8929   50593.7606
   146   13 Al         0.2207     527.8929   50593.7606
   147   13 Al         0.2207     527.8929   50593.7606
   148   13 Al         0.2207     527.8929   50593.7606
   149   13 Al         0.2817     521.6827   49998.5700
   150   13 Al         0.2817     521.6827   49998.5700
   151   13 Al         0.2817     521.6827   49998.5700
   152   13 Al         0.2817     521.6827   49998.5700
   153   13 Al         0.2817     521.6827   49998.5700
   154   13 Al         0.2817     521.6827   49998.5700
   155   13 Al         0.2817     521.6827   49998.5700
   156   13 Al         0.2817     521.6827   49998.5700
--------------------------------------------------------

Atom-resolved dispersion energies:
--------------------------------------------------
     #    Z           [Hartree]      [kcal/mol]
--------------------------------------------------
     1   25 Mn  -0.25559580E-01    -16.03887871
     2   25 Mn  -0.25559580E-01    -16.03887871
     3   25 Mn  -0.25559580E-01    -16.03887871
     4   25 Mn  -0.25559580E-01    -16.03887871
     5   25 Mn  -0.25559580E-01    -16.03887871
     6   25 Mn  -0.25559580E-01    -16.03887871
     7   25 Mn  -0.25559580E-01    -16.03887871
     8   25 Mn  -0.25559580E-01    -16.03887871
     9   25 Mn  -0.24477359E-01    -15.35977439
    10   25 Mn  -0.24477359E-01    -15.35977439
    11   25 Mn  -0.24477359E-01    -15.35977439
    12   25 Mn  -0.24477359E-01    -15.35977439
    13   25 Mn  -0.17737931E-01    -11.13072002
    14   25 Mn  -0.17737931E-01    -11.13072002
    15   25 Mn  -0.17737931E-01    -11.13072002
    16   25 Mn  -0.17737931E-01    -11.13072002
    17   25 Mn  -0.23858358E-01    -14.97134572
    18   25 Mn  -0.23858358E-01    -14.97134572
    19   25 Mn  -0.23858358E-01    -14.97134572
    20   25 Mn  -0.23858358E-01    -14.97134572
    21   25 Mn  -0.24761876E-01    -15.53831179
    22   25 Mn  -0.24761876E-01    -15.53831179
    23   25 Mn  -0.24761876E-01    -15.53831179
    24   25 Mn  -0.24761876E-01    -15.53831179
    25   25 Mn  -0.23482621E-01    -14.73556731
    26   25 Mn  -0.23482621E-01    -14.73556731
    27   25 Mn  -0.23482621E-01    -14.73556731
    28   25 Mn  -0.23482621E-01    -14.73556731
    29   25 Mn  -0.23647085E-01    -14.83877015
    30   25 Mn  -0.23647085E-01    -14.83877015
    31   25 Mn  -0.23647085E-01    -14.83877015
    32   25 Mn  -0.23647085E-01    -14.83877015
    33   25 Mn  -0.22292313E-01    -13.98863780
    34   25 Mn  -0.22292313E-01    -13.98863780
    35   25 Mn  -0.22292313E-01    -13.98863780
    36   25 Mn  -0.22292313E-01    -13.98863780
    37   25 Mn  -0.22292313E-01    -13.98863780
    38   25 Mn  -0.22292313E-01    -13.98863780
    39   25 Mn  -0.22292313E-01    -13.98863780
    40   25 Mn  -0.22292313E-01    -13.98863780
    41   25 Mn  -0.25446780E-01    -15.96809525
    42   25 Mn  -0.25446780E-01    -15.96809525
    43   25 Mn  -0.25446780E-01    -15.96809525
    44   25 Mn  -0.25446780E-01    -15.96809525
    45   25 Mn  -0.25446780E-01    -15.96809525
    46   25 Mn  -0.25446780E-01    -15.96809525
    47   25 Mn  -0.25446780E-01    -15.96809525
    48   25 Mn  -0.25446780E-01    -15.96809525
    49   13 Al  -0.17296997E-01    -10.85402925
    50   13 Al  -0.17296997E-01    -10.85402925
    51   13 Al  -0.17296997E-01    -10.85402925
    52   13 Al  -0.17296997E-01    -10.85402925
    53   13 Al  -0.17296997E-01    -10.85402925
    54   13 Al  -0.17296997E-01    -10.85402925
    55   13 Al  -0.17296997E-01    -10.85402925
    56   13 Al  -0.17296997E-01    -10.85402925
    57   13 Al  -0.12150314E-01     -7.62443703
    58   13 Al  -0.12150314E-01     -7.62443703
    59   13 Al  -0.12150314E-01     -7.62443703
    60   13 Al  -0.12150314E-01     -7.62443703
    61   13 Al  -0.13147292E-01     -8.25005052
    62   13 Al  -0.13147292E-01     -8.25005052
    63   13 Al  -0.13147292E-01     -8.25005052
    64   13 Al  -0.13147292E-01     -8.25005052
    65   13 Al  -0.13147292E-01     -8.25005052
    66   13 Al  -0.13147292E-01     -8.25005052
    67   13 Al  -0.13147292E-01     -8.25005052
    68   13 Al  -0.13147292E-01     -8.25005052
    69   13 Al  -0.14207609E-01     -8.91540910
    70   13 Al  -0.14207609E-01     -8.91540910
    71   13 Al  -0.14207609E-01     -8.91540910
    72   13 Al  -0.14207609E-01     -8.91540910
    73   13 Al  -0.14207609E-01     -8.91540910
    74   13 Al  -0.14207609E-01     -8.91540910
    75   13 Al  -0.14207609E-01     -8.91540910
    76   13 Al  -0.14207609E-01     -8.91540910
    77   13 Al  -0.11246302E-01     -7.05716131
    78   13 Al  -0.11246302E-01     -7.05716131
    79   13 Al  -0.11246302E-01     -7.05716131
    80   13 Al  -0.11246302E-01     -7.05716131
    81   13 Al  -0.11246302E-01     -7.05716131
    82   13 Al  -0.11246302E-01     -7.05716131
    83   13 Al  -0.11246302E-01     -7.05716131
    84   13 Al  -0.11246302E-01     -7.05716131
    85   13 Al  -0.10195767E-01     -6.39794043
    86   13 Al  -0.10195767E-01     -6.39794043
    87   13 Al  -0.10195767E-01     -6.39794043
    88   13 Al  -0.10195767E-01     -6.39794043
    89   13 Al  -0.10195767E-01     -6.39794043
    90   13 Al  -0.10195767E-01     -6.39794043
    91   13 Al  -0.10195767E-01     -6.39794043
    92   13 Al  -0.10195767E-01     -6.39794043
    93   13 Al  -0.11240313E-01     -7.05340267
    94   13 Al  -0.11240313E-01     -7.05340267
    95   13 Al  -0.11240313E-01     -7.05340267
    96   13 Al  -0.11240313E-01     -7.05340267
    97   13 Al  -0.11240313E-01     -7.05340267
    98   13 Al  -0.11240313E-01     -7.05340267
    99   13 Al  -0.11240313E-01     -7.05340267
   100   13 Al  -0.11240313E-01     -7.05340267
   101   13 Al  -0.13098472E-01     -8.21941537
   102   13 Al  -0.13098472E-01     -8.21941537
   103   13 Al  -0.13098472E-01     -8.21941537
   104   13 Al  -0.13098472E-01     -8.21941537
   105   13 Al  -0.13098472E-01     -8.21941537
   106   13 Al  -0.13098472E-01     -8.21941537
   107   13 Al  -0.13098472E-01     -8.21941537
   108   13 Al  -0.13098472E-01     -8.21941537
   109   13 Al  -0.14628783E-01     -9.17969980
   110   13 Al  -0.14628783E-01     -9.17969980
   111   13 Al  -0.14628783E-01     -9.17969980
   112   13 Al  -0.14628783E-01     -9.17969980
   113   13 Al  -0.11531271E-01     -7.23598203
   114   13 Al  -0.11531271E-01     -7.23598203
   115   13 Al  -0.11531271E-01     -7.23598203
   116   13 Al  -0.11531271E-01     -7.23598203
   117   13 Al  -0.11531271E-01     -7.23598203
   118   13 Al  -0.11531271E-01     -7.23598203
   119   13 Al  -0.11531271E-01     -7.23598203
   120   13 Al  -0.11531271E-01     -7.23598203
   121   13 Al  -0.13154219E-01     -8.25439695
   122   13 Al  -0.13154219E-01     -8.25439695
   123   13 Al  -0.13154219E-01     -8.25439695
   124   13 Al  -0.13154219E-01     -8.25439695
   125   13 Al  -0.13154219E-01     -8.25439695
   126   13 Al  -0.13154219E-01     -8.25439695
   127   13 Al  -0.13154219E-01     -8.25439695
   128   13 Al  -0.13154219E-01     -8.25439695
   129   13 Al  -0.10008623E-01     -6.28050597
   130   13 Al  -0.10008623E-01     -6.28050597
   131   13 Al  -0.10008623E-01     -6.28050597
   132   13 Al  -0.10008623E-01     -6.28050597
   133   13 Al  -0.13209751E-01     -8.28924397
   134   13 Al  -0.13209751E-01     -8.28924397
   135   13 Al  -0.13209751E-01     -8.28924397
   136   13 Al  -0.13209751E-01     -8.28924397
   137   13 Al  -0.13209751E-01     -8.28924397
   138   13 Al  -0.13209751E-01     -8.28924397
   139   13 Al  -0.13209751E-01     -8.28924397
   140   13 Al  -0.13209751E-01     -8.28924397
   141   13 Al  -0.13590861E-01     -8.52839395
   142   13 Al  -0.13590861E-01     -8.52839395
   143   13 Al  -0.13590861E-01     -8.52839395
   144   13 Al  -0.13590861E-01     -8.52839395
   145   13 Al  -0.14757970E-01     -9.26076591
   146   13 Al  -0.14757970E-01     -9.26076591
   147   13 Al  -0.14757970E-01     -9.26076591
   148   13 Al  -0.14757970E-01     -9.26076591
   149   13 Al  -0.13016892E-01     -8.16822335
   150   13 Al  -0.13016892E-01     -8.16822335
   151   13 Al  -0.13016892E-01     -8.16822335
   152   13 Al  -0.13016892E-01     -8.16822335
   153   13 Al  -0.13016892E-01     -8.16822335
   154   13 Al  -0.13016892E-01     -8.16822335
   155   13 Al  -0.13016892E-01     -8.16822335
   156   13 Al  -0.13016892E-01     -8.16822335
--------------------------------------------------

Dispersion energy:      -2.5295555964121E+00 Eh

[Info] Dispersion energy written to .EDISP
