-----------------------------------
 s i m p l e   D F T - D 3  v1.2.1
-----------------------------------

Zero (Chai-Head-Gordon) damping: pbe-D3(0)
--------------------
  s6         1.0000
  s8         0.7220
  s9         0.0000
 rs6         1.2170
 rs8         1.0000
 alp        14.0000
--------------------

Atomic radii (in Angstrom):
-------------------------------------------
   Z          R(cov)     R(vdw)      r4/r2
-------------------------------------------
  12 Mg       1.6667     1.7420     2.8909
  46 Pd       1.4400     1.6762     2.9244
-------------------------------------------

Atomic reference systems (in atomic units):
----------------------------------------------------------------------------
   Z        #      CN    C6(AA)   #      CN    C6(AA)   #      CN    C6(AA)
----------------------------------------------------------------------------
  12 Mg     1  0.0000  683.3758   2  0.9628  451.2708   3  1.9496  175.5616
  46 Pd     1  0.0000  608.5041   2  1.8630  286.9519   3  5.7095  265.8746
----------------------------------------------------------------------------

Dispersion properties (in atomic units):
--------------------------------------------------------
     #    Z                CN       C6(AA)       C8(AA)
--------------------------------------------------------
     1   12 Mg        16.0050     175.5616   15718.3434
     2   12 Mg        16.0050     175.5616   15718.3434
     3   12 Mg        16.2951     175.5616   15718.3434
     4   12 Mg        16.2952     175.5616   15718.3434
     5   12 Mg        16.2952     175.5616   15718.3434
     6   12 Mg        16.2951     175.5616   15718.3434
     7   12 Mg        16.0416     175.5616   15718.3434
     8   12 Mg        16.0416     175.5616   15718.3434
     9   12 Mg        15.9923     175.5616   15718.3434
    10   12 Mg        15.9801     175.5616   15718.3434
    11   12 Mg        16.0051     175.5616   15718.3434
    12   12 Mg        16.0050     175.5616   15718.3434
    13   12 Mg        15.9922     175.5616   15718.3434
    14   12 Mg        15.9923     175.5616   15718.3434
    15   12 Mg        15.8931     175.5616   15718.3434
    16   12 Mg        15.8931     175.5616   15718.3434
    17   12 Mg        16.0051     175.5616   15718.3434
    18   12 Mg        16.0050     175.5616   15718.3434
    19   12 Mg        16.0416     175.5616   15718.3434
    20   12 Mg        15.8931     175.5616   15718.3434
    21   12 Mg        15.9801     175.5616   15718.3434
    22   12 Mg        15.9801     175.5616   15718.3434
    23   12 Mg        16.2952     175.5616   15718.3434
    24   12 Mg        16.2951     175.5616   15718.3434
    25   12 Mg        16.3451     175.5616   15718.3434
    26   12 Mg        16.3451     175.5616   15718.3434
    27   12 Mg        16.3451     175.5616   15718.3434
    28   12 Mg        15.9840     175.5616   15718.3434
    29   12 Mg        15.9840     175.5616   15718.3434
    30   12 Mg        15.9840     175.5616   15718.3434
    31   12 Mg        15.9840     175.5616   15718.3434
    32   12 Mg        15.9840     175.5616   15718.3434
    33   12 Mg        15.9840     175.5616   15718.3434
    34   12 Mg        15.9420     175.5616   15718.3434
    35   12 Mg        15.9420     175.5616   15718.3434
    36   12 Mg        15.9420     175.5616   15718.3434
    37   12 Mg        15.9557     175.5616   15718.3434
    38   12 Mg        15.9557     175.5616   15718.3434
    39   12 Mg        15.9557     175.5616   15718.3434
    40   12 Mg        15.8950     175.5616   15718.3434
    41   12 Mg        15.8950     175.5616   15718.3434
    42   12 Mg        15.8950     175.5616   15718.3434
    43   12 Mg        15.8951     175.5616   15718.3434
    44   12 Mg        15.8951     175.5616   15718.3434
    45   12 Mg        15.8950     175.5616   15718.3434
    46   12 Mg        15.9196     175.5616   15718.3434
    47   12 Mg        15.8585     175.5616   15718.3434
    48   12 Mg        15.8585     175.5616   15718.3434
    49   12 Mg        15.8585     175.5616   15718.3434
    50   12 Mg        15.9327     175.5616   15718.3434
    51   12 Mg        15.9539     175.5616   15718.3434
    52   12 Mg        15.9538     175.5616   15718.3434
    53   12 Mg        15.9538     175.5616   15718.3434
    54   12 Mg        15.9538     175.5616   15718.3434
    55   12 Mg        15.9538     175.5616   15718.3434
    56   12 Mg        15.9538     175.5616   15718.3434
    57   12 Mg        15.9760     175.5616   15718.3434
    58   12 Mg        15.9760     175.5616   15718.3434
    59   12 Mg        15.9760     175.5616   15718.3434
    60   12 Mg        15.9760     175.5616   15718.3434
    61   12 Mg        15.9760     175.5616   15718.3434
    62   12 Mg        15.9760     175.5616   15718.3434
    63   12 Mg        15.8617     175.5616   15718.3434
    64   12 Mg        15.8617     175.5616   15718.3434
    65   12 Mg        15.8617     175.5616   15718.3434
    66   12 Mg        15.8816     175.5616   15718.3434
    67   12 Mg        15.8816     175.5616   15718.3434
    68   12 Mg        15.8816     175.5616   15718.3434
    69   12 Mg        15.9799     175.5616   15718.3434
    70   12 Mg        15.9799     175.5616   15718.3434
    71   12 Mg        15.9799     175.5616   15718.3434
    72   12 Mg        15.9716     175.5616   15718.3434
    73   12 Mg        15.9716     175.5616   15718.3434
    74   12 Mg        15.9716     175.5616   15718.3434
    75   12 Mg        15.9261     175.5616   15718.3434
    76   12 Mg        15.9427     175.5616   15718.3434
    77   12 Mg        15.9427     175.5616   15718.3434
    78   12 Mg        15.9121     175.5616   15718.3434
    79   12 Mg        15.9120     175.5616   15718.3434
    80   12 Mg        15.9491     175.5616   15718.3434
    81   12 Mg        15.9491     175.5616   15718.3434
    82   12 Mg        15.9727     175.5616   15718.3434
    83   12 Mg        15.9120     175.5616   15718.3434
    84   12 Mg        15.9121     175.5616   15718.3434
    85   12 Mg        15.9463     175.5616   15718.3434
    86   12 Mg        15.9522     175.5616   15718.3434
    87   12 Mg        15.9522     175.5616   15718.3434
    88   12 Mg        15.9120     175.5616   15718.3434
    89   12 Mg        15.9120     175.5616   15718.3434
    90   12 Mg        15.9463     175.5616   15718.3434
    91   12 Mg        15.9463     175.5616   15718.3434
    92   12 Mg        15.9491     175.5616   15718.3434
    93   12 Mg        15.9491     175.5616   15718.3434
    94   12 Mg        15.9427     175.5616   15718.3434
    95   12 Mg        15.9522     175.5616   15718.3434
    96   12 Mg        15.9261     175.5616   15718.3434
    97   12 Mg        15.9261     175.5616   15718.3434
    98   12 Mg        15.9491     175.5616   15718.3434
    99   12 Mg        15.9492     175.5616   15718.3434
   100   12 Mg        15.9716     175.5616   15718.3434
   101   12 Mg        15.9716     175.5616   15718.3434
   102   12 Mg        15.9716     175.5616   15718.3434
   103   12 Mg        15.9799     175.5616   15718.3434
   104   12 Mg        15.9799     175.5616   15718.3434
   105   12 Mg        15.9799     175.5616   15718.3434
   106   12 Mg        15.8816     175.5616   15718.3434
   107   12 Mg        15.8816     175.5616   15718.3434
   108   12 Mg        15.8816     175.5616   15718.3434
   109   12 Mg        15.8617     175.5616   15718.3434
   110   12 Mg        15.8617     175.5616   15718.3434
   111   12 Mg        15.8617     175.5616   15718.3434
   112   12 Mg        15.9760     175.5616   15718.3434
   113   12 Mg        15.9760     175.5616   15718.3434
   114   12 Mg        15.9760     175.5616   15718.3434
   115   12 Mg        15.9760     175.5616   15718.3434
   116   12 Mg        15.9760     175.5616   15718.3434
   117   12 Mg        15.9760     175.5616   15718.3434
   118   12 Mg        15.9539     175.5616   15718.3434
   119   12 Mg        15.9538     175.5616   15718.3434
   120   12 Mg        15.9538     175.5616   15718.3434
   121   12 Mg        15.9539     175.5616   15718.3434
   122   12 Mg        15.9539     175.5616   15718.3434
   123   12 Mg        15.9538     175.5616   15718.3434
   124   12 Mg        15.9327     175.5616   15718.3434
   125   12 Mg        15.8585     175.5616   15718.3434
   126   12 Mg        15.8585     175.5616   15718.3434
   127   12 Mg        15.8585     175.5616   15718.3434
   128   12 Mg        15.9196     175.5616   15718.3434
   129   12 Mg        15.8951     175.5616   15718.3434
   130   12 Mg        15.8951     175.5616   15718.3434
   131   12 Mg        15.8951     175.5616   15718.3434
   132   12 Mg        15.8951     175.5616   15718.3434
   133   12 Mg        15.8951     175.5616   15718.3434
   134   12 Mg        15.8951     175.5616   15718.3434
   135   12 Mg        15.9557     175.5616   15718.3434
   136   12 Mg        15.9557     175.5616   15718.3434
   137   12 Mg        15.9557     175.5616   15718.3434
   138   12 Mg        15.9420     175.5616   15718.3434
   139   12 Mg        15.9420     175.5616   15718.3434
   140   12 Mg        15.9420     175.5616   15718.3434
   141   12 Mg        15.9840     175.5616   15718.3434
   142   12 Mg        15.9840     175.5616   15718.3434
   143   12 Mg        15.9840     175.5616   15718.3434
   144   12 Mg        15.9840     175.5616   15718.3434
   145   12 Mg        15.9840     175.5616   15718.3434
   146   12 Mg        15.9840     175.5616   15718.3434
   147   12 Mg        16.3451     175.5616   15718.3434
   148   12 Mg        16.3451     175.5616   15718.3434
   149   12 Mg        16.3451     175.5616   15718.3434
   150   46 Pd        13.8138     265.8746   24360.3649
--------------------------------------------------------

Atom-resolved dispersion energies:
--------------------------------------------------
     #    Z           [Hartree]      [kcal/mol]
--------------------------------------------------
     1   12 Mg  -0.20744196E-01    -13.01717938
     2   12 Mg  -0.20744189E-01    -13.01717491
     3   12 Mg  -0.20712596E-01    -12.99735045
     4   12 Mg  -0.20712586E-01    -12.99734390
     5   12 Mg  -0.20712575E-01    -12.99733705
     6   12 Mg  -0.20712597E-01    -12.99735113
     7   12 Mg  -0.21003766E-01    -13.18006242
     8   12 Mg  -0.21003771E-01    -13.18006517
     9   12 Mg  -0.20593823E-01    -12.92281901
    10   12 Mg  -0.21002149E-01    -13.17904760
    11   12 Mg  -0.20744193E-01    -13.01717760
    12   12 Mg  -0.20744199E-01    -13.01718159
    13   12 Mg  -0.20593856E-01    -12.92283951
    14   12 Mg  -0.20593821E-01    -12.92281786
    15   12 Mg  -0.20578112E-01    -12.91295995
    16   12 Mg  -0.20578108E-01    -12.91295760
    17   12 Mg  -0.20744190E-01    -13.01717560
    18   12 Mg  -0.20744183E-01    -13.01717159
    19   12 Mg  -0.21003776E-01    -13.18006862
    20   12 Mg  -0.20578121E-01    -12.91296587
    21   12 Mg  -0.21002156E-01    -13.17905183
    22   12 Mg  -0.21002140E-01    -13.17904165
    23   12 Mg  -0.20712587E-01    -12.99734473
    24   12 Mg  -0.20712594E-01    -12.99734919
    25   12 Mg  -0.20694153E-01    -12.98577722
    26   12 Mg  -0.20694154E-01    -12.98577797
    27   12 Mg  -0.20694160E-01    -12.98578165
    28   12 Mg  -0.21007834E-01    -13.18261507
    29   12 Mg  -0.21007845E-01    -13.18262156
    30   12 Mg  -0.21007839E-01    -13.18261814
    31   12 Mg  -0.21007844E-01    -13.18262124
    32   12 Mg  -0.21007842E-01    -13.18261963
    33   12 Mg  -0.21007848E-01    -13.18262382
    34   12 Mg  -0.20576053E-01    -12.91166820
    35   12 Mg  -0.20576056E-01    -12.91167029
    36   12 Mg  -0.20576061E-01    -12.91167317
    37   12 Mg  -0.20549441E-01    -12.89496915
    38   12 Mg  -0.20549449E-01    -12.89497366
    39   12 Mg  -0.20549447E-01    -12.89497277
    40   12 Mg  -0.20675238E-01    -12.97390788
    41   12 Mg  -0.20675229E-01    -12.97390209
    42   12 Mg  -0.20675248E-01    -12.97391370
    43   12 Mg  -0.20675222E-01    -12.97389764
    44   12 Mg  -0.20675224E-01    -12.97389903
    45   12 Mg  -0.20675245E-01    -12.97391198
    46   12 Mg  -0.20603122E-01    -12.92865412
    47   12 Mg  -0.21680642E-01    -13.60480818
    48   12 Mg  -0.21680642E-01    -13.60480844
    49   12 Mg  -0.21680648E-01    -13.60481195
    50   12 Mg  -0.21235493E-01    -13.32547283
    51   12 Mg  -0.20825371E-01    -13.06811757
    52   12 Mg  -0.20825384E-01    -13.06812607
    53   12 Mg  -0.20825383E-01    -13.06812525
    54   12 Mg  -0.20825373E-01    -13.06811879
    55   12 Mg  -0.20825378E-01    -13.06812211
    56   12 Mg  -0.20825382E-01    -13.06812424
    57   12 Mg  -0.20553959E-01    -12.89780432
    58   12 Mg  -0.20553955E-01    -12.89780139
    59   12 Mg  -0.20553959E-01    -12.89780379
    60   12 Mg  -0.20553960E-01    -12.89780465
    61   12 Mg  -0.20553961E-01    -12.89780552
    62   12 Mg  -0.20553962E-01    -12.89780603
    63   12 Mg  -0.20627821E-01    -12.94415330
    64   12 Mg  -0.20627828E-01    -12.94415754
    65   12 Mg  -0.20627821E-01    -12.94415281
    66   12 Mg  -0.20555807E-01    -12.89896359
    67   12 Mg  -0.20555808E-01    -12.89896457
    68   12 Mg  -0.20555815E-01    -12.89896858
    69   12 Mg  -0.20555675E-01    -12.89888101
    70   12 Mg  -0.20555665E-01    -12.89887444
    71   12 Mg  -0.20555689E-01    -12.89888978
    72   12 Mg  -0.20589329E-01    -12.91999928
    73   12 Mg  -0.20589328E-01    -12.91999830
    74   12 Mg  -0.20589328E-01    -12.91999854
    75   12 Mg  -0.20626310E-01    -12.94320467
    76   12 Mg  -0.20576951E-01    -12.91223174
    77   12 Mg  -0.20576958E-01    -12.91223613
    78   12 Mg  -0.20577196E-01    -12.91238545
    79   12 Mg  -0.20577206E-01    -12.91239198
    80   12 Mg  -0.20551036E-01    -12.89596976
    81   12 Mg  -0.20551033E-01    -12.89596798
    82   12 Mg  -0.20553103E-01    -12.89726678
    83   12 Mg  -0.20577203E-01    -12.91238988
    84   12 Mg  -0.20577179E-01    -12.91237466
    85   12 Mg  -0.20514336E-01    -12.87294040
    86   12 Mg  -0.20531241E-01    -12.88354855
    87   12 Mg  -0.20531253E-01    -12.88355567
    88   12 Mg  -0.20577199E-01    -12.91238750
    89   12 Mg  -0.20577187E-01    -12.91237977
    90   12 Mg  -0.20514342E-01    -12.87294398
    91   12 Mg  -0.20514335E-01    -12.87293944
    92   12 Mg  -0.20551046E-01    -12.89597582
    93   12 Mg  -0.20551043E-01    -12.89597448
    94   12 Mg  -0.20576954E-01    -12.91223375
    95   12 Mg  -0.20531245E-01    -12.88355099
    96   12 Mg  -0.20626312E-01    -12.94320626
    97   12 Mg  -0.20626308E-01    -12.94320378
    98   12 Mg  -0.20551038E-01    -12.89597125
    99   12 Mg  -0.20551034E-01    -12.89596856
   100   12 Mg  -0.20589339E-01    -12.92000558
   101   12 Mg  -0.20589338E-01    -12.92000460
   102   12 Mg  -0.20589338E-01    -12.92000484
   103   12 Mg  -0.20555680E-01    -12.89888397
   104   12 Mg  -0.20555670E-01    -12.89887740
   105   12 Mg  -0.20555694E-01    -12.89889273
   106   12 Mg  -0.20555809E-01    -12.89896479
   107   12 Mg  -0.20555810E-01    -12.89896578
   108   12 Mg  -0.20555817E-01    -12.89896979
   109   12 Mg  -0.20627820E-01    -12.94415273
   110   12 Mg  -0.20627827E-01    -12.94415697
   111   12 Mg  -0.20627820E-01    -12.94415224
   112   12 Mg  -0.20553964E-01    -12.89780693
   113   12 Mg  -0.20553959E-01    -12.89780400
   114   12 Mg  -0.20553963E-01    -12.89780640
   115   12 Mg  -0.20553964E-01    -12.89780726
   116   12 Mg  -0.20553966E-01    -12.89780814
   117   12 Mg  -0.20553966E-01    -12.89780864
   118   12 Mg  -0.20825370E-01    -13.06811674
   119   12 Mg  -0.20825383E-01    -13.06812524
   120   12 Mg  -0.20825382E-01    -13.06812442
   121   12 Mg  -0.20825372E-01    -13.06811796
   122   12 Mg  -0.20825377E-01    -13.06812128
   123   12 Mg  -0.20825380E-01    -13.06812341
   124   12 Mg  -0.21235492E-01    -13.32547241
   125   12 Mg  -0.21680648E-01    -13.60481221
   126   12 Mg  -0.21680649E-01    -13.60481246
   127   12 Mg  -0.21680654E-01    -13.60481597
   128   12 Mg  -0.20603122E-01    -12.92865409
   129   12 Mg  -0.20675236E-01    -12.97390623
   130   12 Mg  -0.20675226E-01    -12.97390043
   131   12 Mg  -0.20675245E-01    -12.97391204
   132   12 Mg  -0.20675219E-01    -12.97389598
   133   12 Mg  -0.20675222E-01    -12.97389737
   134   12 Mg  -0.20675242E-01    -12.97391032
   135   12 Mg  -0.20549444E-01    -12.89497052
   136   12 Mg  -0.20549451E-01    -12.89497503
   137   12 Mg  -0.20549449E-01    -12.89497415
   138   12 Mg  -0.20576052E-01    -12.91166745
   139   12 Mg  -0.20576055E-01    -12.91166954
   140   12 Mg  -0.20576060E-01    -12.91167242
   141   12 Mg  -0.21007839E-01    -13.18261811
   142   12 Mg  -0.21007850E-01    -13.18262460
   143   12 Mg  -0.21007844E-01    -13.18262118
   144   12 Mg  -0.21007849E-01    -13.18262429
   145   12 Mg  -0.21007846E-01    -13.18262267
   146   12 Mg  -0.21007853E-01    -13.18262686
   147   12 Mg  -0.20694160E-01    -12.98578145
   148   12 Mg  -0.20694161E-01    -12.98578220
   149   12 Mg  -0.20694167E-01    -12.98578588
   150   46 Pd  -0.40079206E-01    -25.15008130
--------------------------------------------------

Dispersion energy:      -3.1278225052859E+00 Eh

[Info] Dispersion energy written to .EDISP
