-----------------------------------
 s i m p l e   D F T - D 3  v1.2.1
-----------------------------------

Zero (Chai-Head-Gordon) damping: pbe-D3(0)
--------------------
  s6         1.0000
  s8         0.7220
  s9         0.0000
 rs6         1.2170
 rs8         1.0000
 alp        14.0000
--------------------

Atomic radii (in Angstrom):
-------------------------------------------
   Z          R(cov)     R(vdw)      r4/r2
-------------------------------------------
  25 Mn       1.4267     1.7731     3.0718
  13 Al       1.5067     2.0053     2.9910
-------------------------------------------

Atomic reference systems (in atomic units):
----------------------------------------------------------------------------
   Z        #      CN    C6(AA)   #      CN    C6(AA)   #      CN    C6(AA)
----------------------------------------------------------------------------
  25 Mn     1  0.0000  802.7484   2  1.6406  239.5554   3  9.8849  113.8463
  13 Al     1  0.0000  540.5406   2  0.9648  437.7575   3  1.9311  256.7497
            4  2.9146  153.5945
----------------------------------------------------------------------------

Dispersion properties (in atomic units):
--------------------------------------------------------
     #    Z                CN       C6(AA)       C8(AA)
--------------------------------------------------------
     1   25 Mn        10.8769     113.8463   11508.8363
     2   25 Mn        10.8769     113.8463   11508.8363
     3   25 Mn        10.8769     113.8463   11508.8363
     4   25 Mn        10.8769     113.8463   11508.8363
     5   25 Mn        10.8769     113.8463   11508.8363
     6   25 Mn        10.8769     113.8463   11508.8363
     7   25 Mn        10.8769     113.8463   11508.8363
     8   25 Mn        10.8769     113.8463   11508.8363
     9   25 Mn        10.8769     113.8463   11508.8363
    10   25 Mn        10.8769     113.8463   11508.8363
    11   25 Mn        10.8769     113.8463   11508.8363
    12   25 Mn        10.8769     113.8463   11508.8363
    13   25 Mn        10.0673     113.8463   11508.8363
    14   25 Mn        10.0673     113.8463   11508.8363
    15   25 Mn        10.0673     113.8463   11508.8363
    16   25 Mn        10.0673     113.8463   11508.8363
    17   25 Mn        10.0673     113.8463   11508.8363
    18   25 Mn        10.0673     113.8463   11508.8363
    19   25 Mn        10.0673     113.8463   11508.8363
    20   25 Mn        10.0673     113.8463   11508.8363
    21   25 Mn        10.0673     113.8463   11508.8363
    22   25 Mn        10.0673     113.8463   11508.8363
    23   25 Mn        10.0673     113.8463   11508.8363
    24   25 Mn        10.0673     113.8463   11508.8363
    25   13 Al        11.0779     153.5945   14720.6445
    26   13 Al        11.0779     153.5945   14720.6445
    27   13 Al        11.0779     153.5945   14720.6445
    28   13 Al        11.0779     153.5945   14720.6445
    29   13 Al        11.0779     153.5945   14720.6445
    30   13 Al        11.0779     153.5945   14720.6445
    31   13 Al        11.8863     153.5945   14720.6445
    32   13 Al        11.8863     153.5945   14720.6445
    33   13 Al        11.8863     153.5945   14720.6445
    34   13 Al        11.8863     153.5945   14720.6445
    35   13 Al        11.8863     153.5945   14720.6445
    36   13 Al        11.8863     153.5945   14720.6445
    37   13 Al        11.1519     153.5945   14720.6445
    38   13 Al        11.1519     153.5945   14720.6445
    39   13 Al        11.1519     153.5945   14720.6445
    40   13 Al        11.1519     153.5945   14720.6445
    41   13 Al        11.1519     153.5945   14720.6445
    42   13 Al        11.1519     153.5945   14720.6445
    43   13 Al        10.3163     153.5945   14720.6445
    44   13 Al        10.3163     153.5945   14720.6445
    45   13 Al        10.3163     153.5945   14720.6445
    46   13 Al        10.3163     153.5945   14720.6445
    47   13 Al        10.3163     153.5945   14720.6445
    48   13 Al        10.3163     153.5945   14720.6445
    49   13 Al        10.3163     153.5945   14720.6445
    50   13 Al        10.3163     153.5945   14720.6445
    51   13 Al        10.3163     153.5945   14720.6445
    52   13 Al        10.3163     153.5945   14720.6445
    53   13 Al        10.3163     153.5945   14720.6445
    54   13 Al        10.3163     153.5945   14720.6445
    55   13 Al        10.0285     153.5945   14720.6445
    56   13 Al        10.0285     153.5945   14720.6445
    57   13 Al        10.0285     153.5945   14720.6445
    58   13 Al        10.0285     153.5945   14720.6445
    59   13 Al        10.0285     153.5945   14720.6445
    60   13 Al        10.0285     153.5945   14720.6445
    61   13 Al        10.0285     153.5945   14720.6445
    62   13 Al        10.0285     153.5945   14720.6445
    63   13 Al        10.0285     153.5945   14720.6445
    64   13 Al        10.0285     153.5945   14720.6445
    65   13 Al        10.0285     153.5945   14720.6445
    66   13 Al        10.0285     153.5945   14720.6445
    67   13 Al        10.8166     153.5945   14720.6445
    68   13 Al        10.8166     153.5945   14720.6445
    69   13 Al        10.8166     153.5945   14720.6445
    70   13 Al        10.8166     153.5945   14720.6445
    71   13 Al        10.8166     153.5945   14720.6445
    72   13 Al        10.8166     153.5945   14720.6445
    73   13 Al        10.8166     153.5945   14720.6445
    74   13 Al        10.8166     153.5945   14720.6445
    75   13 Al        10.8166     153.5945   14720.6445
    76   13 Al        10.8166     153.5945   14720.6445
    77   13 Al        10.8166     153.5945   14720.6445
    78   13 Al        10.8166     153.5945   14720.6445
    79   13 Al        11.0078     153.5945   14720.6445
    80   13 Al        11.0078     153.5945   14720.6445
    81   13 Al        11.0078     153.5945   14720.6445
    82   13 Al        11.0078     153.5945   14720.6445
    83   13 Al        11.0078     153.5945   14720.6445
    84   13 Al        11.0078     153.5945   14720.6445
    85   13 Al        11.0078     153.5945   14720.6445
    86   13 Al        11.0078     153.5945   14720.6445
    87   13 Al        11.0078     153.5945   14720.6445
    88   13 Al        11.0078     153.5945   14720.6445
    89   13 Al        11.0078     153.5945   14720.6445
    90   13 Al        11.0078     153.5945   14720.6445
    91   13 Al        11.3829     153.5945   14720.6445
    92   13 Al        11.3829     153.5945   14720.6445
    93   13 Al        11.3829     153.5945   14720.6445
    94   13 Al        11.3829     153.5945   14720.6445
    95   13 Al        11.3829     153.5945   14720.6445
    96   13 Al        11.3829     153.5945   14720.6445
    97   13 Al        11.3829     153.5945   14720.6445
    98   13 Al        11.3829     153.5945   14720.6445
    99   13 Al        11.3829     153.5945   14720.6445
   100   13 Al        11.3829     153.5945   14720.6445
   101   13 Al        11.3829     153.5945   14720.6445
   102   13 Al        11.3829     153.5945   14720.6445
   103   13 Al        11.3829     153.5945   14720.6445
   104   13 Al        11.3829     153.5945   14720.6445
   105   13 Al        11.3829     153.5945   14720.6445
   106   13 Al        11.3829     153.5945   14720.6445
   107   13 Al        11.3829     153.5945   14720.6445
   108   13 Al        11.3829     153.5945   14720.6445
   109   13 Al        11.3829     153.5945   14720.6445
   110   13 Al        11.3829     153.5945   14720.6445
   111   13 Al        11.3829     153.5945   14720.6445
   112   13 Al        11.3829     153.5945   14720.6445
   113   13 Al        11.3829     153.5945   14720.6445
   114   13 Al        11.3829     153.5945   14720.6445
   115   13 Al        11.6929     153.5945   14720.6445
   116   13 Al        11.6929     153.5945   14720.6445
   117   13 Al        11.6929     153.5945   14720.6445
   118   13 Al        11.6929     153.5945   14720.6445
   119   13 Al        11.6929     153.5945   14720.6445
   120   13 Al        11.6929     153.5945   14720.6445
   121   13 Al        11.6929     153.5945   14720.6445
   122   13 Al        11.6929     153.5945   14720.6445
   123   13 Al        11.6929     153.5945   14720.6445
   124   13 Al        11.6929     153.5945   14720.6445
   125   13 Al        11.6929     153.5945   14720.6445
   126   13 Al        11.6929     153.5945   14720.6445
   127   13 Al        11.6929     153.5945   14720.6445
   128   13 Al        11.6929     153.5945   14720.6445
   129   13 Al        11.6929     153.5945   14720.6445
   130   13 Al        11.6929     153.5945   14720.6445
   131   13 Al        11.6929     153.5945   14720.6445
   132   13 Al        11.6929     153.5945   14720.6445
   133   13 Al        11.6929     153.5945   14720.6445
   134   13 Al        11.6929     153.5945   14720.6445
   135   13 Al        11.6929     153.5945   14720.6445
   136   13 Al        11.6929     153.5945   14720.6445
   137   13 Al        11.6929     153.5945   14720.6445
   138   13 Al        11.6929     153.5945   14720.6445
--------------------------------------------------------

Atom-resolved dispersion energies:
--------------------------------------------------
     #    Z           [Hartree]      [kcal/mol]
--------------------------------------------------
     1   25 Mn  -0.11747492E-01     -7.37166229
     2   25 Mn  -0.11747492E-01     -7.37166229
     3   25 Mn  -0.11747492E-01     -7.37166229
     4   25 Mn  -0.11747492E-01     -7.37166229
     5   25 Mn  -0.11747492E-01     -7.37166229
     6   25 Mn  -0.11747492E-01     -7.37166229
     7   25 Mn  -0.11747492E-01     -7.37166229
     8   25 Mn  -0.11747492E-01     -7.37166229
     9   25 Mn  -0.11747492E-01     -7.37166229
    10   25 Mn  -0.11747492E-01     -7.37166229
    11   25 Mn  -0.11747492E-01     -7.37166229
    12   25 Mn  -0.11747492E-01     -7.37166229
    13   25 Mn  -0.12220206E-01     -7.66829482
    14   25 Mn  -0.12220206E-01     -7.66829482
    15   25 Mn  -0.12220206E-01     -7.66829482
    16   25 Mn  -0.12220206E-01     -7.66829482
    17   25 Mn  -0.12220206E-01     -7.66829482
    18   25 Mn  -0.12220206E-01     -7.66829482
    19   25 Mn  -0.12220206E-01     -7.66829482
    20   25 Mn  -0.12220206E-01     -7.66829482
    21   25 Mn  -0.12220206E-01     -7.66829482
    22   25 Mn  -0.12220206E-01     -7.66829482
    23   25 Mn  -0.12220206E-01     -7.66829482
    24   25 Mn  -0.12220206E-01     -7.66829482
    25   13 Al  -0.87953216E-02     -5.51914761
    26   13 Al  -0.87953216E-02     -5.51914761
    27   13 Al  -0.87953216E-02     -5.51914761
    28   13 Al  -0.87953216E-02     -5.51914761
    29   13 Al  -0.87953216E-02     -5.51914761
    30   13 Al  -0.87953216E-02     -5.51914761
    31   13 Al  -0.88646716E-02     -5.56266540
    32   13 Al  -0.88646716E-02     -5.56266540
    33   13 Al  -0.88646716E-02     -5.56266540
    34   13 Al  -0.88646716E-02     -5.56266540
    35   13 Al  -0.88646716E-02     -5.56266540
    36   13 Al  -0.88646716E-02     -5.56266540
    37   13 Al  -0.89001931E-02     -5.58495551
    38   13 Al  -0.89001931E-02     -5.58495551
    39   13 Al  -0.89001931E-02     -5.58495551
    40   13 Al  -0.89001931E-02     -5.58495551
    41   13 Al  -0.89001931E-02     -5.58495551
    42   13 Al  -0.89001931E-02     -5.58495551
    43   13 Al  -0.87069998E-02     -5.46372488
    44   13 Al  -0.87069998E-02     -5.46372488
    45   13 Al  -0.87069998E-02     -5.46372488
    46   13 Al  -0.87069998E-02     -5.46372488
    47   13 Al  -0.87069998E-02     -5.46372488
    48   13 Al  -0.87069998E-02     -5.46372488
    49   13 Al  -0.87069998E-02     -5.46372488
    50   13 Al  -0.87069998E-02     -5.46372488
    51   13 Al  -0.87069998E-02     -5.46372488
    52   13 Al  -0.87069998E-02     -5.46372488
    53   13 Al  -0.87069998E-02     -5.46372488
    54   13 Al  -0.87069998E-02     -5.46372488
    55   13 Al  -0.87483992E-02     -5.48970340
    56   13 Al  -0.87483992E-02     -5.48970340
    57   13 Al  -0.87483992E-02     -5.48970340
    58   13 Al  -0.87483992E-02     -5.48970340
    59   13 Al  -0.87483992E-02     -5.48970340
    60   13 Al  -0.87483992E-02     -5.48970340
    61   13 Al  -0.87483992E-02     -5.48970340
    62   13 Al  -0.87483992E-02     -5.48970340
    63   13 Al  -0.87483992E-02     -5.48970340
    64   13 Al  -0.87483992E-02     -5.48970340
    65   13 Al  -0.87483992E-02     -5.48970340
    66   13 Al  -0.87483992E-02     -5.48970340
    67   13 Al  -0.82376419E-02     -5.16919833
    68   13 Al  -0.82376419E-02     -5.16919833
    69   13 Al  -0.82376419E-02     -5.16919833
    70   13 Al  -0.82376419E-02     -5.16919833
    71   13 Al  -0.82376419E-02     -5.16919833
    72   13 Al  -0.82376419E-02     -5.16919833
    73   13 Al  -0.82376419E-02     -5.16919833
    74   13 Al  -0.82376419E-02     -5.16919833
    75   13 Al  -0.82376419E-02     -5.16919833
    76   13 Al  -0.82376419E-02     -5.16919833
    77   13 Al  -0.82376419E-02     -5.16919833
    78   13 Al  -0.82376419E-02     -5.16919833
    79   13 Al  -0.83454812E-02     -5.23686854
    80   13 Al  -0.83454812E-02     -5.23686854
    81   13 Al  -0.83454812E-02     -5.23686854
    82   13 Al  -0.83454812E-02     -5.23686854
    83   13 Al  -0.83454812E-02     -5.23686854
    84   13 Al  -0.83454812E-02     -5.23686854
    85   13 Al  -0.83454812E-02     -5.23686854
    86   13 Al  -0.83454812E-02     -5.23686854
    87   13 Al  -0.83454812E-02     -5.23686854
    88   13 Al  -0.83454812E-02     -5.23686854
    89   13 Al  -0.83454812E-02     -5.23686854
    90   13 Al  -0.83454812E-02     -5.23686854
    91   13 Al  -0.83443995E-02     -5.23618977
    92   13 Al  -0.83443995E-02     -5.23618977
    93   13 Al  -0.83443995E-02     -5.23618977
    94   13 Al  -0.83443995E-02     -5.23618977
    95   13 Al  -0.83443995E-02     -5.23618977
    96   13 Al  -0.83443995E-02     -5.23618977
    97   13 Al  -0.83443995E-02     -5.23618977
    98   13 Al  -0.83443995E-02     -5.23618977
    99   13 Al  -0.83443995E-02     -5.23618977
   100   13 Al  -0.83443995E-02     -5.23618977
   101   13 Al  -0.83443995E-02     -5.23618977
   102   13 Al  -0.83443995E-02     -5.23618977
   103   13 Al  -0.83443995E-02     -5.23618977
   104   13 Al  -0.83443995E-02     -5.23618977
   105   13 Al  -0.83443995E-02     -5.23618977
   106   13 Al  -0.83443995E-02     -5.23618977
   107   13 Al  -0.83443995E-02     -5.23618977
   108   13 Al  -0.83443995E-02     -5.23618977
   109   13 Al  -0.83443995E-02     -5.23618977
   110   13 Al  -0.83443995E-02     -5.23618977
   111   13 Al  -0.83443995E-02     -5.23618977
   112   13 Al  -0.83443995E-02     -5.23618977
   113   13 Al  -0.83443995E-02     -5.23618977
   114   13 Al  -0.83443995E-02     -5.23618977
   115   13 Al  -0.83456137E-02     -5.23695166
   116   13 Al  -0.83456137E-02     -5.23695166
   117   13 Al  -0.83456137E-02     -5.23695166
   118   13 Al  -0.83456137E-02     -5.23695166
   119   13 Al  -0.83456137E-02     -5.23695166
   120   13 Al  -0.83456137E-02     -5.23695166
   121   13 Al  -0.83456137E-02     -5.23695166
   122   13 Al  -0.83456137E-02     -5.23695166
   123   13 Al  -0.83456137E-02     -5.23695166
   124   13 Al  -0.83456137E-02     -5.23695166
   125   13 Al  -0.83456137E-02     -5.23695166
   126   13 Al  -0.83456137E-02     -5.23695166
   127   13 Al  -0.83456137E-02     -5.23695166
   128   13 Al  -0.83456137E-02     -5.23695166
   129   13 Al  -0.83456137E-02     -5.23695166
   130   13 Al  -0.83456137E-02     -5.23695166
   131   13 Al  -0.83456137E-02     -5.23695166
   132   13 Al  -0.83456137E-02     -5.23695166
   133   13 Al  -0.83456137E-02     -5.23695166
   134   13 Al  -0.83456137E-02     -5.23695166
   135   13 Al  -0.83456137E-02     -5.23695166
   136   13 Al  -0.83456137E-02     -5.23695166
   137   13 Al  -0.83456137E-02     -5.23695166
   138   13 Al  -0.83456137E-02     -5.23695166
--------------------------------------------------

Dispersion energy:      -1.2559960688400E+00 Eh

[Info] Dispersion energy written to .EDISP
