-----------------------------------
 s i m p l e   D F T - D 3  v1.2.1
-----------------------------------

Zero (Chai-Head-Gordon) damping: pbe-D3(0)
--------------------
  s6         1.0000
  s8         0.7220
  s9         0.0000
 rs6         1.2170
 rs8         1.0000
 alp        14.0000
--------------------

Atomic radii (in Angstrom):
-------------------------------------------
   Z          R(cov)     R(vdw)      r4/r2
-------------------------------------------
  29 Cu       1.3467     1.6504     2.7654
   5 B        1.0267     1.6080     1.9286
-------------------------------------------

Atomic reference systems (in atomic units):
----------------------------------------------------------------------------
   Z        #      CN    C6(AA)   #      CN    C6(AA)   #      CN    C6(AA)
----------------------------------------------------------------------------
  29 Cu     1  0.0000  337.1808   2  0.9576  174.9969
   5 B      1  0.0000  107.1777   2  0.9706   75.3686   3  1.9441   53.1128
            4  2.9128   31.4436   5  4.5856   28.0315
----------------------------------------------------------------------------

Dispersion properties (in atomic units):
--------------------------------------------------------
     #    Z                CN       C6(AA)       C8(AA)
--------------------------------------------------------
     1   29 Cu         0.1494     322.6687   26436.5603
     2   29 Cu         0.1495     322.6671   26436.4283
     3   29 Cu         0.1495     322.6671   26436.4294
     4   29 Cu         0.1495     322.6667   26436.3958
     5   29 Cu         0.1494     322.6687   26436.5603
     6   29 Cu         0.1495     322.6671   26436.4284
     7   29 Cu         0.1495     322.6671   26436.4293
     8   29 Cu         0.1495     322.6667   26436.3958
     9   29 Cu         0.1229     325.1494   26639.8055
    10   29 Cu         0.1229     325.1486   26639.7423
    11   29 Cu         0.1228     325.1520   26640.0176
    12   29 Cu         0.1229     325.1490   26639.7727
    13   29 Cu         0.1229     325.1494   26639.8052
    14   29 Cu         0.1229     325.1486   26639.7423
    15   29 Cu         0.1228     325.1520   26640.0176
    16   29 Cu         0.1229     325.1490   26639.7728
    17    5 B          0.2111     103.5058    4124.3350
    18    5 B          0.2110     103.5067    4124.3683
    19    5 B          0.2111     103.5046    4124.2833
    20    5 B          0.2112     103.5039    4124.2562
    21    5 B          0.2111     103.5058    4124.3338
    22    5 B          0.2110     103.5067    4124.3683
    23    5 B          0.2111     103.5046    4124.2833
    24    5 B          0.2112     103.5039    4124.2562
    25    5 B          0.2187     103.3091    4116.4964
    26    5 B          0.2187     103.3081    4116.4558
    27    5 B          0.2188     103.3060    4116.3726
    28    5 B          0.2188     103.3061    4116.3742
    29    5 B          0.2187     103.3091    4116.4969
    30    5 B          0.2187     103.3081    4116.4558
    31    5 B          0.2188     103.3060    4116.3726
    32    5 B          0.2188     103.3061    4116.3742
    33    5 B          0.2213     103.2388    4113.6925
    34    5 B          0.2213     103.2404    4113.7567
    35    5 B          0.2214     103.2379    4113.6586
    36    5 B          0.2214     103.2365    4113.6035
    37    5 B          0.2213     103.2387    4113.6913
    38    5 B          0.2213     103.2404    4113.7567
    39    5 B          0.2214     103.2379    4113.6586
    40    5 B          0.2214     103.2365    4113.6035
    41    5 B          0.2194     103.2893    4115.7066
    42    5 B          0.2195     103.2888    4115.6856
    43    5 B          0.2195     103.2865    4115.5966
    44    5 B          0.2196     103.2858    4115.5673
    45    5 B          0.2194     103.2893    4115.7044
    46    5 B          0.2195     103.2888    4115.6856
    47    5 B          0.2195     103.2865    4115.5966
    48    5 B          0.2196     103.2858    4115.5673
    49    5 B          0.2223     103.2120    4112.6261
    50    5 B          0.2223     103.2135    4112.6842
    51    5 B          0.2224     103.2102    4112.5563
    52    5 B          0.2224     103.2102    4112.5533
    53    5 B          0.2223     103.2120    4112.6261
    54    5 B          0.2223     103.2135    4112.6842
    55    5 B          0.2224     103.2102    4112.5563
    56    5 B          0.2224     103.2102    4112.5533
    57    5 B          0.2872     101.1071    4028.7550
    58    5 B          0.2872     101.1087    4028.8173
    59    5 B          0.2873     101.1018    4028.5418
    60    5 B          0.2874     101.0999    4028.4683
    61    5 B          0.2872     101.1072    4028.7571
    62    5 B          0.2872     101.1087    4028.8173
    63    5 B          0.2873     101.1018    4028.5418
    64    5 B          0.2874     101.0999    4028.4683
    65    5 B          0.2319     102.9459    4102.0221
    66    5 B          0.2319     102.9460    4102.0269
    67    5 B          0.2320     102.9441    4101.9526
    68    5 B          0.2320     102.9435    4101.9291
    69    5 B          0.2319     102.9459    4102.0230
    70    5 B          0.2319     102.9460    4102.0269
    71    5 B          0.2320     102.9441    4101.9526
    72    5 B          0.2320     102.9435    4101.9291
    73    5 B          0.2326     102.9262    4101.2392
    74    5 B          0.2326     102.9272    4101.2770
    75    5 B          0.2327     102.9234    4101.1254
    76    5 B          0.2326     102.9254    4101.2078
    77    5 B          0.2326     102.9262    4101.2392
    78    5 B          0.2326     102.9272    4101.2770
    79    5 B          0.2327     102.9234    4101.1254
    80    5 B          0.2326     102.9254    4101.2078
    81    5 B          0.2265     103.0981    4108.0885
    82    5 B          0.2265     103.0989    4108.1188
    83    5 B          0.2266     103.0963    4108.0141
    84    5 B          0.2266     103.0961    4108.0095
    85    5 B          0.2265     103.0981    4108.0885
    86    5 B          0.2265     103.0989    4108.1188
    87    5 B          0.2266     103.0963    4108.0141
    88    5 B          0.2266     103.0961    4108.0095
    89    5 B          0.3079     100.2762    3995.6458
    90    5 B          0.3079     100.2792    3995.7659
    91    5 B          0.3082     100.2652    3995.2084
    92    5 B          0.3083     100.2608    3995.0319
    93    5 B          0.3079     100.2762    3995.6464
    94    5 B          0.3079     100.2792    3995.7659
    95    5 B          0.3082     100.2652    3995.2084
    96    5 B          0.3083     100.2608    3995.0319
--------------------------------------------------------

Atom-resolved dispersion energies:
--------------------------------------------------
     #    Z           [Hartree]      [kcal/mol]
--------------------------------------------------
     1   29 Cu  -0.10978006E-01     -6.88880273
     2   29 Cu  -0.10977946E-01     -6.88876492
     3   29 Cu  -0.10977933E-01     -6.88875676
     4   29 Cu  -0.10977952E-01     -6.88876893
     5   29 Cu  -0.10978007E-01     -6.88880352
     6   29 Cu  -0.10977943E-01     -6.88876318
     7   29 Cu  -0.10977935E-01     -6.88875806
     8   29 Cu  -0.10977952E-01     -6.88876870
     9   29 Cu  -0.99197374E-02     -6.22472917
    10   29 Cu  -0.99195217E-02     -6.22459383
    11   29 Cu  -0.99200150E-02     -6.22490339
    12   29 Cu  -0.99200350E-02     -6.22491595
    13   29 Cu  -0.99197439E-02     -6.22473330
    14   29 Cu  -0.99195216E-02     -6.22459380
    15   29 Cu  -0.99200150E-02     -6.22490341
    16   29 Cu  -0.99200310E-02     -6.22491346
    17    5 B   -0.41081555E-02     -2.57790650
    18    5 B   -0.41081455E-02     -2.57790025
    19    5 B   -0.41085368E-02     -2.57814575
    20    5 B   -0.41085865E-02     -2.57817696
    21    5 B   -0.41081540E-02     -2.57790555
    22    5 B   -0.41081455E-02     -2.57790025
    23    5 B   -0.41085368E-02     -2.57814575
    24    5 B   -0.41085864E-02     -2.57817692
    25    5 B   -0.44883849E-02     -2.81650408
    26    5 B   -0.44879417E-02     -2.81622596
    27    5 B   -0.44882868E-02     -2.81644246
    28    5 B   -0.44883627E-02     -2.81649010
    29    5 B   -0.44883859E-02     -2.81650466
    30    5 B   -0.44879417E-02     -2.81622595
    31    5 B   -0.44882868E-02     -2.81644246
    32    5 B   -0.44883625E-02     -2.81648999
    33    5 B   -0.45288261E-02     -2.84188131
    34    5 B   -0.45291470E-02     -2.84208264
    35    5 B   -0.45289744E-02     -2.84197434
    36    5 B   -0.45291303E-02     -2.84207220
    37    5 B   -0.45288174E-02     -2.84187585
    38    5 B   -0.45291470E-02     -2.84208266
    39    5 B   -0.45289744E-02     -2.84197434
    40    5 B   -0.45291305E-02     -2.84207229
    41    5 B   -0.42909444E-02     -2.69260829
    42    5 B   -0.42906867E-02     -2.69244654
    43    5 B   -0.42905757E-02     -2.69237690
    44    5 B   -0.42906271E-02     -2.69240915
    45    5 B   -0.42909426E-02     -2.69260714
    46    5 B   -0.42906867E-02     -2.69244657
    47    5 B   -0.42905758E-02     -2.69237694
    48    5 B   -0.42906271E-02     -2.69240915
    49    5 B   -0.42523561E-02     -2.66839372
    50    5 B   -0.42524283E-02     -2.66843902
    51    5 B   -0.42523244E-02     -2.66837387
    52    5 B   -0.42523438E-02     -2.66838602
    53    5 B   -0.42523568E-02     -2.66839420
    54    5 B   -0.42524283E-02     -2.66843906
    55    5 B   -0.42523245E-02     -2.66837389
    56    5 B   -0.42523438E-02     -2.66838603
    57    5 B   -0.46333677E-02     -2.90748211
    58    5 B   -0.46335333E-02     -2.90758602
    59    5 B   -0.46332375E-02     -2.90740040
    60    5 B   -0.46330797E-02     -2.90730143
    61    5 B   -0.46333694E-02     -2.90748322
    62    5 B   -0.46335333E-02     -2.90758607
    63    5 B   -0.46332374E-02     -2.90740038
    64    5 B   -0.46330810E-02     -2.90730221
    65    5 B   -0.45631090E-02     -2.86339412
    66    5 B   -0.45629234E-02     -2.86327767
    67    5 B   -0.45632068E-02     -2.86345552
    68    5 B   -0.45630158E-02     -2.86333565
    69    5 B   -0.45631099E-02     -2.86339469
    70    5 B   -0.45629238E-02     -2.86327791
    71    5 B   -0.45632068E-02     -2.86345548
    72    5 B   -0.45630160E-02     -2.86333579
    73    5 B   -0.45859523E-02     -2.87772853
    74    5 B   -0.45864282E-02     -2.87802712
    75    5 B   -0.45859297E-02     -2.87771435
    76    5 B   -0.45863385E-02     -2.87797084
    77    5 B   -0.45859518E-02     -2.87772821
    78    5 B   -0.45864290E-02     -2.87802763
    79    5 B   -0.45859297E-02     -2.87771433
    80    5 B   -0.45863391E-02     -2.87797122
    81    5 B   -0.44626873E-02     -2.80037858
    82    5 B   -0.44621496E-02     -2.80004116
    83    5 B   -0.44627722E-02     -2.80043182
    84    5 B   -0.44627370E-02     -2.80040977
    85    5 B   -0.44626871E-02     -2.80037844
    86    5 B   -0.44621497E-02     -2.80004123
    87    5 B   -0.44627722E-02     -2.80043182
    88    5 B   -0.44627375E-02     -2.80041004
    89    5 B   -0.41514932E-02     -2.60510134
    90    5 B   -0.41515057E-02     -2.60510916
    91    5 B   -0.41512425E-02     -2.60494398
    92    5 B   -0.41513113E-02     -2.60498718
    93    5 B   -0.41514929E-02     -2.60510114
    94    5 B   -0.41515057E-02     -2.60510917
    95    5 B   -0.41512425E-02     -2.60494397
    96    5 B   -0.41513117E-02     -2.60498740
--------------------------------------------------

Dispersion energy:      -5.1970386008811E-01 Eh

[Info] Dispersion energy written to .EDISP
