-----------------------------------
 s i m p l e   D F T - D 3  v1.2.1
-----------------------------------

Zero (Chai-Head-Gordon) damping: pbe-D3(0)
--------------------
  s6         1.0000
  s8         0.7220
  s9         0.0000
 rs6         1.2170
 rs8         1.0000
 alp        14.0000
--------------------

Atomic radii (in Angstrom):
-------------------------------------------
   Z          R(cov)     R(vdw)      r4/r2
-------------------------------------------
  59 Pr       2.1067     2.2851     4.7480
  30 Zn       1.4533     1.6155     2.6978
-------------------------------------------

Atomic reference systems (in atomic units):
----------------------------------------------------------------------------
   Z        #      CN    C6(AA)   #      CN    C6(AA)   #      CN    C6(AA)
----------------------------------------------------------------------------
  59 Pr     1  0.0000 4342.2386   2  2.9425  647.0250
  30 Zn     1  0.0000  340.5213   2  1.9419  153.4528
----------------------------------------------------------------------------

Dispersion properties (in atomic units):
--------------------------------------------------------
     #    Z                CN       C6(AA)       C8(AA)
--------------------------------------------------------
     1   59 Pr         2.1664     647.0251  156264.6598
     2   59 Pr         2.1664     647.0251  156264.6598
     3   59 Pr         2.1664     647.0251  156264.6598
     4   59 Pr         2.1664     647.0251  156264.6598
     5   59 Pr         2.3472     647.0250  156264.6289
     6   59 Pr         2.3472     647.0250  156264.6289
     7   30 Zn         1.3227     154.0461   12011.5984
     8   30 Zn         1.3226     154.0462   12011.6073
     9   30 Zn         1.3227     154.0461   12011.5984
    10   30 Zn         1.3227     154.0459   12011.5867
    11   30 Zn         1.3227     154.0459   12011.5867
    12   30 Zn         1.3227     154.0461   12011.5956
    13   30 Zn         1.3226     154.0462   12011.6073
    14   30 Zn         1.3227     154.0461   12011.5956
    15   30 Zn         1.3227     154.0461   12011.5984
    16   30 Zn         1.3226     154.0462   12011.6073
    17   30 Zn         1.3227     154.0461   12011.5984
    18   30 Zn         1.3227     154.0459   12011.5867
    19   30 Zn         1.3227     154.0459   12011.5867
    20   30 Zn         1.3227     154.0461   12011.5956
    21   30 Zn         1.3226     154.0462   12011.6073
    22   30 Zn         1.3227     154.0461   12011.5956
    23   30 Zn         1.3143     154.1286   12018.0292
    24   30 Zn         1.3143     154.1286   12018.0292
    25   30 Zn         1.3143     154.1286   12018.0323
    26   30 Zn         1.3143     154.1286   12018.0323
    27   30 Zn         1.3143     154.1286   12018.0292
    28   30 Zn         1.3143     154.1286   12018.0292
    29   30 Zn         1.3143     154.1286   12018.0323
    30   30 Zn         1.3143     154.1286   12018.0323
    31   30 Zn         1.3159     154.1114   12016.6907
    32   30 Zn         1.3159     154.1114   12016.6907
    33   30 Zn         1.3159     154.1114   12016.6902
    34   30 Zn         1.3159     154.1114   12016.6902
    35   30 Zn         1.3159     154.1114   12016.6907
    36   30 Zn         1.3159     154.1114   12016.6907
    37   30 Zn         1.3159     154.1114   12016.6902
    38   30 Zn         1.3159     154.1114   12016.6902
    39   30 Zn         1.4112     153.6031   11977.0603
    40   30 Zn         1.4112     153.6031   11977.0603
    41   30 Zn         1.4111     153.6032   11977.0634
    42   30 Zn         1.4111     153.6032   11977.0634
    43   30 Zn         1.4112     153.6031   11977.0603
    44   30 Zn         1.4112     153.6031   11977.0603
    45   30 Zn         1.4111     153.6032   11977.0634
    46   30 Zn         1.4111     153.6032   11977.0634
    47   30 Zn         1.6956     153.4546   11965.4787
    48   30 Zn         1.6956     153.4546   11965.4787
    49   30 Zn         1.6957     153.4546   11965.4786
    50   30 Zn         1.6957     153.4546   11965.4786
--------------------------------------------------------

Atom-resolved dispersion energies:
--------------------------------------------------
     #    Z           [Hartree]      [kcal/mol]
--------------------------------------------------
     1   59 Pr  -0.11267032E-01     -7.07016941
     2   59 Pr  -0.11267032E-01     -7.07016941
     3   59 Pr  -0.11267032E-01     -7.07016941
     4   59 Pr  -0.11267032E-01     -7.07016941
     5   59 Pr  -0.11625776E-01     -7.29528469
     6   59 Pr  -0.11625776E-01     -7.29528469
     7   30 Zn  -0.75853695E-02     -4.75989122
     8   30 Zn  -0.75853866E-02     -4.75990193
     9   30 Zn  -0.75853695E-02     -4.75989122
    10   30 Zn  -0.75853463E-02     -4.75987667
    11   30 Zn  -0.75853463E-02     -4.75987667
    12   30 Zn  -0.75853634E-02     -4.75988738
    13   30 Zn  -0.75853866E-02     -4.75990193
    14   30 Zn  -0.75853634E-02     -4.75988738
    15   30 Zn  -0.75853695E-02     -4.75989122
    16   30 Zn  -0.75853866E-02     -4.75990193
    17   30 Zn  -0.75853695E-02     -4.75989122
    18   30 Zn  -0.75853463E-02     -4.75987667
    19   30 Zn  -0.75853463E-02     -4.75987667
    20   30 Zn  -0.75853634E-02     -4.75988738
    21   30 Zn  -0.75853866E-02     -4.75990193
    22   30 Zn  -0.75853634E-02     -4.75988738
    23   30 Zn  -0.76259308E-02     -4.78534380
    24   30 Zn  -0.76259308E-02     -4.78534380
    25   30 Zn  -0.76259280E-02     -4.78534204
    26   30 Zn  -0.76259280E-02     -4.78534204
    27   30 Zn  -0.76259308E-02     -4.78534380
    28   30 Zn  -0.76259308E-02     -4.78534380
    29   30 Zn  -0.76259280E-02     -4.78534204
    30   30 Zn  -0.76259280E-02     -4.78534204
    31   30 Zn  -0.79663604E-02     -4.99896660
    32   30 Zn  -0.79663604E-02     -4.99896660
    33   30 Zn  -0.79663630E-02     -4.99896824
    34   30 Zn  -0.79663630E-02     -4.99896824
    35   30 Zn  -0.79663604E-02     -4.99896660
    36   30 Zn  -0.79663604E-02     -4.99896660
    37   30 Zn  -0.79663630E-02     -4.99896824
    38   30 Zn  -0.79663630E-02     -4.99896824
    39   30 Zn  -0.78313381E-02     -4.91423887
    40   30 Zn  -0.78313381E-02     -4.91423887
    41   30 Zn  -0.78313564E-02     -4.91425034
    42   30 Zn  -0.78313564E-02     -4.91425034
    43   30 Zn  -0.78313381E-02     -4.91423887
    44   30 Zn  -0.78313381E-02     -4.91423887
    45   30 Zn  -0.78313564E-02     -4.91425034
    46   30 Zn  -0.78313564E-02     -4.91425034
    47   30 Zn  -0.73207900E-02     -4.59386507
    48   30 Zn  -0.73207900E-02     -4.59386507
    49   30 Zn  -0.73207780E-02     -4.59385756
    50   30 Zn  -0.73207780E-02     -4.59385756
--------------------------------------------------

Dispersion energy:      -4.0635778615471E-01 Eh

[Info] Dispersion energy written to .EDISP
