-----------------------------------
 s i m p l e   D F T - D 3  v1.2.1
-----------------------------------

Zero (Chai-Head-Gordon) damping: pbe-D3(0)
--------------------
  s6         1.0000
  s8         0.7220
  s9         0.0000
 rs6         1.2170
 rs8         1.0000
 alp        14.0000
--------------------

Atomic radii (in Angstrom):
-------------------------------------------
   Z          R(cov)     R(vdw)      r4/r2
-------------------------------------------
  25 Mn       1.4267     1.7731     3.0718
  51 Sb       1.6800     2.0075     3.1650
-------------------------------------------

Atomic reference systems (in atomic units):
----------------------------------------------------------------------------
   Z        #      CN    C6(AA)   #      CN    C6(AA)   #      CN    C6(AA)
----------------------------------------------------------------------------
  25 Mn     1  0.0000  802.7484   2  1.6406  239.5554   3  9.8849  113.8463
  51 Sb     1  0.0000  492.9379   2  0.9749  473.4703   3  1.9523  448.0573
            4  2.9315  417.3790
----------------------------------------------------------------------------

Dispersion properties (in atomic units):
--------------------------------------------------------
     #    Z                CN       C6(AA)       C8(AA)
--------------------------------------------------------
     1   25 Mn         0.0116     802.7296   81148.7404
     2   25 Mn         0.0114     802.7297   81148.7451
     3   25 Mn         0.0110     802.7298   81148.7533
     4   25 Mn         0.0115     802.7296   81148.7412
     5   25 Mn         0.0111     802.7297   81148.7510
     6   25 Mn         0.0115     802.7296   81148.7411
     7   25 Mn         0.0115     802.7296   81148.7415
     8   25 Mn         0.0122     802.7295   81148.7239
     9   25 Mn         0.0124     802.7294   81148.7205
    10   25 Mn         0.0114     802.7297   81148.7436
    11   25 Mn         0.0115     802.7296   81148.7424
    12   25 Mn         0.0113     802.7297   81148.7461
    13   25 Mn         0.0111     802.7297   81148.7517
    14   25 Mn         0.0121     802.7295   81148.7275
    15   25 Mn         0.0120     802.7295   81148.7292
    16   25 Mn         0.0117     802.7296   81148.7367
    17   25 Mn         0.0116     802.7296   81148.7386
    18   25 Mn         0.0119     802.7295   81148.7307
    19   25 Mn         0.0121     802.7295   81148.7266
    20   25 Mn         0.0110     802.7298   81148.7536
    21   25 Mn         0.0111     802.7297   81148.7508
    22   25 Mn         0.0112     802.7297   81148.7505
    23   25 Mn         0.0114     802.7297   81148.7450
    24   25 Mn         0.0116     802.7296   81148.7390
    25   25 Mn         0.0117     802.7296   81148.7377
    26   25 Mn         0.0184     802.7279   81148.5625
    27   25 Mn         0.0116     802.7296   81148.7397
    28   51 Sb         0.0122     492.4644   52847.9180
    29   51 Sb         0.0159     492.4508   52846.4633
    30   51 Sb         0.0123     492.4641   52847.8904
    31   51 Sb         0.0124     492.4636   52847.8315
    32   51 Sb         0.0122     492.4646   52847.9383
    33   51 Sb         0.0121     492.4649   52847.9687
    34   51 Sb         0.0124     492.4636   52847.8292
    35   51 Sb         0.0122     492.4645   52847.9321
    36   51 Sb         0.0123     492.4641   52847.8873
    37   51 Sb         0.0125     492.4632   52847.7901
    38   51 Sb         0.0127     492.4628   52847.7450
    39   51 Sb         0.0123     492.4640   52847.8758
    40   51 Sb         0.0124     492.4636   52847.8313
    41   51 Sb         0.0122     492.4646   52847.9384
    42   51 Sb         0.0124     492.4637   52847.8437
    43   51 Sb         0.0122     492.4644   52847.9209
    44   51 Sb         0.0123     492.4640   52847.8714
    45   51 Sb         0.0156     492.4522   52846.6063
    46   51 Sb         0.0136     492.4595   52847.3946
    47   51 Sb         0.0154     492.4527   52846.6660
    48   51 Sb         0.0122     492.4645   52847.9285
    49   51 Sb         0.0122     492.4644   52847.9180
    50   51 Sb         0.0136     492.4593   52847.3671
    51   51 Sb         0.0121     492.4647   52847.9493
    52   51 Sb         0.0122     492.4644   52847.9192
    53   51 Sb         0.0125     492.4634   52847.8084
--------------------------------------------------------

Atom-resolved dispersion energies:
--------------------------------------------------
     #    Z           [Hartree]      [kcal/mol]
--------------------------------------------------
     1   25 Mn  -0.53481924E-02     -3.35604143
     2   25 Mn  -0.47534401E-02     -2.98282873
     3   25 Mn  -0.47161155E-02     -2.95940713
     4   25 Mn  -0.47762174E-02     -2.99712164
     5   25 Mn  -0.47221885E-02     -2.96321804
     6   25 Mn  -0.47788719E-02     -2.99878737
     7   25 Mn  -0.47931301E-02     -3.00773455
     8   25 Mn  -0.48653848E-02     -3.05307503
     9   25 Mn  -0.48811286E-02     -3.06295442
    10   25 Mn  -0.47852682E-02     -3.00280113
    11   25 Mn  -0.47939573E-02     -3.00825365
    12   25 Mn  -0.47611238E-02     -2.98765027
    13   25 Mn  -0.47250028E-02     -2.96498400
    14   25 Mn  -0.48709732E-02     -3.05658180
    15   25 Mn  -0.48405477E-02     -3.03748953
    16   25 Mn  -0.53336961E-02     -3.34694481
    17   25 Mn  -0.53255134E-02     -3.34181012
    18   25 Mn  -0.48275689E-02     -3.02934520
    19   25 Mn  -0.48630178E-02     -3.05158977
    20   25 Mn  -0.46912948E-02     -2.94383196
    21   25 Mn  -0.47145993E-02     -2.95845570
    22   25 Mn  -0.47203769E-02     -2.96208123
    23   25 Mn  -0.47747769E-02     -2.99621774
    24   25 Mn  -0.53232624E-02     -3.34039758
    25   25 Mn  -0.53227661E-02     -3.34008619
    26   25 Mn  -0.73027442E-02     -4.58254120
    27   25 Mn  -0.53408495E-02     -3.35143364
    28   51 Sb  -0.37337296E-02     -2.34295069
    29   51 Sb  -0.43522200E-02     -2.73105929
    30   51 Sb  -0.37453601E-02     -2.35024895
    31   51 Sb  -0.37675696E-02     -2.36418565
    32   51 Sb  -0.37254685E-02     -2.33776675
    33   51 Sb  -0.37032966E-02     -2.32385370
    34   51 Sb  -0.37665466E-02     -2.36354370
    35   51 Sb  -0.37232034E-02     -2.33634538
    36   51 Sb  -0.37451464E-02     -2.35011485
    37   51 Sb  -0.37893131E-02     -2.37782987
    38   51 Sb  -0.37971726E-02     -2.38276179
    39   51 Sb  -0.37506239E-02     -2.35355206
    40   51 Sb  -0.37676096E-02     -2.36421073
    41   51 Sb  -0.37144389E-02     -2.33084561
    42   51 Sb  -0.37589294E-02     -2.35876384
    43   51 Sb  -0.37264185E-02     -2.33836291
    44   51 Sb  -0.37505196E-02     -2.35348661
    45   51 Sb  -0.43489692E-02     -2.72901938
    46   51 Sb  -0.41468718E-02     -2.60220133
    47   51 Sb  -0.43245362E-02     -2.71368742
    48   51 Sb  -0.37358362E-02     -2.34427260
    49   51 Sb  -0.37253651E-02     -2.33770192
    50   51 Sb  -0.41585538E-02     -2.60953194
    51   51 Sb  -0.37095989E-02     -2.32780846
    52   51 Sb  -0.37320133E-02     -2.34187370
    53   51 Sb  -0.37762069E-02     -2.36960560
--------------------------------------------------

Dispersion energy:      -2.3492752646036E-01 Eh

[Info] Dispersion energy written to .EDISP
