-----------------------------------
 s i m p l e   D F T - D 3  v1.2.1
-----------------------------------

Zero (Chai-Head-Gordon) damping: pbe-D3(0)
--------------------
  s6         1.0000
  s8         0.7220
  s9         0.0000
 rs6         1.2170
 rs8         1.0000
 alp        14.0000
--------------------

Atomic radii (in Angstrom):
-------------------------------------------
   Z          R(cov)     R(vdw)      r4/r2
-------------------------------------------
  25 Mn       1.4267     1.7731     3.0718
  51 Sb       1.6800     2.0075     3.1650
-------------------------------------------

Atomic reference systems (in atomic units):
----------------------------------------------------------------------------
   Z        #      CN    C6(AA)   #      CN    C6(AA)   #      CN    C6(AA)
----------------------------------------------------------------------------
  25 Mn     1  0.0000  802.7484   2  1.6406  239.5554   3  9.8849  113.8463
  51 Sb     1  0.0000  492.9379   2  0.9749  473.4703   3  1.9523  448.0573
            4  2.9315  417.3790
----------------------------------------------------------------------------

Dispersion properties (in atomic units):
--------------------------------------------------------
     #    Z                CN       C6(AA)       C8(AA)
--------------------------------------------------------
     1   25 Mn         0.0021     802.7318   81148.9622
     2   25 Mn         0.0020     802.7318   81148.9636
     3   25 Mn         0.0020     802.7318   81148.9645
     4   25 Mn         0.0020     802.7318   81148.9632
     5   25 Mn         0.0020     802.7318   81148.9643
     6   25 Mn         0.0020     802.7318   81148.9631
     7   25 Mn         0.0020     802.7318   81148.9631
     8   25 Mn         0.0021     802.7318   81148.9612
     9   25 Mn         0.0022     802.7318   81148.9608
    10   25 Mn         0.0020     802.7318   81148.9634
    11   25 Mn         0.0020     802.7318   81148.9633
    12   25 Mn         0.0020     802.7318   81148.9637
    13   25 Mn         0.0020     802.7318   81148.9644
    14   25 Mn         0.0021     802.7318   81148.9616
    15   25 Mn         0.0021     802.7318   81148.9618
    16   25 Mn         0.0021     802.7318   81148.9618
    17   25 Mn         0.0021     802.7318   81148.9620
    18   25 Mn         0.0021     802.7318   81148.9620
    19   25 Mn         0.0021     802.7318   81148.9615
    20   25 Mn         0.0020     802.7318   81148.9646
    21   25 Mn         0.0020     802.7318   81148.9643
    22   25 Mn         0.0020     802.7318   81148.9642
    23   25 Mn         0.0020     802.7318   81148.9636
    24   25 Mn         0.0021     802.7318   81148.9621
    25   25 Mn         0.0021     802.7318   81148.9620
    26   25 Mn         0.0030     802.7316   81148.9421
    27   25 Mn         0.0021     802.7318   81148.9622
    28   51 Sb         0.0022     492.4991   52851.6364
    29   51 Sb         0.0027     492.4973   52851.4535
    30   51 Sb         0.0022     492.4990   52851.6303
    31   51 Sb         0.0023     492.4990   52851.6263
    32   51 Sb         0.0022     492.4991   52851.6388
    33   51 Sb         0.0022     492.4991   52851.6448
    34   51 Sb         0.0023     492.4989   52851.6247
    35   51 Sb         0.0022     492.4991   52851.6388
    36   51 Sb         0.0022     492.4990   52851.6315
    37   51 Sb         0.0023     492.4989   52851.6189
    38   51 Sb         0.0023     492.4989   52851.6158
    39   51 Sb         0.0022     492.4990   52851.6300
    40   51 Sb         0.0023     492.4989   52851.6233
    41   51 Sb         0.0022     492.4991   52851.6413
    42   51 Sb         0.0023     492.4990   52851.6279
    43   51 Sb         0.0022     492.4991   52851.6372
    44   51 Sb         0.0022     492.4990   52851.6299
    45   51 Sb         0.0027     492.4975   52851.4704
    46   51 Sb         0.0024     492.4984   52851.5621
    47   51 Sb         0.0027     492.4976   52851.4766
    48   51 Sb         0.0022     492.4990   52851.6359
    49   51 Sb         0.0022     492.4991   52851.6373
    50   51 Sb         0.0024     492.4983   52851.5586
    51   51 Sb         0.0022     492.4991   52851.6416
    52   51 Sb         0.0022     492.4990   52851.6354
    53   51 Sb         0.0023     492.4989   52851.6233
--------------------------------------------------------

Atom-resolved dispersion energies:
--------------------------------------------------
     #    Z           [Hartree]      [kcal/mol]
--------------------------------------------------
     1   25 Mn  -0.14953286E-02     -0.93833284
     2   25 Mn  -0.13279052E-02     -0.83327307
     3   25 Mn  -0.13113001E-02     -0.82285325
     4   25 Mn  -0.13367306E-02     -0.83881114
     5   25 Mn  -0.13144835E-02     -0.82485084
     6   25 Mn  -0.13371740E-02     -0.83908935
     7   25 Mn  -0.13418683E-02     -0.84203508
     8   25 Mn  -0.13736794E-02     -0.86199684
     9   25 Mn  -0.13802828E-02     -0.86614055
    10   25 Mn  -0.13383134E-02     -0.83980435
    11   25 Mn  -0.13420343E-02     -0.84213923
    12   25 Mn  -0.13299931E-02     -0.83458327
    13   25 Mn  -0.13151285E-02     -0.82525557
    14   25 Mn  -0.13741547E-02     -0.86229509
    15   25 Mn  -0.13630462E-02     -0.85532439
    16   25 Mn  -0.14891166E-02     -0.93443477
    17   25 Mn  -0.14858493E-02     -0.93238452
    18   25 Mn  -0.13581729E-02     -0.85226639
    19   25 Mn  -0.13720458E-02     -0.86097172
    20   25 Mn  -0.13033779E-02     -0.81788197
    21   25 Mn  -0.13123141E-02     -0.82348954
    22   25 Mn  -0.13137738E-02     -0.82440552
    23   25 Mn  -0.13349270E-02     -0.83767932
    24   25 Mn  -0.14862878E-02     -0.93265969
    25   25 Mn  -0.14864143E-02     -0.93273906
    26   25 Mn  -0.21672099E-02     -1.35994475
    27   25 Mn  -0.14932991E-02     -0.93705930
    28   51 Sb  -0.10446282E-02     -0.65551410
    29   51 Sb  -0.12652830E-02     -0.79397709
    30   51 Sb  -0.10488637E-02     -0.65817188
    31   51 Sb  -0.10584630E-02     -0.66419556
    32   51 Sb  -0.10412369E-02     -0.65338603
    33   51 Sb  -0.10357973E-02     -0.64997260
    34   51 Sb  -0.10580289E-02     -0.66392313
    35   51 Sb  -0.10413752E-02     -0.65347280
    36   51 Sb  -0.10493213E-02     -0.65845905
    37   51 Sb  -0.10650853E-02     -0.66835114
    38   51 Sb  -0.10701344E-02     -0.67151947
    39   51 Sb  -0.10509345E-02     -0.65947135
    40   51 Sb  -0.10577691E-02     -0.66376014
    41   51 Sb  -0.10402022E-02     -0.65273671
    42   51 Sb  -0.10554253E-02     -0.66228935
    43   51 Sb  -0.10438452E-02     -0.65502275
    44   51 Sb  -0.10517420E-02     -0.65997809
    45   51 Sb  -0.12569749E-02     -0.78876367
    46   51 Sb  -0.11661119E-02     -0.73174627
    47   51 Sb  -0.12479428E-02     -0.78309596
    48   51 Sb  -0.10444261E-02     -0.65538729
    49   51 Sb  -0.10438026E-02     -0.65499604
    50   51 Sb  -0.11703308E-02     -0.73439369
    51   51 Sb  -0.10385400E-02     -0.65169371
    52   51 Sb  -0.10442253E-02     -0.65526128
    53   51 Sb  -0.10616811E-02     -0.66621493
--------------------------------------------------

Dispersion energy:      -6.6036382302022E-02 Eh

[Info] Dispersion energy written to .EDISP
