-----------------------------------
 s i m p l e   D F T - D 3  v1.2.1
-----------------------------------

Zero (Chai-Head-Gordon) damping: pbe-D3(0)
--------------------
  s6         1.0000
  s8         0.7220
  s9         0.0000
 rs6         1.2170
 rs8         1.0000
 alp        14.0000
--------------------

Atomic radii (in Angstrom):
-------------------------------------------
   Z          R(cov)     R(vdw)      r4/r2
-------------------------------------------
  25 Mn       1.4267     1.7731     3.0718
  51 Sb       1.6800     2.0075     3.1650
-------------------------------------------

Atomic reference systems (in atomic units):
----------------------------------------------------------------------------
   Z        #      CN    C6(AA)   #      CN    C6(AA)   #      CN    C6(AA)
----------------------------------------------------------------------------
  25 Mn     1  0.0000  802.7484   2  1.6406  239.5554   3  9.8849  113.8463
  51 Sb     1  0.0000  492.9379   2  0.9749  473.4703   3  1.9523  448.0573
            4  2.9315  417.3790
----------------------------------------------------------------------------

Dispersion properties (in atomic units):
--------------------------------------------------------
     #    Z                CN       C6(AA)       C8(AA)
--------------------------------------------------------
     1   25 Mn         0.0018     802.7319   81148.9684
     2   25 Mn         0.0017     802.7319   81148.9697
     3   25 Mn         0.0017     802.7319   81148.9704
     4   25 Mn         0.0018     802.7319   81148.9693
     5   25 Mn         0.0017     802.7319   81148.9702
     6   25 Mn         0.0018     802.7319   81148.9693
     7   25 Mn         0.0018     802.7319   81148.9693
     8   25 Mn         0.0018     802.7319   81148.9677
     9   25 Mn         0.0019     802.7319   81148.9674
    10   25 Mn         0.0018     802.7319   81148.9695
    11   25 Mn         0.0018     802.7319   81148.9694
    12   25 Mn         0.0017     802.7319   81148.9698
    13   25 Mn         0.0017     802.7319   81148.9703
    14   25 Mn         0.0018     802.7319   81148.9680
    15   25 Mn         0.0018     802.7319   81148.9682
    16   25 Mn         0.0018     802.7319   81148.9681
    17   25 Mn         0.0018     802.7319   81148.9683
    18   25 Mn         0.0018     802.7319   81148.9683
    19   25 Mn         0.0018     802.7319   81148.9679
    20   25 Mn         0.0017     802.7319   81148.9705
    21   25 Mn         0.0017     802.7319   81148.9702
    22   25 Mn         0.0017     802.7319   81148.9702
    23   25 Mn         0.0018     802.7319   81148.9696
    24   25 Mn         0.0018     802.7319   81148.9684
    25   25 Mn         0.0018     802.7319   81148.9682
    26   25 Mn         0.0026     802.7317   81148.9517
    27   25 Mn         0.0018     802.7319   81148.9684
    28   51 Sb         0.0019     492.5001   52851.7436
    29   51 Sb         0.0023     492.4987   52851.5962
    30   51 Sb         0.0019     492.5000   52851.7407
    31   51 Sb         0.0020     492.5000   52851.7353
    32   51 Sb         0.0019     492.5001   52851.7456
    33   51 Sb         0.0019     492.5001   52851.7509
    34   51 Sb         0.0020     492.5000   52851.7350
    35   51 Sb         0.0019     492.5001   52851.7458
    36   51 Sb         0.0019     492.5000   52851.7406
    37   51 Sb         0.0020     492.4999   52851.7289
    38   51 Sb         0.0020     492.4999   52851.7265
    39   51 Sb         0.0019     492.5000   52851.7383
    40   51 Sb         0.0020     492.5000   52851.7348
    41   51 Sb         0.0019     492.5001   52851.7480
    42   51 Sb         0.0020     492.5000   52851.7367
    43   51 Sb         0.0019     492.5001   52851.7444
    44   51 Sb         0.0019     492.5000   52851.7393
    45   51 Sb         0.0023     492.4988   52851.6070
    46   51 Sb         0.0021     492.4995   52851.6809
    47   51 Sb         0.0023     492.4988   52851.6132
    48   51 Sb         0.0019     492.5000   52851.7430
    49   51 Sb         0.0019     492.5001   52851.7445
    50   51 Sb         0.0021     492.4994   52851.6780
    51   51 Sb         0.0019     492.5001   52851.7481
    52   51 Sb         0.0019     492.5001   52851.7439
    53   51 Sb         0.0020     492.5000   52851.7328
--------------------------------------------------------

Atom-resolved dispersion energies:
--------------------------------------------------
     #    Z           [Hartree]      [kcal/mol]
--------------------------------------------------
     1   25 Mn  -0.13050748E-02     -0.81894682
     2   25 Mn  -0.11590610E-02     -0.72732174
     3   25 Mn  -0.11444989E-02     -0.71818392
     4   25 Mn  -0.11668215E-02     -0.73219152
     5   25 Mn  -0.11473247E-02     -0.71995713
     6   25 Mn  -0.11671944E-02     -0.73242552
     7   25 Mn  -0.11713087E-02     -0.73500730
     8   25 Mn  -0.11993685E-02     -0.75261508
     9   25 Mn  -0.12051723E-02     -0.75625702
    10   25 Mn  -0.11681575E-02     -0.73302992
    11   25 Mn  -0.11714512E-02     -0.73509670
    12   25 Mn  -0.11608633E-02     -0.72845275
    13   25 Mn  -0.11478603E-02     -0.72029322
    14   25 Mn  -0.11997343E-02     -0.75284467
    15   25 Mn  -0.11899817E-02     -0.74672479
    16   25 Mn  -0.12996216E-02     -0.81552486
    17   25 Mn  -0.12967840E-02     -0.81374422
    18   25 Mn  -0.11857029E-02     -0.74403978
    19   25 Mn  -0.11978936E-02     -0.75168958
    20   25 Mn  -0.11375718E-02     -0.71383706
    21   25 Mn  -0.11454365E-02     -0.71877227
    22   25 Mn  -0.11467016E-02     -0.71956612
    23   25 Mn  -0.11652153E-02     -0.73118363
    24   25 Mn  -0.12971918E-02     -0.81400015
    25   25 Mn  -0.12972964E-02     -0.81406576
    26   25 Mn  -0.18944629E-02     -1.18879345
    27   25 Mn  -0.13033053E-02     -0.81783641
    28   51 Sb  -0.91181025E-03     -0.57216957
    29   51 Sb  -0.11058805E-02     -0.69395051
    30   51 Sb  -0.91556230E-03     -0.57452402
    31   51 Sb  -0.92396836E-03     -0.57979890
    32   51 Sb  -0.90883211E-03     -0.57030076
    33   51 Sb  -0.90409072E-03     -0.56732549
    34   51 Sb  -0.92358577E-03     -0.57955882
    35   51 Sb  -0.90895807E-03     -0.57037980
    36   51 Sb  -0.91591531E-03     -0.57474553
    37   51 Sb  -0.92976630E-03     -0.58343716
    38   51 Sb  -0.93421619E-03     -0.58622951
    39   51 Sb  -0.91735897E-03     -0.57565145
    40   51 Sb  -0.92336462E-03     -0.57942005
    41   51 Sb  -0.90796030E-03     -0.56975369
    42   51 Sb  -0.92133587E-03     -0.57814699
    43   51 Sb  -0.91113278E-03     -0.57174445
    44   51 Sb  -0.91807287E-03     -0.57609943
    45   51 Sb  -0.10982535E-02     -0.68916448
    46   51 Sb  -0.10179017E-02     -0.63874296
    47   51 Sb  -0.10903484E-02     -0.68420394
    48   51 Sb  -0.91164728E-03     -0.57206731
    49   51 Sb  -0.91113216E-03     -0.57174406
    50   51 Sb  -0.10215481E-02     -0.64103111
    51   51 Sb  -0.90653769E-03     -0.56886099
    52   51 Sb  -0.91146036E-03     -0.57195001
    53   51 Sb  -0.92678731E-03     -0.58156782
--------------------------------------------------

Dispersion energy:      -5.7648484483795E-02 Eh

[Info] Dispersion energy written to .EDISP
