-----------------------------------
 s i m p l e   D F T - D 3  v1.2.1
-----------------------------------

Zero (Chai-Head-Gordon) damping: pbe-D3(0)
--------------------
  s6         1.0000
  s8         0.7220
  s9         0.0000
 rs6         1.2170
 rs8         1.0000
 alp        14.0000
--------------------

Atomic radii (in Angstrom):
-------------------------------------------
   Z          R(cov)     R(vdw)      r4/r2
-------------------------------------------
   3 Li       1.6000     1.7478     2.6564
  14 Si       1.3867     1.8959     2.5839
-------------------------------------------

Atomic reference systems (in atomic units):
----------------------------------------------------------------------------
   Z        #      CN    C6(AA)   #      CN    C6(AA)   #      CN    C6(AA)
----------------------------------------------------------------------------
   3 Li     1  0.0000 1163.4454   2  0.9865   85.3197
  14 Si     1  0.0000  317.8574   2  0.9507  270.2650   3  1.9435  233.1254
            4  2.9407  221.5046   5  3.8677  149.7734
----------------------------------------------------------------------------

Dispersion properties (in atomic units):
--------------------------------------------------------
     #    Z                CN       C6(AA)       C8(AA)
--------------------------------------------------------
     1    3 Li         0.1107    1082.8652   81861.6480
     2    3 Li         0.0476    1113.2051   84155.2610
     3    3 Li         0.0476    1113.2056   84155.2974
     4    3 Li         0.0476    1113.2051   84155.2610
     5    3 Li         0.0476    1113.2051   84155.2610
     6    3 Li         0.0356    1117.5819   84486.1334
     7    3 Li         0.0356    1117.5818   84486.1221
     8    3 Li         0.0356    1117.5818   84486.1221
     9    3 Li         0.0356    1117.5819   84486.1334
    10    3 Li         0.0356    1117.5819   84486.1334
    11    3 Li         0.0356    1117.5818   84486.1221
    12    3 Li         0.0369    1117.1268   84451.7271
    13    3 Li         0.0369    1117.1280   84451.8202
    14    3 Li         0.0369    1117.1280   84451.8202
    15    3 Li         0.0369    1117.1268   84451.7271
    16    3 Li         0.0369    1117.1268   84451.7271
    17    3 Li         0.0369    1117.1280   84451.8202
    18    3 Li         0.0341    1118.0849   84524.1600
    19    3 Li         0.0341    1118.0850   84524.1668
    20    3 Li         0.0341    1118.0850   84524.1647
    21    3 Li         0.0341    1118.0850   84524.1668
    22    3 Li         0.0341    1118.0850   84524.1647
    23    3 Li         0.0341    1118.0850   84524.1668
    24    3 Li         0.0341    1118.0850   84524.1668
    25    3 Li         0.0341    1118.0849   84524.1600
    26    3 Li         0.0341    1118.0849   84524.1600
    27    3 Li         0.0341    1118.0850   84524.1668
    28    3 Li         0.0341    1118.0850   84524.1668
    29    3 Li         0.0341    1118.0850   84524.1647
    30    3 Li         0.0448    1114.2657   84235.4342
    31    3 Li         0.0448    1114.2654   84235.4177
    32    3 Li         0.0448    1114.2657   84235.4342
    33    3 Li         0.0448    1114.2654   84235.4123
    34    3 Li         0.0448    1114.2657   84235.4342
    35    3 Li         0.0448    1114.2654   84235.4123
    36    3 Li         0.0448    1114.2654   84235.4177
    37    3 Li         0.0448    1114.2657   84235.4342
    38    3 Li         0.0448    1114.2657   84235.4342
    39    3 Li         0.0448    1114.2654   84235.4177
    40    3 Li         0.0448    1114.2654   84235.4123
    41    3 Li         0.0448    1114.2657   84235.4342
    42    3 Li         0.0401    1115.9645   84363.8603
    43    3 Li         0.0401    1115.9645   84363.8590
    44    3 Li         0.0401    1115.9645   84363.8590
    45    3 Li         0.0401    1115.9645   84363.8596
    46    3 Li         0.0401    1115.9645   84363.8590
    47    3 Li         0.0401    1115.9645   84363.8596
    48    3 Li         0.0401    1115.9645   84363.8590
    49    3 Li         0.0401    1115.9645   84363.8603
    50    3 Li         0.0401    1115.9645   84363.8603
    51    3 Li         0.0401    1115.9645   84363.8590
    52    3 Li         0.0401    1115.9645   84363.8596
    53    3 Li         0.0401    1115.9645   84363.8590
    54    3 Li         0.0393    1116.2785   84387.5959
    55    3 Li         0.0393    1116.2770   84387.4826
    56    3 Li         0.0393    1116.2770   84387.4826
    57    3 Li         0.0393    1116.2770   84387.4821
    58    3 Li         0.0393    1116.2770   84387.4826
    59    3 Li         0.0393    1116.2770   84387.4821
    60    3 Li         0.0393    1116.2770   84387.4826
    61    3 Li         0.0393    1116.2785   84387.5959
    62    3 Li         0.0393    1116.2785   84387.5959
    63    3 Li         0.0393    1116.2770   84387.4826
    64    3 Li         0.0393    1116.2770   84387.4821
    65    3 Li         0.0393    1116.2770   84387.4826
    66    3 Li         0.0659    1105.7670   83592.9570
    67    3 Li         0.0818    1098.4544   83040.1478
    68    3 Li         0.0612    1107.7489   83742.7836
    69    3 Li         0.0588    1108.7433   83817.9570
    70    3 Li         0.0588    1108.7428   83817.9188
    71    3 Li         0.0588    1108.7433   83817.9570
    72    3 Li         0.0588    1108.7433   83817.9570
    73    3 Li         0.0384    1116.5868   84410.9051
    74    3 Li         0.0384    1116.5868   84410.9060
    75    3 Li         0.0384    1116.5868   84410.9051
    76    3 Li         0.0384    1116.5868   84410.9051
    77    3 Li         0.0534    1110.9595   83985.4965
    78    3 Li         0.0534    1110.9595   83985.4972
    79    3 Li         0.0534    1110.9595   83985.4965
    80    3 Li         0.0534    1110.9595   83985.4965
    81    3 Li         0.0393    1116.2796   84387.6785
    82    3 Li         0.0393    1116.2794   84387.6679
    83    3 Li         0.0393    1116.2796   84387.6785
    84    3 Li         0.0393    1116.2796   84387.6785
    85    3 Li         0.0490    1112.6594   84114.0073
    86    3 Li         0.0490    1112.6583   84113.9183
    87    3 Li         0.0490    1112.6594   84114.0073
    88    3 Li         0.0490    1112.6594   84114.0073
    89   14 Si         0.0213     316.3342   22626.3261
    90   14 Si         0.0213     316.3342   22626.3261
    91   14 Si         0.0213     316.3342   22626.3261
    92   14 Si         0.0213     316.3342   22626.3261
    93   14 Si         0.0249     316.2942   22623.4627
    94   14 Si         0.0249     316.2942   22623.4621
    95   14 Si         0.0249     316.2942   22623.4627
    96   14 Si         0.0249     316.2942   22623.4627
    97   14 Si         0.0224     316.3221   22625.4617
    98   14 Si         0.0224     316.3221   22625.4617
    99   14 Si         0.0224     316.3221   22625.4617
   100   14 Si         0.0224     316.3221   22625.4617
   101   14 Si         0.0224     316.3221   22625.4617
   102   14 Si         0.0224     316.3221   22625.4617
   103   14 Si         0.0216     316.3315   22626.1294
   104   14 Si         0.0216     316.3315   22626.1294
   105   14 Si         0.0216     316.3315   22626.1294
   106   14 Si         0.0216     316.3315   22626.1294
   107   14 Si         0.0216     316.3315   22626.1294
   108   14 Si         0.0216     316.3315   22626.1294
--------------------------------------------------------

Atom-resolved dispersion energies:
--------------------------------------------------
     #    Z           [Hartree]      [kcal/mol]
--------------------------------------------------
     1    3 Li  -0.12655912E-01     -7.94170452
     2    3 Li  -0.12047910E-01     -7.56017765
     3    3 Li  -0.12047691E-01     -7.56004053
     4    3 Li  -0.12047910E-01     -7.56017765
     5    3 Li  -0.12047910E-01     -7.56017765
     6    3 Li  -0.11595569E-01     -7.27632914
     7    3 Li  -0.11595602E-01     -7.27634986
     8    3 Li  -0.11595602E-01     -7.27634986
     9    3 Li  -0.11595569E-01     -7.27632914
    10    3 Li  -0.11595569E-01     -7.27632914
    11    3 Li  -0.11595602E-01     -7.27634986
    12    3 Li  -0.11702332E-01     -7.34332438
    13    3 Li  -0.11702149E-01     -7.34320965
    14    3 Li  -0.11702149E-01     -7.34320965
    15    3 Li  -0.11702332E-01     -7.34332438
    16    3 Li  -0.11702332E-01     -7.34332438
    17    3 Li  -0.11702149E-01     -7.34320965
    18    3 Li  -0.11362854E-01     -7.13029855
    19    3 Li  -0.11362851E-01     -7.13029645
    20    3 Li  -0.11362849E-01     -7.13029533
    21    3 Li  -0.11362851E-01     -7.13029645
    22    3 Li  -0.11362849E-01     -7.13029533
    23    3 Li  -0.11362851E-01     -7.13029645
    24    3 Li  -0.11362851E-01     -7.13029645
    25    3 Li  -0.11362854E-01     -7.13029855
    26    3 Li  -0.11362854E-01     -7.13029855
    27    3 Li  -0.11362851E-01     -7.13029645
    28    3 Li  -0.11362851E-01     -7.13029645
    29    3 Li  -0.11362849E-01     -7.13029533
    30    3 Li  -0.11902506E-01     -7.46893500
    31    3 Li  -0.11902596E-01     -7.46899194
    32    3 Li  -0.11902506E-01     -7.46893500
    33    3 Li  -0.11902621E-01     -7.46900763
    34    3 Li  -0.11902506E-01     -7.46893500
    35    3 Li  -0.11902621E-01     -7.46900763
    36    3 Li  -0.11902596E-01     -7.46899194
    37    3 Li  -0.11902506E-01     -7.46893500
    38    3 Li  -0.11902506E-01     -7.46893500
    39    3 Li  -0.11902596E-01     -7.46899194
    40    3 Li  -0.11902621E-01     -7.46900763
    41    3 Li  -0.11902506E-01     -7.46893500
    42    3 Li  -0.11696641E-01     -7.33975333
    43    3 Li  -0.11696658E-01     -7.33976356
    44    3 Li  -0.11696658E-01     -7.33976356
    45    3 Li  -0.11696651E-01     -7.33975921
    46    3 Li  -0.11696658E-01     -7.33976356
    47    3 Li  -0.11696651E-01     -7.33975921
    48    3 Li  -0.11696658E-01     -7.33976356
    49    3 Li  -0.11696641E-01     -7.33975333
    50    3 Li  -0.11696641E-01     -7.33975333
    51    3 Li  -0.11696658E-01     -7.33976356
    52    3 Li  -0.11696651E-01     -7.33975921
    53    3 Li  -0.11696658E-01     -7.33976356
    54    3 Li  -0.11643613E-01     -7.30647730
    55    3 Li  -0.11643782E-01     -7.30658327
    56    3 Li  -0.11643782E-01     -7.30658327
    57    3 Li  -0.11643806E-01     -7.30659832
    58    3 Li  -0.11643782E-01     -7.30658327
    59    3 Li  -0.11643806E-01     -7.30659832
    60    3 Li  -0.11643782E-01     -7.30658327
    61    3 Li  -0.11643613E-01     -7.30647730
    62    3 Li  -0.11643613E-01     -7.30647730
    63    3 Li  -0.11643782E-01     -7.30658327
    64    3 Li  -0.11643806E-01     -7.30659832
    65    3 Li  -0.11643782E-01     -7.30658327
    66    3 Li  -0.13049562E-01     -8.18872375
    67    3 Li  -0.13697372E-01     -8.59523081
    68    3 Li  -0.12276828E-01     -7.70382588
    69    3 Li  -0.12252960E-01     -7.68884876
    70    3 Li  -0.12252946E-01     -7.68883949
    71    3 Li  -0.12252960E-01     -7.68884876
    72    3 Li  -0.12252960E-01     -7.68884876
    73    3 Li  -0.11911406E-01     -7.47452037
    74    3 Li  -0.11911396E-01     -7.47451358
    75    3 Li  -0.11911406E-01     -7.47452037
    76    3 Li  -0.11911406E-01     -7.47452037
    77    3 Li  -0.11997185E-01     -7.52834742
    78    3 Li  -0.11997177E-01     -7.52834198
    79    3 Li  -0.11997185E-01     -7.52834742
    80    3 Li  -0.11997185E-01     -7.52834742
    81    3 Li  -0.11575045E-01     -7.26345056
    82    3 Li  -0.11575043E-01     -7.26344896
    83    3 Li  -0.11575045E-01     -7.26345056
    84    3 Li  -0.11575045E-01     -7.26345056
    85    3 Li  -0.11971065E-01     -7.51195670
    86    3 Li  -0.11971225E-01     -7.51205721
    87    3 Li  -0.11971065E-01     -7.51195670
    88    3 Li  -0.11971065E-01     -7.51195670
    89   14 Si  -0.48215308E-02     -3.02555628
    90   14 Si  -0.48215303E-02     -3.02555597
    91   14 Si  -0.48215308E-02     -3.02555628
    92   14 Si  -0.48215308E-02     -3.02555628
    93   14 Si  -0.50633802E-02     -3.17731906
    94   14 Si  -0.50634111E-02     -3.17733845
    95   14 Si  -0.50633802E-02     -3.17731906
    96   14 Si  -0.50633802E-02     -3.17731906
    97   14 Si  -0.48797255E-02     -3.06207401
    98   14 Si  -0.48797262E-02     -3.06207443
    99   14 Si  -0.48797262E-02     -3.06207443
   100   14 Si  -0.48797255E-02     -3.06207401
   101   14 Si  -0.48797255E-02     -3.06207401
   102   14 Si  -0.48797262E-02     -3.06207443
   103   14 Si  -0.48376038E-02     -3.03564219
   104   14 Si  -0.48376087E-02     -3.03564532
   105   14 Si  -0.48376087E-02     -3.03564532
   106   14 Si  -0.48376038E-02     -3.03564219
   107   14 Si  -0.48376038E-02     -3.03564219
   108   14 Si  -0.48376087E-02     -3.03564532
--------------------------------------------------

Dispersion energy:      -1.1356021580073E+00 Eh

[Info] Dispersion energy written to .EDISP
