-----------------------------------
 s i m p l e   D F T - D 3  v1.2.1
-----------------------------------

Zero (Chai-Head-Gordon) damping: pbe-D3(0)
--------------------
  s6         1.0000
  s8         0.7220
  s9         0.0000
 rs6         1.2170
 rs8         1.0000
 alp        14.0000
--------------------

Atomic radii (in Angstrom):
-------------------------------------------
   Z          R(cov)     R(vdw)      r4/r2
-------------------------------------------
  12 Mg       1.6667     1.7420     2.8909
  23 V        1.6133     1.8605     3.2160
-------------------------------------------

Atomic reference systems (in atomic units):
----------------------------------------------------------------------------
   Z        #      CN    C6(AA)   #      CN    C6(AA)   #      CN    C6(AA)
----------------------------------------------------------------------------
  12 Mg     1  0.0000  683.3758   2  0.9628  451.2708   3  1.9496  175.5616
  23 V      1  0.0000 1116.0984   2  1.9138  290.1436   3  2.9110  269.3349
----------------------------------------------------------------------------

Dispersion properties (in atomic units):
--------------------------------------------------------
     #    Z                CN       C6(AA)       C8(AA)
--------------------------------------------------------
     1   12 Mg         0.0275     675.8201   60507.3796
     2   12 Mg         0.0275     675.8201   60507.3757
     3   12 Mg         0.0295     675.7038   60496.9680
     4   12 Mg         0.0295     675.7038   60496.9680
     5   12 Mg         0.0295     675.7038   60496.9685
     6   12 Mg         0.0295     675.7038   60496.9670
     7   12 Mg         0.0278     675.8036   60505.9062
     8   12 Mg         0.0279     675.7962   60505.2373
     9   12 Mg         0.0279     675.7961   60505.2310
    10   12 Mg         0.0275     675.8201   60507.3763
    11   12 Mg         0.0275     675.8201   60507.3766
    12   12 Mg         0.0278     675.8024   60505.7951
    13   12 Mg         0.0278     675.8036   60505.9062
    14   12 Mg         0.0278     675.8037   60505.9111
    15   12 Mg         0.0277     675.8067   60506.1824
    16   12 Mg         0.0277     675.8067   60506.1836
    17   12 Mg         0.0279     675.7962   60505.2365
    18   12 Mg         0.0275     675.8201   60507.3808
    19   12 Mg         0.0275     675.8201   60507.3769
    20   12 Mg         0.0277     675.8067   60506.1831
    21   12 Mg         0.0278     675.8024   60505.7979
    22   12 Mg         0.0278     675.8024   60505.7957
    23   12 Mg         0.0295     675.7038   60496.9681
    24   12 Mg         0.0295     675.7038   60496.9657
    25   12 Mg         0.0293     675.7153   60497.9965
    26   12 Mg         0.0293     675.7153   60497.9960
    27   12 Mg         0.0293     675.7153   60497.9935
    28   12 Mg         0.0278     675.8018   60505.7452
    29   12 Mg         0.0278     675.8018   60505.7416
    30   12 Mg         0.0278     675.8019   60505.7463
    31   12 Mg         0.0278     675.8018   60505.7413
    32   12 Mg         0.0278     675.8018   60505.7449
    33   12 Mg         0.0278     675.8018   60505.7453
    34   12 Mg         0.0277     675.8077   60506.2724
    35   12 Mg         0.0277     675.8077   60506.2716
    36   12 Mg         0.0277     675.8077   60506.2719
    37   12 Mg         0.0283     675.7732   60503.1838
    38   12 Mg         0.0283     675.7732   60503.1828
    39   12 Mg         0.0283     675.7732   60503.1825
    40   12 Mg         0.0279     675.7992   60505.5119
    41   12 Mg         0.0279     675.7992   60505.5074
    42   12 Mg         0.0279     675.7992   60505.5127
    43   12 Mg         0.0280     675.7924   60504.9039
    44   12 Mg         0.0280     675.7888   60504.5781
    45   12 Mg         0.0280     675.7888   60504.5775
    46   12 Mg         0.0280     675.7888   60504.5779
    47   12 Mg         0.0280     675.7888   60504.5764
    48   12 Mg         0.0280     675.7888   60504.5764
    49   12 Mg         0.0280     675.7888   60504.5775
    50   12 Mg         0.0277     675.8091   60506.3907
    51   12 Mg         0.0277     675.8090   60506.3872
    52   12 Mg         0.0277     675.8090   60506.3872
    53   12 Mg         0.0277     675.8090   60506.3887
    54   12 Mg         0.0277     675.8090   60506.3887
    55   12 Mg         0.0277     675.8091   60506.3912
    56   12 Mg         0.0278     675.8049   60506.0157
    57   12 Mg         0.0278     675.8002   60505.5960
    58   12 Mg         0.0278     675.8002   60505.5997
    59   12 Mg         0.0278     675.8002   60505.6007
    60   12 Mg         0.0278     675.8002   60505.5994
    61   12 Mg         0.0278     675.8002   60505.6010
    62   12 Mg         0.0278     675.8002   60505.5971
    63   12 Mg         0.0279     675.7949   60505.1246
    64   12 Mg         0.0279     675.7949   60505.1206
    65   12 Mg         0.0279     675.7949   60505.1246
    66   12 Mg         0.0279     675.7974   60505.3443
    67   12 Mg         0.0279     675.7974   60505.3461
    68   12 Mg         0.0279     675.7974   60505.3436
    69   12 Mg         0.0279     675.7974   60505.3489
    70   12 Mg         0.0279     675.7974   60505.3471
    71   12 Mg         0.0279     675.7974   60505.3465
    72   12 Mg         0.0280     675.7941   60505.0476
    73   12 Mg         0.0280     675.7941   60505.0497
    74   12 Mg         0.0280     675.7941   60505.0479
    75   12 Mg         0.0277     675.8108   60506.5440
    76   12 Mg         0.0277     675.8107   60506.5414
    77   12 Mg         0.0278     675.8026   60505.8159
    78   12 Mg         0.0280     675.7914   60504.8120
    79   12 Mg         0.0280     675.7914   60504.8127
    80   12 Mg         0.0277     675.8071   60506.2189
    81   12 Mg         0.0277     675.8071   60506.2201
    82   12 Mg         0.0280     675.7914   60504.8115
    83   12 Mg         0.0280     675.7915   60504.8165
    84   12 Mg         0.0280     675.7905   60504.7272
    85   12 Mg         0.0278     675.8025   60505.8048
    86   12 Mg         0.0278     675.8049   60506.0205
    87   12 Mg         0.0278     675.8050   60506.0252
    88   12 Mg         0.0280     675.7914   60504.8132
    89   12 Mg         0.0280     675.7915   60504.8170
    90   12 Mg         0.0278     675.8025   60505.8012
    91   12 Mg         0.0278     675.8025   60505.8053
    92   12 Mg         0.0277     675.8071   60506.2172
    93   12 Mg         0.0277     675.8071   60506.2200
    94   12 Mg         0.0277     675.8107   60506.5417
    95   12 Mg         0.0278     675.8026   60505.8161
    96   12 Mg         0.0278     675.8026   60505.8120
    97   12 Mg         0.0277     675.8072   60506.2207
    98   12 Mg         0.0277     675.8071   60506.2170
    99   12 Mg         0.0278     675.8049   60506.0197
   100   12 Mg         0.0280     675.7941   60505.0477
   101   12 Mg         0.0280     675.7941   60505.0497
   102   12 Mg         0.0280     675.7941   60505.0480
   103   12 Mg         0.0279     675.7974   60505.3489
   104   12 Mg         0.0279     675.7974   60505.3471
   105   12 Mg         0.0279     675.7974   60505.3465
   106   12 Mg         0.0279     675.7974   60505.3446
   107   12 Mg         0.0279     675.7974   60505.3464
   108   12 Mg         0.0279     675.7974   60505.3438
   109   12 Mg         0.0279     675.7949   60505.1246
   110   12 Mg         0.0279     675.7949   60505.1207
   111   12 Mg         0.0279     675.7949   60505.1246
   112   12 Mg         0.0278     675.8002   60505.5961
   113   12 Mg         0.0278     675.8002   60505.5998
   114   12 Mg         0.0278     675.8002   60505.6008
   115   12 Mg         0.0278     675.8002   60505.5995
   116   12 Mg         0.0278     675.8002   60505.6011
   117   12 Mg         0.0278     675.8002   60505.5972
   118   12 Mg         0.0278     675.8049   60506.0157
   119   12 Mg         0.0277     675.8091   60506.3907
   120   12 Mg         0.0277     675.8090   60506.3872
   121   12 Mg         0.0277     675.8090   60506.3872
   122   12 Mg         0.0277     675.8090   60506.3887
   123   12 Mg         0.0277     675.8090   60506.3887
   124   12 Mg         0.0277     675.8091   60506.3912
   125   12 Mg         0.0280     675.7890   60504.5941
   126   12 Mg         0.0280     675.7890   60504.5935
   127   12 Mg         0.0280     675.7890   60504.5938
   128   12 Mg         0.0280     675.7890   60504.5923
   129   12 Mg         0.0280     675.7890   60504.5923
   130   12 Mg         0.0280     675.7890   60504.5935
   131   12 Mg         0.0280     675.7930   60504.9496
   132   12 Mg         0.0279     675.7992   60505.5119
   133   12 Mg         0.0279     675.7992   60505.5074
   134   12 Mg         0.0279     675.7992   60505.5127
   135   12 Mg         0.0283     675.7732   60503.1839
   136   12 Mg         0.0283     675.7732   60503.1829
   137   12 Mg         0.0283     675.7732   60503.1826
   138   12 Mg         0.0277     675.8077   60506.2727
   139   12 Mg         0.0277     675.8077   60506.2720
   140   12 Mg         0.0277     675.8077   60506.2722
   141   12 Mg         0.0278     675.8018   60505.7452
   142   12 Mg         0.0278     675.8018   60505.7416
   143   12 Mg         0.0278     675.8019   60505.7464
   144   12 Mg         0.0278     675.8018   60505.7414
   145   12 Mg         0.0278     675.8018   60505.7450
   146   12 Mg         0.0278     675.8018   60505.7453
   147   12 Mg         0.0293     675.7153   60497.9965
   148   12 Mg         0.0293     675.7153   60497.9960
   149   12 Mg         0.0293     675.7153   60497.9935
   150   23 V          0.0299    1116.0976  123663.8998
--------------------------------------------------------

Atom-resolved dispersion energies:
--------------------------------------------------
     #    Z           [Hartree]      [kcal/mol]
--------------------------------------------------
     1   12 Mg  -0.59551260E-02     -3.73689799
     2   12 Mg  -0.59552114E-02     -3.73695156
     3   12 Mg  -0.63392167E-02     -3.97791856
     4   12 Mg  -0.63392148E-02     -3.97791737
     5   12 Mg  -0.63392024E-02     -3.97790957
     6   12 Mg  -0.63392430E-02     -3.97793506
     7   12 Mg  -0.59885504E-02     -3.75787209
     8   12 Mg  -0.60084913E-02     -3.77038524
     9   12 Mg  -0.60086259E-02     -3.77046970
    10   12 Mg  -0.59551989E-02     -3.73694375
    11   12 Mg  -0.59551871E-02     -3.73693629
    12   12 Mg  -0.59952636E-02     -3.76208474
    13   12 Mg  -0.59885505E-02     -3.75787219
    14   12 Mg  -0.59884450E-02     -3.75780596
    15   12 Mg  -0.59802783E-02     -3.75268131
    16   12 Mg  -0.59802482E-02     -3.75266242
    17   12 Mg  -0.60085086E-02     -3.77039608
    18   12 Mg  -0.59551031E-02     -3.73688361
    19   12 Mg  -0.59551815E-02     -3.73693283
    20   12 Mg  -0.59802614E-02     -3.75267068
    21   12 Mg  -0.59952084E-02     -3.76205006
    22   12 Mg  -0.59952525E-02     -3.76207773
    23   12 Mg  -0.63392142E-02     -3.97791700
    24   12 Mg  -0.63392721E-02     -3.97795332
    25   12 Mg  -0.63184953E-02     -3.96491567
    26   12 Mg  -0.63185068E-02     -3.96492291
    27   12 Mg  -0.63185517E-02     -3.96495105
    28   12 Mg  -0.59970466E-02     -3.76320357
    29   12 Mg  -0.59971275E-02     -3.76325430
    30   12 Mg  -0.59970280E-02     -3.76319191
    31   12 Mg  -0.59971331E-02     -3.76325783
    32   12 Mg  -0.59970523E-02     -3.76320712
    33   12 Mg  -0.59970505E-02     -3.76320603
    34   12 Mg  -0.59793417E-02     -3.75209357
    35   12 Mg  -0.59793592E-02     -3.75210457
    36   12 Mg  -0.59793556E-02     -3.75210229
    37   12 Mg  -0.60701138E-02     -3.80905394
    38   12 Mg  -0.60701414E-02     -3.80907126
    39   12 Mg  -0.60701480E-02     -3.80907541
    40   12 Mg  -0.59959289E-02     -3.76250217
    41   12 Mg  -0.59960282E-02     -3.76256448
    42   12 Mg  -0.59959119E-02     -3.76249151
    43   12 Mg  -0.60093839E-02     -3.77094534
    44   12 Mg  -0.60154714E-02     -3.77476530
    45   12 Mg  -0.60154804E-02     -3.77477092
    46   12 Mg  -0.60154771E-02     -3.77476884
    47   12 Mg  -0.60155045E-02     -3.77478605
    48   12 Mg  -0.60155053E-02     -3.77478659
    49   12 Mg  -0.60154808E-02     -3.77477119
    50   12 Mg  -0.59774053E-02     -3.75087845
    51   12 Mg  -0.59774829E-02     -3.75092716
    52   12 Mg  -0.59774827E-02     -3.75092704
    53   12 Mg  -0.59774532E-02     -3.75090849
    54   12 Mg  -0.59774544E-02     -3.75090924
    55   12 Mg  -0.59773939E-02     -3.75087130
    56   12 Mg  -0.59911962E-02     -3.75953237
    57   12 Mg  -0.59942964E-02     -3.76147776
    58   12 Mg  -0.59942113E-02     -3.76142439
    59   12 Mg  -0.59941906E-02     -3.76141140
    60   12 Mg  -0.59942178E-02     -3.76142844
    61   12 Mg  -0.59941842E-02     -3.76140734
    62   12 Mg  -0.59942730E-02     -3.76146310
    63   12 Mg  -0.60018021E-02     -3.76618765
    64   12 Mg  -0.60018930E-02     -3.76624470
    65   12 Mg  -0.60018010E-02     -3.76618700
    66   12 Mg  -0.60009790E-02     -3.76567117
    67   12 Mg  -0.60009393E-02     -3.76564627
    68   12 Mg  -0.60009953E-02     -3.76568141
    69   12 Mg  -0.59981817E-02     -3.76391586
    70   12 Mg  -0.59982266E-02     -3.76394402
    71   12 Mg  -0.59982380E-02     -3.76395120
    72   12 Mg  -0.60068269E-02     -3.76934077
    73   12 Mg  -0.60067830E-02     -3.76931323
    74   12 Mg  -0.60068207E-02     -3.76933689
    75   12 Mg  -0.59726857E-02     -3.74791684
    76   12 Mg  -0.59727467E-02     -3.74795517
    77   12 Mg  -0.59869779E-02     -3.75688538
    78   12 Mg  -0.60094288E-02     -3.77097352
    79   12 Mg  -0.60094169E-02     -3.77096601
    80   12 Mg  -0.59794856E-02     -3.75218385
    81   12 Mg  -0.59794641E-02     -3.75217038
    82   12 Mg  -0.60094402E-02     -3.77098068
    83   12 Mg  -0.60093262E-02     -3.77090910
    84   12 Mg  -0.60133469E-02     -3.77343215
    85   12 Mg  -0.59888647E-02     -3.75806933
    86   12 Mg  -0.59848694E-02     -3.75556225
    87   12 Mg  -0.59847636E-02     -3.75549587
    88   12 Mg  -0.60094048E-02     -3.77095843
    89   12 Mg  -0.60093143E-02     -3.77090165
    90   12 Mg  -0.59889488E-02     -3.75812209
    91   12 Mg  -0.59888546E-02     -3.75806298
    92   12 Mg  -0.59795350E-02     -3.75221485
    93   12 Mg  -0.59794620E-02     -3.75216907
    94   12 Mg  -0.59727399E-02     -3.74795085
    95   12 Mg  -0.59869716E-02     -3.75688140
    96   12 Mg  -0.59870653E-02     -3.75694019
    97   12 Mg  -0.59794510E-02     -3.75216215
    98   12 Mg  -0.59795416E-02     -3.75221902
    99   12 Mg  -0.59848882E-02     -3.75557405
   100   12 Mg  -0.60068202E-02     -3.76933657
   101   12 Mg  -0.60067763E-02     -3.76930902
   102   12 Mg  -0.60068140E-02     -3.76933268
   103   12 Mg  -0.59981809E-02     -3.76391537
   104   12 Mg  -0.59982258E-02     -3.76394353
   105   12 Mg  -0.59982373E-02     -3.76395071
   106   12 Mg  -0.60009592E-02     -3.76565876
   107   12 Mg  -0.60009195E-02     -3.76563387
   108   12 Mg  -0.60009755E-02     -3.76566899
   109   12 Mg  -0.60018014E-02     -3.76618722
   110   12 Mg  -0.60018923E-02     -3.76624426
   111   12 Mg  -0.60018003E-02     -3.76618656
   112   12 Mg  -0.59942916E-02     -3.76147479
   113   12 Mg  -0.59942066E-02     -3.76142142
   114   12 Mg  -0.59941859E-02     -3.76140843
   115   12 Mg  -0.59942130E-02     -3.76142546
   116   12 Mg  -0.59941794E-02     -3.76140437
   117   12 Mg  -0.59942683E-02     -3.76146012
   118   12 Mg  -0.59911958E-02     -3.75953215
   119   12 Mg  -0.59774043E-02     -3.75087784
   120   12 Mg  -0.59774819E-02     -3.75092654
   121   12 Mg  -0.59774817E-02     -3.75092643
   122   12 Mg  -0.59774522E-02     -3.75090788
   123   12 Mg  -0.59774534E-02     -3.75090862
   124   12 Mg  -0.59773929E-02     -3.75087069
   125   12 Mg  -0.60151033E-02     -3.77453434
   126   12 Mg  -0.60151124E-02     -3.77453999
   127   12 Mg  -0.60151090E-02     -3.77453788
   128   12 Mg  -0.60151373E-02     -3.77455567
   129   12 Mg  -0.60151382E-02     -3.77455621
   130   12 Mg  -0.60151128E-02     -3.77454026
   131   12 Mg  -0.60083692E-02     -3.77030858
   132   12 Mg  -0.59959277E-02     -3.76250147
   133   12 Mg  -0.59960270E-02     -3.76256377
   134   12 Mg  -0.59959108E-02     -3.76249081
   135   12 Mg  -0.60701055E-02     -3.80904871
   136   12 Mg  -0.60701331E-02     -3.80906603
   137   12 Mg  -0.60701397E-02     -3.80907018
   138   12 Mg  -0.59793181E-02     -3.75207878
   139   12 Mg  -0.59793356E-02     -3.75208974
   140   12 Mg  -0.59793320E-02     -3.75208747
   141   12 Mg  -0.59970419E-02     -3.76320063
   142   12 Mg  -0.59971228E-02     -3.76325136
   143   12 Mg  -0.59970233E-02     -3.76318896
   144   12 Mg  -0.59971284E-02     -3.76325489
   145   12 Mg  -0.59970476E-02     -3.76320417
   146   12 Mg  -0.59970458E-02     -3.76320309
   147   12 Mg  -0.63184946E-02     -3.96491522
   148   12 Mg  -0.63185061E-02     -3.96492246
   149   12 Mg  -0.63185510E-02     -3.96495060
   150   23 V   -0.85494046E-02     -5.36483240
--------------------------------------------------

Dispersion energy:      -9.0601968932898E-01 Eh

[Info] Dispersion energy written to .EDISP
