-----------------------------------
 s i m p l e   D F T - D 3  v1.2.1
-----------------------------------

Zero (Chai-Head-Gordon) damping: pbe-D3(0)
--------------------
  s6         1.0000
  s8         0.7220
  s9         0.0000
 rs6         1.2170
 rs8         1.0000
 alp        14.0000
--------------------

Atomic radii (in Angstrom):
-------------------------------------------
   Z          R(cov)     R(vdw)      r4/r2
-------------------------------------------
  12 Mg       1.6667     1.7420     2.8909
  23 V        1.6133     1.8605     3.2160
-------------------------------------------

Atomic reference systems (in atomic units):
----------------------------------------------------------------------------
   Z        #      CN    C6(AA)   #      CN    C6(AA)   #      CN    C6(AA)
----------------------------------------------------------------------------
  12 Mg     1  0.0000  683.3758   2  0.9628  451.2708   3  1.9496  175.5616
  23 V      1  0.0000 1116.0984   2  1.9138  290.1436   3  2.9110  269.3349
----------------------------------------------------------------------------

Dispersion properties (in atomic units):
--------------------------------------------------------
     #    Z                CN       C6(AA)       C8(AA)
--------------------------------------------------------
     1   12 Mg         0.0101     676.7398   60589.7180
     2   12 Mg         0.0101     676.7397   60589.7169
     3   12 Mg         0.0108     676.7072   60586.7997
     4   12 Mg         0.0108     676.7072   60586.7996
     5   12 Mg         0.0108     676.7072   60586.7998
     6   12 Mg         0.0108     676.7072   60586.7994
     7   12 Mg         0.0102     676.7357   60589.3585
     8   12 Mg         0.0102     676.7333   60589.1404
     9   12 Mg         0.0102     676.7333   60589.1387
    10   12 Mg         0.0101     676.7397   60589.7171
    11   12 Mg         0.0101     676.7397   60589.7172
    12   12 Mg         0.0102     676.7351   60589.2986
    13   12 Mg         0.0102     676.7357   60589.3585
    14   12 Mg         0.0102     676.7358   60589.3599
    15   12 Mg         0.0102     676.7367   60589.4401
    16   12 Mg         0.0102     676.7367   60589.4405
    17   12 Mg         0.0102     676.7333   60589.1402
    18   12 Mg         0.0101     676.7398   60589.7184
    19   12 Mg         0.0101     676.7397   60589.7173
    20   12 Mg         0.0102     676.7367   60589.4403
    21   12 Mg         0.0102     676.7351   60589.2994
    22   12 Mg         0.0102     676.7351   60589.2987
    23   12 Mg         0.0108     676.7072   60586.7997
    24   12 Mg         0.0108     676.7072   60586.7990
    25   12 Mg         0.0107     676.7110   60587.1424
    26   12 Mg         0.0107     676.7110   60587.1423
    27   12 Mg         0.0107     676.7110   60587.1416
    28   12 Mg         0.0102     676.7351   60589.2976
    29   12 Mg         0.0102     676.7350   60589.2965
    30   12 Mg         0.0102     676.7351   60589.2979
    31   12 Mg         0.0102     676.7350   60589.2965
    32   12 Mg         0.0102     676.7351   60589.2975
    33   12 Mg         0.0102     676.7351   60589.2976
    34   12 Mg         0.0102     676.7369   60589.4634
    35   12 Mg         0.0102     676.7369   60589.4632
    36   12 Mg         0.0102     676.7369   60589.4632
    37   12 Mg         0.0104     676.7272   60588.5904
    38   12 Mg         0.0104     676.7272   60588.5901
    39   12 Mg         0.0104     676.7272   60588.5900
    40   12 Mg         0.0102     676.7346   60589.2524
    41   12 Mg         0.0102     676.7345   60589.2512
    42   12 Mg         0.0102     676.7346   60589.2527
    43   12 Mg         0.0103     676.7326   60589.0805
    44   12 Mg         0.0103     676.7317   60588.9929
    45   12 Mg         0.0103     676.7317   60588.9927
    46   12 Mg         0.0103     676.7317   60588.9928
    47   12 Mg         0.0103     676.7317   60588.9924
    48   12 Mg         0.0103     676.7317   60588.9924
    49   12 Mg         0.0103     676.7317   60588.9927
    50   12 Mg         0.0102     676.7373   60589.4989
    51   12 Mg         0.0102     676.7373   60589.4979
    52   12 Mg         0.0102     676.7373   60589.4979
    53   12 Mg         0.0102     676.7373   60589.4983
    54   12 Mg         0.0102     676.7373   60589.4983
    55   12 Mg         0.0102     676.7373   60589.4990
    56   12 Mg         0.0102     676.7361   60589.3917
    57   12 Mg         0.0102     676.7348   60589.2746
    58   12 Mg         0.0102     676.7348   60589.2757
    59   12 Mg         0.0102     676.7348   60589.2760
    60   12 Mg         0.0102     676.7348   60589.2756
    61   12 Mg         0.0102     676.7348   60589.2760
    62   12 Mg         0.0102     676.7348   60589.2749
    63   12 Mg         0.0102     676.7334   60589.1483
    64   12 Mg         0.0102     676.7334   60589.1472
    65   12 Mg         0.0102     676.7334   60589.1483
    66   12 Mg         0.0102     676.7340   60589.2012
    67   12 Mg         0.0102     676.7340   60589.2017
    68   12 Mg         0.0102     676.7340   60589.2010
    69   12 Mg         0.0102     676.7341   60589.2082
    70   12 Mg         0.0102     676.7341   60589.2077
    71   12 Mg         0.0102     676.7341   60589.2075
    72   12 Mg         0.0102     676.7331   60589.1206
    73   12 Mg         0.0102     676.7331   60589.1212
    74   12 Mg         0.0102     676.7331   60589.1207
    75   12 Mg         0.0102     676.7378   60589.5412
    76   12 Mg         0.0102     676.7378   60589.5405
    77   12 Mg         0.0102     676.7356   60589.3432
    78   12 Mg         0.0103     676.7324   60589.0581
    79   12 Mg         0.0103     676.7324   60589.0583
    80   12 Mg         0.0102     676.7368   60589.4505
    81   12 Mg         0.0102     676.7368   60589.4508
    82   12 Mg         0.0103     676.7324   60589.0580
    83   12 Mg         0.0103     676.7324   60589.0594
    84   12 Mg         0.0103     676.7321   60589.0304
    85   12 Mg         0.0102     676.7355   60589.3337
    86   12 Mg         0.0102     676.7361   60589.3929
    87   12 Mg         0.0102     676.7361   60589.3942
    88   12 Mg         0.0103     676.7324   60589.0585
    89   12 Mg         0.0103     676.7324   60589.0595
    90   12 Mg         0.0102     676.7355   60589.3326
    91   12 Mg         0.0102     676.7355   60589.3338
    92   12 Mg         0.0102     676.7368   60589.4500
    93   12 Mg         0.0102     676.7368   60589.4508
    94   12 Mg         0.0102     676.7378   60589.5406
    95   12 Mg         0.0102     676.7356   60589.3433
    96   12 Mg         0.0102     676.7356   60589.3421
    97   12 Mg         0.0102     676.7368   60589.4510
    98   12 Mg         0.0102     676.7368   60589.4499
    99   12 Mg         0.0102     676.7361   60589.3927
   100   12 Mg         0.0102     676.7331   60589.1206
   101   12 Mg         0.0102     676.7331   60589.1212
   102   12 Mg         0.0102     676.7331   60589.1207
   103   12 Mg         0.0102     676.7341   60589.2082
   104   12 Mg         0.0102     676.7341   60589.2077
   105   12 Mg         0.0102     676.7341   60589.2075
   106   12 Mg         0.0102     676.7340   60589.2013
   107   12 Mg         0.0102     676.7340   60589.2018
   108   12 Mg         0.0102     676.7340   60589.2011
   109   12 Mg         0.0102     676.7334   60589.1483
   110   12 Mg         0.0102     676.7334   60589.1472
   111   12 Mg         0.0102     676.7334   60589.1483
   112   12 Mg         0.0102     676.7348   60589.2747
   113   12 Mg         0.0102     676.7348   60589.2757
   114   12 Mg         0.0102     676.7348   60589.2760
   115   12 Mg         0.0102     676.7348   60589.2756
   116   12 Mg         0.0102     676.7348   60589.2761
   117   12 Mg         0.0102     676.7348   60589.2750
   118   12 Mg         0.0102     676.7361   60589.3917
   119   12 Mg         0.0102     676.7373   60589.4989
   120   12 Mg         0.0102     676.7373   60589.4979
   121   12 Mg         0.0102     676.7373   60589.4979
   122   12 Mg         0.0102     676.7373   60589.4983
   123   12 Mg         0.0102     676.7373   60589.4983
   124   12 Mg         0.0102     676.7373   60589.4990
   125   12 Mg         0.0103     676.7317   60588.9974
   126   12 Mg         0.0103     676.7317   60588.9972
   127   12 Mg         0.0103     676.7317   60588.9973
   128   12 Mg         0.0103     676.7317   60588.9969
   129   12 Mg         0.0103     676.7317   60588.9969
   130   12 Mg         0.0103     676.7317   60588.9972
   131   12 Mg         0.0103     676.7328   60589.0933
   132   12 Mg         0.0102     676.7346   60589.2524
   133   12 Mg         0.0102     676.7345   60589.2512
   134   12 Mg         0.0102     676.7346   60589.2527
   135   12 Mg         0.0104     676.7272   60588.5904
   136   12 Mg         0.0104     676.7272   60588.5901
   137   12 Mg         0.0104     676.7272   60588.5900
   138   12 Mg         0.0102     676.7369   60589.4635
   139   12 Mg         0.0102     676.7369   60589.4633
   140   12 Mg         0.0102     676.7369   60589.4633
   141   12 Mg         0.0102     676.7351   60589.2976
   142   12 Mg         0.0102     676.7350   60589.2966
   143   12 Mg         0.0102     676.7351   60589.2979
   144   12 Mg         0.0102     676.7350   60589.2965
   145   12 Mg         0.0102     676.7351   60589.2975
   146   12 Mg         0.0102     676.7351   60589.2976
   147   12 Mg         0.0107     676.7110   60587.1424
   148   12 Mg         0.0107     676.7110   60587.1423
   149   12 Mg         0.0107     676.7110   60587.1416
   150   23 V          0.0108    1116.0978  123663.9216
--------------------------------------------------------

Atom-resolved dispersion energies:
--------------------------------------------------
     #    Z           [Hartree]      [kcal/mol]
--------------------------------------------------
     1   12 Mg  -0.30470764E-02     -1.91206931
     2   12 Mg  -0.30471273E-02     -1.91210125
     3   12 Mg  -0.32803031E-02     -2.05842128
     4   12 Mg  -0.32802897E-02     -2.05841289
     5   12 Mg  -0.32802827E-02     -2.05840846
     6   12 Mg  -0.32803043E-02     -2.05842203
     7   12 Mg  -0.30665077E-02     -1.92426264
     8   12 Mg  -0.30778878E-02     -1.93140375
     9   12 Mg  -0.30779685E-02     -1.93145440
    10   12 Mg  -0.30471196E-02     -1.91209641
    11   12 Mg  -0.30471136E-02     -1.91209265
    12   12 Mg  -0.30701618E-02     -1.92655564
    13   12 Mg  -0.30665078E-02     -1.92426273
    14   12 Mg  -0.30664448E-02     -1.92422316
    15   12 Mg  -0.30619279E-02     -1.92138876
    16   12 Mg  -0.30619105E-02     -1.92137785
    17   12 Mg  -0.30778980E-02     -1.93141018
    18   12 Mg  -0.30470623E-02     -1.91206048
    19   12 Mg  -0.30471102E-02     -1.91209053
    20   12 Mg  -0.30619178E-02     -1.92138242
    21   12 Mg  -0.30701282E-02     -1.92653456
    22   12 Mg  -0.30701552E-02     -1.92655150
    23   12 Mg  -0.32803008E-02     -2.05841986
    24   12 Mg  -0.32803215E-02     -2.05843283
    25   12 Mg  -0.32684046E-02     -2.05095482
    26   12 Mg  -0.32684113E-02     -2.05095903
    27   12 Mg  -0.32684455E-02     -2.05098055
    28   12 Mg  -0.30711171E-02     -1.92715505
    29   12 Mg  -0.30711648E-02     -1.92718504
    30   12 Mg  -0.30711049E-02     -1.92714742
    31   12 Mg  -0.30711682E-02     -1.92718714
    32   12 Mg  -0.30711205E-02     -1.92715718
    33   12 Mg  -0.30711184E-02     -1.92715588
    34   12 Mg  -0.30612140E-02     -1.92094078
    35   12 Mg  -0.30612242E-02     -1.92094716
    36   12 Mg  -0.30612218E-02     -1.92094568
    37   12 Mg  -0.31125135E-02     -1.95313174
    38   12 Mg  -0.31125291E-02     -1.95314149
    39   12 Mg  -0.31125329E-02     -1.95314391
    40   12 Mg  -0.30710595E-02     -1.92711891
    41   12 Mg  -0.30711186E-02     -1.92715599
    42   12 Mg  -0.30710493E-02     -1.92711255
    43   12 Mg  -0.30790565E-02     -1.93213715
    44   12 Mg  -0.30828788E-02     -1.93453568
    45   12 Mg  -0.30828849E-02     -1.93453951
    46   12 Mg  -0.30828822E-02     -1.93453781
    47   12 Mg  -0.30828993E-02     -1.93454852
    48   12 Mg  -0.30828998E-02     -1.93454881
    49   12 Mg  -0.30828852E-02     -1.93453966
    50   12 Mg  -0.30602140E-02     -1.92031328
    51   12 Mg  -0.30602600E-02     -1.92034215
    52   12 Mg  -0.30602600E-02     -1.92034215
    53   12 Mg  -0.30602418E-02     -1.92033071
    54   12 Mg  -0.30602424E-02     -1.92033112
    55   12 Mg  -0.30602072E-02     -1.92030903
    56   12 Mg  -0.30677628E-02     -1.92505022
    57   12 Mg  -0.30700592E-02     -1.92649124
    58   12 Mg  -0.30700092E-02     -1.92645987
    59   12 Mg  -0.30699967E-02     -1.92645202
    60   12 Mg  -0.30700130E-02     -1.92646225
    61   12 Mg  -0.30699930E-02     -1.92644967
    62   12 Mg  -0.30700453E-02     -1.92648252
    63   12 Mg  -0.30749752E-02     -1.92957604
    64   12 Mg  -0.30750285E-02     -1.92960951
    65   12 Mg  -0.30749747E-02     -1.92957573
    66   12 Mg  -0.30738507E-02     -1.92887044
    67   12 Mg  -0.30738272E-02     -1.92885571
    68   12 Mg  -0.30738605E-02     -1.92887661
    69   12 Mg  -0.30725883E-02     -1.92807828
    70   12 Mg  -0.30726143E-02     -1.92809459
    71   12 Mg  -0.30726212E-02     -1.92809890
    72   12 Mg  -0.30774440E-02     -1.93112525
    73   12 Mg  -0.30774177E-02     -1.93110874
    74   12 Mg  -0.30774403E-02     -1.93112296
    75   12 Mg  -0.30573795E-02     -1.91853459
    76   12 Mg  -0.30574150E-02     -1.91855687
    77   12 Mg  -0.30661121E-02     -1.92401438
    78   12 Mg  -0.30793620E-02     -1.93232881
    79   12 Mg  -0.30793544E-02     -1.93232408
    80   12 Mg  -0.30614388E-02     -1.92108183
    81   12 Mg  -0.30614254E-02     -1.92107345
    82   12 Mg  -0.30793688E-02     -1.93233308
    83   12 Mg  -0.30793018E-02     -1.93229105
    84   12 Mg  -0.30813686E-02     -1.93358802
    85   12 Mg  -0.30669387E-02     -1.92453311
    86   12 Mg  -0.30644566E-02     -1.92297556
    87   12 Mg  -0.30643943E-02     -1.92293646
    88   12 Mg  -0.30793473E-02     -1.93231960
    89   12 Mg  -0.30792948E-02     -1.93228664
    90   12 Mg  -0.30669881E-02     -1.92456407
    91   12 Mg  -0.30669326E-02     -1.92452923
    92   12 Mg  -0.30614663E-02     -1.92109913
    93   12 Mg  -0.30614248E-02     -1.92107307
    94   12 Mg  -0.30574109E-02     -1.91855431
    95   12 Mg  -0.30661084E-02     -1.92401204
    96   12 Mg  -0.30661637E-02     -1.92404675
    97   12 Mg  -0.30614178E-02     -1.92106866
    98   12 Mg  -0.30614702E-02     -1.92110155
    99   12 Mg  -0.30644677E-02     -1.92298252
   100   12 Mg  -0.30774407E-02     -1.93112317
   101   12 Mg  -0.30774144E-02     -1.93110666
   102   12 Mg  -0.30774370E-02     -1.93112088
   103   12 Mg  -0.30725879E-02     -1.92807803
   104   12 Mg  -0.30726139E-02     -1.92809434
   105   12 Mg  -0.30726208E-02     -1.92809865
   106   12 Mg  -0.30738409E-02     -1.92886430
   107   12 Mg  -0.30738174E-02     -1.92884957
   108   12 Mg  -0.30738507E-02     -1.92887046
   109   12 Mg  -0.30749748E-02     -1.92957582
   110   12 Mg  -0.30750281E-02     -1.92960928
   111   12 Mg  -0.30749743E-02     -1.92957551
   112   12 Mg  -0.30700568E-02     -1.92648971
   113   12 Mg  -0.30700068E-02     -1.92645834
   114   12 Mg  -0.30699943E-02     -1.92645049
   115   12 Mg  -0.30700106E-02     -1.92646073
   116   12 Mg  -0.30699905E-02     -1.92644815
   117   12 Mg  -0.30700429E-02     -1.92648099
   118   12 Mg  -0.30677626E-02     -1.92505011
   119   12 Mg  -0.30602135E-02     -1.92031297
   120   12 Mg  -0.30602595E-02     -1.92034184
   121   12 Mg  -0.30602595E-02     -1.92034184
   122   12 Mg  -0.30602413E-02     -1.92033040
   123   12 Mg  -0.30602419E-02     -1.92033081
   124   12 Mg  -0.30602067E-02     -1.92030872
   125   12 Mg  -0.30826627E-02     -1.93440006
   126   12 Mg  -0.30826688E-02     -1.93440390
   127   12 Mg  -0.30826661E-02     -1.93440218
   128   12 Mg  -0.30826837E-02     -1.93441324
   129   12 Mg  -0.30826842E-02     -1.93441353
   130   12 Mg  -0.30826691E-02     -1.93440404
   131   12 Mg  -0.30784556E-02     -1.93176005
   132   12 Mg  -0.30710589E-02     -1.92711855
   133   12 Mg  -0.30711180E-02     -1.92715564
   134   12 Mg  -0.30710488E-02     -1.92711220
   135   12 Mg  -0.31125094E-02     -1.95312914
   136   12 Mg  -0.31125249E-02     -1.95313889
   137   12 Mg  -0.31125288E-02     -1.95314132
   138   12 Mg  -0.30612025E-02     -1.92093357
   139   12 Mg  -0.30612126E-02     -1.92093993
   140   12 Mg  -0.30612103E-02     -1.92093845
   141   12 Mg  -0.30711147E-02     -1.92715358
   142   12 Mg  -0.30711625E-02     -1.92718357
   143   12 Mg  -0.30711026E-02     -1.92714595
   144   12 Mg  -0.30711659E-02     -1.92718568
   145   12 Mg  -0.30711181E-02     -1.92715571
   146   12 Mg  -0.30711160E-02     -1.92715441
   147   12 Mg  -0.32684042E-02     -2.05095460
   148   12 Mg  -0.32684109E-02     -2.05095880
   149   12 Mg  -0.32684452E-02     -2.05098032
   150   23 V   -0.45892310E-02     -2.87978594
--------------------------------------------------

Dispersion energy:      -4.6464955187854E-01 Eh

[Info] Dispersion energy written to .EDISP
