-----------------------------------
 s i m p l e   D F T - D 3  v1.2.1
-----------------------------------

Zero (Chai-Head-Gordon) damping: pbe-D3(0)
--------------------
  s6         1.0000
  s8         0.7220
  s9         0.0000
 rs6         1.2170
 rs8         1.0000
 alp        14.0000
--------------------

Atomic radii (in Angstrom):
-------------------------------------------
   Z          R(cov)     R(vdw)      r4/r2
-------------------------------------------
  12 Mg       1.6667     1.7420     2.8909
  23 V        1.6133     1.8605     3.2160
-------------------------------------------

Atomic reference systems (in atomic units):
----------------------------------------------------------------------------
   Z        #      CN    C6(AA)   #      CN    C6(AA)   #      CN    C6(AA)
----------------------------------------------------------------------------
  12 Mg     1  0.0000  683.3758   2  0.9628  451.2708   3  1.9496  175.5616
  23 V      1  0.0000 1116.0984   2  1.9138  290.1436   3  2.9110  269.3349
----------------------------------------------------------------------------

Dispersion properties (in atomic units):
--------------------------------------------------------
     #    Z                CN       C6(AA)       C8(AA)
--------------------------------------------------------
     1   12 Mg         3.7882     175.5616   15718.3436
     2   12 Mg         3.7883     175.5616   15718.3436
     3   12 Mg         4.0819     175.5616   15718.3434
     4   12 Mg         4.0819     175.5616   15718.3434
     5   12 Mg         4.0819     175.5616   15718.3434
     6   12 Mg         4.0819     175.5616   15718.3434
     7   12 Mg         3.8375     175.5616   15718.3435
     8   12 Mg         3.8560     175.5616   15718.3435
     9   12 Mg         3.8561     175.5616   15718.3435
    10   12 Mg         3.7883     175.5616   15718.3436
    11   12 Mg         3.7883     175.5616   15718.3436
    12   12 Mg         3.8389     175.5616   15718.3435
    13   12 Mg         3.8375     175.5616   15718.3435
    14   12 Mg         3.8374     175.5616   15718.3435
    15   12 Mg         3.8294     175.5616   15718.3435
    16   12 Mg         3.8294     175.5616   15718.3435
    17   12 Mg         3.8560     175.5616   15718.3435
    18   12 Mg         3.7882     175.5616   15718.3436
    19   12 Mg         3.7883     175.5616   15718.3436
    20   12 Mg         3.8294     175.5616   15718.3435
    21   12 Mg         3.8389     175.5616   15718.3435
    22   12 Mg         3.8389     175.5616   15718.3435
    23   12 Mg         4.0819     175.5616   15718.3434
    24   12 Mg         4.0820     175.5616   15718.3434
    25   12 Mg         4.0501     175.5616   15718.3434
    26   12 Mg         4.0501     175.5616   15718.3434
    27   12 Mg         4.0502     175.5616   15718.3434
    28   12 Mg         3.8405     175.5616   15718.3435
    29   12 Mg         3.8406     175.5616   15718.3435
    30   12 Mg         3.8405     175.5616   15718.3435
    31   12 Mg         3.8406     175.5616   15718.3435
    32   12 Mg         3.8405     175.5616   15718.3435
    33   12 Mg         3.8405     175.5616   15718.3435
    34   12 Mg         3.8264     175.5616   15718.3435
    35   12 Mg         3.8264     175.5616   15718.3435
    36   12 Mg         3.8264     175.5616   15718.3435
    37   12 Mg         3.9200     175.5616   15718.3434
    38   12 Mg         3.9200     175.5616   15718.3434
    39   12 Mg         3.9200     175.5616   15718.3434
    40   12 Mg         3.8503     175.5616   15718.3435
    41   12 Mg         3.8505     175.5616   15718.3435
    42   12 Mg         3.8503     175.5616   15718.3435
    43   12 Mg         3.8689     175.5616   15718.3435
    44   12 Mg         3.8795     175.5616   15718.3435
    45   12 Mg         3.8795     175.5616   15718.3435
    46   12 Mg         3.8795     175.5616   15718.3435
    47   12 Mg         3.8795     175.5616   15718.3435
    48   12 Mg         3.8795     175.5616   15718.3435
    49   12 Mg         3.8795     175.5616   15718.3435
    50   12 Mg         3.8206     175.5616   15718.3435
    51   12 Mg         3.8207     175.5616   15718.3435
    52   12 Mg         3.8207     175.5616   15718.3435
    53   12 Mg         3.8206     175.5616   15718.3435
    54   12 Mg         3.8206     175.5616   15718.3435
    55   12 Mg         3.8205     175.5616   15718.3435
    56   12 Mg         3.8321     175.5616   15718.3435
    57   12 Mg         3.8474     175.5616   15718.3435
    58   12 Mg         3.8473     175.5616   15718.3435
    59   12 Mg         3.8473     175.5616   15718.3435
    60   12 Mg         3.8473     175.5616   15718.3435
    61   12 Mg         3.8473     175.5616   15718.3435
    62   12 Mg         3.8474     175.5616   15718.3435
    63   12 Mg         3.8631     175.5616   15718.3435
    64   12 Mg         3.8632     175.5616   15718.3435
    65   12 Mg         3.8631     175.5616   15718.3435
    66   12 Mg         3.8548     175.5616   15718.3435
    67   12 Mg         3.8547     175.5616   15718.3435
    68   12 Mg         3.8548     175.5616   15718.3435
    69   12 Mg         3.8556     175.5616   15718.3435
    70   12 Mg         3.8557     175.5616   15718.3435
    71   12 Mg         3.8557     175.5616   15718.3435
    72   12 Mg         3.8644     175.5616   15718.3435
    73   12 Mg         3.8643     175.5616   15718.3435
    74   12 Mg         3.8644     175.5616   15718.3435
    75   12 Mg         3.8174     175.5616   15718.3435
    76   12 Mg         3.8175     175.5616   15718.3435
    77   12 Mg         3.8412     175.5616   15718.3435
    78   12 Mg         3.8723     175.5616   15718.3435
    79   12 Mg         3.8722     175.5616   15718.3435
    80   12 Mg         3.8281     175.5616   15718.3435
    81   12 Mg         3.8281     175.5616   15718.3435
    82   12 Mg         3.8723     175.5616   15718.3435
    83   12 Mg         3.8721     175.5616   15718.3435
    84   12 Mg         3.8742     175.5616   15718.3435
    85   12 Mg         3.8411     175.5616   15718.3435
    86   12 Mg         3.8342     175.5616   15718.3435
    87   12 Mg         3.8340     175.5616   15718.3435
    88   12 Mg         3.8722     175.5616   15718.3435
    89   12 Mg         3.8721     175.5616   15718.3435
    90   12 Mg         3.8413     175.5616   15718.3435
    91   12 Mg         3.8411     175.5616   15718.3435
    92   12 Mg         3.8282     175.5616   15718.3435
    93   12 Mg         3.8281     175.5616   15718.3435
    94   12 Mg         3.8175     175.5616   15718.3435
    95   12 Mg         3.8412     175.5616   15718.3435
    96   12 Mg         3.8413     175.5616   15718.3435
    97   12 Mg         3.8281     175.5616   15718.3435
    98   12 Mg         3.8282     175.5616   15718.3435
    99   12 Mg         3.8342     175.5616   15718.3435
   100   12 Mg         3.8644     175.5616   15718.3435
   101   12 Mg         3.8643     175.5616   15718.3435
   102   12 Mg         3.8644     175.5616   15718.3435
   103   12 Mg         3.8556     175.5616   15718.3435
   104   12 Mg         3.8557     175.5616   15718.3435
   105   12 Mg         3.8557     175.5616   15718.3435
   106   12 Mg         3.8548     175.5616   15718.3435
   107   12 Mg         3.8547     175.5616   15718.3435
   108   12 Mg         3.8548     175.5616   15718.3435
   109   12 Mg         3.8631     175.5616   15718.3435
   110   12 Mg         3.8632     175.5616   15718.3435
   111   12 Mg         3.8631     175.5616   15718.3435
   112   12 Mg         3.8474     175.5616   15718.3435
   113   12 Mg         3.8473     175.5616   15718.3435
   114   12 Mg         3.8473     175.5616   15718.3435
   115   12 Mg         3.8473     175.5616   15718.3435
   116   12 Mg         3.8473     175.5616   15718.3435
   117   12 Mg         3.8474     175.5616   15718.3435
   118   12 Mg         3.8321     175.5616   15718.3435
   119   12 Mg         3.8206     175.5616   15718.3435
   120   12 Mg         3.8207     175.5616   15718.3435
   121   12 Mg         3.8207     175.5616   15718.3435
   122   12 Mg         3.8206     175.5616   15718.3435
   123   12 Mg         3.8206     175.5616   15718.3435
   124   12 Mg         3.8205     175.5616   15718.3435
   125   12 Mg         3.8790     175.5616   15718.3435
   126   12 Mg         3.8790     175.5616   15718.3435
   127   12 Mg         3.8790     175.5616   15718.3435
   128   12 Mg         3.8790     175.5616   15718.3435
   129   12 Mg         3.8790     175.5616   15718.3435
   130   12 Mg         3.8790     175.5616   15718.3435
   131   12 Mg         3.8675     175.5616   15718.3435
   132   12 Mg         3.8503     175.5616   15718.3435
   133   12 Mg         3.8505     175.5616   15718.3435
   134   12 Mg         3.8503     175.5616   15718.3435
   135   12 Mg         3.9200     175.5616   15718.3434
   136   12 Mg         3.9200     175.5616   15718.3434
   137   12 Mg         3.9200     175.5616   15718.3434
   138   12 Mg         3.8264     175.5616   15718.3435
   139   12 Mg         3.8264     175.5616   15718.3435
   140   12 Mg         3.8264     175.5616   15718.3435
   141   12 Mg         3.8405     175.5616   15718.3435
   142   12 Mg         3.8406     175.5616   15718.3435
   143   12 Mg         3.8405     175.5616   15718.3435
   144   12 Mg         3.8406     175.5616   15718.3435
   145   12 Mg         3.8405     175.5616   15718.3435
   146   12 Mg         3.8405     175.5616   15718.3435
   147   12 Mg         4.0501     175.5616   15718.3434
   148   12 Mg         4.0501     175.5616   15718.3434
   149   12 Mg         4.0502     175.5616   15718.3434
   150   23 V          4.1762     269.3349   29842.3770
--------------------------------------------------------

Atom-resolved dispersion energies:
--------------------------------------------------
     #    Z           [Hartree]      [kcal/mol]
--------------------------------------------------
     1   12 Mg  -0.64571302E-02     -4.05191035
     2   12 Mg  -0.64570748E-02     -4.05187562
     3   12 Mg  -0.63359453E-02     -3.97586569
     4   12 Mg  -0.63359315E-02     -3.97585706
     5   12 Mg  -0.63359355E-02     -3.97585957
     6   12 Mg  -0.63358988E-02     -3.97583651
     7   12 Mg  -0.64188746E-02     -4.02790460
     8   12 Mg  -0.64426681E-02     -4.04283528
     9   12 Mg  -0.64425762E-02     -4.04277760
    10   12 Mg  -0.64570824E-02     -4.05188039
    11   12 Mg  -0.64570923E-02     -4.05188658
    12   12 Mg  -0.64445938E-02     -4.04404367
    13   12 Mg  -0.64188745E-02     -4.02790454
    14   12 Mg  -0.64189564E-02     -4.02795598
    15   12 Mg  -0.64142817E-02     -4.02502251
    16   12 Mg  -0.64142953E-02     -4.02503108
    17   12 Mg  -0.64426566E-02     -4.04282808
    18   12 Mg  -0.64571476E-02     -4.05192128
    19   12 Mg  -0.64570994E-02     -4.05189105
    20   12 Mg  -0.64142940E-02     -4.02503028
    21   12 Mg  -0.64446428E-02     -4.04407441
    22   12 Mg  -0.64446024E-02     -4.04404909
    23   12 Mg  -0.63359430E-02     -3.97586426
    24   12 Mg  -0.63358809E-02     -3.97582528
    25   12 Mg  -0.63525222E-02     -3.98626785
    26   12 Mg  -0.63525161E-02     -3.98626406
    27   12 Mg  -0.63524766E-02     -3.98623926
    28   12 Mg  -0.64469503E-02     -4.04552239
    29   12 Mg  -0.64468975E-02     -4.04548927
    30   12 Mg  -0.64469763E-02     -4.04553871
    31   12 Mg  -0.64468937E-02     -4.04548689
    32   12 Mg  -0.64469460E-02     -4.04551967
    33   12 Mg  -0.64469599E-02     -4.04552843
    34   12 Mg  -0.64194581E-02     -4.02827078
    35   12 Mg  -0.64194452E-02     -4.02826265
    36   12 Mg  -0.64194534E-02     -4.02826780
    37   12 Mg  -0.64473052E-02     -4.04574509
    38   12 Mg  -0.64473072E-02     -4.04574635
    39   12 Mg  -0.64473046E-02     -4.04574471
    40   12 Mg  -0.64061652E-02     -4.01992936
    41   12 Mg  -0.64060927E-02     -4.01988388
    42   12 Mg  -0.64061778E-02     -4.01993724
    43   12 Mg  -0.64025806E-02     -4.01767995
    44   12 Mg  -0.63948157E-02     -4.01280746
    45   12 Mg  -0.63947949E-02     -4.01279437
    46   12 Mg  -0.63948112E-02     -4.01280460
    47   12 Mg  -0.63947735E-02     -4.01278094
    48   12 Mg  -0.63947755E-02     -4.01278218
    49   12 Mg  -0.63947948E-02     -4.01279434
    50   12 Mg  -0.64384832E-02     -4.04020922
    51   12 Mg  -0.64384355E-02     -4.04017930
    52   12 Mg  -0.64384337E-02     -4.04017815
    53   12 Mg  -0.64384750E-02     -4.04020407
    54   12 Mg  -0.64384776E-02     -4.04020570
    55   12 Mg  -0.64384909E-02     -4.04021404
    56   12 Mg  -0.64534744E-02     -4.04961631
    57   12 Mg  -0.64102082E-02     -4.02246637
    58   12 Mg  -0.64102459E-02     -4.02249001
    59   12 Mg  -0.64102684E-02     -4.02250415
    60   12 Mg  -0.64102430E-02     -4.02248822
    61   12 Mg  -0.64102699E-02     -4.02250511
    62   12 Mg  -0.64102227E-02     -4.02247549
    63   12 Mg  -0.63944864E-02     -4.01260083
    64   12 Mg  -0.63944591E-02     -4.01258364
    65   12 Mg  -0.63944827E-02     -4.01259850
    66   12 Mg  -0.64123221E-02     -4.02379290
    67   12 Mg  -0.64123423E-02     -4.02380555
    68   12 Mg  -0.64123072E-02     -4.02378353
    69   12 Mg  -0.64012868E-02     -4.01686814
    70   12 Mg  -0.64012812E-02     -4.01686458
    71   12 Mg  -0.64012727E-02     -4.01685929
    72   12 Mg  -0.64049006E-02     -4.01913582
    73   12 Mg  -0.64049253E-02     -4.01915130
    74   12 Mg  -0.64049026E-02     -4.01913706
    75   12 Mg  -0.64242443E-02     -4.03127414
    76   12 Mg  -0.64242271E-02     -4.03126338
    77   12 Mg  -0.64035370E-02     -4.01828013
    78   12 Mg  -0.63937396E-02     -4.01213219
    79   12 Mg  -0.63937647E-02     -4.01214794
    80   12 Mg  -0.64157504E-02     -4.02594415
    81   12 Mg  -0.64157797E-02     -4.02596251
    82   12 Mg  -0.63937318E-02     -4.01212726
    83   12 Mg  -0.63937870E-02     -4.01216192
    84   12 Mg  -0.63998536E-02     -4.01596874
    85   12 Mg  -0.64093921E-02     -4.02195426
    86   12 Mg  -0.64153874E-02     -4.02571638
    87   12 Mg  -0.64154300E-02     -4.02574311
    88   12 Mg  -0.63937702E-02     -4.01215138
    89   12 Mg  -0.63937931E-02     -4.01216577
    90   12 Mg  -0.64093690E-02     -4.02193975
    91   12 Mg  -0.64094024E-02     -4.02196070
    92   12 Mg  -0.64157719E-02     -4.02595764
    93   12 Mg  -0.64157639E-02     -4.02595263
    94   12 Mg  -0.64242280E-02     -4.03126395
    95   12 Mg  -0.64035383E-02     -4.01828093
    96   12 Mg  -0.64034765E-02     -4.01824216
    97   12 Mg  -0.64157832E-02     -4.02596475
    98   12 Mg  -0.64157712E-02     -4.02595721
    99   12 Mg  -0.64153778E-02     -4.02571033
   100   12 Mg  -0.64048681E-02     -4.01911542
   101   12 Mg  -0.64048927E-02     -4.01913086
   102   12 Mg  -0.64048701E-02     -4.01911666
   103   12 Mg  -0.64012836E-02     -4.01686613
   104   12 Mg  -0.64012779E-02     -4.01686256
   105   12 Mg  -0.64012695E-02     -4.01685727
   106   12 Mg  -0.64122398E-02     -4.02374121
   107   12 Mg  -0.64122601E-02     -4.02375393
   108   12 Mg  -0.64122248E-02     -4.02373184
   109   12 Mg  -0.63944836E-02     -4.01259903
   110   12 Mg  -0.63944562E-02     -4.01258184
   111   12 Mg  -0.63944799E-02     -4.01259670
   112   12 Mg  -0.64101901E-02     -4.02245501
   113   12 Mg  -0.64102278E-02     -4.02247866
   114   12 Mg  -0.64102503E-02     -4.02249282
   115   12 Mg  -0.64102249E-02     -4.02247687
   116   12 Mg  -0.64102519E-02     -4.02249378
   117   12 Mg  -0.64102046E-02     -4.02246414
   118   12 Mg  -0.64534730E-02     -4.04961546
   119   12 Mg  -0.64384791E-02     -4.04020666
   120   12 Mg  -0.64384315E-02     -4.04017674
   121   12 Mg  -0.64384296E-02     -4.04017559
   122   12 Mg  -0.64384709E-02     -4.04020151
   123   12 Mg  -0.64384735E-02     -4.04020314
   124   12 Mg  -0.64384868E-02     -4.04021148
   125   12 Mg  -0.63949483E-02     -4.01289067
   126   12 Mg  -0.63949276E-02     -4.01287763
   127   12 Mg  -0.63949438E-02     -4.01288781
   128   12 Mg  -0.63949055E-02     -4.01286377
   129   12 Mg  -0.63949074E-02     -4.01286500
   130   12 Mg  -0.63949275E-02     -4.01287761
   131   12 Mg  -0.64031908E-02     -4.01806290
   132   12 Mg  -0.64061605E-02     -4.01992639
   133   12 Mg  -0.64060880E-02     -4.01988090
   134   12 Mg  -0.64061730E-02     -4.01993427
   135   12 Mg  -0.64472693E-02     -4.04572257
   136   12 Mg  -0.64472713E-02     -4.04572385
   137   12 Mg  -0.64472687E-02     -4.04572221
   138   12 Mg  -0.64193995E-02     -4.02823403
   139   12 Mg  -0.64193864E-02     -4.02822581
   140   12 Mg  -0.64193946E-02     -4.02823096
   141   12 Mg  -0.64469301E-02     -4.04550972
   142   12 Mg  -0.64468774E-02     -4.04547663
   143   12 Mg  -0.64469561E-02     -4.04552605
   144   12 Mg  -0.64468736E-02     -4.04547426
   145   12 Mg  -0.64469258E-02     -4.04550700
   146   12 Mg  -0.64469398E-02     -4.04551577
   147   12 Mg  -0.63525192E-02     -3.98626598
   148   12 Mg  -0.63525132E-02     -3.98626219
   149   12 Mg  -0.63524736E-02     -3.98623739
   150   23 V   -0.64849537E-02     -4.06936986
--------------------------------------------------

Dispersion energy:      -9.6204736516127E-01 Eh

[Info] Dispersion energy written to .EDISP
