-----------------------------------
 s i m p l e   D F T - D 3  v1.2.1
-----------------------------------

Zero (Chai-Head-Gordon) damping: pbe-D3(0)
--------------------
  s6         1.0000
  s8         0.7220
  s9         0.0000
 rs6         1.2170
 rs8         1.0000
 alp        14.0000
--------------------

Atomic radii (in Angstrom):
-------------------------------------------
   Z          R(cov)     R(vdw)      r4/r2
-------------------------------------------
  12 Mg       1.6667     1.7420     2.8909
  23 V        1.6133     1.8605     3.2160
-------------------------------------------

Atomic reference systems (in atomic units):
----------------------------------------------------------------------------
   Z        #      CN    C6(AA)   #      CN    C6(AA)   #      CN    C6(AA)
----------------------------------------------------------------------------
  12 Mg     1  0.0000  683.3758   2  0.9628  451.2708   3  1.9496  175.5616
  23 V      1  0.0000 1116.0984   2  1.9138  290.1436   3  2.9110  269.3349
----------------------------------------------------------------------------

Dispersion properties (in atomic units):
--------------------------------------------------------
     #    Z                CN       C6(AA)       C8(AA)
--------------------------------------------------------
     1   12 Mg         0.3265     624.7874   55938.3303
     2   12 Mg         0.3265     624.7833   55937.9644
     3   12 Mg         0.3586     613.2796   54908.0178
     4   12 Mg         0.3586     613.2798   54908.0378
     5   12 Mg         0.3586     613.2804   54908.0856
     6   12 Mg         0.3586     613.2788   54907.9456
     7   12 Mg         0.3310     623.2825   55803.5929
     8   12 Mg         0.3330     622.5852   55741.1611
     9   12 Mg         0.3330     622.5784   55740.5566
    10   12 Mg         0.3265     624.7840   55938.0258
    11   12 Mg         0.3265     624.7842   55938.0470
    12   12 Mg         0.3313     623.1623   55792.8364
    13   12 Mg         0.3310     623.2825   55803.5912
    14   12 Mg         0.3309     623.2877   55804.0570
    15   12 Mg         0.3302     623.5472   55827.2976
    16   12 Mg         0.3302     623.5485   55827.4113
    17   12 Mg         0.3330     622.5843   55741.0867
    18   12 Mg         0.3265     624.7886   55938.4402
    19   12 Mg         0.3265     624.7845   55938.0738
    20   12 Mg         0.3302     623.5481   55827.3714
    21   12 Mg         0.3313     623.1653   55793.0982
    22   12 Mg         0.3313     623.1629   55792.8841
    23   12 Mg         0.3586     613.2797   54908.0285
    24   12 Mg         0.3586     613.2773   54907.8104
    25   12 Mg         0.3555     614.4494   55012.7501
    26   12 Mg         0.3555     614.4488   55012.7010
    27   12 Mg         0.3555     614.4457   55012.4180
    28   12 Mg         0.3314     623.1144   55788.5433
    29   12 Mg         0.3314     623.1106   55788.2022
    30   12 Mg         0.3314     623.1157   55788.6581
    31   12 Mg         0.3315     623.1103   55788.1777
    32   12 Mg         0.3314     623.1141   55788.5176
    33   12 Mg         0.3314     623.1146   55788.5579
    34   12 Mg         0.3299     623.6542   55836.8745
    35   12 Mg         0.3299     623.6535   55836.8064
    36   12 Mg         0.3299     623.6537   55836.8289
    37   12 Mg         0.3392     620.4159   55546.9455
    38   12 Mg         0.3392     620.4149   55546.8531
    39   12 Mg         0.3392     620.4146   55546.8262
    40   12 Mg         0.3322     622.8550   55765.3203
    41   12 Mg         0.3322     622.8502   55764.8875
    42   12 Mg         0.3322     622.8558   55765.3948
    43   12 Mg         0.3340     622.2138   55707.9110
    44   12 Mg         0.3351     621.8540   55675.6958
    45   12 Mg         0.3351     621.8533   55675.6317
    46   12 Mg         0.3351     621.8537   55675.6701
    47   12 Mg         0.3351     621.8521   55675.5240
    48   12 Mg         0.3351     621.8520   55675.5224
    49   12 Mg         0.3351     621.8532   55675.6302
    50   12 Mg         0.3296     623.7527   55845.6943
    51   12 Mg         0.3296     623.7491   55845.3663
    52   12 Mg         0.3296     623.7490   55845.3634
    53   12 Mg         0.3296     623.7507   55845.5137
    54   12 Mg         0.3296     623.7507   55845.5112
    55   12 Mg         0.3296     623.7533   55845.7429
    56   12 Mg         0.3307     623.3767   55812.0248
    57   12 Mg         0.3319     622.9463   55773.4944
    58   12 Mg         0.3319     622.9502   55773.8417
    59   12 Mg         0.3319     622.9513   55773.9378
    60   12 Mg         0.3319     622.9499   55773.8149
    61   12 Mg         0.3319     622.9515   55773.9624
    62   12 Mg         0.3319     622.9474   55773.5952
    63   12 Mg         0.3334     622.4199   55726.3665
    64   12 Mg         0.3335     622.4158   55725.9992
    65   12 Mg         0.3334     622.4199   55726.3665
    66   12 Mg         0.3326     622.6961   55751.0971
    67   12 Mg         0.3326     622.6980   55751.2643
    68   12 Mg         0.3327     622.6953   55751.0218
    69   12 Mg         0.3327     622.6729   55749.0176
    70   12 Mg         0.3327     622.6710   55748.8483
    71   12 Mg         0.3327     622.6704   55748.7966
    72   12 Mg         0.3336     622.3732   55722.1846
    73   12 Mg         0.3336     622.3754   55722.3801
    74   12 Mg         0.3336     622.3735   55722.2100
    75   12 Mg         0.3291     623.9243   55861.0522
    76   12 Mg         0.3291     623.9217   55860.8193
    77   12 Mg         0.3313     623.1451   55791.2960
    78   12 Mg         0.3344     622.0978   55697.5243
    79   12 Mg         0.3344     622.0985   55697.5928
    80   12 Mg         0.3301     623.5880   55830.9505
    81   12 Mg         0.3301     623.5893   55831.0626
    82   12 Mg         0.3344     622.0972   55697.4739
    83   12 Mg         0.3344     622.1025   55697.9431
    84   12 Mg         0.3346     622.0293   55691.3951
    85   12 Mg         0.3313     623.1611   55792.7290
    86   12 Mg         0.3306     623.3902   55813.2340
    87   12 Mg         0.3306     623.3950   55813.6658
    88   12 Mg         0.3344     622.0991   55697.6434
    89   12 Mg         0.3344     622.1030   55697.9937
    90   12 Mg         0.3313     623.1574   55792.3920
    91   12 Mg         0.3313     623.1617   55792.7779
    92   12 Mg         0.3301     623.5864   55830.8012
    93   12 Mg         0.3301     623.5892   55831.0499
    94   12 Mg         0.3291     623.9220   55860.8474
    95   12 Mg         0.3313     623.1454   55791.3214
    96   12 Mg         0.3314     623.1410   55790.9292
    97   12 Mg         0.3301     623.5899   55831.1130
    98   12 Mg         0.3301     623.5861   55830.7763
    99   12 Mg         0.3306     623.3893   55813.1564
   100   12 Mg         0.3336     622.3732   55722.1846
   101   12 Mg         0.3336     622.3754   55722.3801
   102   12 Mg         0.3336     622.3735   55722.2100
   103   12 Mg         0.3327     622.6729   55749.0179
   104   12 Mg         0.3327     622.6710   55748.8486
   105   12 Mg         0.3327     622.6705   55748.7969
   106   12 Mg         0.3326     622.6962   55751.1041
   107   12 Mg         0.3326     622.6981   55751.2715
   108   12 Mg         0.3327     622.6954   55751.0289
   109   12 Mg         0.3334     622.4199   55726.3667
   110   12 Mg         0.3335     622.4158   55725.9995
   111   12 Mg         0.3334     622.4199   55726.3667
   112   12 Mg         0.3319     622.9463   55773.4982
   113   12 Mg         0.3319     622.9502   55773.8454
   114   12 Mg         0.3319     622.9513   55773.9416
   115   12 Mg         0.3319     622.9499   55773.8186
   116   12 Mg         0.3319     622.9516   55773.9661
   117   12 Mg         0.3319     622.9475   55773.5990
   118   12 Mg         0.3307     623.3767   55812.0250
   119   12 Mg         0.3296     623.7527   55845.6946
   120   12 Mg         0.3296     623.7491   55845.3667
   121   12 Mg         0.3296     623.7490   55845.3637
   122   12 Mg         0.3296     623.7507   55845.5141
   123   12 Mg         0.3296     623.7507   55845.5115
   124   12 Mg         0.3296     623.7533   55845.7432
   125   12 Mg         0.3350     621.8708   55677.2025
   126   12 Mg         0.3350     621.8701   55677.1384
   127   12 Mg         0.3350     621.8705   55677.1769
   128   12 Mg         0.3350     621.8688   55677.0267
   129   12 Mg         0.3350     621.8688   55677.0251
   130   12 Mg         0.3350     621.8701   55677.1370
   131   12 Mg         0.3339     622.2622   55712.2457
   132   12 Mg         0.3322     622.8550   55765.3207
   133   12 Mg         0.3322     622.8502   55764.8879
   134   12 Mg         0.3322     622.8558   55765.3952
   135   12 Mg         0.3392     620.4160   55546.9489
   136   12 Mg         0.3392     620.4149   55546.8564
   137   12 Mg         0.3392     620.4146   55546.8296
   138   12 Mg         0.3299     623.6544   55836.8891
   139   12 Mg         0.3299     623.6536   55836.8211
   140   12 Mg         0.3299     623.6539   55836.8435
   141   12 Mg         0.3314     623.1144   55788.5451
   142   12 Mg         0.3314     623.1106   55788.2040
   143   12 Mg         0.3314     623.1157   55788.6598
   144   12 Mg         0.3315     623.1103   55788.1794
   145   12 Mg         0.3314     623.1141   55788.5194
   146   12 Mg         0.3314     623.1146   55788.5597
   147   12 Mg         0.3555     614.4494   55012.7504
   148   12 Mg         0.3555     614.4488   55012.7013
   149   12 Mg         0.3555     614.4457   55012.4182
   150   23 V          0.3648    1115.9672  123649.4435
--------------------------------------------------------

Atom-resolved dispersion energies:
--------------------------------------------------
     #    Z           [Hartree]      [kcal/mol]
--------------------------------------------------
     1   12 Mg  -0.16160946E-01    -10.14114686
     2   12 Mg  -0.16161019E-01    -10.14119239
     3   12 Mg  -0.16628572E-01    -10.43458663
     4   12 Mg  -0.16628666E-01    -10.43464564
     5   12 Mg  -0.16628652E-01    -10.43463695
     6   12 Mg  -0.16628704E-01    -10.43466910
     7   12 Mg  -0.16191274E-01    -10.16017802
     8   12 Mg  -0.16215601E-01    -10.17544315
     9   12 Mg  -0.16215710E-01    -10.17551183
    10   12 Mg  -0.16161011E-01    -10.14118726
    11   12 Mg  -0.16160987E-01    -10.14117257
    12   12 Mg  -0.16207269E-01    -10.17021483
    13   12 Mg  -0.16191274E-01    -10.16017814
    14   12 Mg  -0.16191186E-01    -10.16012281
    15   12 Mg  -0.16183138E-01    -10.15507228
    16   12 Mg  -0.16183102E-01    -10.15504979
    17   12 Mg  -0.16215616E-01    -10.17545243
    18   12 Mg  -0.16160933E-01    -10.14113846
    19   12 Mg  -0.16160983E-01    -10.14116968
    20   12 Mg  -0.16183123E-01    -10.15506309
    21   12 Mg  -0.16207246E-01    -10.17020065
    22   12 Mg  -0.16207258E-01    -10.17020823
    23   12 Mg  -0.16628574E-01    -10.43458800
    24   12 Mg  -0.16628725E-01    -10.43468240
    25   12 Mg  -0.16612018E-01    -10.42419852
    26   12 Mg  -0.16612028E-01    -10.42420478
    27   12 Mg  -0.16611985E-01    -10.42417811
    28   12 Mg  -0.16207928E-01    -10.17062860
    29   12 Mg  -0.16208003E-01    -10.17067556
    30   12 Mg  -0.16207926E-01    -10.17062697
    31   12 Mg  -0.16208007E-01    -10.17067776
    32   12 Mg  -0.16207933E-01    -10.17063149
    33   12 Mg  -0.16207943E-01    -10.17063759
    34   12 Mg  -0.16182538E-01    -10.15469589
    35   12 Mg  -0.16182554E-01    -10.15470585
    36   12 Mg  -0.16182555E-01    -10.15470631
    37   12 Mg  -0.16317967E-01    -10.23967866
    38   12 Mg  -0.16318005E-01    -10.23970279
    39   12 Mg  -0.16318012E-01    -10.23970690
    40   12 Mg  -0.16197175E-01    -10.16388068
    41   12 Mg  -0.16197261E-01    -10.16393460
    42   12 Mg  -0.16197161E-01    -10.16387173
    43   12 Mg  -0.16202470E-01    -10.16720369
    44   12 Mg  -0.16203952E-01    -10.16813345
    45   12 Mg  -0.16203943E-01    -10.16812803
    46   12 Mg  -0.16203956E-01    -10.16813621
    47   12 Mg  -0.16203965E-01    -10.16814165
    48   12 Mg  -0.16203967E-01    -10.16814308
    49   12 Mg  -0.16203946E-01    -10.16812939
    50   12 Mg  -0.16178871E-01    -10.15239515
    51   12 Mg  -0.16178934E-01    -10.15243464
    52   12 Mg  -0.16178934E-01    -10.15243425
    53   12 Mg  -0.16178912E-01    -10.15242037
    54   12 Mg  -0.16178913E-01    -10.15242129
    55   12 Mg  -0.16178862E-01    -10.15238893
    56   12 Mg  -0.16203688E-01    -10.16796780
    57   12 Mg  -0.16194237E-01    -10.16203725
    58   12 Mg  -0.16194154E-01    -10.16198527
    59   12 Mg  -0.16194154E-01    -10.16198486
    60   12 Mg  -0.16194161E-01    -10.16198952
    61   12 Mg  -0.16194147E-01    -10.16198041
    62   12 Mg  -0.16194218E-01    -10.16202547
    63   12 Mg  -0.16190972E-01    -10.15998816
    64   12 Mg  -0.16191057E-01    -10.16004197
    65   12 Mg  -0.16190970E-01    -10.15998676
    66   12 Mg  -0.16200298E-01    -10.16584056
    67   12 Mg  -0.16200269E-01    -10.16582249
    68   12 Mg  -0.16200310E-01    -10.16584818
    69   12 Mg  -0.16192850E-01    -10.16116681
    70   12 Mg  -0.16192893E-01    -10.16119381
    71   12 Mg  -0.16192902E-01    -10.16119919
    72   12 Mg  -0.16204162E-01    -10.16826514
    73   12 Mg  -0.16204132E-01    -10.16824622
    74   12 Mg  -0.16204157E-01    -10.16826203
    75   12 Mg  -0.16176111E-01    -10.15066304
    76   12 Mg  -0.16176169E-01    -10.15069927
    77   12 Mg  -0.16184299E-01    -10.15580071
    78   12 Mg  -0.16198722E-01    -10.16485171
    79   12 Mg  -0.16198714E-01    -10.16484635
    80   12 Mg  -0.16180165E-01    -10.15320669
    81   12 Mg  -0.16180158E-01    -10.15320274
    82   12 Mg  -0.16198732E-01    -10.16485753
    83   12 Mg  -0.16198618E-01    -10.16478605
    84   12 Mg  -0.16207010E-01    -10.17005247
    85   12 Mg  -0.16188224E-01    -10.15826385
    86   12 Mg  -0.16186690E-01    -10.15730137
    87   12 Mg  -0.16186607E-01    -10.15724953
    88   12 Mg  -0.16198704E-01    -10.16484021
    89   12 Mg  -0.16198608E-01    -10.16478018
    90   12 Mg  -0.16188303E-01    -10.15831342
    91   12 Mg  -0.16188219E-01    -10.15826071
    92   12 Mg  -0.16180230E-01    -10.15324772
    93   12 Mg  -0.16180145E-01    -10.15319450
    94   12 Mg  -0.16176164E-01    -10.15069643
    95   12 Mg  -0.16184293E-01    -10.15579747
    96   12 Mg  -0.16184368E-01    -10.15584420
    97   12 Mg  -0.16180145E-01    -10.15319402
    98   12 Mg  -0.16180235E-01    -10.15325099
    99   12 Mg  -0.16186708E-01    -10.15731275
   100   12 Mg  -0.16204171E-01    -10.16827052
   101   12 Mg  -0.16204140E-01    -10.16825161
   102   12 Mg  -0.16204166E-01    -10.16826742
   103   12 Mg  -0.16192849E-01    -10.16116621
   104   12 Mg  -0.16192892E-01    -10.16119321
   105   12 Mg  -0.16192901E-01    -10.16119859
   106   12 Mg  -0.16200293E-01    -10.16583751
   107   12 Mg  -0.16200265E-01    -10.16581947
   108   12 Mg  -0.16200305E-01    -10.16584513
   109   12 Mg  -0.16190971E-01    -10.15998778
   110   12 Mg  -0.16191057E-01    -10.16004158
   111   12 Mg  -0.16190969E-01    -10.15998637
   112   12 Mg  -0.16194240E-01    -10.16203883
   113   12 Mg  -0.16194157E-01    -10.16198686
   114   12 Mg  -0.16194156E-01    -10.16198643
   115   12 Mg  -0.16194164E-01    -10.16199110
   116   12 Mg  -0.16194149E-01    -10.16198199
   117   12 Mg  -0.16194221E-01    -10.16202706
   118   12 Mg  -0.16203688E-01    -10.16796755
   119   12 Mg  -0.16178872E-01    -10.15239532
   120   12 Mg  -0.16178935E-01    -10.15243481
   121   12 Mg  -0.16178934E-01    -10.15243442
   122   12 Mg  -0.16178912E-01    -10.15242054
   123   12 Mg  -0.16178913E-01    -10.15242146
   124   12 Mg  -0.16178862E-01    -10.15238910
   125   12 Mg  -0.16203616E-01    -10.16792247
   126   12 Mg  -0.16203607E-01    -10.16791716
   127   12 Mg  -0.16203620E-01    -10.16792524
   128   12 Mg  -0.16203630E-01    -10.16793116
   129   12 Mg  -0.16203632E-01    -10.16793259
   130   12 Mg  -0.16203610E-01    -10.16791852
   131   12 Mg  -0.16201628E-01    -10.16667519
   132   12 Mg  -0.16197173E-01    -10.16387939
   133   12 Mg  -0.16197259E-01    -10.16393331
   134   12 Mg  -0.16197159E-01    -10.16387044
   135   12 Mg  -0.16317963E-01    -10.23967649
   136   12 Mg  -0.16318002E-01    -10.23970063
   137   12 Mg  -0.16318008E-01    -10.23970474
   138   12 Mg  -0.16182476E-01    -10.15465696
   139   12 Mg  -0.16182492E-01    -10.15466682
   140   12 Mg  -0.16182492E-01    -10.15466728
   141   12 Mg  -0.16207926E-01    -10.17062688
   142   12 Mg  -0.16208000E-01    -10.17067384
   143   12 Mg  -0.16207923E-01    -10.17062525
   144   12 Mg  -0.16208004E-01    -10.17067604
   145   12 Mg  -0.16207930E-01    -10.17062977
   146   12 Mg  -0.16207940E-01    -10.17063587
   147   12 Mg  -0.16612017E-01    -10.42419808
   148   12 Mg  -0.16612027E-01    -10.42420433
   149   12 Mg  -0.16611985E-01    -10.42417767
   150   23 V   -0.21546551E-01    -13.52066475
--------------------------------------------------

Dispersion energy:      -2.4401801167307E+00 Eh

[Info] Dispersion energy written to .EDISP
