-----------------------------------
 s i m p l e   D F T - D 3  v1.2.1
-----------------------------------

Zero (Chai-Head-Gordon) damping: pbe-D3(0)
--------------------
  s6         1.0000
  s8         0.7220
  s9         0.0000
 rs6         1.2170
 rs8         1.0000
 alp        14.0000
--------------------

Atomic radii (in Angstrom):
-------------------------------------------
   Z          R(cov)     R(vdw)      r4/r2
-------------------------------------------
  12 Mg       1.6667     1.7420     2.8909
  40 Zr       1.8533     2.0299     3.9341
-------------------------------------------

Atomic reference systems (in atomic units):
----------------------------------------------------------------------------
   Z        #      CN    C6(AA)   #      CN    C6(AA)   #      CN    C6(AA)
----------------------------------------------------------------------------
  12 Mg     1  0.0000  683.3758   2  0.9628  451.2708   3  1.9496  175.5616
  40 Zr     1  0.0000 1822.7181   2  1.9355  568.6789   3  3.9106  458.6896
----------------------------------------------------------------------------

Dispersion properties (in atomic units):
--------------------------------------------------------
     #    Z                CN       C6(AA)       C8(AA)
--------------------------------------------------------
     1   12 Mg         0.1433     665.7539   59606.1388
     2   12 Mg         0.1433     665.7538   59606.1275
     3   12 Mg         0.1619     663.2796   59384.6089
     4   12 Mg         0.1619     663.2795   59384.5970
     5   12 Mg         0.1444     665.6214   59594.2763
     6   12 Mg         0.1452     665.5134   59584.6051
     7   12 Mg         0.1452     665.5132   59584.5838
     8   12 Mg         0.1433     665.7539   59606.1379
     9   12 Mg         0.1433     665.7539   59606.1311
    10   12 Mg         0.1444     665.6215   59594.2799
    11   12 Mg         0.1444     665.6215   59594.2800
    12   12 Mg         0.1460     665.4177   59576.0338
    13   12 Mg         0.1452     665.5135   59584.6089
    14   12 Mg         0.1448     665.5626   59589.0058
    15   12 Mg         0.1448     665.5625   59589.0024
    16   12 Mg         0.1433     665.7539   59606.1309
    17   12 Mg         0.1433     665.7539   59606.1337
    18   12 Mg         0.1460     665.4175   59576.0154
    19   12 Mg         0.1460     665.4177   59576.0303
    20   12 Mg         0.1448     665.5626   59589.0066
    21   12 Mg         0.1619     663.2793   59384.5830
    22   12 Mg         0.1619     663.2792   59384.5728
    23   12 Mg         0.1619     663.2795   59384.5980
    24   12 Mg         0.1619     663.2794   59384.5866
    25   12 Mg         0.1623     663.2156   59378.8719
    26   12 Mg         0.1623     663.2155   59378.8632
    27   12 Mg         0.1623     663.2154   59378.8571
    28   12 Mg         0.1451     665.5265   59585.7740
    29   12 Mg         0.1451     665.5266   59585.7809
    30   12 Mg         0.1451     665.5265   59585.7726
    31   12 Mg         0.1433     665.7608   59606.7505
    32   12 Mg         0.1445     665.6063   59592.9167
    33   12 Mg         0.1445     665.6064   59592.9318
    34   12 Mg         0.1445     665.6063   59592.9208
    35   12 Mg         0.1445     665.6063   59592.9205
    36   12 Mg         0.1445     665.6063   59592.9244
    37   12 Mg         0.1445     665.6064   59592.9318
    38   12 Mg         0.1448     665.5742   59590.0431
    39   12 Mg         0.1448     665.5740   59590.0320
    40   12 Mg         0.1448     665.5741   59590.0360
    41   12 Mg         0.1452     665.5221   59585.3775
    42   12 Mg         0.1452     665.5220   59585.3706
    43   12 Mg         0.1452     665.5220   59585.3706
    44   12 Mg         0.1452     665.5219   59585.3629
    45   12 Mg         0.1452     665.5220   59585.3738
    46   12 Mg         0.1452     665.5221   59585.3794
    47   12 Mg         0.1469     665.2952   59565.0694
    48   12 Mg         0.1469     665.2953   59565.0767
    49   12 Mg         0.1469     665.2953   59565.0772
    50   12 Mg         0.1434     665.7397   59604.8612
    51   12 Mg         0.1434     665.7397   59604.8646
    52   12 Mg         0.1434     665.7396   59604.8576
    53   12 Mg         0.1434     665.7396   59604.8577
    54   12 Mg         0.1434     665.7397   59604.8613
    55   12 Mg         0.1434     665.7395   59604.8471
    56   12 Mg         0.1446     665.5969   59592.0745
    57   12 Mg         0.1446     665.5969   59592.0744
    58   12 Mg         0.1446     665.5969   59592.0819
    59   12 Mg         0.1445     665.6000   59592.3592
    60   12 Mg         0.1445     665.6000   59592.3516
    61   12 Mg         0.1445     665.6001   59592.3626
    62   12 Mg         0.1454     665.4944   59582.9057
    63   12 Mg         0.1454     665.4945   59582.9097
    64   12 Mg         0.1454     665.4945   59582.9058
    65   12 Mg         0.1454     665.4944   59582.9020
    66   12 Mg         0.1454     665.4944   59582.9020
    67   12 Mg         0.1454     665.4944   59582.9058
    68   12 Mg         0.1459     665.4285   59576.9978
    69   12 Mg         0.1459     665.4284   59576.9944
    70   12 Mg         0.1459     665.4285   59577.0020
    71   12 Mg         0.1463     665.3773   59572.4145
    72   12 Mg         0.1463     665.3774   59572.4265
    73   12 Mg         0.1463     665.3773   59572.4215
    74   12 Mg         0.1439     665.6771   59599.2601
    75   12 Mg         0.1431     665.7761   59608.1229
    76   12 Mg         0.1431     665.7761   59608.1256
    77   12 Mg         0.1445     665.6073   59593.0109
    78   12 Mg         0.1456     665.4643   59580.2025
    79   12 Mg         0.1456     665.4642   59580.1990
    80   12 Mg         0.1456     665.4642   59580.1988
    81   12 Mg         0.1456     665.4642   59580.1954
    82   12 Mg         0.1444     665.6232   59594.4304
    83   12 Mg         0.1444     665.6233   59594.4378
    84   12 Mg         0.1465     665.3466   59569.6655
    85   12 Mg         0.1456     665.4643   59580.2028
    86   12 Mg         0.1456     665.4643   59580.2027
    87   12 Mg         0.1446     665.5976   59592.1454
    88   12 Mg         0.1446     665.5976   59592.1377
    89   12 Mg         0.1457     665.4489   59578.8262
    90   12 Mg         0.1444     665.6231   59594.4231
    91   12 Mg         0.1444     665.6232   59594.4307
    92   12 Mg         0.1457     665.4492   59578.8528
    93   12 Mg         0.1457     665.4488   59578.8219
    94   12 Mg         0.1431     665.7761   59608.1185
    95   12 Mg         0.1445     665.6072   59592.9963
    96   12 Mg         0.1445     665.6073   59593.0076
    97   12 Mg         0.1444     665.6233   59594.4450
    98   12 Mg         0.1444     665.6233   59594.4420
    99   12 Mg         0.1446     665.5976   59592.1414
   100   12 Mg         0.1439     665.6771   59599.2600
   101   12 Mg         0.1463     665.3771   59572.4023
   102   12 Mg         0.1463     665.3773   59572.4142
   103   12 Mg         0.1463     665.3772   59572.4093
   104   12 Mg         0.1459     665.4285   59576.9976
   105   12 Mg         0.1459     665.4284   59576.9942
   106   12 Mg         0.1459     665.4285   59577.0018
   107   12 Mg         0.1454     665.4944   59582.8995
   108   12 Mg         0.1454     665.4944   59582.9035
   109   12 Mg         0.1454     665.4944   59582.8997
   110   12 Mg         0.1454     665.4943   59582.8959
   111   12 Mg         0.1454     665.4943   59582.8958
   112   12 Mg         0.1454     665.4944   59582.8996
   113   12 Mg         0.1445     665.6000   59592.3591
   114   12 Mg         0.1445     665.6000   59592.3515
   115   12 Mg         0.1445     665.6001   59592.3625
   116   12 Mg         0.1446     665.5969   59592.0745
   117   12 Mg         0.1446     665.5969   59592.0744
   118   12 Mg         0.1446     665.5969   59592.0819
   119   12 Mg         0.1434     665.7396   59604.8550
   120   12 Mg         0.1434     665.7396   59604.8583
   121   12 Mg         0.1434     665.7396   59604.8513
   122   12 Mg         0.1434     665.7396   59604.8515
   123   12 Mg         0.1434     665.7396   59604.8550
   124   12 Mg         0.1434     665.7394   59604.8408
   125   12 Mg         0.1469     665.2952   59565.0694
   126   12 Mg         0.1469     665.2953   59565.0766
   127   12 Mg         0.1469     665.2953   59565.0772
   128   12 Mg         0.1452     665.5220   59585.3767
   129   12 Mg         0.1452     665.5220   59585.3699
   130   12 Mg         0.1452     665.5220   59585.3699
   131   12 Mg         0.1452     665.5219   59585.3622
   132   12 Mg         0.1452     665.5220   59585.3731
   133   12 Mg         0.1452     665.5221   59585.3787
   134   12 Mg         0.1448     665.5742   59590.0431
   135   12 Mg         0.1448     665.5740   59590.0320
   136   12 Mg         0.1448     665.5741   59590.0360
   137   12 Mg         0.1445     665.6063   59592.9167
   138   12 Mg         0.1445     665.6064   59592.9318
   139   12 Mg         0.1445     665.6063   59592.9208
   140   12 Mg         0.1445     665.6063   59592.9205
   141   12 Mg         0.1445     665.6063   59592.9244
   142   12 Mg         0.1445     665.6064   59592.9318
   143   12 Mg         0.1433     665.7608   59606.7505
   144   12 Mg         0.1451     665.5265   59585.7741
   145   12 Mg         0.1451     665.5266   59585.7810
   146   12 Mg         0.1451     665.5265   59585.7727
   147   12 Mg         0.1623     663.2156   59378.8721
   148   12 Mg         0.1623     663.2155   59378.8634
   149   12 Mg         0.1623     663.2154   59378.8572
   150   40 Zr         0.3068    1822.6581  302216.5220
--------------------------------------------------------

Atom-resolved dispersion energies:
--------------------------------------------------
     #    Z           [Hartree]      [kcal/mol]
--------------------------------------------------
     1   12 Mg  -0.12722670E-01     -7.98359621
     2   12 Mg  -0.12722695E-01     -7.98361164
     3   12 Mg  -0.13441507E-01     -8.43467303
     4   12 Mg  -0.13441518E-01     -8.43467982
     5   12 Mg  -0.12738499E-01     -7.99352862
     6   12 Mg  -0.12774368E-01     -8.01603665
     7   12 Mg  -0.12774418E-01     -8.01606850
     8   12 Mg  -0.12722670E-01     -7.98359615
     9   12 Mg  -0.12722687E-01     -7.98360677
    10   12 Mg  -0.12738491E-01     -7.99352367
    11   12 Mg  -0.12738489E-01     -7.99352242
    12   12 Mg  -0.12807133E-01     -8.03659744
    13   12 Mg  -0.12774361E-01     -8.01603278
    14   12 Mg  -0.12762238E-01     -8.00842539
    15   12 Mg  -0.12762248E-01     -8.00843150
    16   12 Mg  -0.12722688E-01     -7.98360712
    17   12 Mg  -0.12722679E-01     -7.98360134
    18   12 Mg  -0.12807174E-01     -8.03662309
    19   12 Mg  -0.12807141E-01     -8.03660239
    20   12 Mg  -0.12762236E-01     -8.00842391
    21   12 Mg  -0.13441547E-01     -8.43469796
    22   12 Mg  -0.13441565E-01     -8.43470909
    23   12 Mg  -0.13441533E-01     -8.43468961
    24   12 Mg  -0.13441540E-01     -8.43469347
    25   12 Mg  -0.13448294E-01     -8.43893159
    26   12 Mg  -0.13448310E-01     -8.43894200
    27   12 Mg  -0.13448322E-01     -8.43894928
    28   12 Mg  -0.12867438E-01     -8.07443903
    29   12 Mg  -0.12867422E-01     -8.07442912
    30   12 Mg  -0.12867441E-01     -8.07444113
    31   12 Mg  -0.12717449E-01     -7.98031960
    32   12 Mg  -0.12741817E-01     -7.99561068
    33   12 Mg  -0.12741782E-01     -7.99558909
    34   12 Mg  -0.12741800E-01     -7.99560040
    35   12 Mg  -0.12741809E-01     -7.99560583
    36   12 Mg  -0.12741794E-01     -7.99559673
    37   12 Mg  -0.12741782E-01     -7.99558900
    38   12 Mg  -0.12755231E-01     -8.00402857
    39   12 Mg  -0.12755254E-01     -8.00404298
    40   12 Mg  -0.12755242E-01     -8.00403521
    41   12 Mg  -0.12787806E-01     -8.02446916
    42   12 Mg  -0.12787817E-01     -8.02447656
    43   12 Mg  -0.12787818E-01     -8.02447698
    44   12 Mg  -0.12787837E-01     -8.02448898
    45   12 Mg  -0.12787813E-01     -8.02447380
    46   12 Mg  -0.12787805E-01     -8.02446882
    47   12 Mg  -0.12805902E-01     -8.03582481
    48   12 Mg  -0.12805891E-01     -8.03581763
    49   12 Mg  -0.12805886E-01     -8.03581475
    50   12 Mg  -0.12730215E-01     -7.98833037
    51   12 Mg  -0.12730205E-01     -7.98832452
    52   12 Mg  -0.12730221E-01     -7.98833408
    53   12 Mg  -0.12730219E-01     -7.98833319
    54   12 Mg  -0.12730215E-01     -7.98833053
    55   12 Mg  -0.12730246E-01     -7.98835005
    56   12 Mg  -0.12748794E-01     -7.99998885
    57   12 Mg  -0.12748794E-01     -7.99998904
    58   12 Mg  -0.12748777E-01     -7.99997857
    59   12 Mg  -0.12743918E-01     -7.99692924
    60   12 Mg  -0.12743935E-01     -7.99693975
    61   12 Mg  -0.12743912E-01     -7.99692544
    62   12 Mg  -0.12763134E-01     -8.00898740
    63   12 Mg  -0.12763125E-01     -8.00898201
    64   12 Mg  -0.12763136E-01     -8.00898856
    65   12 Mg  -0.12763143E-01     -8.00899318
    66   12 Mg  -0.12763144E-01     -8.00899405
    67   12 Mg  -0.12763134E-01     -8.00898736
    68   12 Mg  -0.12785564E-01     -8.02306241
    69   12 Mg  -0.12785568E-01     -8.02306505
    70   12 Mg  -0.12785551E-01     -8.02305458
    71   12 Mg  -0.12785867E-01     -8.02325252
    72   12 Mg  -0.12785845E-01     -8.02323860
    73   12 Mg  -0.12785851E-01     -8.02324256
    74   12 Mg  -0.12765792E-01     -8.01065521
    75   12 Mg  -0.12712505E-01     -7.97721713
    76   12 Mg  -0.12712501E-01     -7.97721470
    77   12 Mg  -0.12737023E-01     -7.99260275
    78   12 Mg  -0.12766112E-01     -8.01085594
    79   12 Mg  -0.12766115E-01     -8.01085838
    80   12 Mg  -0.12766120E-01     -8.01086116
    81   12 Mg  -0.12766120E-01     -8.01086134
    82   12 Mg  -0.12740535E-01     -7.99480661
    83   12 Mg  -0.12740521E-01     -7.99479778
    84   12 Mg  -0.12790665E-01     -8.02626322
    85   12 Mg  -0.12766105E-01     -8.01085164
    86   12 Mg  -0.12766110E-01     -8.01085474
    87   12 Mg  -0.12751143E-01     -8.00146332
    88   12 Mg  -0.12751156E-01     -8.00147103
    89   12 Mg  -0.12775731E-01     -8.01689221
    90   12 Mg  -0.12740551E-01     -7.99481653
    91   12 Mg  -0.12740532E-01     -7.99480427
    92   12 Mg  -0.12775677E-01     -8.01685818
    93   12 Mg  -0.12775738E-01     -8.01689646
    94   12 Mg  -0.12712517E-01     -7.97722492
    95   12 Mg  -0.12737054E-01     -7.99262225
    96   12 Mg  -0.12737027E-01     -7.99260523
    97   12 Mg  -0.12740504E-01     -7.99478712
    98   12 Mg  -0.12740511E-01     -7.99479146
    99   12 Mg  -0.12751143E-01     -8.00146299
   100   12 Mg  -0.12765793E-01     -8.01065616
   101   12 Mg  -0.12785893E-01     -8.02326878
   102   12 Mg  -0.12785870E-01     -8.02325485
   103   12 Mg  -0.12785877E-01     -8.02325882
   104   12 Mg  -0.12785568E-01     -8.02306486
   105   12 Mg  -0.12785572E-01     -8.02306751
   106   12 Mg  -0.12785555E-01     -8.02305704
   107   12 Mg  -0.12763147E-01     -8.00899587
   108   12 Mg  -0.12763139E-01     -8.00899048
   109   12 Mg  -0.12763149E-01     -8.00899703
   110   12 Mg  -0.12763157E-01     -8.00900165
   111   12 Mg  -0.12763158E-01     -8.00900253
   112   12 Mg  -0.12763147E-01     -8.00899583
   113   12 Mg  -0.12743921E-01     -7.99693131
   114   12 Mg  -0.12743938E-01     -7.99694182
   115   12 Mg  -0.12743915E-01     -7.99692751
   116   12 Mg  -0.12748794E-01     -7.99998924
   117   12 Mg  -0.12748795E-01     -7.99998943
   118   12 Mg  -0.12748778E-01     -7.99997895
   119   12 Mg  -0.12730230E-01     -7.98833973
   120   12 Mg  -0.12730220E-01     -7.98833388
   121   12 Mg  -0.12730236E-01     -7.98834343
   122   12 Mg  -0.12730234E-01     -7.98834254
   123   12 Mg  -0.12730230E-01     -7.98833988
   124   12 Mg  -0.12730261E-01     -7.98835941
   125   12 Mg  -0.12805902E-01     -8.03582513
   126   12 Mg  -0.12805891E-01     -8.03581795
   127   12 Mg  -0.12805886E-01     -8.03581507
   128   12 Mg  -0.12787807E-01     -8.02446982
   129   12 Mg  -0.12787818E-01     -8.02447722
   130   12 Mg  -0.12787819E-01     -8.02447764
   131   12 Mg  -0.12787838E-01     -8.02448963
   132   12 Mg  -0.12787814E-01     -8.02447446
   133   12 Mg  -0.12787806E-01     -8.02446948
   134   12 Mg  -0.12755232E-01     -8.00402884
   135   12 Mg  -0.12755255E-01     -8.00404325
   136   12 Mg  -0.12755242E-01     -8.00403548
   137   12 Mg  -0.12741817E-01     -7.99561084
   138   12 Mg  -0.12741783E-01     -7.99558926
   139   12 Mg  -0.12741801E-01     -7.99560056
   140   12 Mg  -0.12741809E-01     -7.99560600
   141   12 Mg  -0.12741795E-01     -7.99559690
   142   12 Mg  -0.12741782E-01     -7.99558917
   143   12 Mg  -0.12717449E-01     -7.98031967
   144   12 Mg  -0.12867438E-01     -8.07443917
   145   12 Mg  -0.12867422E-01     -8.07442925
   146   12 Mg  -0.12867441E-01     -8.07444126
   147   12 Mg  -0.13448294E-01     -8.43893168
   148   12 Mg  -0.13448310E-01     -8.43894209
   149   12 Mg  -0.13448322E-01     -8.43894937
   150   40 Zr  -0.21986708E-01    -13.79686774
--------------------------------------------------

Dispersion energy:      -1.9318669348996E+00 Eh

[Info] Dispersion energy written to .EDISP
